2,2,0,0,0,0,0,0,0,0,1,0,0,0,0,0,0,0,0,0,0,0,0,0,0,0,0,0,0,0,0,0,0,0,0,0,0,0
0,9,5,6,2,1,0,0,0,0,0,1,0,0,0,0,1,0,0,1,0,0,0,0,0,0,0,0,0,0,0,0,0,0,0,0,0,0
0,5,2,0,0,1,0,0,0,0,0,0,0,0,0,0,0,0,0,0,0,0,0,0,0,0,0,0,0,0,0,0,0,0,0,0,0,0
2,24,2,103,28,35,6,0,2,1,7,5,1,6,3,0,0,1,2,5,0,4,0,0,6,0,3,0,0,1,0,0,1,0,0,0,0,0
0,1,2,43,17,5,1,2,0,2,10,5,0,4,0,0,3,1,4,3,1,3,0,2,1,0,1,1,1,1,0,0,0,0,0,0,0,0
0,5,14,28,7,87,46,7,5,1,2,3,12,1,1,4,5,2,1,3,1,5,0,0,1,3,6,0,1,2,0,0,0,0,0,0,0,2
0,1,7,12,3,68,49,8,7,2,4,3,13,6,2,2,25,5,6,1,2,9,2,4,4,2,3,0,1,2,0,1,1,0,0,0,0,0
0,0,1,0,3,16,13,0,1,0,2,0,3,0,0,0,12,1,1,1,0,3,0,0,0,0,2,0,0,4,0,0,0,1,0,0,0,0
0,0,0,0,0,8,7,0,1,0,0,0,2,3,0,1,5,6,1,0,0,1,0,0,0,0,1,2,0,0,0,0,0,0,0,0,0,0
1,0,0,4,6,0,1,0,0,0,9,2,2,1,2,1,0,0,0,4,3,5,0,1,6,1,0,0,0,0,0,0,2,1,0,0,0,0
0,1,0,10,11,5,0,3,0,5,15,7,3,2,0,0,0,6,4,8,1,9,0,0,10,1,6,0,1,2,0,0,0,2,2,0,0,0
0,0,0,8,4,7,1,1,2,0,3,2,2,1,0,0,4,8,5,1,4,3,1,2,4,2,5,7,3,1,0,1,0,4,0,0,0,0
0,0,0,0,0,7,20,0,1,0,1,6,2,4,0,1,2,2,3,5,1,7,0,4,2,2,6,3,0,1,1,0,2,1,0,0,0,1
0,0,0,2,3,5,3,3,0,3,1,3,2,4,0,1,2,3,0,0,2,3,0,2,3,0,1,0,4,1,0,0,0,0,0,0,0,1
0,0,0,1,0,0,0,0,0,0,0,0,1,0,0,0,0,0,0,0,0,0,0,0,0,0,2,0,0,0,0,0,0,0,0,0,0,0
1,0,0,4,2,3,4,5,0,0,0,1,1,0,0,0,1,1,1,0,0,3,0,2,0,0,0,0,0,0,0,0,0,0,0,0,0,0
0,0,0,2,1,8,12,0,4,0,2,2,1,4,0,0,8,6,3,3,2,11,0,0,1,2,9,1,0,7,0,0,0,0,0,0,0,0
0,0,0,4,2,7,8,3,5,0,0,3,6,7,0,0,3,2,0,4,0,8,2,3,3,2,14,2,0,3,3,0,1,1,0,1,0,0
0,0,0,0,1,2,3,1,0,0,2,2,3,2,1,0,5,8,6,1,1,9,0,2,11,2,11,0,2,7,0,0,2,1,2,0,0,0
3,0,0,3,10,7,0,2,0,6,9,1,4,0,1,2,4,1,3,8,0,3,0,0,11,0,4,5,0,2,1,0,0,2,0,0,0,0
0,0,0,0,2,0,0,1,0,0,3,1,1,0,0,0,1,1,3,3,0,2,0,0,6,2,1,0,0,1,0,0,0,0,0,0,0,0
0,1,0,2,6,3,2,0,0,3,10,5,6,5,0,1,3,1,0,2,3,3,0,1,12,2,10,3,1,2,3,0,0,0,0,2,0,0
0,0,0,0,0,0,0,0,0,0,1,0,2,0,0,0,0,0,0,2,0,2,2,0,2,0,0,1,0,2,0,0,0,0,0,0,0,0
0,0,0,3,1,1,3,1,0,0,2,1,1,1,0,0,0,4,0,0,0,2,0,0,3,0,3,2,0,0,0,0,0,0,0,0,0,0
0,1,0,1,4,4,0,3,0,3,7,1,0,5,0,0,3,7,2,10,2,11,0,4,22,5,23,11,5,22,0,1,0,9,1,3,0,0
2,0,0,0,3,3,3,1,3,0,0,2,2,2,0,0,2,1,1,6,2,3,0,0,3,1,7,5,5,1,0,0,0,1,4,1,0,0
0,0,0,5,3,11,9,3,0,2,3,7,9,5,0,1,4,17,13,7,0,20,3,3,24,7,25,7,5,29,0,1,0,4,1,2,0,1
1,0,0,2,3,0,0,0,0,0,0,3,0,5,1,2,1,4,2,4,0,1,1,0,13,3,14,12,6,19,2,0,4,11,1,1,0,0
0,0,0,0,2,0,1,0,0,0,0,1,0,1,0,0,0,0,2,1,0,0,0,0,4,0,3,5,2,8,2,1,1,1,1,0,0,1
0,0,0,0,1,3,1,2,1,1,1,1,2,1,0,2,1,3,13,6,0,10,0,1,7,5,27,10,4,19,3,2,3,1,1,1,0,0
0,0,0,0,3,0,0,0,0,0,0,1,0,0,0,1,0,1,0,0,0,0,0,0,2,0,5,1,0,1,0,0,3,0,0,0,2,2
0,0,0,0,0,0,1,0,0,0,0,0,1,0,0,0,0,1,0,0,0,1,0,0,1,0,3,1,1,2,0,0,0,0,0,2,0,0
0,0,0,0,0,0,1,0,0,0,0,2,1,1,0,0,2,1,0,1,0,0,0,0,4,0,0,0,0,4,0,0,0,0,3,0,0,2
0,0,0,2,0,1,2,0,0,0,0,1,0,1,0,0,0,0,1,2,1,5,0,0,4,0,3,9,1,6,6,0,0,2,3,2,0,0
0,0,0,0,0,0,0,0,0,0,4,1,0,0,0,0,2,5,0,0,0,1,0,0,3,0,0,4,0,0,1,0,0,5,0,0,0,0
0,0,0,0,1,0,1,0,0,0,2,1,0,0,0,0,1,0,0,2,0,0,0,0,3,2,0,1,0,1,1,0,0,2,0,1,0,2
0,0,0,0,0,0,0,0,0,0,1,0,0,0,0,0,0,0,0,0,0,0,0,0,3,0,1,0,0,0,0,0,0,0,1,2,0,0
0,1,0,0,1,0,0,0,0,0,2,0,0,0,0,0,0,1,0,3,0,1,0,0,0,0,0,0,0,2,0,0,0,0,0,2,0,0
