1,0,1,0,0,0,0,0,0,0,0,0,0,0,0,0,0,0,0,0,0,0,0,0,0,0,0,0,0,0,0,0,0,0,0,0,0,0
2,5,1,9,2,2,0,0,0,0,1,0,0,1,0,0,1,0,0,0,0,0,0,0,0,0,0,2,0,0,0,0,0,0,0,0,0,0
0,4,5,2,0,8,1,0,0,0,0,0,0,0,0,0,0,0,0,0,0,0,0,0,0,0,0,0,0,0,0,0,0,0,0,0,0,0
4,19,5,105,20,22,8,1,4,2,5,10,1,4,0,2,4,0,1,0,1,3,0,0,6,2,1,1,2,1,0,0,0,1,0,0,0,0
2,8,1,25,7,10,18,1,3,2,9,5,1,4,1,0,2,3,1,3,2,5,0,2,2,3,5,1,0,1,0,0,0,1,2,0,0,0
0,2,19,48,17,84,41,8,13,3,11,3,12,3,0,2,3,2,2,1,2,9,0,1,6,0,10,2,2,7,0,0,1,0,0,0,0,0
1,0,2,22,20,63,55,6,5,0,8,7,10,4,8,3,19,2,2,5,3,8,2,7,7,0,8,1,3,4,0,2,1,0,0,1,0,0
0,0,0,8,3,5,7,0,0,0,1,3,1,1,1,1,2,4,2,0,2,2,2,4,1,3,0,1,0,1,0,0,1,0,0,0,0,0
0,0,3,3,1,13,4,0,2,0,1,2,0,0,0,3,1,3,6,0,1,0,3,3,1,0,1,0,0,0,0,0,1,1,0,0,0,0
0,0,2,1,3,4,0,0,0,5,5,2,0,0,0,1,3,1,0,7,1,0,0,1,2,1,0,1,0,2,0,0,1,0,0,0,0,0
0,7,0,8,4,3,5,0,0,1,8,0,2,2,1,2,1,3,5,5,3,19,0,3,6,4,4,5,1,5,0,0,1,2,0,1,0,0
0,0,1,2,6,5,4,0,0,4,7,8,2,2,0,2,2,8,2,4,7,6,5,4,3,4,7,4,0,2,0,0,0,2,0,0,0,0
0,0,0,5,2,13,12,0,1,1,3,5,1,2,1,0,3,2,1,1,0,10,0,4,1,0,8,2,1,1,0,0,0,0,1,0,0,0
0,0,1,6,3,2,1,2,0,2,3,4,2,6,0,2,2,1,1,3,5,12,1,2,0,3,2,2,0,3,0,0,0,3,0,0,0,0
0,0,0,0,0,1,1,0,0,0,2,0,0,0,0,0,0,2,0,0,0,0,0,2,0,0,1,1,2,0,1,0,0,0,0,0,0,0
0,0,0,2,0,1,6,0,3,0,4,0,2,1,0,0,0,0,2,0,0,3,0,0,0,0,4,1,2,1,0,0,0,0,0,2,0,0
0,0,0,4,5,11,17,0,3,1,3,0,4,3,1,6,9,3,2,1,2,15,1,4,4,1,9,2,2,5,1,1,0,1,0,0,0,1
0,0,1,3,2,6,9,0,4,1,1,4,3,3,0,3,3,5,1,4,3,9,0,0,3,1,14,0,7,3,0,0,1,0,0,0,0,0
0,0,0,2,0,2,12,1,2,0,1,2,4,0,0,2,4,3,8,0,2,13,0,2,4,5,12,3,2,9,0,4,0,1,0,0,0,0
0,0,0,2,5,3,7,0,0,4,9,8,1,5,0,4,3,4,2,3,3,4,0,1,11,1,8,3,2,6,0,3,2,0,0,1,0,0
0,0,0,0,2,1,2,0,0,1,2,2,1,3,0,0,1,4,1,1,0,0,0,0,2,0,0,4,0,1,0,0,0,0,0,0,0,0
0,0,0,3,0,5,4,1,2,3,7,8,1,7,0,3,1,5,7,4,0,4,0,0,6,3,8,5,2,9,0,1,0,3,1,1,0,0
0,0,0,0,0,1,0,0,0,0,0,0,1,0,0,0,0,0,0,1,0,3,0,0,0,0,1,0,0,3,0,0,0,0,0,0,0,0
0,0,0,2,3,0,2,0,0,0,1,0,0,2,0,0,2,5,0,0,1,1,0,2,3,0,9,0,0,3,0,0,0,0,0,0,0,1
0,0,0,13,10,4,6,3,0,4,5,1,0,6,0,0,1,10,7,15,4,7,3,4,28,13,30,26,2,24,0,0,2,4,2,0,0,2
0,1,0,2,1,1,1,0,0,1,2,0,0,3,1,0,1,5,1,3,1,0,0,0,5,1,6,2,3,8,1,0,0,0,0,0,0,1
0,1,0,8,1,14,11,4,5,3,2,6,13,4,0,1,6,23,11,3,5,14,2,7,19,5,31,18,9,35,2,1,2,11,0,2,0,0
0,0,1,0,0,1,4,1,0,1,0,5,1,2,0,0,1,2,2,4,0,5,0,5,10,9,6,10,3,19,2,1,1,9,0,2,0,0
0,0,0,0,0,1,1,0,0,0,1,1,0,0,0,0,0,0,1,2,1,0,0,0,4,0,4,9,4,6,1,1,0,1,0,1,0,0
0,0,0,2,4,3,0,1,0,0,4,0,1,2,0,1,1,7,4,8,2,6,1,3,10,6,17,14,5,39,8,4,0,4,6,0,0,1
0,1,0,2,0,1,2,0,0,1,1,1,1,1,0,0,0,0,2,0,0,6,0,0,0,0,0,1,1,1,3,0,0,0,0,0,0,0
0,0,0,0,0,0,0,0,0,0,0,0,0,0,0,0,0,1,2,0,0,0,0,1,0,0,3,3,0,7,2,0,0,0,0,1,0,1
0,0,0,0,0,4,0,0,0,5,0,0,0,0,0,0,1,3,0,2,0,0,0,0,0,0,1,1,0,9,0,0,0,1,0,1,2,2
0,0,0,1,4,1,0,0,0,0,1,2,0,1,0,0,0,0,1,1,0,2,0,0,4,4,6,10,0,4,1,0,2,4,0,2,0,0
0,0,0,0,2,0,0,0,0,1,0,0,0,3,0,0,0,0,0,1,0,0,0,0,5,0,1,0,0,5,2,2,2,3,1,0,0,2
0,0,0,0,0,0,0,0,0,0,0,0,0,0,0,0,1,0,1,1,0,4,0,0,3,1,0,5,1,2,0,0,0,2,2,0,0,2
0,0,0,0,0,0,0,1,0,0,3,0,0,0,0,0,0,0,0,0,0,0,0,0,0,0,0,0,0,0,1,0,0,1,0,0,0,0
0,0,0,0,1,0,0,0,1,1,2,2,0,2,0,0,0,0,0,1,1,0,0,0,0,0,0,0,0,1,1,0,0,0,0,3,1,0
