0,0,0,0,0,0,1,0,0,0,0,0,0,0,0,0,0,0,0,0,0,0,0,0,0,0,0,0,0,0,0,0,0,0,0,0,0,0
0,4,1,11,0,0,0,0,0,1,0,0,0,0,0,0,0,0,0,0,2,1,0,0,0,0,0,0,0,0,0,0,0,0,0,0,0,0
0,5,8,3,0,3,1,0,0,0,0,1,0,0,0,0,0,0,0,0,0,1,0,0,0,0,0,0,0,0,0,0,0,0,0,0,0,0
3,16,8,122,30,27,11,3,2,3,14,2,3,5,0,0,3,1,3,6,0,4,0,1,4,3,1,1,1,2,0,0,0,0,0,1,0,1
1,4,3,40,14,10,13,7,0,8,8,7,0,7,0,2,5,6,2,5,0,2,2,0,0,0,3,0,0,3,0,0,0,1,0,0,0,0
0,9,19,60,13,119,48,7,4,4,5,4,11,8,0,2,7,5,2,1,1,8,3,2,1,2,8,1,0,4,0,0,1,0,0,2,0,0
0,4,3,26,8,96,55,9,7,1,7,10,15,4,8,3,13,6,11,2,0,6,0,5,4,2,9,4,2,2,0,0,0,0,0,0,0,0
0,1,0,7,2,10,7,0,2,0,0,1,1,1,0,3,11,0,3,1,0,0,0,1,3,1,5,0,0,2,0,0,0,0,0,0,0,0
0,0,0,8,0,15,17,0,0,0,1,0,2,1,1,1,1,2,3,2,0,0,0,0,0,0,3,0,0,3,0,0,0,0,0,0,0,0
1,0,0,3,6,1,2,0,0,4,6,3,1,3,0,1,4,5,0,5,3,6,0,0,2,0,5,0,0,5,0,0,0,0,4,1,0,3
1,1,1,9,12,9,0,0,2,7,13,6,2,3,0,5,3,2,0,7,5,16,0,1,7,4,1,2,1,4,0,1,0,2,1,0,0,0
0,1,0,16,15,15,13,4,2,1,10,3,0,2,1,2,3,2,2,3,5,5,2,0,10,2,9,1,3,3,1,0,0,1,1,0,0,2
0,0,0,5,1,11,20,1,0,0,1,1,3,0,3,0,3,6,3,1,2,5,0,2,3,0,4,0,0,8,0,0,1,1,0,0,0,0
0,0,0,1,4,0,0,2,0,0,5,2,2,1,0,0,0,1,1,3,2,6,0,3,10,1,5,1,3,5,0,0,0,0,1,0,0,0
0,0,0,0,0,0,1,0,0,0,0,0,2,0,0,0,0,2,0,0,0,1,0,0,0,0,2,1,2,0,0,0,0,0,0,0,0,1
0,1,0,2,0,4,4,0,1,0,3,0,1,1,1,0,1,1,2,0,1,4,0,0,2,0,5,0,1,1,0,0,0,2,0,2,0,0
0,0,3,3,2,6,11,0,0,0,2,5,0,2,0,1,0,2,7,2,3,7,0,2,3,2,7,2,0,1,0,0,1,0,0,1,0,0
0,0,0,1,0,8,10,1,3,0,5,3,5,6,0,0,1,5,2,2,7,12,1,2,1,1,15,5,2,6,0,0,1,0,0,0,0,0
0,0,0,3,0,5,12,2,4,1,1,1,6,9,2,2,1,4,4,2,2,1,1,5,5,1,17,4,4,7,0,1,0,0,0,1,0,1
2,1,0,4,7,2,1,1,2,4,4,11,6,3,0,1,1,3,6,8,4,3,3,5,7,2,5,5,4,5,0,0,0,1,1,0,0,1
0,0,0,3,2,3,0,0,0,0,2,1,1,0,0,1,1,4,2,2,1,0,0,0,2,1,0,1,0,3,0,0,0,2,0,0,0,0
0,0,0,1,2,3,6,4,2,5,10,2,7,8,0,4,3,8,0,7,3,2,0,1,0,2,15,5,2,3,0,1,0,2,0,0,0,0
0,0,0,0,0,1,1,0,0,1,1,1,0,1,0,0,1,0,2,0,0,0,0,0,1,0,1,0,0,0,0,0,0,0,0,0,0,1
0,0,0,2,0,3,3,1,0,0,1,1,0,2,0,0,0,3,1,0,0,0,0,0,2,0,11,0,0,1,2,0,1,0,0,0,0,0
0,3,0,11,5,4,3,1,0,2,3,5,2,2,0,0,0,9,3,15,3,10,4,1,38,17,23,16,18,19,0,3,1,11,0,0,0,1
0,5,0,0,0,3,0,2,0,0,2,0,1,2,0,0,0,2,1,0,0,4,0,0,4,0,2,0,5,5,0,0,2,2,0,0,0,0
0,0,0,5,1,12,14,1,1,6,2,7,8,5,0,5,10,22,12,9,2,21,1,1,29,13,35,10,4,29,0,0,0,2,0,2,0,3
0,0,0,1,1,2,4,0,0,1,1,1,0,0,0,0,3,6,1,4,0,6,0,2,25,3,11,18,6,16,0,1,2,7,6,0,0,0
0,0,0,1,2,0,0,1,0,0,0,3,0,1,0,1,0,1,1,0,0,7,0,1,6,0,5,12,6,16,5,0,3,2,1,0,0,3
0,2,0,1,0,2,2,0,3,1,2,2,3,5,1,6,2,8,8,3,2,7,1,4,11,1,28,14,8,35,5,4,3,4,5,4,0,3
0,0,0,0,0,0,1,0,0,0,0,3,1,1,0,0,0,1,1,0,0,0,0,0,0,0,4,3,1,2,0,2,1,1,1,0,0,0
0,0,0,0,0,1,1,0,0,0,0,1,1,0,0,0,4,0,0,0,1,0,0,0,0,0,2,0,0,6,0,0,0,1,1,0,0,0
0,0,0,0,0,2,1,0,1,0,0,1,0,0,0,0,0,4,0,1,0,0,0,0,1,0,7,2,0,2,0,0,1,4,0,0,0,3
0,0,0,2,1,1,2,0,0,0,2,2,0,3,2,0,1,1,0,2,1,0,0,1,13,2,7,14,0,6,1,1,2,2,4,2,0,2
0,0,0,0,0,0,0,0,0,0,2,2,0,1,0,0,0,2,0,2,0,0,0,0,2,0,1,0,0,4,0,2,0,1,0,0,0,0
0,0,0,0,0,0,0,0,0,2,1,0,0,0,0,0,1,0,0,2,0,0,1,0,4,1,3,2,1,3,0,0,1,4,1,0,0,1
0,0,0,0,0,0,0,0,0,0,0,0,0,0,0,0,0,0,0,0,0,0,0,0,0,0,0,1,1,0,0,0,0,0,0,0,0,0
0,0,0,0,0,0,0,0,0,0,0,1,0,0,0,0,1,0,0,2,0,1,0,0,0,0,3,2,1,0,0,0,0,0,0,0,0,2
