0.0
2.50972972973
1.82333333333
1.61395759717
1.52198529412
1.80954674221
1.72233727811
1.50486842105
1.63833333333
1.70158730159
1.96694656489
1.9515483871
1.46865979381
1.40724637681
1.68625
1.64833333333
1.89008064516
1.62217391304
1.60740384615
1.8018018018
1.71707317073
1.70145631068
1.81
1.24804878049
1.60063291139
1.79698113208
1.57501597444
1.41952380952
1.60227848101
1.90203045685
2.98391304348
3.75037037037
3.99142857143
2.30113924051
2.30032258065
2.778125
3.14714285714
3.76961538462
