0,0,0,0,0,0,0,0,0,0,0,0,0,0,0,0,0,0,0,0,0,0,0,0,0,0,0,0,0,0,0,0,0,0,0,0,0,0
1,9,5,10,0,1,0,0,0,1,0,0,1,0,0,1,0,0,0,0,0,0,0,0,0,0,0,1,1,0,0,0,0,1,0,0,0,0
0,5,9,2,0,9,1,1,0,0,1,0,0,0,0,0,0,0,0,0,0,0,0,0,0,0,0,0,1,0,0,0,0,0,0,0,0,0
2,27,4,116,40,54,8,2,0,1,8,7,0,5,1,2,0,0,0,2,0,1,0,0,2,0,5,1,1,4,1,0,0,2,1,1,0,0
0,4,0,43,17,13,5,5,1,0,12,6,2,1,0,5,4,3,0,3,0,4,0,0,1,0,1,1,2,0,0,0,0,0,0,0,0,0
6,15,13,79,9,100,46,5,3,0,4,5,9,1,4,1,9,6,8,0,1,6,1,4,0,1,19,1,1,2,1,2,2,0,1,0,0,0
1,3,4,30,12,80,52,7,4,2,2,13,15,5,0,5,15,8,7,6,4,18,2,3,1,3,5,5,3,9,0,1,2,0,0,0,0,0
0,0,2,4,4,13,17,2,0,0,3,2,1,4,3,1,7,3,0,1,0,1,0,0,3,2,13,0,0,4,0,0,0,0,0,0,0,0
0,0,2,3,0,13,7,1,0,0,1,2,4,1,0,0,0,0,3,0,0,0,0,1,0,0,0,0,1,1,0,0,0,0,1,1,0,0
0,0,0,5,2,6,2,0,0,3,10,1,3,3,0,2,1,0,0,11,2,4,0,0,4,1,1,2,1,0,0,0,0,2,0,0,0,3
0,2,5,8,11,6,1,0,3,1,8,5,4,0,0,1,3,6,5,10,2,7,1,0,3,1,3,3,0,11,0,0,3,3,1,0,0,1
3,4,1,13,10,12,10,3,3,5,12,6,5,2,1,2,7,1,6,4,2,20,1,3,7,2,10,7,2,6,0,1,0,1,0,2,0,0
0,0,0,0,3,14,24,0,0,0,4,0,4,2,1,0,9,2,6,2,0,6,0,0,2,0,10,1,0,4,1,0,1,0,0,0,0,0
0,0,0,1,9,3,6,0,2,0,0,2,0,3,0,3,1,2,3,6,3,8,1,7,2,0,2,0,3,0,0,0,0,0,1,0,0,0
0,0,0,0,0,1,1,0,0,0,0,0,0,1,0,0,2,0,1,0,0,1,0,0,0,1,5,0,0,0,0,0,0,1,0,0,0,0
0,0,0,0,0,1,4,0,0,0,0,3,0,0,1,0,0,0,0,0,5,5,0,0,2,1,6,0,0,0,0,0,1,1,0,0,0,0
1,0,0,3,4,9,12,0,5,0,2,2,6,4,0,0,5,2,3,2,1,14,0,2,3,6,10,9,2,7,0,1,0,2,0,3,0,0
0,0,2,3,2,8,6,0,1,2,2,3,4,4,1,0,4,9,4,2,3,17,0,1,6,0,13,2,5,7,0,0,1,1,0,1,0,0
0,2,0,2,0,8,5,4,3,1,0,2,4,3,0,1,13,9,1,0,2,7,0,1,2,3,9,3,1,6,2,1,0,0,0,0,0,0
2,0,1,2,15,5,2,0,0,8,7,6,5,0,0,1,2,3,0,4,4,6,1,4,7,0,5,8,2,3,1,0,0,2,0,0,0,0
0,0,0,3,0,1,1,0,0,1,2,3,1,1,0,1,1,1,1,2,2,3,2,1,0,0,1,1,1,6,0,0,2,0,0,0,0,0
0,0,0,2,6,3,4,1,0,3,2,11,0,7,0,1,5,8,1,0,4,1,1,1,7,2,4,4,4,9,1,0,0,4,1,0,0,0
0,0,1,0,0,2,1,1,0,0,1,0,0,0,0,0,1,0,0,0,0,0,0,1,0,1,1,1,1,2,0,0,0,0,0,0,0,0
0,0,0,0,3,0,2,0,0,0,5,0,0,1,0,4,2,5,4,3,2,0,0,1,2,1,3,1,2,0,0,0,0,0,0,1,0,0
0,2,2,4,9,7,1,1,2,2,11,7,2,2,2,0,1,12,8,20,10,9,3,1,35,13,21,14,6,15,0,2,3,2,1,2,0,1
0,0,0,0,0,4,1,0,4,4,1,1,0,2,1,0,1,3,0,4,3,2,0,0,4,0,4,1,2,6,0,0,0,0,2,0,0,0
0,2,1,3,7,9,14,1,4,1,6,5,6,2,2,0,6,28,20,9,5,15,5,1,20,3,48,31,14,42,2,0,1,5,0,1,0,0
0,0,0,2,3,1,4,0,0,2,2,4,1,3,0,0,0,3,4,9,0,3,0,0,23,5,17,21,2,14,3,0,0,2,0,0,0,5
0,0,0,0,1,1,4,0,1,1,0,2,1,0,0,4,3,1,1,1,2,4,0,0,4,0,5,12,5,10,0,0,0,11,2,1,0,3
1,0,2,2,1,1,3,1,0,1,6,5,7,10,0,1,1,3,3,6,3,11,1,0,13,3,16,23,7,45,2,0,1,9,1,2,0,3
0,0,0,1,1,0,2,0,0,0,3,0,0,0,0,0,0,1,0,2,0,0,0,0,0,0,3,0,0,6,1,0,0,1,2,0,0,0
0,0,0,0,0,1,4,1,1,0,2,1,0,0,0,0,0,1,1,2,0,0,0,0,1,0,2,0,0,1,1,1,1,1,0,1,0,4
0,0,0,0,0,1,2,0,0,0,0,3,0,0,0,0,0,4,1,0,0,0,0,0,1,1,0,1,1,4,1,0,0,1,0,0,0,1
0,0,0,2,2,1,1,0,1,4,0,1,0,0,0,0,1,1,0,5,1,4,0,0,9,1,3,14,4,6,3,2,1,1,1,2,0,3
0,0,0,0,0,0,0,0,0,0,2,1,0,1,0,0,2,0,0,1,0,1,0,0,2,0,0,3,2,4,1,3,0,3,0,1,0,1
0,0,0,2,0,0,0,0,0,0,1,0,0,1,0,1,0,1,0,0,0,0,0,0,3,2,0,1,0,1,0,1,2,0,4,0,0,1
0,0,0,1,0,0,0,0,0,0,0,0,0,1,0,0,0,0,0,2,0,0,0,0,1,0,0,1,1,1,0,0,0,0,0,0,0,0
0,0,0,0,1,3,0,0,0,1,1,3,0,1,0,0,0,0,0,0,0,1,0,0,1,0,1,3,0,8,0,0,0,0,3,0,0,0
