0,0,0,1,0,0,0,0,0,0,0,0,0,0,0,0,0,0,0,0,0,0,0,0,0,0,0,0,0,0,0,0,0,0,0,0,0,0
2,16,5,19,1,4,0,0,0,0,0,0,0,0,0,0,0,1,1,0,0,0,0,0,0,0,0,0,0,0,0,0,0,0,0,0,0,0
1,5,7,7,0,8,0,0,0,1,0,0,0,0,0,0,0,0,0,0,0,0,0,0,0,0,0,3,0,0,0,0,0,0,0,0,0,1
3,24,11,117,44,44,22,2,1,1,12,4,3,6,0,1,0,2,1,2,1,2,0,1,6,2,0,3,2,1,0,0,0,0,0,1,0,2
1,2,2,40,15,13,5,1,0,1,10,8,1,3,2,1,3,2,0,8,2,7,0,2,4,0,2,0,0,6,0,0,0,1,0,0,0,0
1,7,23,60,8,126,57,11,7,1,2,8,16,10,3,0,13,7,2,3,0,9,0,2,5,0,8,6,2,4,0,0,1,1,0,0,0,0
0,1,5,28,21,86,54,11,8,1,13,8,21,6,13,6,18,8,13,4,2,5,0,5,5,2,9,0,1,8,0,0,0,2,1,1,0,0
0,0,0,9,4,14,15,0,0,1,0,2,1,2,0,5,15,6,3,1,0,1,1,2,2,0,2,4,1,2,0,0,0,0,0,0,0,1
0,0,0,4,5,25,10,1,2,0,5,1,0,1,0,0,4,6,3,0,0,0,0,0,0,0,1,1,0,1,0,0,1,0,0,0,0,0
0,1,1,4,4,2,2,0,0,3,8,7,0,2,1,3,2,1,2,7,0,3,1,0,2,3,1,1,0,5,1,0,3,0,0,0,0,0
0,0,3,15,13,6,3,2,0,9,10,9,3,3,0,1,0,6,2,6,3,5,2,3,12,3,5,3,4,4,0,0,0,0,0,2,0,2
0,7,1,19,10,18,8,0,2,4,16,2,3,4,0,4,3,3,3,9,5,4,3,5,7,2,8,2,1,4,3,0,0,2,0,2,0,0
0,0,1,3,2,14,11,1,1,0,1,1,1,1,0,1,12,5,4,1,1,16,0,0,0,0,14,2,1,5,2,0,1,1,0,0,0,0
2,1,0,9,7,6,3,1,2,1,5,10,0,2,0,1,2,7,1,5,1,10,1,1,2,0,5,2,1,6,0,0,0,0,1,2,1,3
0,0,0,1,1,1,4,0,0,0,1,0,0,1,0,0,0,0,1,0,0,2,1,1,0,0,3,0,2,0,0,0,0,0,0,0,0,0
0,0,1,1,2,7,4,0,1,0,0,2,3,1,0,1,0,0,2,1,1,0,1,2,2,0,0,0,0,1,0,0,0,0,0,0,0,0
0,0,0,2,4,19,20,2,3,0,3,9,2,3,0,0,11,2,5,1,1,7,2,1,2,2,22,3,1,8,0,2,1,0,1,0,0,0
1,0,0,0,1,12,14,1,1,0,2,11,13,7,0,0,3,1,5,4,3,6,0,7,11,2,14,1,5,9,0,1,0,1,2,0,0,0
0,0,0,1,0,8,11,2,0,0,1,1,8,0,1,0,3,8,2,1,1,7,1,3,6,5,8,0,0,17,0,2,1,0,0,0,0,0
1,0,1,6,8,2,1,5,0,4,19,13,4,6,1,1,5,9,2,7,1,2,0,2,5,2,14,2,2,7,0,0,0,0,3,1,0,1
0,0,0,2,4,2,1,0,0,2,6,1,1,0,0,0,1,0,1,2,0,3,1,1,2,0,6,2,0,0,1,0,0,1,0,0,0,0
1,0,0,2,3,4,1,0,0,0,4,8,4,5,1,1,1,12,2,0,2,4,1,0,12,1,14,8,1,8,0,0,0,0,1,0,0,4
0,0,0,1,0,0,0,0,0,0,0,1,0,0,0,1,1,2,0,2,0,0,0,0,5,0,5,0,1,0,0,0,0,0,0,0,0,0
0,0,0,3,5,1,3,0,0,1,2,0,0,0,2,1,0,2,2,2,0,0,0,1,2,0,6,2,5,1,0,0,1,1,0,0,0,0
1,1,0,6,5,5,1,1,2,5,3,2,2,9,0,1,2,10,3,23,3,11,2,2,28,6,16,23,9,14,1,0,1,11,4,3,0,1
0,0,1,0,3,3,0,0,0,2,0,5,0,0,1,0,1,2,2,3,2,1,0,2,13,2,7,7,0,12,0,0,0,1,0,0,0,0
0,0,0,6,7,10,7,3,4,3,2,6,8,4,0,7,4,26,20,5,6,19,1,3,23,7,34,28,6,40,5,0,1,12,2,1,0,0
0,0,0,4,0,1,1,2,0,1,6,4,1,3,0,0,2,5,3,7,0,7,0,0,14,4,9,22,8,20,0,0,1,11,6,1,0,0
0,0,0,3,0,0,0,1,0,0,0,1,0,1,0,0,0,1,4,0,0,5,1,0,9,2,1,11,4,9,0,0,0,0,1,3,0,0
0,0,0,2,3,1,2,1,1,1,4,2,5,2,0,1,3,5,2,4,1,8,1,0,10,6,25,19,6,45,1,2,0,4,3,0,0,5
0,0,0,0,0,1,1,0,0,0,0,0,0,0,0,0,0,2,0,0,0,0,0,0,1,0,1,0,0,5,1,1,0,3,1,0,1,1
0,0,0,0,0,0,2,0,0,0,1,0,0,1,0,0,1,0,1,0,0,1,0,0,0,0,7,1,0,4,0,0,2,0,1,2,0,0
0,0,1,0,0,1,2,0,0,0,1,1,0,0,0,0,0,0,0,2,0,0,0,0,1,0,4,0,0,7,6,0,2,4,1,0,0,6
0,0,0,1,1,3,4,1,0,0,4,2,0,1,0,0,0,2,0,0,3,6,0,0,11,1,8,16,4,9,1,0,1,5,0,5,0,0
0,0,0,1,0,0,0,0,0,0,2,0,0,0,0,0,0,0,0,2,2,2,0,1,1,1,1,1,1,3,0,0,0,7,0,1,0,0
0,0,0,2,0,0,1,1,0,0,0,0,1,2,0,0,0,0,0,2,0,0,0,1,5,1,1,1,0,4,1,0,1,0,0,0,0,2
0,0,0,0,0,0,0,0,0,1,1,0,0,0,0,0,0,0,0,1,0,0,0,0,1,0,0,0,0,1,0,1,1,0,0,0,0,0
0,0,0,0,0,0,0,0,0,0,3,0,0,0,0,0,0,0,0,0,1,0,0,0,1,0,0,3,0,2,1,0,1,0,1,2,0,2
