6.9125
2.2572972973
1.75392857143
1.63849358974
1.61467005076
1.8813258427
1.75681957187
1.44725490196
1.77666666667
1.83417721519
1.51012578616
1.55596938776
1.72984375
1.57797752809
1.33583333333
1.51319148936
1.80635761589
1.8514556962
1.44308943089
1.58669642857
2.01903225806
1.74940789474
1.05833333333
1.53791666667
1.37132575758
1.80818181818
1.66789189189
1.64922651934
1.59783783784
1.57582938389
2.82405405405
3.23730769231
4.4087804878
1.9687804878
1.79452380952
3.224375
3.98785714286
3.47764705882
