0,0,0,0,1,1,0,0,0,0,0,0,0,0,0,0,0,0,0,0,0,0,0,0,2,0,0,0,0,0,0,0,0,0,0,0,0,0
3,16,1,4,2,2,1,0,0,0,1,1,2,0,0,0,1,0,0,0,0,0,0,0,0,0,0,0,0,0,0,0,0,0,0,0,0,0
0,6,4,6,0,6,2,0,0,0,0,1,0,0,0,0,0,1,0,0,0,0,0,0,0,0,0,0,0,0,0,0,0,0,0,0,0,0
8,19,3,126,28,43,18,3,2,5,14,11,1,3,0,1,0,2,3,6,0,0,1,0,1,0,3,1,0,1,0,0,0,0,1,2,0,0
2,4,0,45,14,18,12,2,7,7,9,14,1,7,1,2,5,0,2,2,0,7,1,0,9,0,6,1,3,4,1,0,0,0,0,0,0,0
1,7,15,70,16,138,66,10,9,2,8,9,7,3,2,2,14,5,9,7,5,9,1,2,1,2,11,4,2,11,0,0,1,0,0,1,0,1
1,3,5,36,10,79,47,4,8,1,11,16,16,2,5,1,11,3,9,2,1,9,0,4,3,0,13,1,0,7,0,1,3,4,0,2,0,0
0,2,0,5,8,10,16,0,5,0,2,1,2,5,1,3,4,2,5,1,1,3,1,5,1,0,7,4,0,2,0,0,0,0,2,0,0,0
0,0,1,5,4,18,11,0,1,0,1,4,1,0,0,0,4,3,0,2,1,1,0,0,0,0,2,3,2,2,0,0,1,0,0,1,0,0
0,1,0,7,4,2,4,0,0,3,7,4,0,2,1,0,2,6,0,12,2,7,0,0,3,0,2,3,0,1,0,0,0,0,0,0,1,2
1,1,0,10,20,2,2,3,0,6,11,5,4,3,0,5,6,3,6,13,5,11,0,4,17,0,7,6,2,7,0,0,1,0,0,0,0,1
0,2,0,18,11,15,16,2,5,5,13,7,8,2,2,5,3,13,4,3,4,12,2,8,7,3,8,1,2,3,1,0,0,1,1,4,0,0
0,1,1,8,0,24,8,1,2,0,5,5,0,6,1,1,4,7,6,3,1,14,2,4,0,0,14,2,0,1,1,0,0,0,0,2,0,0
0,0,2,5,3,4,3,2,1,5,0,3,4,1,0,1,5,4,1,4,2,7,0,1,5,2,8,7,1,3,0,0,0,2,0,0,0,0
0,0,0,0,0,1,1,0,0,0,0,2,2,0,1,0,0,0,0,0,0,3,0,0,2,2,1,0,1,0,0,0,0,0,0,0,0,0
0,0,0,3,2,8,5,3,2,1,4,1,3,0,0,2,0,0,5,0,3,2,0,0,1,0,3,1,0,1,0,0,1,0,0,0,0,0
0,0,2,5,4,18,14,3,9,0,4,1,3,2,1,1,13,3,6,3,2,10,3,3,0,5,17,7,1,10,4,1,3,2,0,0,1,0
0,0,0,5,4,7,12,2,7,0,4,5,10,1,2,1,4,1,3,5,1,12,1,6,8,0,20,8,1,12,2,1,0,2,1,2,0,4
0,0,1,0,3,15,7,3,0,2,1,1,7,1,0,5,8,6,10,2,3,10,1,3,4,2,14,3,1,11,0,0,0,2,0,1,0,0
0,0,0,5,6,7,7,4,0,2,20,8,3,5,0,0,0,6,4,10,3,0,0,0,11,1,4,4,0,1,1,0,0,1,1,1,0,1
0,0,0,0,0,0,0,0,0,3,2,0,1,1,1,0,0,2,2,1,1,1,0,0,2,1,3,1,1,6,1,3,0,0,0,1,0,0
0,3,1,4,4,8,2,0,2,4,14,12,7,9,0,2,5,7,8,0,1,6,1,1,9,1,15,6,4,12,2,0,0,0,0,1,0,2
0,0,0,0,0,0,2,1,0,0,0,0,0,0,0,0,0,2,0,1,2,3,0,0,3,0,3,0,0,0,0,0,0,0,0,0,0,0
0,0,0,3,0,2,2,0,1,0,2,0,3,0,2,0,0,4,0,2,1,0,0,1,7,1,9,4,0,0,0,2,0,0,0,0,0,0
0,1,0,9,2,1,2,0,0,3,8,5,2,7,4,1,1,7,3,20,9,11,0,4,49,8,34,26,7,14,2,1,0,6,6,3,0,0
2,0,0,2,0,5,1,0,0,0,1,2,1,0,0,0,1,2,0,2,0,0,1,0,14,1,10,9,4,4,0,0,0,4,0,0,0,3
0,2,0,8,4,19,8,6,4,1,13,12,15,4,1,3,10,33,30,4,2,17,1,4,29,8,27,21,15,45,2,0,4,9,5,4,0,1
2,0,0,2,2,0,1,0,0,3,3,0,0,0,0,0,2,5,0,10,3,3,0,0,27,7,23,25,7,24,0,1,1,6,0,6,0,2
0,0,0,1,0,1,1,0,0,0,3,2,0,0,0,0,4,0,2,6,0,3,2,0,5,1,4,9,6,9,2,1,0,5,1,4,0,1
0,0,0,1,1,1,4,0,0,0,6,3,1,5,0,0,9,3,10,4,3,9,0,0,12,5,45,22,6,51,5,1,2,10,2,2,0,0
0,0,0,1,0,0,1,0,0,0,4,0,0,0,0,1,1,0,0,3,0,6,0,0,5,0,3,8,1,8,0,0,0,3,0,0,0,2
0,0,0,2,1,2,0,0,0,0,0,0,0,0,0,0,0,0,1,0,1,3,0,0,3,0,0,1,0,6,0,0,0,5,0,0,0,0
0,1,0,2,3,5,1,0,0,1,0,3,0,0,0,0,3,3,1,2,0,0,0,0,1,0,1,0,2,7,0,1,0,3,2,1,1,1
0,3,0,0,2,2,0,0,0,0,1,2,0,2,0,0,2,0,1,6,0,2,0,1,12,1,7,11,2,10,2,0,2,8,0,3,0,0
0,0,0,0,0,1,0,0,0,1,0,0,0,0,0,0,0,0,0,0,0,1,0,0,9,0,3,3,1,3,0,3,3,6,3,3,0,1
0,1,0,3,2,1,0,3,0,1,1,0,0,1,0,0,0,0,0,1,0,0,0,0,2,0,1,4,2,4,1,0,1,3,1,1,0,1
0,0,0,0,0,1,0,0,0,0,1,0,1,1,0,0,0,0,1,0,0,1,0,0,0,0,0,3,1,0,0,0,0,0,0,0,0,0
0,0,0,0,0,0,0,0,0,0,2,0,0,1,1,0,0,0,0,0,0,5,0,0,0,0,0,0,2,4,0,0,0,0,0,1,0,0
