1,0,0,0,0,0,0,0,0,0,0,0,0,0,0,0,0,0,0,0,0,0,0,0,0,0,0,0,0,0,0,0,0,0,0,0,0,0
0,9,6,13,0,3,2,0,0,0,2,1,0,0,1,0,0,0,0,2,0,0,0,0,1,0,0,0,0,0,1,0,0,0,0,0,0,0
0,2,9,8,1,9,0,0,1,0,0,1,0,0,0,0,0,0,0,0,0,0,0,0,0,0,1,0,0,0,0,0,0,0,0,0,0,0
6,32,11,135,44,46,8,3,1,2,13,1,1,3,0,0,8,0,1,1,2,2,1,0,3,0,3,1,0,2,0,0,0,0,0,2,0,1
0,5,5,46,16,6,19,4,1,10,12,11,5,3,0,1,6,1,0,6,1,3,0,1,0,3,2,3,4,3,0,0,0,0,0,0,0,0
1,6,18,56,17,135,76,8,10,0,18,11,13,17,2,1,5,6,6,1,2,9,0,0,5,1,11,2,0,6,0,1,2,1,0,6,0,0
0,1,7,25,15,96,57,3,7,0,9,6,17,7,6,6,22,6,5,2,0,16,1,1,2,0,14,0,1,6,1,1,4,4,0,3,0,0
0,3,0,14,3,15,16,0,2,2,7,6,7,3,0,3,10,3,6,1,3,2,0,2,7,1,6,1,0,5,0,1,2,2,0,0,0,0
0,2,3,3,1,19,11,1,3,0,0,2,1,0,0,0,1,3,1,0,0,2,0,0,1,0,5,0,0,2,0,0,0,0,0,1,0,0
1,0,1,4,5,6,1,0,0,5,7,2,0,1,2,0,2,3,5,8,2,5,0,0,2,1,1,4,1,4,0,0,1,1,0,1,0,1
2,0,1,13,9,8,9,2,1,4,13,13,3,5,0,5,3,9,2,13,4,19,0,3,18,0,7,5,0,6,1,0,0,4,1,0,0,0
1,1,0,18,10,17,15,2,4,2,11,7,3,6,5,7,4,9,6,8,7,18,1,10,8,0,9,5,3,12,0,0,0,9,2,0,0,0
2,0,2,8,4,18,16,3,2,0,5,3,4,7,1,0,5,4,5,1,4,3,0,0,5,0,19,2,1,13,0,0,7,0,0,1,0,0
0,0,2,4,10,13,0,1,0,0,1,5,0,1,0,1,3,3,3,3,3,16,0,2,5,5,9,4,0,4,0,0,1,1,0,0,0,0
0,0,1,0,1,1,2,3,0,0,3,0,0,1,0,0,1,1,0,2,0,2,0,0,0,1,0,1,1,1,0,0,0,1,0,0,0,0
0,0,0,2,4,16,9,1,2,1,3,2,1,0,0,0,0,1,1,0,1,3,0,2,4,0,5,0,0,2,0,0,0,3,1,0,0,0
0,0,0,1,2,26,13,2,6,0,5,2,3,7,2,0,3,4,4,6,0,9,1,8,8,1,13,5,2,6,0,0,3,2,0,1,0,0
1,1,1,4,3,11,12,1,6,0,6,0,5,2,0,1,3,3,5,7,1,10,2,3,9,0,13,4,2,7,2,0,1,6,1,0,0,0
0,0,2,0,4,12,9,2,5,0,7,2,6,0,0,0,10,4,1,2,0,6,1,2,0,1,17,5,3,10,0,1,0,1,0,1,0,0
0,0,0,9,7,5,7,0,0,8,21,4,2,8,1,1,3,23,8,7,3,5,0,0,10,0,13,1,2,8,1,1,2,3,0,0,0,3
3,3,0,0,0,3,1,0,2,0,6,3,1,0,1,1,0,0,6,6,1,1,0,1,3,0,1,0,0,2,0,0,1,1,0,0,0,0
0,1,0,1,8,1,8,1,1,2,8,7,2,7,1,4,5,19,17,7,3,3,1,0,8,5,15,5,4,5,0,1,3,4,0,0,0,1
0,0,0,0,1,1,0,0,0,0,1,1,1,0,1,0,0,0,0,2,0,0,0,0,0,0,3,4,3,3,0,1,0,0,0,0,0,0
0,0,0,1,0,1,2,0,0,0,1,2,3,3,0,2,4,2,1,0,1,0,0,0,5,1,15,0,2,3,1,1,0,0,1,0,0,0
0,1,0,10,8,1,3,0,0,5,15,5,0,5,0,1,2,10,7,30,11,9,3,6,44,10,29,35,10,20,1,0,0,6,3,3,1,2
0,3,0,1,1,3,3,1,0,3,5,2,0,4,0,0,0,2,1,1,1,2,0,0,4,1,6,4,0,3,1,0,1,2,0,0,0,0
1,0,0,4,3,21,8,1,1,1,7,5,9,7,0,3,14,29,18,6,5,17,3,6,16,6,34,26,11,49,1,0,0,9,1,3,0,0
0,0,0,2,1,2,2,0,0,2,1,3,0,4,1,0,5,4,0,12,3,1,0,0,27,2,19,17,4,21,0,2,1,12,1,1,0,1
0,0,0,1,2,2,0,0,0,0,4,2,1,1,0,2,2,0,2,1,0,2,0,1,10,6,3,11,4,13,3,2,1,5,0,0,0,0
0,0,0,2,4,3,2,1,2,0,7,4,0,4,0,0,4,7,5,2,1,9,1,2,12,2,33,21,9,60,3,0,4,5,2,1,0,0
0,0,0,0,1,0,0,0,0,0,1,1,0,0,1,0,0,0,1,0,0,2,0,1,0,0,4,3,2,8,1,1,2,2,2,0,0,0
0,0,0,0,1,0,0,0,1,0,0,1,0,0,0,0,0,2,0,0,0,0,1,1,0,1,0,2,0,3,3,0,4,2,1,0,0,0
0,0,0,1,0,3,0,0,0,0,6,1,2,2,0,0,1,1,1,0,0,3,0,0,4,0,10,2,1,13,0,0,2,0,1,3,4,5
0,0,0,1,3,0,0,0,0,0,2,4,0,1,0,0,0,2,1,3,6,1,0,2,11,0,5,15,3,10,3,1,1,5,6,1,0,0
0,0,0,1,0,0,1,1,0,0,0,2,0,0,0,0,0,0,0,0,0,0,0,0,4,0,0,4,0,8,1,0,2,2,0,0,0,1
0,0,0,0,1,0,0,0,0,0,0,0,0,1,0,0,3,0,0,0,0,0,3,2,6,0,3,1,2,3,0,0,3,2,0,0,0,0
0,0,0,0,0,0,1,0,0,0,1,0,0,0,0,0,0,0,0,0,0,2,0,0,1,0,0,0,2,0,0,0,0,0,0,0,0,0
1,0,0,0,1,0,0,0,0,1,2,0,1,1,0,0,1,0,0,2,0,1,0,0,0,0,0,0,1,3,0,0,0,2,0,0,0,0
