1.68
2.35595238095
1.83133333333
1.64598187311
1.52994186047
1.81917926566
1.69761061947
1.66201492537
1.72507692308
2.09428571429
1.58616216216
1.55623893805
1.82941558442
1.69440860215
1.68208333333
1.63964285714
1.80677852349
1.85388059701
1.70939393939
1.69095808383
1.59772727273
1.49687898089
1.91631578947
1.43461538462
1.42905263158
1.69192307692
1.59850144092
1.5966875
1.68858974359
1.59236363636
2.22322580645
3.1475
3.5647761194
2.06653846154
2.43580645161
3.32322580645
4.48833333333
4.32333333333
