0,0,1,0,0,0,0,0,0,0,0,0,0,0,0,0,0,0,0,0,0,0,0,0,0,0,0,0,0,0,0,0,0,0,0,0,0,2
1,7,3,16,1,10,2,0,0,0,0,0,0,0,0,0,0,0,0,0,0,0,0,0,0,0,0,2,0,0,0,0,0,2,0,0,0,0
2,3,4,1,2,5,2,0,0,0,0,0,0,0,0,0,0,0,0,0,0,0,0,0,0,0,0,0,0,0,0,0,0,0,0,0,0,0
4,33,13,105,30,43,12,7,0,4,12,13,0,4,0,3,0,1,2,6,3,5,1,0,8,0,6,5,0,3,0,0,1,5,1,0,0,0
0,4,3,57,13,15,20,7,2,3,20,12,4,2,1,0,7,1,2,9,0,1,0,1,1,0,8,0,0,0,1,0,0,1,0,0,0,0
0,7,19,45,16,110,45,5,7,0,13,6,9,9,2,4,9,6,2,2,2,8,1,7,2,3,12,5,1,6,4,0,0,1,0,3,0,1
1,5,12,31,28,106,61,7,8,1,9,16,16,9,7,7,14,8,7,1,3,15,5,4,6,0,9,4,1,6,0,0,1,4,2,0,0,1
0,1,1,5,3,7,24,0,3,0,3,0,6,3,0,4,5,6,5,4,0,3,2,3,2,0,9,1,1,5,1,1,0,1,0,1,0,0
0,0,0,4,2,16,14,1,2,0,6,2,4,1,0,2,2,5,2,1,0,0,0,0,2,0,3,3,1,0,0,0,0,0,0,0,0,0
1,1,0,13,3,1,2,0,2,4,4,6,1,4,0,2,0,1,0,10,2,6,2,1,5,0,5,1,1,0,0,1,0,0,0,1,0,1
1,2,0,7,12,7,11,2,0,2,15,2,1,9,2,3,5,10,4,20,9,36,2,6,7,3,6,11,0,4,0,0,0,0,0,0,0,0
3,1,1,21,16,30,9,5,3,3,16,3,3,8,0,11,9,7,2,5,2,19,1,5,8,2,12,1,1,8,0,1,0,3,1,1,0,0
0,0,0,6,11,22,17,1,3,0,0,3,2,3,0,1,9,3,13,3,0,3,1,1,1,0,9,3,2,6,0,1,2,3,0,3,0,0
0,1,1,3,6,10,5,1,2,1,6,5,3,1,0,1,4,0,5,5,3,14,1,1,10,5,7,6,4,7,1,0,1,3,0,0,0,0
0,0,0,2,2,0,0,0,0,0,0,0,2,0,1,1,1,0,3,0,0,4,0,2,1,0,1,0,1,0,0,0,0,0,0,1,0,0
0,0,0,5,1,3,8,0,2,1,1,1,2,0,0,0,0,2,1,0,3,3,0,3,2,1,5,0,0,2,0,0,1,0,0,0,0,0
1,0,0,12,5,11,21,2,2,0,8,4,8,3,0,1,7,2,9,1,5,12,1,0,9,3,29,4,0,8,0,1,4,9,1,1,0,0
0,0,0,1,8,16,12,0,1,0,7,7,6,4,0,0,0,2,15,1,8,21,0,1,2,0,25,2,0,16,1,0,1,0,0,0,0,1
0,0,0,2,1,4,5,2,0,3,5,2,7,0,0,0,8,4,4,1,1,7,0,0,8,0,14,7,5,5,0,0,1,1,0,0,0,0
0,0,0,6,12,3,2,0,0,3,10,5,2,3,1,0,3,8,0,6,1,2,2,1,22,0,9,7,2,7,0,0,0,1,0,4,0,5
0,1,0,4,4,0,4,1,0,1,7,7,1,0,0,0,0,5,0,1,0,2,0,0,1,0,3,3,0,3,3,0,0,0,0,0,0,1
0,1,0,3,2,4,6,0,3,2,9,9,6,7,1,0,10,9,1,3,3,6,1,0,7,1,11,5,2,9,0,0,3,4,0,1,0,3
0,0,0,3,1,3,0,0,0,0,0,0,1,0,0,0,3,3,1,1,0,4,0,0,1,0,2,0,0,3,0,0,0,1,0,0,0,0
0,0,0,0,1,2,2,0,0,0,1,3,0,2,0,0,2,3,0,0,1,3,0,0,2,0,7,0,3,6,0,0,0,0,3,0,0,1
1,1,1,11,4,8,3,2,1,3,5,10,3,1,0,1,1,10,1,24,9,14,0,0,44,15,25,36,8,36,4,1,2,8,3,1,0,0
0,1,0,7,2,2,3,0,1,4,1,0,1,3,0,3,1,3,2,2,2,3,0,0,1,0,6,1,4,5,0,0,0,4,0,1,0,0
2,0,1,5,12,15,27,0,2,0,6,8,10,12,1,2,6,21,13,8,7,15,2,5,27,9,47,22,9,50,4,0,1,15,1,5,0,1
0,0,0,3,1,9,4,2,0,3,9,1,0,1,0,0,0,4,1,5,3,1,0,1,18,7,14,15,9,35,0,1,1,6,1,2,0,0
0,0,0,0,2,0,2,1,1,0,1,0,0,1,1,0,0,1,3,6,1,6,0,3,7,1,8,10,5,18,1,0,2,6,1,1,0,0
1,0,0,4,5,4,2,0,3,3,5,4,3,5,0,0,5,14,3,5,3,6,0,3,15,4,25,23,6,55,6,0,3,9,3,0,0,3
0,0,0,1,0,2,1,0,0,0,0,0,1,0,0,0,0,0,0,0,0,0,0,0,0,2,3,0,0,3,7,2,3,3,1,0,0,1
0,0,2,0,0,3,0,0,0,1,0,0,2,1,0,0,1,0,2,0,0,0,0,0,1,0,3,3,1,9,2,0,0,0,0,0,0,0
0,0,0,0,0,1,2,0,0,0,0,4,0,0,0,0,0,5,0,1,0,0,1,0,0,0,3,1,4,6,5,3,3,1,3,3,0,4
0,1,0,3,0,3,1,2,2,2,3,2,0,4,0,1,0,2,1,1,0,1,0,0,7,3,7,21,10,10,5,3,0,5,6,1,0,2
0,2,0,2,0,1,0,0,0,0,1,0,0,2,0,0,0,0,0,0,0,3,2,0,5,0,1,8,0,1,1,0,2,7,0,0,0,1
0,1,0,4,0,2,0,0,1,0,0,0,0,1,0,0,0,3,0,2,0,0,2,0,3,0,1,7,2,3,0,0,1,2,0,6,0,0
0,0,0,0,0,0,0,0,0,0,0,0,0,0,0,0,0,0,0,2,1,0,0,0,2,0,0,0,0,3,1,0,0,0,0,0,0,0
0,0,0,1,0,0,2,0,0,0,1,0,1,0,0,0,0,0,0,0,0,0,0,0,3,0,1,5,0,3,1,0,2,5,0,1,0,0
