6.33
2.33823529412
2.268
1.5638547486
1.63747706422
1.91846534653
1.80441011236
1.53229166667
1.46938461538
1.74918604651
1.55893048128
1.61695833333
1.81211678832
1.64483606557
1.19846153846
1.69426470588
1.59698113208
1.74877094972
1.62756097561
1.72881656805
1.33280701754
1.52073825503
1.66083333333
1.83854166667
1.61419444444
1.49157894737
1.63544554455
1.67096774194
1.29780821918
1.86903508772
2.44974358974
3.09583333333
3.99633333333
2.19926605505
2.98897435897
2.80265306122
2.32444444444
3.68
