0,0,0,1,0,0,0,0,0,0,1,0,0,0,0,0,0,0,0,0,0,0,0,0,0,0,0,0,0,0,0,0,0,0,0,0,0,0
0,7,5,12,0,3,0,0,0,0,2,0,0,1,0,0,0,2,0,1,0,0,0,0,0,0,1,1,0,0,0,0,0,0,0,0,0,0
1,3,6,0,0,5,1,0,0,1,0,0,0,0,0,0,0,0,0,0,0,0,0,0,0,0,0,0,0,0,1,0,0,0,0,0,0,0
3,21,12,123,40,71,24,3,1,5,20,10,4,2,0,0,3,0,3,3,3,5,0,1,1,0,3,2,1,1,0,0,0,2,0,1,0,0
2,1,2,37,18,18,11,6,3,3,23,17,3,9,2,3,2,3,2,11,7,2,2,2,8,0,3,2,0,4,0,0,1,0,0,0,0,0
1,2,17,62,10,114,46,18,6,1,15,7,20,18,0,1,11,4,6,4,2,4,0,3,2,1,10,0,1,18,0,0,1,2,0,4,0,0
2,4,4,20,16,85,70,7,4,1,18,10,15,12,2,3,17,10,6,3,1,8,7,1,6,0,15,1,2,11,3,1,3,4,0,1,0,0
0,2,1,11,9,12,23,0,1,1,6,3,3,7,0,4,21,3,3,4,1,6,2,2,4,0,13,2,0,1,0,0,0,0,1,0,0,1
0,1,0,1,2,15,12,0,3,1,1,0,2,1,0,1,4,2,5,2,2,0,0,0,0,0,3,0,1,0,0,0,0,0,0,0,0,0
0,0,1,8,5,0,2,1,0,1,6,6,0,4,0,3,1,0,1,10,4,2,0,0,7,1,2,5,0,1,0,0,2,0,1,0,0,5
1,0,0,20,23,10,5,1,0,5,15,6,5,5,0,1,3,5,11,20,5,11,0,1,7,3,7,2,0,2,1,0,1,0,1,1,0,1
0,3,1,34,27,17,14,2,6,2,20,4,3,13,0,9,13,6,4,5,7,9,4,4,9,2,9,8,1,3,0,0,1,6,0,3,0,0
0,2,1,8,6,16,14,0,4,2,4,4,2,3,0,1,5,4,12,2,3,6,0,1,4,0,18,1,6,5,0,0,0,1,1,0,0,0
0,2,0,10,5,8,8,3,2,2,10,2,4,2,0,1,6,1,6,5,0,15,0,3,3,2,14,2,3,2,0,0,1,1,0,1,0,0
0,0,0,4,1,2,0,3,0,0,0,3,0,2,0,1,2,2,1,1,0,2,0,1,0,0,2,0,1,1,0,0,0,0,0,0,0,0
0,0,1,3,0,8,7,1,3,0,3,2,2,0,0,0,1,0,4,3,3,6,2,2,2,0,5,2,1,3,0,1,0,2,0,0,0,0
0,1,0,5,2,6,15,0,11,1,4,8,6,8,1,0,6,5,11,3,2,11,0,4,7,4,19,0,2,6,1,0,1,5,1,1,0,1
0,3,0,6,5,28,19,0,6,1,11,13,9,4,1,0,6,2,3,7,3,3,1,3,8,2,18,4,4,16,0,0,3,1,0,0,0,1
1,0,0,2,0,6,10,2,0,0,4,3,8,3,4,0,6,2,4,3,5,5,0,1,12,0,16,4,5,11,0,0,0,0,0,0,0,0
0,1,0,13,12,9,2,2,0,6,21,8,1,5,1,0,2,6,6,8,5,5,2,4,18,4,4,3,1,9,0,0,0,1,0,1,0,1
0,0,0,4,9,0,1,0,0,1,3,4,1,1,0,2,1,3,1,2,2,5,0,0,5,2,5,1,3,0,0,0,0,1,0,0,0,2
0,0,1,5,6,5,9,2,0,1,8,11,0,6,1,2,4,6,8,7,1,0,0,2,17,3,19,6,1,11,0,0,0,0,0,1,0,1
0,0,0,0,1,2,6,0,0,0,1,0,0,1,0,1,0,0,0,0,0,2,0,0,2,1,1,2,1,2,0,0,0,1,0,0,0,0
0,0,0,0,0,7,1,0,4,0,2,1,0,2,2,0,0,3,3,3,0,4,0,0,6,0,1,0,0,6,1,0,4,0,0,0,0,0
0,1,0,5,6,6,7,3,1,12,16,8,2,6,3,2,2,17,8,22,6,14,2,2,37,11,36,39,16,35,1,1,1,5,3,3,0,2
1,0,1,1,1,0,1,0,0,0,7,0,3,1,0,1,1,3,5,8,7,1,0,1,12,0,11,7,3,11,0,0,0,1,0,0,0,0
0,0,4,7,12,15,17,2,3,2,14,7,2,8,0,6,12,14,20,16,5,11,5,8,48,9,53,35,13,45,5,3,4,7,1,1,0,2
0,1,0,0,3,1,3,0,0,1,9,1,0,5,1,0,4,3,4,7,3,2,1,1,29,4,23,18,8,39,2,0,2,10,0,4,0,1
0,0,0,0,0,0,0,0,2,0,2,0,0,1,0,1,0,0,2,1,0,2,0,0,10,0,6,16,6,13,4,1,0,5,0,0,0,1
1,0,0,0,3,7,2,2,0,0,2,5,3,1,1,0,6,8,7,4,6,10,4,0,22,1,27,26,9,58,3,1,5,11,2,1,0,4
0,0,0,0,1,0,2,0,0,0,0,0,0,0,0,0,1,2,0,1,2,2,0,0,3,0,0,2,1,3,0,0,3,6,0,2,0,0
0,0,0,0,1,0,2,0,0,0,0,0,0,0,0,0,3,0,0,0,1,0,1,0,1,0,2,4,0,3,0,0,0,0,2,0,0,3
0,3,0,1,1,1,0,0,2,0,2,1,0,4,0,0,1,1,1,0,0,1,2,0,4,0,6,3,0,6,2,0,2,2,1,0,0,1
0,0,0,7,2,1,0,0,0,0,6,1,0,4,2,0,0,1,1,6,2,4,4,2,7,1,8,12,5,19,6,1,2,2,1,2,0,0
0,0,0,1,2,2,2,0,0,0,0,0,1,0,0,0,0,1,0,0,0,0,0,0,4,3,4,4,0,11,2,0,0,1,1,1,0,1
0,0,0,0,3,1,2,0,0,1,0,4,0,2,0,0,1,0,0,0,1,0,0,0,3,0,2,6,3,3,2,0,3,5,1,2,0,0
0,0,0,0,0,0,0,0,0,0,1,2,1,0,0,0,0,0,0,0,0,0,0,0,0,0,0,1,0,4,0,0,0,0,0,1,0,0
0,0,0,1,1,0,0,0,0,1,1,1,0,1,0,0,0,0,0,0,2,0,0,0,0,4,1,8,0,2,0,1,0,2,0,1,0,0
