0,0,0,1,0,0,0,0,0,0,0,0,0,0,0,0,0,0,0,0,0,0,0,0,0,0,0,0,0,0,0,0,0,0,0,0,0,0
0,8,2,15,2,3,0,0,0,1,0,0,0,0,0,0,0,0,2,1,0,0,0,0,1,0,1,0,0,0,0,0,0,0,0,0,0,0
2,3,6,5,0,4,4,0,0,0,2,0,0,0,0,0,0,1,0,0,0,0,0,0,1,0,0,0,0,1,0,0,0,0,0,0,0,0
6,33,10,124,29,59,16,3,2,3,17,12,5,9,0,0,4,0,5,0,4,1,1,0,4,0,2,2,0,2,0,0,0,2,0,1,0,0
0,7,4,45,19,25,12,5,4,6,21,14,0,10,2,2,2,1,0,3,6,0,1,1,4,0,2,1,2,3,0,0,1,0,0,1,0,0
0,3,11,57,11,139,74,5,8,0,14,8,14,8,1,1,8,2,4,1,1,4,0,1,3,1,11,2,5,11,0,0,0,1,0,0,0,0
0,2,1,37,25,99,74,12,10,1,8,7,17,12,2,2,20,10,4,3,3,9,2,0,2,3,17,8,1,17,1,0,0,4,2,0,0,0
0,1,0,7,6,18,14,1,4,0,1,3,3,16,2,4,9,4,5,3,3,5,1,1,5,0,1,2,3,3,0,0,0,1,0,0,0,0
0,0,3,3,4,15,16,1,1,0,0,2,1,0,0,0,1,0,7,0,0,5,0,0,1,0,8,0,0,3,0,0,0,0,0,0,0,0
0,1,1,5,5,3,0,0,0,0,5,5,0,2,0,0,0,0,2,10,4,8,0,0,8,1,1,6,1,6,0,0,1,0,0,1,0,0
0,5,0,11,21,17,10,2,1,2,19,2,3,4,3,1,6,7,7,8,1,14,3,5,12,0,7,5,1,15,0,0,0,2,0,2,0,2
5,1,0,12,22,19,15,3,7,4,35,7,5,15,0,5,5,6,7,4,4,11,4,7,8,1,20,11,5,2,0,0,0,1,0,0,0,2
0,1,0,10,0,19,15,1,1,1,5,3,4,3,1,4,2,7,7,0,0,17,4,0,7,3,22,4,0,9,0,0,1,0,0,0,0,0
0,2,0,3,6,7,2,7,1,2,3,10,3,4,0,1,2,5,3,2,1,12,2,2,13,2,4,5,4,3,0,0,0,0,2,0,0,1
0,0,0,0,3,4,1,0,0,0,0,0,1,1,0,0,0,1,0,1,1,3,0,2,1,0,1,0,0,0,0,0,0,0,0,0,0,0
0,1,0,1,0,11,3,2,0,0,4,0,0,0,0,2,1,0,1,0,0,4,0,1,2,0,2,1,1,1,0,0,0,4,0,0,0,0
2,0,0,5,3,12,19,0,4,0,5,4,7,6,0,3,5,3,11,5,1,11,1,1,6,2,6,7,0,7,1,1,0,5,0,0,0,0
0,1,0,6,2,21,24,4,10,2,8,10,18,2,0,1,3,2,6,2,3,12,1,1,9,6,21,6,3,11,0,0,5,2,3,3,0,0
0,0,0,2,6,4,10,0,3,0,4,6,3,0,4,0,7,8,4,6,1,8,2,2,4,0,13,4,2,13,0,1,1,4,0,0,0,0
0,2,0,7,5,8,8,0,0,4,13,7,0,2,2,1,2,10,1,7,4,0,2,0,10,1,10,7,2,5,0,1,3,2,0,0,0,0
0,2,0,8,2,1,3,0,0,3,4,3,0,0,0,2,1,2,6,1,1,3,0,2,8,2,4,1,1,1,1,0,0,0,0,0,1,0
0,0,0,2,6,9,8,1,3,0,12,6,7,8,1,5,3,12,1,6,4,3,0,1,16,1,13,13,2,12,0,0,0,1,0,1,0,0
0,0,0,1,1,0,2,0,0,0,4,1,1,1,0,1,0,6,0,0,1,0,0,0,0,0,4,3,1,2,0,0,0,3,0,0,0,0
0,0,1,0,5,1,6,0,2,0,2,2,4,0,0,0,1,1,0,2,1,3,1,2,6,2,10,1,5,5,0,0,0,4,0,0,0,0
0,0,1,10,8,5,13,2,1,7,25,3,5,10,2,0,3,13,7,30,4,11,2,5,49,14,45,37,6,24,0,0,1,5,3,5,0,1
0,0,0,2,0,3,0,2,0,0,3,4,6,3,0,0,0,3,1,4,4,0,0,0,6,1,10,7,2,3,2,0,0,0,0,1,0,0
0,1,2,8,10,13,18,0,4,4,2,4,6,5,1,8,7,32,16,5,2,23,0,9,31,6,49,33,14,68,3,0,0,14,7,1,0,0
0,0,0,4,2,1,4,1,0,0,3,2,0,2,0,0,0,3,1,7,5,1,1,1,28,2,6,21,13,35,5,0,0,5,2,6,0,0
1,3,0,0,2,2,4,0,4,0,1,2,0,2,0,0,2,0,1,4,4,4,0,0,1,0,5,10,1,15,0,3,1,4,1,0,0,0
0,0,1,2,6,2,6,2,5,0,5,3,6,3,1,0,8,14,3,3,5,9,1,5,18,4,29,34,10,74,1,2,3,4,2,1,0,2
0,0,0,1,0,0,0,0,0,0,0,0,0,1,1,0,0,0,1,0,3,1,0,0,1,1,1,2,0,15,4,0,2,2,1,1,0,0
0,0,0,1,0,2,1,0,0,0,1,0,1,0,0,0,0,0,1,0,0,0,0,0,1,0,5,5,2,4,2,0,1,8,0,0,0,0
0,0,0,0,0,4,2,0,0,0,1,0,0,1,0,0,0,2,3,0,0,0,1,1,2,0,2,3,2,10,4,0,2,1,0,1,0,1
0,0,0,1,2,0,0,0,0,0,3,4,0,2,2,0,1,1,1,7,0,2,0,0,11,1,10,18,2,13,2,3,5,4,3,0,0,4
0,0,0,0,3,0,2,0,0,0,0,1,0,1,0,0,1,0,1,2,0,0,0,3,2,0,1,2,1,11,0,0,0,1,0,1,0,1
0,0,0,3,0,2,1,0,0,0,0,0,0,2,0,0,2,0,0,0,0,0,0,0,1,0,1,4,1,5,0,0,1,1,1,2,0,1
0,0,0,0,0,0,0,0,0,0,1,0,0,0,0,0,0,0,0,0,0,1,0,0,0,0,1,0,0,1,0,0,1,0,0,0,0,0
0,0,0,2,1,0,1,0,0,0,1,0,0,0,0,0,2,0,0,1,0,1,1,0,0,0,2,5,0,0,0,2,0,2,0,3,0,0
