0,1,0,0,0,1,0,0,0,0,0,0,0,0,0,0,0,0,0,0,0,0,0,0,0,0,0,0,0,0,0,0,0,0,0,0,0,0
1,8,4,3,1,3,2,0,0,0,2,0,0,0,0,0,0,0,0,2,0,0,1,0,0,0,0,0,0,0,0,0,0,0,0,0,0,0
0,9,9,2,0,4,1,0,0,2,0,0,0,1,0,0,0,0,0,0,2,0,0,0,2,0,1,0,0,1,0,0,0,0,0,0,0,0
2,32,10,122,33,66,23,2,2,2,10,8,1,6,0,1,2,0,0,7,1,0,0,0,6,0,5,4,0,1,0,0,0,1,0,1,0,0
3,5,3,52,25,17,15,5,3,4,11,13,3,9,0,5,0,0,2,4,0,3,0,2,4,1,4,3,0,3,0,0,0,1,0,0,0,0
2,3,18,55,14,138,61,5,9,0,6,6,17,8,1,2,8,3,0,2,4,9,1,0,4,3,14,4,1,9,0,0,2,0,0,6,0,0
2,6,6,18,25,90,85,11,11,1,3,3,26,7,1,4,14,3,10,3,4,13,7,3,6,4,10,4,0,8,0,0,0,1,0,2,0,0
0,1,0,8,12,19,25,1,2,0,3,2,2,1,0,5,6,3,6,1,0,1,0,3,9,2,16,1,0,6,0,0,0,2,1,0,0,0
0,0,0,1,8,15,8,0,1,0,2,0,2,1,0,0,4,3,1,0,0,2,0,0,2,0,4,0,0,2,0,0,0,0,0,0,0,0
1,1,2,8,7,1,2,0,0,5,8,0,0,5,0,0,0,1,0,2,2,6,0,0,4,1,1,4,0,0,0,0,1,1,0,0,1,0
1,0,1,26,18,9,2,0,0,8,22,10,4,2,0,10,3,5,2,10,5,23,1,2,8,6,5,6,1,12,1,0,0,4,1,0,0,1
3,2,3,34,25,27,20,2,2,3,21,5,5,20,0,12,11,4,8,5,12,25,0,3,14,4,14,5,0,6,0,0,0,1,0,1,0,1
0,0,1,6,7,23,27,1,0,0,1,3,2,3,1,3,8,5,11,0,1,8,1,2,5,1,15,2,3,4,0,0,0,0,0,1,0,1
0,1,1,10,10,5,8,2,2,3,6,3,1,1,0,5,2,3,4,2,0,16,2,7,1,0,11,4,1,2,0,0,0,0,0,0,0,0
0,0,0,4,4,7,7,0,0,0,1,0,0,0,0,1,1,0,0,0,1,3,1,1,3,0,2,0,1,0,0,0,0,2,0,0,0,0
0,0,1,0,2,9,14,1,1,1,4,3,5,3,0,1,0,1,2,2,2,3,1,1,1,3,6,3,0,0,0,0,1,0,2,0,0,0
0,2,0,7,2,16,13,1,6,0,4,7,5,0,2,3,4,9,3,2,6,10,0,3,12,2,24,5,7,13,1,0,0,5,0,0,0,0
0,0,1,4,5,12,5,1,5,2,6,6,6,8,2,1,2,5,3,4,1,13,0,2,3,1,37,7,11,21,0,0,0,2,2,2,0,0
0,0,0,6,1,12,15,1,1,0,3,2,7,2,0,0,15,11,4,0,0,6,2,4,1,2,20,14,6,13,0,0,1,0,0,0,0,0
0,2,0,5,3,5,4,1,0,13,13,7,0,6,0,2,1,8,2,9,3,5,1,2,13,5,18,10,1,6,2,1,1,2,0,1,0,3
0,0,0,3,2,4,0,0,0,0,10,3,0,1,0,1,3,4,2,3,0,1,2,2,3,1,2,2,4,3,0,1,0,1,0,1,0,0
0,2,0,7,1,6,6,0,0,3,10,13,2,4,4,1,5,15,4,5,4,7,1,0,7,0,15,8,2,7,2,0,0,3,0,0,0,0
0,0,0,0,1,0,2,0,2,0,2,0,1,0,0,0,0,2,1,0,1,2,1,0,2,1,6,2,0,3,0,0,0,1,1,0,0,2
0,0,0,0,1,3,3,2,0,2,2,2,0,0,0,0,0,13,2,2,6,1,0,2,3,0,8,5,1,3,0,0,0,0,0,0,0,0
0,2,2,5,11,9,10,2,1,5,16,10,4,3,0,2,2,10,6,27,10,11,3,0,64,9,41,48,7,31,4,2,3,8,3,1,0,3
0,0,0,4,3,1,3,0,0,0,1,2,0,2,1,0,0,1,0,2,2,4,1,0,18,0,12,8,3,5,1,0,0,0,1,2,0,0
0,0,3,8,5,15,19,4,3,1,16,3,14,3,1,2,13,28,26,11,10,28,3,6,36,8,66,47,11,55,1,1,5,8,0,1,0,0
0,1,0,5,1,5,3,0,0,1,2,5,0,2,0,0,2,1,2,12,2,2,0,0,34,2,12,27,7,33,1,1,1,7,2,0,0,5
0,0,0,0,1,3,2,1,2,0,0,0,1,0,0,0,1,3,2,2,1,0,1,0,3,3,16,6,3,14,0,0,0,1,1,1,0,1
0,0,0,2,3,6,2,0,1,1,6,3,2,6,2,0,3,8,11,3,1,11,2,3,14,3,36,33,12,79,11,2,3,6,5,1,0,2
0,0,0,0,0,1,0,0,1,0,0,0,0,1,0,0,1,0,1,0,0,5,0,0,3,0,0,2,2,5,2,0,1,4,0,0,0,0
0,0,0,1,0,2,1,2,0,0,0,0,0,0,0,0,0,4,0,0,0,0,0,0,0,0,5,0,0,11,2,4,0,0,0,1,0,0
0,1,0,0,1,1,1,0,0,0,0,0,1,0,0,0,1,2,1,2,0,0,0,0,3,1,4,3,2,16,0,0,3,3,1,0,0,0
1,4,0,1,1,0,0,0,0,0,4,2,0,1,0,0,1,0,1,0,2,0,0,0,8,3,16,15,8,11,1,0,1,4,0,9,1,5
0,0,0,1,0,0,0,0,0,0,0,0,0,0,0,0,0,0,1,1,0,1,0,1,5,1,1,4,2,6,1,2,1,2,0,1,0,2
0,0,0,0,0,0,1,0,0,0,4,0,0,0,0,0,0,0,0,1,2,0,2,0,3,1,4,7,1,0,3,1,0,4,0,1,0,4
0,0,0,0,0,1,0,0,0,0,0,1,0,3,0,0,0,4,0,0,1,0,0,0,0,0,0,1,1,1,0,0,0,5,0,0,0,2
0,0,0,0,0,0,0,0,0,0,0,0,0,0,0,0,0,0,0,0,0,1,0,0,1,0,1,1,0,3,0,1,0,2,2,1,1,1
