1.95166666667
2.19807692308
1.28179487179
1.75641509434
1.71568421053
1.82119266055
1.7439017341
1.82689655172
1.62770491803
1.80430107527
1.52580110497
1.63977186312
1.68416184971
1.59823943662
2.23157894737
1.53594202899
1.65217391304
1.77990243902
1.60802721088
1.98274725275
1.63482142857
1.54712328767
1.47818181818
1.85338983051
1.47852564103
1.62125
1.6188963964
1.59716157205
1.58306818182
1.72467455621
2.32166666667
3.69130434783
4.35056603774
2.09694656489
3.06046511628
2.98431818182
1.92888888889
2.651875
