2,2,0,1,0,0,0,0,0,0,0,0,0,0,0,0,0,0,0,0,0,0,0,0,0,0,0,0,0,0,0,0,0,0,0,0,0,0
0,5,3,11,1,3,2,0,0,0,0,1,0,0,0,0,0,0,0,0,0,0,0,0,0,0,0,0,0,0,0,0,0,0,0,0,0,0
1,7,13,4,0,9,0,0,0,0,0,0,0,0,0,0,0,0,0,0,0,0,0,0,0,0,0,0,0,0,0,0,0,0,0,0,0,0
6,41,8,135,44,49,12,0,2,0,3,10,3,8,0,1,1,2,3,1,1,3,1,1,5,1,3,3,0,10,0,0,0,1,0,3,0,0
2,4,2,52,21,17,16,8,1,5,10,11,2,5,0,2,0,2,0,3,1,3,1,3,2,0,4,1,4,4,1,0,0,0,0,1,0,0
1,3,15,43,20,130,80,10,3,0,7,8,15,7,1,1,5,13,8,3,7,8,2,1,3,0,15,3,0,20,0,0,2,0,0,0,0,0
0,3,3,29,18,103,58,3,8,0,8,2,20,6,4,2,5,6,15,2,4,13,0,3,9,1,16,5,0,9,0,1,1,4,0,2,0,0
1,0,1,14,7,16,18,1,2,0,5,3,1,7,2,5,9,1,4,10,1,9,0,1,7,1,6,1,1,6,0,0,0,0,0,1,0,3
0,0,2,9,3,13,16,0,1,0,4,1,0,1,0,0,3,3,1,1,0,0,0,1,0,0,0,1,0,1,0,0,0,0,0,0,0,0
0,3,0,11,12,6,4,0,2,4,8,1,3,4,0,0,1,3,1,10,3,2,0,1,0,0,3,3,0,3,2,0,0,1,0,0,0,0
0,1,0,8,20,9,7,4,1,5,11,3,3,4,0,6,5,0,4,12,2,18,1,3,17,0,7,3,0,7,0,0,2,2,1,1,0,0
1,0,0,31,16,25,21,5,1,10,6,4,8,5,2,4,8,0,8,9,6,26,2,1,6,4,7,12,1,5,0,0,0,1,0,1,0,2
0,2,0,5,5,30,24,1,5,0,4,2,2,2,0,4,10,8,11,2,1,8,1,1,7,2,7,3,3,11,2,0,1,1,0,0,0,0
0,0,1,11,5,7,12,3,2,2,8,8,3,3,0,1,5,5,5,3,4,20,2,1,7,0,10,7,2,10,0,0,0,4,0,2,0,1
0,0,0,0,0,4,0,0,0,0,1,1,0,0,0,0,0,0,2,0,0,0,0,0,1,0,5,2,1,2,0,0,0,1,0,0,0,0
0,0,1,2,2,4,6,3,3,0,5,6,2,1,0,2,1,1,2,3,2,4,0,2,3,0,7,0,1,4,2,1,2,0,0,0,0,0
0,0,1,8,4,13,16,2,9,0,4,15,7,4,2,0,6,10,14,3,6,15,2,9,6,1,29,7,4,12,0,0,2,0,0,3,0,2
2,3,3,2,4,14,15,3,2,0,3,9,8,7,0,0,3,4,9,2,4,16,2,6,10,3,26,14,2,22,0,0,1,0,1,0,0,0
0,0,1,5,2,11,9,1,1,1,5,7,4,2,0,0,3,9,2,1,3,9,4,7,18,1,16,7,6,19,0,1,0,3,2,0,0,0
0,3,2,11,9,12,3,1,2,4,14,13,2,6,4,0,11,15,4,12,3,8,6,10,7,1,5,6,1,7,2,0,0,3,0,1,0,3
0,2,0,7,3,2,2,2,0,2,9,4,2,1,0,0,1,1,2,5,1,3,1,1,1,0,1,1,0,3,0,0,0,0,0,0,0,0
0,1,0,3,4,6,8,0,4,5,12,16,2,4,1,1,4,10,13,6,7,5,0,0,12,4,14,12,0,7,2,0,0,0,0,0,0,1
0,0,0,0,0,4,1,0,0,0,2,2,1,0,0,0,1,4,2,1,0,3,0,0,0,0,8,3,2,3,0,0,1,0,0,0,0,0
0,0,1,3,0,3,1,1,0,1,6,2,2,2,3,0,0,4,0,2,0,2,1,1,2,0,10,6,0,4,0,0,1,3,0,0,0,2
0,0,0,8,7,7,3,0,2,5,8,6,0,1,2,0,9,11,9,24,7,7,5,0,52,11,22,35,10,37,2,0,3,9,6,1,0,1
0,2,0,2,2,2,1,2,1,0,1,1,0,1,1,1,1,1,2,3,1,4,1,2,12,1,10,5,3,10,1,0,1,1,0,0,0,0
2,2,0,8,6,17,23,3,1,2,3,1,20,5,0,2,14,34,24,15,4,21,3,7,29,12,51,30,10,77,2,0,2,12,4,1,0,3
0,1,0,1,3,2,6,0,0,3,6,2,0,1,0,0,1,8,6,13,2,9,0,1,41,10,16,42,12,33,1,2,0,15,1,4,0,1
0,0,0,0,0,2,2,1,2,2,1,0,0,1,2,0,0,0,0,6,0,2,0,0,15,2,3,16,3,22,0,0,0,6,4,0,0,0
0,0,0,7,1,5,13,0,4,2,11,2,3,6,0,0,7,8,5,1,3,13,1,4,20,8,40,43,16,76,4,2,4,8,5,5,0,3
0,1,0,2,0,0,0,0,0,0,1,0,0,0,0,0,0,0,0,0,1,0,0,0,0,0,2,4,5,12,0,0,3,3,2,3,0,0
0,0,0,0,0,1,3,0,0,1,1,0,1,0,0,0,2,0,1,0,0,0,0,0,1,0,2,0,3,7,0,0,0,0,0,0,0,1
0,0,0,4,0,2,4,1,0,0,0,2,0,3,0,2,0,3,0,3,0,0,0,1,0,0,4,3,0,6,2,0,0,0,2,2,0,2
2,0,0,4,3,2,2,0,0,1,6,0,2,0,0,0,0,1,1,7,0,0,0,1,14,3,13,25,3,27,4,0,3,5,4,9,0,0
0,1,0,3,0,1,1,0,1,1,0,0,0,0,0,0,1,0,0,1,0,0,0,0,2,0,5,4,0,5,2,1,3,2,0,3,0,1
0,0,0,0,0,4,2,0,0,0,0,0,0,0,0,0,0,2,0,0,0,0,0,3,5,2,4,5,3,3,1,0,0,3,0,2,0,2
0,0,0,0,0,0,0,0,0,0,0,0,0,0,0,0,0,0,0,3,0,0,0,0,0,0,0,2,2,0,0,1,0,3,0,0,0,0
0,3,0,0,0,0,2,0,0,0,0,0,0,1,0,0,0,0,1,4,0,0,0,0,1,0,1,3,3,3,1,2,0,5,1,0,0,0
