3,0,0,2,0,0,0,0,0,0,0,0,0,0,0,0,0,0,0,0,0,0,0,0,0,0,0,0,0,0,0,0,0,0,0,0,0,0
2,11,6,14,1,6,0,0,0,0,1,0,0,1,0,0,0,0,0,2,0,0,0,0,0,0,0,0,0,0,0,0,0,0,0,0,0,0
0,6,6,4,0,7,2,0,0,0,0,0,0,0,0,0,0,0,0,0,1,1,0,0,0,0,0,0,0,0,0,0,0,0,0,0,0,0
6,30,9,124,38,56,30,4,1,1,9,13,2,4,0,0,5,0,1,6,1,7,0,1,2,0,5,2,2,5,0,1,0,3,0,0,0,0
0,5,4,52,16,16,13,3,1,4,11,6,5,4,1,4,2,2,1,7,3,2,0,1,6,4,7,1,0,3,0,0,0,0,0,2,0,0
2,4,16,39,17,114,74,5,1,0,5,8,7,6,0,2,9,8,3,2,2,11,0,0,0,0,13,7,0,6,4,0,1,3,1,0,0,0
2,2,4,14,11,113,66,7,13,0,7,6,16,5,0,7,16,3,14,1,3,17,3,3,5,4,16,8,0,6,1,1,0,2,0,0,0,0
0,4,1,5,7,38,19,1,1,0,1,3,3,2,0,2,13,4,2,1,0,7,2,3,8,1,11,1,8,2,0,0,0,0,0,1,0,0
0,1,1,2,4,12,16,0,0,0,1,1,1,0,0,0,1,1,3,0,3,2,0,0,1,0,0,0,0,2,0,0,0,0,3,0,0,0
0,0,0,6,4,3,1,0,0,3,2,4,1,1,0,0,5,0,1,6,5,3,0,3,3,1,4,1,1,2,0,0,0,0,0,0,0,0
3,4,2,8,26,3,3,0,2,8,7,5,5,5,2,4,1,9,2,13,4,27,1,2,15,1,14,14,2,5,0,1,1,7,2,0,0,0
0,0,0,15,21,20,18,6,2,13,10,0,6,4,2,6,6,4,11,14,4,21,0,5,5,0,13,6,4,11,2,0,0,5,2,0,0,0
0,0,1,18,6,34,26,2,2,0,8,10,7,2,0,0,11,11,11,2,3,15,1,3,5,1,24,1,1,9,2,0,0,2,1,1,0,0
3,0,0,7,8,13,5,2,3,1,3,8,4,1,0,4,8,4,6,5,0,10,4,0,6,0,9,8,3,5,1,0,0,0,0,1,0,1
0,0,0,1,0,3,2,1,0,1,1,0,0,1,0,1,0,2,1,2,3,3,0,0,4,1,3,0,0,2,0,0,0,0,0,0,0,0
0,0,0,1,1,23,10,1,2,3,0,4,5,0,1,0,3,2,1,1,0,7,0,4,3,2,3,1,1,2,0,1,0,0,0,6,0,0
0,0,0,11,4,15,14,8,2,0,3,0,1,6,0,0,3,8,10,1,2,20,2,2,11,0,25,1,6,20,0,1,3,4,0,1,0,0
0,1,0,3,6,12,14,5,5,0,8,3,11,1,0,1,4,2,8,3,6,10,2,2,14,5,25,16,4,11,0,1,3,3,0,1,0,0
0,1,0,5,1,11,14,0,3,2,4,2,8,2,2,1,10,13,3,4,1,7,0,2,9,1,27,5,2,17,0,0,2,2,0,1,0,1
0,1,0,9,17,13,1,0,2,2,13,0,5,6,0,1,6,6,6,14,3,4,0,0,15,1,9,2,5,11,0,1,0,3,0,3,0,3
0,0,0,3,2,0,1,0,0,1,3,2,0,0,0,0,0,4,3,3,0,4,1,0,3,1,3,3,1,1,0,0,0,0,0,0,0,0
0,1,1,4,0,2,7,1,2,3,4,3,2,3,0,0,4,7,8,5,1,10,0,1,11,2,13,5,3,15,0,0,1,0,0,0,0,0
0,0,0,0,1,0,2,0,1,0,1,7,3,0,0,0,0,1,1,3,0,4,0,1,3,1,4,4,0,2,0,0,1,0,0,0,0,0
0,1,0,1,3,5,1,0,1,1,0,2,1,1,0,2,0,5,1,3,1,8,0,0,6,0,4,4,1,4,0,0,0,0,0,1,0,0
0,2,4,12,9,9,3,1,0,3,12,3,1,5,0,1,4,9,6,25,11,15,1,4,51,10,38,26,11,40,2,1,5,5,1,3,0,6
0,1,0,2,0,7,1,0,0,1,2,2,2,4,0,1,1,2,0,5,5,3,0,0,13,0,9,5,0,8,0,1,0,0,0,0,0,0
1,0,2,6,6,19,23,2,1,2,3,0,4,6,0,2,9,25,25,13,8,18,2,2,30,11,49,44,19,72,2,2,5,11,0,2,0,2
1,0,0,5,2,2,7,0,0,1,11,4,4,2,0,1,0,6,3,16,2,6,0,1,30,2,15,37,4,36,1,0,1,10,0,3,0,4
0,0,0,3,0,2,1,0,0,1,0,0,2,0,0,0,0,2,1,6,3,4,2,0,10,1,9,12,4,21,3,0,1,2,1,0,0,0
1,0,0,4,0,6,9,4,2,0,5,6,2,0,0,1,2,9,9,7,2,9,3,1,15,5,48,35,25,73,10,8,2,13,3,3,0,2
0,0,0,0,0,1,2,0,0,1,2,0,0,0,0,0,0,2,0,0,3,0,0,0,0,1,1,1,3,13,1,1,0,5,1,0,0,5
0,0,0,2,0,3,1,0,0,0,0,0,0,2,0,0,0,1,2,0,0,0,0,0,0,0,3,0,0,3,0,0,2,0,0,0,0,1
0,1,0,0,0,4,0,0,2,0,1,2,1,1,0,0,2,0,3,3,0,0,0,1,4,0,6,5,4,10,2,0,1,2,0,3,0,0
1,0,0,0,1,2,3,0,1,0,1,2,0,2,0,1,0,3,5,7,2,1,0,1,7,2,3,23,3,15,3,2,1,9,1,3,0,2
0,1,0,1,2,2,0,0,0,0,2,0,0,0,0,0,0,0,0,0,0,1,0,0,3,0,2,3,2,9,4,1,0,1,1,3,0,0
0,0,0,1,0,1,0,0,0,1,0,1,0,1,0,0,0,0,1,5,0,0,1,0,7,0,3,4,0,6,0,2,0,9,2,2,0,0
0,0,0,0,0,0,0,0,0,2,1,1,0,0,0,0,0,0,0,0,0,0,0,0,1,0,0,0,0,0,0,0,2,3,0,0,0,0
0,0,0,2,0,0,1,0,2,0,0,0,0,0,0,0,0,0,4,0,0,0,0,0,2,2,2,1,1,10,1,0,0,1,3,0,1,0
