1.018
1.90829268293
1.8937037037
1.80539130435
1.72348717949
1.85670951157
1.61626666667
1.66360294118
1.66134615385
1.70734375
1.66475728155
1.60034482759
1.74173515982
1.78331034483
1.35774193548
1.82833333333
1.86177777778
1.64917948718
1.64180645161
1.95396449704
1.47902439024
1.60254716981
1.39210526316
1.68484375
1.67712609971
1.47657894737
1.54824228029
1.87265560166
1.63188888889
1.625
2.59627906977
3.96142857143
3.61929824561
2.12927927928
2.50333333333
2.99591836735
2.75444444444
2.90655172414
