1,0,0,0,0,0,0,0,0,0,0,0,0,0,0,0,0,0,0,0,0,0,0,0,0,0,0,0,0,0,0,0,0,0,0,0,0,0
0,8,6,14,2,1,0,0,0,0,0,0,1,0,0,0,0,0,0,0,0,1,0,0,0,0,0,0,0,1,0,0,0,0,0,0,0,0
0,2,6,5,1,5,0,0,0,0,0,0,0,0,0,0,2,0,0,0,0,0,0,0,0,0,0,0,0,0,0,0,0,0,0,0,0,0
7,24,18,118,41,34,17,4,2,5,9,12,1,2,0,0,6,2,3,7,1,6,3,0,3,1,4,5,1,5,0,0,0,1,0,0,0,0
0,5,1,48,24,19,13,1,0,4,9,11,3,3,0,5,5,3,3,3,4,8,0,0,10,2,3,3,6,2,0,0,1,1,0,0,0,0
1,9,21,37,5,101,49,4,10,3,13,8,13,4,0,2,7,7,1,4,4,9,0,2,3,2,9,5,3,13,0,0,1,2,0,0,0,0
0,7,8,26,20,94,52,10,11,1,8,3,8,11,0,2,7,14,10,3,1,7,1,3,5,0,22,7,5,12,1,0,2,0,0,0,0,1
1,0,0,8,4,30,16,0,0,0,5,1,3,3,2,3,8,1,9,0,5,1,0,1,3,1,9,3,0,6,0,0,0,1,0,0,0,0
0,1,3,2,10,7,8,1,1,0,1,2,0,1,0,1,7,1,3,0,1,1,0,3,2,2,7,0,0,4,0,1,0,0,0,0,0,0
0,2,0,13,4,8,1,0,0,3,3,1,1,0,1,0,1,0,1,1,0,3,0,0,7,2,3,1,0,2,0,0,0,0,0,0,0,0
0,3,2,22,8,5,7,5,2,8,8,6,2,2,0,2,6,7,2,14,1,20,1,2,18,0,11,10,1,2,2,0,2,1,0,1,0,0
0,3,1,24,25,13,30,2,4,7,7,6,3,7,1,10,3,16,4,7,3,17,1,1,1,3,17,11,5,15,1,0,0,6,0,1,0,1
0,0,4,13,7,16,20,3,6,2,4,7,6,0,0,0,8,6,13,3,5,14,2,6,3,0,14,3,5,14,0,0,1,5,1,1,0,1
0,1,0,8,5,11,5,2,3,0,1,8,3,2,0,0,6,3,5,4,1,15,2,3,5,0,12,5,2,5,0,0,1,4,0,0,0,0
0,0,0,3,1,2,2,2,0,0,2,0,1,0,0,0,0,2,0,0,0,1,0,0,0,0,2,0,0,2,0,0,0,0,0,0,0,0
0,0,2,0,6,6,9,4,1,2,2,0,1,2,0,0,0,1,1,1,2,8,0,4,1,0,1,2,0,7,0,0,0,1,0,0,0,0
0,0,0,6,10,13,16,2,5,0,6,13,6,1,1,2,2,6,9,5,2,15,0,14,7,5,25,5,1,16,0,0,4,6,0,0,0,0
0,3,0,3,4,15,20,3,4,1,4,7,3,3,0,0,0,3,7,3,1,20,0,6,6,4,39,10,4,20,0,1,2,0,2,4,0,1
0,0,0,4,2,17,5,6,4,2,1,3,7,1,0,2,9,14,3,4,1,5,1,4,8,3,19,9,0,23,1,0,1,2,1,0,0,0
0,5,0,6,3,1,6,1,0,4,16,4,2,2,4,2,1,6,4,19,2,2,1,1,17,0,6,8,2,10,0,2,0,2,3,0,0,0
0,1,2,2,4,2,2,0,0,2,5,1,2,1,0,0,0,3,3,2,3,2,1,3,4,0,0,3,0,2,0,0,0,0,0,0,0,0
0,1,1,6,6,4,4,0,3,1,5,7,3,3,1,1,1,5,9,11,2,1,0,0,9,1,19,4,3,4,0,0,0,1,0,0,0,1
0,0,1,2,0,0,1,0,0,2,1,1,0,1,0,0,0,3,0,0,0,4,0,0,0,0,8,2,0,6,0,0,4,0,0,0,0,0
0,0,1,1,0,2,5,1,0,0,2,3,2,3,0,1,2,1,2,4,2,0,0,0,1,0,8,1,2,3,0,1,0,0,0,1,0,0
0,2,1,1,10,2,9,0,1,5,8,4,2,1,0,1,5,12,5,35,3,6,1,1,38,11,58,44,11,45,1,0,0,5,6,2,0,2
0,0,0,4,2,4,1,0,1,0,2,4,0,1,0,0,0,0,5,0,3,0,2,1,19,1,11,8,5,5,2,0,0,1,0,0,0,0
0,0,2,12,6,23,14,6,3,2,17,8,6,12,0,0,5,32,24,10,15,32,6,3,35,11,63,23,20,75,3,1,5,4,1,4,0,4
0,1,1,4,5,2,0,1,1,3,1,2,1,7,0,0,0,3,5,17,3,9,0,2,29,6,14,23,13,29,5,2,0,15,2,1,0,2
0,0,0,0,1,1,1,0,0,1,1,0,1,0,0,0,1,0,2,4,3,4,2,0,8,4,3,9,2,17,0,0,0,7,0,0,0,0
0,0,0,4,3,5,10,0,3,4,2,2,3,3,2,0,7,12,4,9,3,14,3,4,18,5,50,27,5,73,5,7,4,13,2,2,0,8
0,0,0,1,0,2,0,0,0,0,2,0,0,0,0,0,0,1,1,0,1,0,0,1,2,0,0,5,0,5,2,1,0,1,2,1,0,2
1,0,0,0,0,2,2,0,0,0,0,1,0,2,0,0,0,3,1,0,0,0,0,0,3,1,2,0,1,1,0,1,2,0,1,1,0,2
0,0,0,3,2,1,2,0,2,0,1,1,0,1,0,0,0,1,1,0,0,0,0,0,0,0,4,3,1,12,2,4,4,2,1,3,0,1
0,0,0,2,0,2,0,0,0,1,1,0,2,1,0,0,0,5,0,6,0,3,0,0,12,0,12,20,5,17,2,2,3,4,2,3,0,4
0,0,0,1,0,0,0,0,0,0,0,0,0,1,0,2,0,1,0,1,2,1,0,0,1,0,1,7,0,12,0,4,1,2,0,3,0,3
0,0,0,0,1,0,0,0,0,0,0,1,0,0,0,1,1,2,0,3,0,0,1,0,3,0,4,4,3,2,1,0,2,5,3,1,0,0
0,0,0,0,0,0,0,0,0,0,0,0,0,0,0,0,1,0,2,0,0,0,0,0,0,0,0,1,0,0,0,0,2,0,0,0,0,0
2,0,0,0,0,3,0,0,0,0,0,1,0,0,0,0,0,0,0,2,3,0,0,0,4,0,1,3,4,5,1,0,0,3,1,2,0,0
