0,2,1,0,0,0,0,0,0,0,0,0,0,0,0,0,0,0,0,0,0,0,0,0,0,0,0,0,0,0,0,0,0,0,0,0,0,0
1,5,4,8,0,0,0,0,1,0,1,1,0,0,0,0,0,0,0,0,0,0,0,0,0,0,0,0,0,0,0,0,0,0,0,0,0,0
0,3,9,3,1,2,1,0,0,0,0,0,0,0,0,0,0,0,0,0,0,0,0,0,0,0,0,0,0,1,0,0,0,0,0,0,0,0
6,18,10,138,34,66,13,0,7,8,7,9,3,4,0,0,1,2,3,7,0,5,1,1,6,1,5,2,2,4,0,0,0,0,1,0,0,0
1,2,2,43,15,14,11,2,0,5,9,11,9,7,0,3,1,2,2,8,5,0,0,1,1,0,2,2,0,7,0,0,5,3,0,0,0,1
2,4,10,45,13,124,66,5,4,1,9,10,11,2,3,0,4,8,5,2,0,11,3,3,5,0,8,7,0,9,0,2,1,0,0,0,0,1
2,2,4,23,20,87,54,9,12,0,13,6,25,3,1,0,19,10,5,1,4,18,0,6,6,4,10,9,0,13,0,0,0,3,0,2,2,1
0,3,1,12,6,11,23,1,1,0,3,3,4,0,0,1,3,2,3,0,0,7,0,2,8,2,7,5,3,5,1,0,0,3,0,1,0,0
0,0,1,2,7,11,17,1,1,0,0,1,0,5,0,0,7,3,2,1,2,2,0,0,0,0,0,1,2,5,0,0,0,0,0,1,0,0
0,3,0,7,2,2,3,1,0,2,4,1,1,1,0,0,2,2,0,3,2,1,0,0,2,1,2,5,0,0,0,0,0,3,0,0,0,1
1,1,2,12,15,7,0,3,1,12,7,12,1,4,0,5,4,5,2,17,6,21,1,5,14,2,7,3,2,3,0,0,1,2,0,1,0,1
1,2,2,21,18,19,24,5,1,6,8,4,5,7,2,4,9,12,9,7,8,25,3,10,14,1,17,6,5,6,0,1,0,5,0,1,0,0
0,0,0,8,5,28,25,0,3,1,2,9,4,8,4,4,9,12,13,1,1,11,1,1,5,2,19,4,3,14,0,0,1,2,0,2,0,3
0,0,0,12,9,6,5,1,2,3,12,3,5,0,0,0,6,0,4,4,2,9,2,4,5,3,11,5,1,7,1,0,1,0,3,2,0,0
0,0,0,2,0,0,2,0,0,1,0,0,0,0,0,0,0,0,1,2,0,2,6,0,2,2,3,1,3,1,0,0,0,1,0,0,0,0
0,2,1,2,3,9,5,2,0,1,3,3,3,4,0,1,0,1,1,3,2,6,1,6,0,0,5,1,2,4,0,0,1,1,0,0,0,0
0,1,0,4,2,20,16,1,5,3,8,8,3,2,4,0,3,7,15,3,4,12,2,3,7,1,14,6,2,17,3,1,0,0,1,1,0,0
0,1,0,4,4,19,17,1,1,2,9,3,7,7,0,0,7,6,12,5,7,13,1,4,12,2,23,6,1,10,1,0,0,4,0,1,0,1
0,0,0,1,2,17,12,1,3,0,0,0,14,0,1,0,7,8,13,1,3,4,0,3,6,3,17,9,6,24,0,0,0,5,0,0,0,0
1,0,0,3,7,9,5,1,1,6,15,1,1,5,2,0,2,9,3,10,1,3,2,1,15,0,12,5,0,8,0,4,1,1,0,0,0,0
0,0,1,7,1,4,1,0,1,1,1,7,1,0,0,0,1,0,1,1,2,3,0,2,5,0,2,0,1,4,0,0,0,0,0,0,0,0
0,0,0,2,6,3,4,3,4,2,7,1,4,11,0,1,3,8,9,1,1,6,1,0,11,2,11,7,3,14,0,2,1,0,1,0,0,2
0,0,0,2,0,1,2,0,0,0,0,1,0,0,0,0,0,0,1,0,1,2,3,0,3,1,1,2,1,6,0,1,0,0,1,0,0,0
1,0,0,1,4,0,4,1,0,2,3,0,1,3,0,0,2,2,1,4,1,1,0,1,3,0,12,3,0,4,1,0,0,0,0,0,0,0
1,7,0,14,3,8,5,1,0,10,16,5,0,11,0,0,3,10,11,34,8,9,0,5,48,12,41,36,11,44,0,0,0,6,2,1,1,1
0,0,0,2,2,5,1,0,0,1,1,0,1,7,1,1,1,2,7,6,3,2,0,0,5,0,13,8,1,10,0,1,0,2,0,2,0,0
2,0,3,5,6,25,10,0,4,2,8,7,7,5,0,2,15,22,21,7,8,23,10,5,38,7,63,32,21,74,5,3,1,6,2,3,0,1
0,0,1,7,1,5,8,0,0,5,13,3,2,0,0,3,0,5,5,6,2,3,0,1,30,4,12,33,10,36,3,2,0,9,1,4,0,2
2,1,2,1,0,3,0,0,1,2,1,0,0,0,0,0,0,0,0,0,5,1,0,0,14,4,6,12,6,14,2,0,0,0,1,1,0,0
3,0,2,10,4,12,7,1,2,0,11,2,4,3,0,0,5,3,11,8,6,26,0,4,30,6,49,34,19,95,2,3,8,6,0,0,0,6
0,0,0,2,0,1,1,0,0,0,0,2,0,0,0,0,0,2,0,0,0,0,0,0,3,0,2,2,0,1,0,1,4,5,3,3,0,4
0,0,0,1,0,2,0,0,0,0,0,1,0,0,0,0,0,1,2,0,0,0,0,0,0,0,0,0,1,5,1,2,1,1,0,1,0,0
1,0,0,2,1,2,2,0,2,0,1,1,0,0,0,0,0,2,1,0,0,2,0,0,6,0,8,2,1,10,0,0,1,1,2,7,0,1
0,0,0,1,1,1,1,0,0,0,1,1,0,1,0,0,0,2,0,3,1,0,0,0,4,4,4,16,9,16,2,0,1,5,2,5,0,7
0,0,0,3,1,0,0,0,0,0,0,0,1,1,0,0,0,0,2,0,0,1,0,0,8,0,0,5,5,7,3,0,0,7,0,2,0,0
0,0,0,3,2,5,0,0,0,0,1,0,0,1,0,0,2,0,0,2,2,0,0,0,2,1,1,10,1,5,0,0,1,13,0,0,0,0
0,0,0,0,0,0,0,0,0,0,0,0,0,0,0,0,0,0,2,0,0,0,0,0,0,0,1,0,0,2,0,0,1,0,0,0,0,0
0,0,0,1,0,3,1,0,0,0,0,0,0,0,0,0,0,0,1,0,1,1,1,0,3,0,2,4,0,5,0,0,0,4,3,2,0,2
