2.43333333333
1.96235294118
1.9052173913
1.71781081081
1.80746031746
1.86601092896
1.70540682415
1.91591304348
1.8192
2.21622641509
1.6343715847
1.68496062992
1.70567010309
1.6362992126
1.79653846154
1.81450704225
1.63725714286
1.6963507109
1.68732876712
1.67558823529
1.72804347826
1.61295454545
1.96555555556
1.55309090909
1.57089635854
1.46315217391
1.54853862213
1.76739726027
2.05786666667
1.78482051282
2.94548387097
3.06333333333
3.43706896552
1.81924050633
2.25361702128
3.53651162791
2.34
3.07580645161
