0,0,0,1,0,0,0,0,0,0,0,0,0,0,0,0,0,0,0,0,0,0,0,0,0,0,0,0,0,0,0,0,0,0,0,0,0,0
2,4,4,10,1,2,0,0,0,0,1,0,0,0,0,0,0,0,0,0,0,2,0,0,0,0,0,0,3,2,0,0,0,0,0,0,0,0
1,4,4,1,0,5,1,1,0,0,0,0,0,0,0,0,0,0,0,0,0,0,0,0,0,0,0,0,0,0,0,0,0,0,0,0,0,0
4,24,13,117,44,33,12,2,0,3,12,7,4,0,0,1,1,5,4,12,1,6,1,0,4,0,5,1,1,6,0,0,1,0,0,0,0,0
0,10,2,36,24,19,19,2,2,10,11,8,3,4,0,3,3,5,0,3,3,4,0,2,6,0,3,6,0,5,3,0,0,0,0,0,0,0
1,7,14,30,8,120,78,4,12,1,3,7,10,3,0,0,9,4,5,2,2,7,1,3,12,3,8,13,2,7,1,0,0,2,0,1,0,0
4,3,2,39,10,91,69,7,5,1,4,14,12,6,1,1,11,9,6,2,1,5,1,3,4,2,10,10,1,11,0,0,0,1,0,1,0,0
0,0,1,10,9,18,33,3,0,1,4,3,0,1,0,2,10,6,2,0,0,9,0,1,5,1,11,2,0,3,1,0,1,2,0,1,0,0
0,1,3,0,1,11,14,0,1,0,0,0,7,1,0,0,3,2,1,0,1,1,0,0,0,0,4,0,2,2,0,0,0,1,0,0,0,0
1,0,0,5,3,2,2,2,1,2,7,5,1,0,0,1,0,1,3,5,0,4,0,0,9,0,1,0,1,0,0,0,0,0,0,0,0,0
0,1,2,29,31,12,6,2,0,6,13,13,5,3,4,5,6,7,2,11,7,13,1,6,17,1,4,6,0,5,1,1,2,2,0,1,0,2
0,1,0,25,22,17,23,3,6,3,21,3,6,4,0,7,1,6,13,4,8,19,1,10,5,2,17,7,0,6,1,0,3,5,0,1,0,0
1,4,2,16,7,37,23,1,3,3,6,2,9,5,0,0,3,6,6,2,3,13,1,3,4,1,26,7,0,17,0,1,1,3,2,0,0,1
1,0,0,12,15,13,4,2,4,3,4,2,3,1,1,2,3,3,5,4,6,17,3,0,7,0,8,0,3,5,0,0,4,1,1,0,0,0
0,0,0,1,2,3,0,1,0,2,0,1,0,0,0,0,0,0,0,0,2,1,0,3,3,2,3,0,0,0,0,0,0,0,0,0,0,0
0,0,0,5,4,5,3,3,0,0,2,1,0,0,0,1,0,0,1,1,0,5,0,0,2,2,8,1,3,1,0,0,0,1,0,3,0,0
0,1,0,3,4,14,23,6,5,3,9,5,0,7,0,0,4,6,17,8,3,8,1,3,7,1,20,12,3,9,0,0,0,0,2,1,0,0
0,1,0,9,6,16,11,2,5,3,3,2,5,5,1,1,6,4,3,6,8,14,2,3,7,3,28,5,3,20,1,0,0,3,0,2,0,0
1,1,2,2,1,9,11,0,2,1,2,2,5,6,2,4,7,5,4,5,2,6,0,7,9,1,29,14,6,19,0,0,0,4,0,1,0,0
0,3,0,7,3,7,11,0,2,8,6,6,3,6,0,0,4,9,5,12,2,6,0,2,18,0,10,9,6,9,0,0,2,2,0,1,0,1
0,1,0,0,0,3,8,0,0,0,1,5,0,1,0,1,2,5,1,8,0,3,0,1,4,1,1,1,2,2,1,0,0,0,0,0,0,0
0,2,3,7,1,16,5,0,3,4,9,3,6,5,2,5,8,10,9,11,3,9,2,3,9,0,20,8,0,2,0,1,2,3,0,2,0,2
0,0,0,1,1,2,4,0,0,0,4,1,0,1,0,0,1,0,3,2,0,0,0,0,1,1,1,3,2,5,0,0,0,0,0,1,0,0
0,0,0,0,2,2,2,0,1,0,1,1,1,1,0,1,2,2,2,3,1,1,0,4,2,4,11,3,1,11,2,1,1,0,0,0,0,0
0,0,1,12,9,15,13,0,2,9,6,0,1,4,0,0,4,8,9,23,3,19,0,0,59,6,53,40,14,34,3,1,1,8,1,0,0,6
0,0,0,1,1,5,3,0,0,0,5,3,0,1,0,0,1,5,3,7,0,2,1,1,7,0,9,6,7,8,0,0,1,0,3,1,0,0
1,3,2,6,12,25,18,3,2,2,11,6,7,5,0,2,18,21,25,17,6,23,1,12,14,5,70,28,18,82,3,6,2,10,4,1,0,1
0,0,0,6,3,3,2,0,1,6,2,1,0,4,1,0,0,7,4,4,4,1,1,2,18,1,27,31,10,65,1,0,4,7,4,3,0,2
0,0,0,4,2,0,1,2,0,2,2,1,0,0,0,0,1,3,6,2,2,2,0,0,2,5,1,11,3,28,2,0,1,4,0,0,0,1
0,2,3,5,1,10,10,1,1,3,3,4,4,2,0,1,4,6,10,5,3,9,1,12,32,3,55,54,21,70,10,2,5,5,11,2,1,3
0,0,0,1,0,0,1,0,0,0,3,1,0,0,0,0,0,1,0,0,0,0,0,0,1,0,1,0,0,10,1,0,0,5,2,1,0,0
1,0,1,0,0,2,0,0,0,0,0,0,0,0,0,0,0,0,0,0,0,2,0,0,0,0,4,1,0,5,3,0,0,0,0,1,0,0
0,0,0,2,3,0,1,0,1,0,0,0,1,1,0,0,1,5,0,0,0,0,0,0,0,1,9,2,3,10,1,1,0,3,1,0,0,0
0,0,1,4,0,1,6,1,0,0,4,0,0,2,0,0,0,9,0,5,1,0,0,2,8,0,5,21,5,24,2,0,0,6,4,2,0,1
0,0,0,3,0,0,1,0,0,0,2,0,0,0,0,0,0,4,2,2,0,0,1,0,5,0,3,7,5,6,4,0,1,5,0,4,0,0
0,0,1,6,1,0,1,0,0,0,0,0,2,0,0,0,1,3,0,6,0,1,0,0,3,0,6,8,2,3,0,1,3,0,0,0,0,1
0,0,0,0,0,1,0,0,0,0,0,0,0,0,0,0,0,0,0,0,0,0,0,0,2,0,0,0,0,0,0,0,0,0,0,0,0,0
0,0,0,1,0,0,1,0,1,0,2,1,0,0,0,0,0,0,1,0,1,0,0,0,1,1,4,3,2,3,1,0,0,5,0,4,0,1
