0,0,0,0,0,0,0,0,0,0,0,0,0,0,0,0,0,0,0,0,0,0,0,0,0,0,0,0,0,0,0,0,0,0,0,0,0,0
1,11,9,10,2,0,2,0,0,0,0,2,0,0,0,0,0,0,0,0,0,0,0,0,0,0,0,0,0,0,0,0,0,0,0,0,0,0
0,7,10,1,0,5,4,0,0,0,2,1,0,0,0,0,0,0,0,0,0,0,0,0,0,0,0,0,0,1,0,0,0,0,0,0,0,0
2,29,8,112,39,43,11,4,1,4,11,1,2,0,0,0,3,1,2,6,0,0,2,0,3,0,5,3,0,3,0,0,0,1,2,0,0,0
3,2,0,35,18,21,9,2,4,5,10,8,5,2,1,1,3,4,2,4,1,5,0,0,7,2,2,8,1,0,0,0,0,0,2,0,0,0
2,10,20,58,9,127,62,8,4,0,3,2,16,2,2,4,16,4,5,2,1,14,1,3,3,3,18,7,3,9,0,1,0,0,0,0,0,0
0,3,4,13,22,71,49,0,5,2,5,6,17,4,0,1,17,4,5,0,0,13,0,2,3,1,18,10,4,13,1,3,1,3,0,0,0,1
0,0,4,8,4,21,19,0,5,0,1,4,3,2,0,4,12,4,6,2,8,3,0,3,5,2,6,7,1,6,0,1,3,1,1,0,0,0
0,0,2,6,1,10,14,2,0,0,1,4,5,0,0,3,4,1,0,1,3,2,1,0,1,0,2,1,2,5,0,0,1,0,0,2,0,0
0,0,2,3,7,3,1,0,3,3,0,5,0,1,0,1,1,1,1,3,0,0,2,5,7,1,3,0,1,0,0,0,0,1,0,0,0,0
0,3,2,14,22,12,7,2,4,5,6,13,4,8,1,4,4,5,1,12,5,19,1,12,10,0,10,9,0,8,2,0,1,1,0,2,0,1
0,2,0,27,14,23,14,0,2,3,11,4,6,6,0,10,1,7,7,5,6,19,5,9,9,3,16,11,3,8,1,0,0,2,0,0,0,0
0,2,0,9,7,27,30,0,2,3,7,3,0,7,0,1,1,3,12,0,0,6,0,1,6,3,11,10,1,28,1,3,0,2,0,0,0,0
0,3,1,17,7,9,15,0,1,7,10,8,5,2,1,3,12,5,10,9,8,6,0,5,8,0,10,3,4,7,0,0,1,3,0,0,0,0
0,0,0,3,0,3,6,0,1,0,2,5,0,0,0,0,0,0,0,0,0,1,0,0,4,0,4,0,0,0,0,0,0,0,0,1,0,0
0,0,1,3,1,9,4,0,2,2,1,1,0,1,1,1,1,0,0,0,0,7,0,2,1,0,3,1,2,4,0,0,0,0,0,0,0,0
0,0,2,8,11,18,10,2,4,0,2,6,3,0,2,0,1,6,13,0,2,10,1,3,1,1,23,6,1,16,0,1,1,3,1,0,0,0
0,0,1,11,3,17,14,2,7,0,13,7,8,3,0,1,5,0,9,6,5,15,0,6,5,0,33,7,4,21,1,0,2,1,2,0,0,0
0,1,0,2,2,11,9,1,1,0,2,6,3,0,0,0,4,8,7,5,2,8,1,2,6,1,24,5,6,12,0,0,0,2,0,0,0,1
0,0,1,14,7,8,6,0,2,6,22,6,3,2,0,0,1,8,9,9,3,5,3,3,12,2,7,3,5,7,0,1,1,1,0,0,0,1
0,0,0,5,1,0,5,0,0,5,8,1,3,3,0,0,2,8,2,1,1,5,0,1,5,1,2,1,2,1,0,0,0,2,0,0,0,0
2,2,1,4,6,8,8,0,2,6,15,12,3,6,2,0,8,9,10,7,3,8,0,0,11,1,21,7,1,13,1,0,1,2,0,0,0,0
0,0,0,2,0,3,0,1,1,0,7,0,1,0,0,0,0,1,1,0,1,0,0,0,4,0,3,3,1,1,0,0,1,1,0,0,0,0
0,1,0,4,0,5,5,0,1,1,5,1,4,4,0,0,1,5,7,1,0,1,0,1,4,1,10,3,0,4,0,0,0,0,0,0,0,0
1,0,3,13,8,12,5,0,3,7,12,3,0,7,0,0,5,16,8,13,3,9,1,4,46,8,37,53,8,45,2,0,3,8,0,2,0,3
0,2,6,2,3,3,1,0,1,3,3,1,1,4,0,0,1,0,1,4,2,2,1,1,11,0,10,17,4,8,0,0,0,4,0,0,0,0
1,1,2,19,6,15,20,2,4,2,10,10,11,5,0,1,9,16,20,14,5,20,2,5,39,7,60,43,18,89,4,0,2,7,3,1,0,2
0,0,0,5,1,3,3,0,2,2,3,4,1,1,0,1,3,6,4,9,2,4,0,2,27,5,31,38,7,56,2,1,3,9,0,4,0,5
1,2,2,1,2,3,1,0,2,0,0,0,3,0,0,0,1,0,3,0,4,2,0,0,10,0,12,13,2,23,2,1,1,9,0,0,0,0
0,3,3,5,6,6,12,0,2,3,4,0,5,5,0,0,2,10,16,5,3,12,2,7,18,4,42,44,7,112,11,2,2,12,3,5,0,3
0,0,0,1,0,0,1,0,0,0,1,0,1,1,0,0,0,0,0,4,0,2,1,0,0,0,0,0,0,10,0,0,2,6,0,4,0,2
0,0,0,0,0,0,1,0,0,0,0,0,2,0,0,0,0,3,0,0,0,0,0,0,0,2,1,1,0,5,3,0,0,0,0,0,0,0
0,0,0,0,0,6,2,0,1,0,3,1,1,0,0,0,0,1,0,2,1,0,0,0,0,0,2,5,1,12,0,2,5,4,1,3,0,0
0,0,1,0,2,2,2,0,0,0,2,0,0,0,0,0,2,2,7,2,0,0,0,1,15,0,6,27,3,27,2,0,3,7,3,4,0,0
1,0,0,2,0,0,0,0,0,0,1,0,2,2,0,0,0,0,3,0,0,0,0,0,3,0,3,6,1,3,1,0,5,8,2,0,0,2
0,0,0,1,0,2,0,1,0,0,0,0,0,0,0,0,1,0,0,1,1,0,0,0,6,0,2,1,0,1,0,3,3,0,0,0,0,5
0,0,0,0,1,0,1,1,1,0,1,0,0,0,0,0,0,0,0,0,1,0,0,0,4,0,0,0,4,3,0,0,0,1,0,0,0,0
0,1,0,0,0,4,1,0,0,2,0,0,0,1,0,0,0,6,0,2,0,0,0,0,3,0,1,6,0,3,0,0,5,1,0,2,0,1
