0.0
1.53571428571
2.2252
1.64024561404
1.81054878049
1.79830985915
1.90254901961
1.79516778523
1.83282352941
1.89589285714
1.67177272727
1.87323651452
2.07357541899
1.68660493827
1.69846153846
1.72461538462
1.82019354839
1.70725961538
1.50956521739
1.66994047619
1.37925373134
1.65906976744
1.91545454545
1.71305555556
1.66573033708
1.6197752809
1.68909278351
1.54652360515
2.05893203883
1.64536649215
2.63529411765
3.93117647059
3.07509803922
1.9618487395
2.34697674419
3.04058823529
3.77266666667
3.49133333333
