0,1,0,0,0,0,0,0,0,0,0,0,0,0,0,0,0,0,0,0,0,0,0,0,0,0,0,0,0,0,0,0,0,0,0,0,0,0
2,6,2,9,0,1,0,0,0,0,0,0,1,0,0,0,1,0,0,0,0,0,0,0,0,0,0,1,0,0,0,0,1,0,0,0,0,0
4,2,8,0,0,7,1,0,0,0,0,0,0,0,0,0,0,0,0,1,0,0,0,0,0,0,0,0,0,1,0,0,0,0,0,0,0,0
8,28,7,108,32,39,20,1,4,3,5,9,9,1,0,4,1,4,2,1,3,7,1,5,5,2,3,3,2,4,0,0,1,1,0,3,0,0
5,4,2,52,15,15,11,2,0,0,5,10,2,0,2,3,2,1,0,1,4,4,0,0,1,0,3,0,1,4,0,1,1,2,2,0,0,0
0,5,28,38,4,126,77,3,4,0,8,3,13,2,0,0,11,4,9,3,2,9,0,5,6,1,11,5,1,10,2,0,0,3,0,2,0,1
2,3,6,19,11,85,60,3,8,0,7,8,16,0,0,2,19,14,5,2,7,11,3,1,2,1,14,5,5,13,0,0,1,2,0,0,0,1
0,0,0,9,9,8,13,0,1,0,3,6,2,5,0,2,12,8,12,4,1,6,0,2,9,2,11,9,1,4,1,0,3,2,2,0,0,0
0,0,0,2,4,8,5,0,2,0,1,0,0,0,0,0,6,0,4,0,0,1,0,0,2,1,1,2,0,1,0,0,0,0,0,0,0,0
0,0,0,12,6,0,0,0,0,1,5,0,1,2,0,1,0,1,0,3,1,4,0,2,2,1,6,6,0,2,0,0,0,0,0,0,0,0
0,3,1,19,15,15,9,1,2,8,12,6,4,6,0,8,3,8,7,7,5,7,1,9,16,1,9,10,0,8,2,2,0,0,0,2,0,1
2,2,0,21,22,33,14,0,5,0,14,0,13,3,0,5,7,4,11,8,7,14,2,4,10,3,22,9,4,5,1,0,0,2,1,0,0,0
2,0,0,13,7,14,26,0,5,0,4,1,7,2,0,1,1,2,20,2,1,11,0,2,6,0,13,4,1,15,1,1,1,3,1,3,0,0
2,0,1,16,6,11,9,2,1,3,6,3,6,3,1,4,11,3,4,5,2,11,0,3,6,7,11,6,1,10,0,0,0,3,0,0,0,0
0,0,0,0,1,2,3,1,3,0,0,2,0,1,0,0,0,3,1,1,0,0,0,0,2,0,1,1,1,0,0,0,0,0,0,0,0,0
0,1,0,5,4,2,2,2,0,1,1,0,3,0,0,0,2,1,3,0,2,5,0,2,0,0,7,1,0,11,0,0,0,0,0,0,0,0
0,0,0,8,2,21,11,2,7,1,9,0,9,1,0,1,1,3,17,1,4,11,1,2,4,0,23,8,3,25,0,0,2,2,0,1,0,0
0,0,3,8,3,19,22,2,8,4,4,8,11,2,0,0,6,4,8,4,5,11,0,7,7,3,18,6,1,25,2,0,4,0,1,1,0,0
0,0,0,3,7,7,10,3,2,1,1,3,11,3,0,0,5,8,9,1,6,3,0,4,8,2,35,8,5,17,2,2,0,0,0,0,0,0
1,1,0,9,7,8,8,0,2,2,16,2,0,0,2,0,0,1,1,4,4,2,0,3,19,0,7,9,1,7,0,1,1,6,0,4,0,1
3,0,0,5,2,3,3,0,0,2,5,1,1,3,0,0,2,0,0,5,2,10,0,2,4,0,3,1,0,3,0,0,0,0,0,0,0,0
0,0,0,3,1,10,12,1,1,5,6,3,6,9,0,1,3,13,6,7,3,4,2,1,9,3,9,5,2,7,1,0,1,2,1,3,0,0
0,0,0,0,0,4,0,0,0,1,2,0,1,0,0,0,5,0,2,0,1,0,0,0,2,1,8,0,0,4,0,0,0,0,0,0,0,3
0,0,2,2,0,7,2,0,1,1,3,4,2,5,0,0,0,7,2,1,3,2,0,0,8,0,6,6,3,9,0,3,0,2,1,0,0,0
1,0,0,20,7,10,8,1,0,9,21,6,1,1,0,2,5,7,9,27,8,10,1,2,47,6,39,60,6,29,2,0,0,13,0,1,1,1
0,0,1,0,2,1,2,1,1,2,4,1,1,2,0,0,2,6,3,8,1,3,0,1,9,5,13,4,2,18,1,0,0,0,0,0,0,0
0,5,3,7,5,29,19,1,5,5,6,9,12,2,1,2,4,25,26,7,12,17,4,3,33,8,62,21,11,86,1,5,2,14,0,1,0,5
0,2,0,13,7,10,6,0,0,0,6,4,1,8,0,2,2,4,3,5,3,7,0,1,47,5,27,40,9,61,2,2,0,15,0,1,0,2
0,0,0,2,0,3,2,0,0,0,1,0,0,0,0,0,0,1,7,5,0,4,1,0,11,2,8,15,2,24,1,1,0,3,0,1,0,0
0,2,2,7,2,7,6,1,4,1,1,3,3,1,0,1,5,8,13,7,3,8,4,7,24,2,45,37,13,103,12,2,2,15,1,3,2,7
0,0,0,1,0,1,2,0,0,0,1,0,0,0,0,0,0,0,1,1,0,2,0,0,7,1,1,2,3,5,0,3,1,1,1,0,0,0
0,0,0,0,0,4,1,0,0,0,0,0,1,0,0,0,0,2,1,0,0,1,0,0,1,0,3,0,2,4,0,0,1,0,2,2,0,0
0,0,0,3,0,2,3,0,0,0,3,5,1,0,0,0,1,2,1,0,1,1,0,0,2,0,3,5,0,7,2,1,2,3,2,1,2,4
0,1,0,0,4,3,2,0,0,0,1,2,1,0,0,0,1,4,0,2,1,1,0,0,4,2,6,18,2,24,5,1,4,13,6,5,0,1
0,0,0,0,1,2,1,0,0,1,2,0,0,0,0,0,0,2,1,2,0,0,0,0,2,0,1,5,0,7,1,0,1,4,0,1,0,0
0,0,0,4,2,4,0,0,0,0,2,0,0,0,0,0,1,3,0,2,0,0,0,0,1,3,4,8,2,4,0,3,5,3,0,0,0,0
0,0,0,0,0,0,0,0,0,0,0,0,0,0,0,0,0,0,0,0,0,0,0,0,2,0,0,0,0,1,1,0,0,0,0,0,0,0
0,0,0,0,0,0,2,0,0,0,0,0,0,0,0,0,0,0,0,0,0,1,0,0,2,0,3,2,3,4,0,0,0,1,1,0,1,0
