4,0,0,0,0,0,0,0,0,0,0,0,0,0,0,0,0,0,0,0,0,0,0,0,0,0,0,0,0,0,0,0,0,0,0,0,0,0
1,10,4,9,2,1,2,0,0,0,0,0,2,0,0,0,0,0,0,3,0,0,0,1,1,0,0,0,0,0,0,0,0,0,0,0,0,0
0,4,8,2,0,6,1,0,0,0,0,0,0,0,0,0,0,0,0,0,0,0,0,0,0,0,0,2,0,0,0,0,0,0,0,0,0,0
4,28,12,115,21,46,23,2,1,2,5,3,4,1,0,2,2,5,2,8,5,0,0,3,3,0,9,3,1,6,1,0,0,0,0,0,0,2
2,3,1,43,25,15,6,1,4,4,11,8,4,3,0,0,1,3,4,0,4,0,3,0,7,2,7,4,1,8,1,1,0,2,0,0,0,2
6,7,15,39,8,116,50,2,10,0,1,2,7,1,0,0,15,9,3,4,4,11,2,0,3,1,8,8,5,6,0,0,0,2,0,0,0,0
4,4,3,27,9,128,34,2,16,0,7,10,12,6,0,0,15,6,8,2,1,11,1,3,1,0,16,4,0,9,0,0,2,0,2,0,0,0
0,0,0,12,5,12,13,0,2,1,8,2,3,1,0,4,9,8,3,1,3,2,2,4,4,0,11,1,6,4,0,3,0,4,0,0,0,3
1,0,1,0,3,11,20,0,1,0,2,0,1,0,0,0,0,6,1,2,3,1,0,0,2,0,7,1,0,3,0,0,1,0,0,0,0,0
1,2,2,12,5,1,5,1,0,2,7,3,1,1,1,0,0,1,1,4,3,2,1,0,1,1,4,2,0,1,0,0,0,5,0,0,0,0
1,1,0,24,12,13,9,2,3,3,11,5,5,4,1,10,3,6,3,14,4,15,4,4,4,5,12,13,1,17,0,1,3,1,1,0,0,1
5,3,4,27,11,20,14,3,2,2,9,4,3,0,0,11,7,3,6,5,2,10,3,3,15,2,14,15,6,11,1,0,1,10,0,0,0,4
0,5,0,14,8,32,10,0,2,0,8,1,6,0,0,1,7,9,14,3,4,11,4,1,10,1,31,11,4,14,0,1,2,11,1,3,0,2
1,1,2,8,11,9,10,2,0,2,9,4,6,1,0,2,1,5,6,8,5,14,1,6,9,1,6,9,2,5,0,0,1,0,0,2,0,0
0,0,1,3,1,3,2,1,0,1,1,3,4,0,0,0,0,2,1,0,0,3,0,1,1,0,5,0,5,0,0,0,0,0,0,0,0,0
0,0,3,5,10,8,5,0,0,0,1,2,1,0,0,0,4,0,1,0,1,3,0,1,5,1,4,0,0,6,0,0,2,1,0,0,0,0
1,3,2,3,2,21,22,0,4,0,2,1,1,5,0,0,1,1,14,7,3,10,0,0,10,2,23,8,5,14,2,0,0,0,0,3,0,1
0,1,3,6,6,10,7,1,5,0,5,6,10,2,0,2,2,6,9,5,3,15,1,3,9,4,29,7,0,17,0,0,5,0,0,0,0,2
0,0,0,7,5,12,8,0,4,1,4,1,4,4,0,1,6,10,9,3,1,8,0,4,7,1,23,1,3,23,1,0,0,2,0,0,0,0
1,3,0,11,9,14,8,0,3,2,15,11,1,2,0,0,7,10,3,6,6,2,4,2,18,0,9,5,4,7,1,2,2,3,1,2,0,2
0,2,2,3,6,3,3,0,0,2,5,3,0,0,0,0,1,7,2,2,2,3,0,0,7,0,4,2,0,8,0,0,0,0,0,2,0,1
0,1,1,7,5,10,12,1,1,3,9,20,2,2,0,4,5,4,4,5,1,4,1,0,17,0,12,8,6,12,0,0,0,4,0,3,0,2
0,0,0,0,0,0,3,0,1,0,1,0,1,3,0,0,1,0,1,3,1,1,0,0,3,0,4,3,0,3,0,0,0,0,0,1,0,0
0,1,0,3,2,7,4,1,1,0,2,4,1,0,0,0,0,3,4,3,0,2,2,0,2,0,16,0,2,8,0,0,0,1,1,0,0,1
0,2,1,17,6,9,1,1,2,8,9,1,7,1,0,1,4,11,13,27,5,14,3,4,34,13,41,44,9,33,4,1,4,6,2,2,0,1
0,0,2,3,1,3,2,0,0,1,3,3,2,0,0,0,1,4,3,1,3,3,0,0,8,0,12,8,0,6,0,0,0,3,1,0,0,0
1,3,6,22,9,18,22,1,4,1,3,9,16,0,0,1,10,25,20,7,10,33,5,6,41,6,51,34,22,70,4,6,3,10,4,2,0,2
0,1,0,4,1,8,1,1,0,1,9,1,2,4,0,0,4,7,8,11,5,11,1,0,27,1,17,42,13,58,2,1,1,8,2,1,0,1
0,0,0,5,1,4,2,1,0,0,2,0,1,0,1,0,0,4,0,1,1,4,0,0,11,0,14,15,4,26,4,0,0,7,1,0,0,0
2,0,0,7,4,11,10,0,6,2,5,4,14,6,0,1,3,18,6,8,3,18,5,6,17,3,50,28,17,114,5,1,7,9,7,4,0,6
1,2,0,0,0,1,0,0,0,0,0,0,0,1,0,0,0,0,1,0,0,1,0,0,1,0,0,1,2,12,4,0,2,4,0,0,0,0
0,0,0,2,0,4,4,0,0,1,0,1,0,0,0,0,2,3,2,1,0,0,1,0,0,0,1,0,1,4,0,0,0,1,2,0,0,0
2,0,0,1,0,4,4,0,0,0,0,1,1,0,0,0,0,6,1,2,0,3,0,0,1,2,4,7,2,11,0,0,0,4,4,3,0,2
0,0,0,1,1,5,1,1,0,2,1,1,4,1,0,0,0,4,4,2,1,0,0,1,4,5,15,11,9,27,3,0,3,5,4,3,0,3
0,1,0,7,0,1,1,0,0,0,0,0,0,0,0,0,1,0,0,1,0,0,0,0,1,0,0,3,2,7,2,1,1,5,0,5,0,1
0,0,0,1,1,1,0,0,0,3,2,1,0,0,0,0,0,1,1,3,1,1,0,0,1,1,1,2,2,4,1,3,1,2,0,1,0,0
0,0,0,0,1,0,0,0,0,0,0,0,0,0,0,0,0,0,0,1,0,0,0,1,1,0,2,0,1,0,0,0,0,1,0,0,0,0
1,0,0,1,0,0,0,0,0,0,0,0,0,1,0,0,0,0,0,0,2,0,0,0,0,0,3,2,0,4,0,0,0,3,0,0,0,2
