5,2,1,0,0,2,0,0,0,0,0,0,0,0,0,0,0,0,0,0,0,0,0,0,0,0,0,0,0,0,0,0,0,0,0,0,0,0
1,10,6,11,0,0,3,0,0,0,2,1,0,0,0,0,0,0,0,0,0,0,0,0,0,0,0,0,1,0,1,0,0,0,0,0,0,0
2,3,3,1,1,8,0,0,0,0,0,0,0,0,0,0,0,0,0,0,0,0,0,0,0,0,0,0,0,0,0,0,0,0,0,0,0,0
8,26,11,92,30,35,17,0,1,1,8,1,2,1,0,1,5,2,7,0,1,3,1,0,3,1,5,5,0,0,0,0,0,1,1,1,0,1
2,9,2,38,14,11,16,4,2,5,10,5,2,1,0,1,2,0,0,6,2,5,2,1,15,1,3,8,0,5,0,0,1,0,0,1,0,0
2,9,16,43,7,103,46,3,8,2,1,3,14,0,0,0,2,12,7,2,4,5,2,7,4,3,14,2,0,6,1,0,0,1,3,2,0,1
3,0,5,24,5,76,37,3,11,1,7,7,18,0,0,0,17,13,7,2,3,8,2,2,4,2,21,11,2,8,0,1,0,1,0,2,0,0
0,0,0,7,3,17,15,1,4,1,1,2,0,0,0,3,5,2,4,2,1,2,3,2,5,0,9,2,2,7,0,0,1,2,0,0,0,0
0,0,0,2,2,10,13,0,0,0,4,2,1,0,0,0,5,1,0,1,3,3,0,0,1,0,2,0,0,3,0,1,0,0,0,0,0,0
0,3,0,4,2,0,2,0,0,1,5,4,0,1,0,0,1,0,4,7,1,0,0,1,3,1,3,0,0,3,0,0,0,0,0,0,0,0
4,3,1,20,21,15,6,2,1,5,12,11,5,2,2,6,6,5,2,20,7,6,3,3,9,3,7,9,2,7,1,2,0,2,1,0,0,1
0,1,1,16,23,23,12,4,9,3,7,5,9,5,0,4,4,3,5,10,9,15,0,6,12,2,15,17,2,8,0,0,0,6,0,5,0,1
1,2,1,7,6,16,33,2,3,1,7,3,2,3,0,0,4,9,11,4,1,6,0,1,5,2,15,4,4,19,1,1,1,4,0,2,0,1
0,1,0,14,8,9,9,0,2,2,1,3,2,1,0,0,4,1,1,9,2,7,1,4,7,0,5,5,3,9,2,0,3,3,0,0,0,1
0,0,0,0,1,0,0,0,0,0,1,0,0,0,0,0,2,1,0,1,0,0,0,0,2,0,0,0,1,1,0,0,0,0,0,0,0,0
0,0,0,2,4,7,9,0,0,0,1,2,0,2,0,0,0,6,3,2,0,3,1,0,0,2,3,2,0,4,0,0,0,0,0,0,0,0
0,0,2,11,4,16,15,1,6,0,7,4,7,1,1,1,2,4,16,0,1,9,3,1,12,1,12,4,3,17,2,3,1,0,0,3,0,1
3,1,1,8,1,23,16,0,2,0,10,4,3,4,0,0,7,5,4,2,4,12,1,1,5,7,17,14,4,18,3,0,5,1,0,2,0,0
1,0,0,6,2,11,10,0,6,0,2,0,6,3,0,1,8,17,9,2,6,14,3,5,8,2,20,8,5,21,1,0,1,0,2,2,0,0
0,2,2,6,7,8,4,1,0,6,12,7,1,2,0,3,5,2,2,9,6,2,2,2,8,5,12,9,6,4,1,1,2,0,0,0,0,1
0,0,1,1,3,1,1,3,2,4,9,0,3,0,1,0,2,0,4,4,2,2,0,2,9,0,4,2,1,4,0,0,0,2,0,0,0,1
3,0,0,7,6,6,1,5,2,2,11,8,4,2,0,0,2,15,9,3,7,6,1,5,8,0,12,1,3,3,1,0,0,4,0,0,0,0
0,0,0,1,0,4,5,1,0,0,0,0,2,1,2,1,0,1,0,0,0,1,0,0,5,0,2,3,0,6,0,0,0,2,0,0,0,0
0,0,0,3,0,3,7,0,3,3,2,1,0,2,0,1,1,5,4,1,0,5,0,0,3,2,15,2,1,14,1,0,0,0,0,3,0,0
3,3,4,19,6,14,3,0,1,8,18,8,2,1,0,1,6,7,11,22,3,8,1,0,42,13,42,36,7,55,5,0,1,12,1,1,0,3
1,0,0,0,3,7,3,0,1,3,4,3,0,3,0,0,2,5,4,4,5,0,2,0,11,2,6,11,1,12,0,0,2,1,0,0,0,0
0,3,1,7,7,28,24,3,4,1,12,4,9,4,1,3,9,23,27,11,3,20,1,5,31,2,56,26,8,86,1,4,5,6,1,2,0,2
0,0,1,13,5,9,3,0,0,2,7,1,1,0,0,2,5,3,6,15,7,5,1,3,22,1,17,45,9,37,3,8,2,4,1,5,0,2
0,1,0,1,0,5,1,0,0,0,2,1,0,0,0,0,0,1,1,1,3,0,0,0,18,0,9,17,12,27,1,3,1,9,1,1,0,2
0,3,4,10,4,11,12,0,1,2,9,4,5,4,0,1,4,8,19,0,9,16,1,6,30,4,51,44,17,115,7,6,6,21,4,0,0,5
0,0,0,0,0,2,0,0,0,0,0,0,0,0,0,0,0,0,0,0,0,1,0,0,5,0,4,2,0,3,0,1,0,1,0,0,0,0
2,0,0,3,0,0,0,0,0,0,0,0,0,0,0,0,0,0,2,0,1,0,0,0,0,0,2,0,3,3,2,0,0,1,0,0,0,0
0,0,0,1,5,3,2,0,0,0,0,0,0,0,0,0,0,2,1,3,2,0,1,1,1,3,3,5,2,10,0,0,0,4,2,0,0,1
0,0,0,3,2,3,1,0,0,1,5,0,0,0,0,0,0,2,1,2,1,1,1,0,6,3,6,14,2,31,3,0,1,8,2,4,0,3
0,0,0,1,0,0,0,0,0,0,4,0,0,0,0,0,1,0,1,1,0,0,1,0,1,0,6,2,3,7,0,0,0,7,0,2,0,4
0,0,0,2,4,0,0,0,0,0,0,3,0,0,0,0,1,2,1,3,0,0,0,0,5,0,0,4,1,6,0,0,2,1,2,2,0,0
0,0,0,0,0,0,0,0,0,0,0,1,0,0,0,0,0,0,1,0,0,0,0,0,0,0,1,0,0,1,0,0,0,0,0,0,0,0
0,1,0,2,0,4,1,0,0,0,0,0,0,0,0,0,0,0,0,2,0,0,0,0,0,0,3,3,0,8,0,2,0,3,0,1,0,0
