1,0,0,1,0,3,0,0,0,0,0,0,0,0,0,0,0,0,0,0,0,0,0,0,0,0,1,0,0,0,0,0,0,0,0,0,0,0
0,9,6,6,1,5,2,0,1,0,0,0,1,0,0,0,0,0,0,0,0,0,0,0,0,0,0,2,0,0,0,0,0,0,0,0,0,0
0,2,9,4,0,5,1,0,0,0,0,0,0,0,0,0,0,0,0,0,0,0,0,0,0,0,0,0,0,0,0,0,0,0,0,0,0,0
5,11,16,94,21,44,13,1,0,3,4,3,1,0,0,3,0,2,1,4,2,2,0,1,1,0,2,3,1,4,0,0,0,0,2,0,0,0
0,6,1,43,20,22,11,2,1,4,10,6,4,1,0,5,3,2,2,4,1,2,2,0,7,0,6,3,1,1,0,0,0,0,0,0,0,0
4,4,20,48,8,109,57,0,7,0,4,4,14,9,0,0,10,11,6,6,0,11,0,2,2,1,8,7,0,7,0,1,2,1,0,1,0,3
1,0,10,41,10,93,45,0,5,0,6,4,8,2,0,1,22,4,7,4,5,13,1,2,8,1,11,8,2,15,0,0,2,1,0,0,0,0
1,6,2,11,13,17,23,0,0,3,6,2,0,4,0,0,5,3,1,0,1,3,2,1,9,3,8,3,2,8,0,2,0,0,0,2,0,0
0,0,0,2,0,10,6,1,0,1,1,1,1,2,0,0,8,0,0,0,0,0,0,1,1,0,3,2,0,1,1,1,0,0,0,0,0,0
0,3,1,4,4,1,0,0,1,2,4,0,2,0,0,0,0,0,1,1,1,3,0,1,0,0,3,4,2,2,0,0,0,2,0,0,0,0
2,3,4,17,18,16,8,1,0,5,13,10,1,4,0,1,8,11,8,21,1,11,2,9,23,2,6,13,0,13,0,0,1,5,0,0,0,0
1,3,4,23,16,20,10,3,5,4,16,4,15,0,1,7,6,5,7,4,2,17,0,7,17,3,13,3,3,9,0,3,2,2,3,0,0,1
4,0,0,5,5,44,20,1,1,4,9,3,3,0,0,0,2,9,14,6,2,7,2,6,5,1,16,10,3,25,1,1,3,2,0,0,0,2
0,3,2,15,3,9,10,2,0,4,4,4,5,2,0,2,1,2,4,5,2,10,1,1,8,1,11,4,0,5,0,0,1,2,0,0,0,2
0,0,0,2,0,0,0,0,0,0,0,0,0,2,0,1,1,0,2,1,0,1,0,1,0,0,4,3,0,0,0,0,0,0,0,0,0,0
0,0,0,1,0,9,2,0,0,0,2,3,2,0,0,0,1,0,3,0,1,1,0,1,0,0,3,1,0,5,0,0,0,0,0,0,0,0
0,0,3,5,4,30,15,3,5,0,6,8,9,1,0,0,3,7,12,3,1,9,0,2,4,1,18,4,2,9,1,0,1,4,0,1,0,0
0,1,1,6,3,12,14,1,3,2,8,3,12,6,0,0,3,0,8,12,8,11,0,0,7,1,21,14,1,15,0,1,1,0,0,0,0,0
0,2,2,2,3,10,8,0,2,0,3,4,10,3,0,0,9,6,6,2,1,8,2,1,4,1,22,6,0,15,0,1,0,2,0,0,0,0
2,1,3,5,7,5,1,2,1,4,12,1,4,1,0,0,3,6,10,12,0,3,0,6,15,0,5,17,1,9,0,2,2,0,0,0,0,0
1,0,3,3,1,4,3,0,0,0,8,4,0,0,1,0,2,2,2,5,1,2,0,4,7,1,8,3,1,2,0,0,0,0,0,0,0,0
1,0,0,4,5,8,10,0,3,1,5,9,3,4,0,0,3,9,7,9,7,4,2,2,14,0,14,10,3,10,3,0,0,1,0,1,0,0
0,0,0,1,2,1,1,1,0,0,1,0,0,0,0,0,3,1,4,0,2,0,0,2,1,0,0,2,0,5,0,0,0,0,0,0,0,0
0,0,1,2,0,2,1,0,0,0,4,0,0,2,0,1,3,3,3,4,0,1,0,0,2,2,8,0,5,8,0,0,0,0,1,0,0,0
1,9,1,16,4,11,5,0,0,12,18,5,3,1,1,1,2,9,15,18,4,5,2,1,49,10,29,40,9,35,1,0,0,12,2,6,0,1
0,0,0,3,3,4,0,0,2,1,5,0,0,0,0,0,1,3,1,2,0,1,0,1,8,1,7,11,4,5,0,1,2,3,0,1,0,0
1,6,0,12,7,21,17,2,7,2,13,4,8,1,0,0,5,24,22,12,8,27,4,9,38,4,50,17,10,87,2,2,8,4,3,4,0,6
1,0,1,4,6,11,14,3,0,1,11,7,0,1,0,0,2,5,4,7,1,5,4,1,29,6,17,46,12,34,2,1,2,10,6,4,0,5
0,1,0,2,3,3,2,0,0,0,1,2,1,0,0,0,0,0,7,2,0,5,0,0,7,0,18,14,5,14,2,0,1,3,1,2,0,2
0,1,2,7,4,12,8,0,1,5,4,6,10,0,0,0,6,12,13,14,6,24,1,2,32,3,42,40,10,105,7,5,6,14,2,1,0,0
1,0,0,2,0,0,0,0,1,0,0,0,0,0,0,0,0,0,1,1,0,0,0,0,1,0,2,0,2,6,1,0,1,3,1,0,0,0
0,1,0,1,0,3,2,0,0,0,0,1,0,0,0,0,1,3,0,1,0,0,0,0,0,0,3,0,0,3,1,0,0,4,0,0,0,1
0,0,0,0,0,4,2,0,0,0,1,1,0,0,0,0,0,0,3,3,0,0,1,0,1,0,6,1,1,11,1,1,0,1,1,1,0,0
0,0,0,5,1,6,4,1,0,1,1,0,1,0,0,0,1,0,1,3,0,0,0,1,1,0,6,24,6,17,3,0,0,6,4,2,0,8
1,0,0,0,0,2,0,0,0,1,1,0,0,4,1,0,0,1,1,1,0,0,0,0,3,1,2,6,3,9,0,2,2,1,0,1,0,4
0,0,0,4,5,0,0,0,0,0,1,1,1,0,0,0,0,3,0,0,3,0,0,2,4,0,3,1,2,5,0,2,3,1,1,0,0,0
0,0,0,1,0,0,0,0,0,0,1,0,0,0,0,0,0,0,0,0,0,0,0,0,1,0,0,0,0,1,0,0,0,0,0,0,0,0
0,1,0,1,0,0,2,0,0,1,1,1,0,0,0,0,0,0,0,2,1,0,0,0,1,0,6,4,0,5,0,0,0,0,0,3,0,2
