3,1,0,1,0,0,1,0,0,0,0,0,0,0,0,0,0,0,0,0,0,0,0,0,1,0,0,0,0,0,0,0,0,0,0,0,0,0
1,7,4,13,4,6,1,0,0,0,1,0,0,0,0,0,0,0,0,0,0,0,0,0,2,1,0,0,0,0,0,0,0,1,0,0,0,0
1,8,8,0,2,9,5,0,0,0,0,0,0,0,0,0,0,0,0,0,0,0,0,0,0,0,0,0,0,0,0,0,0,0,0,0,0,0
11,21,13,112,34,21,11,0,2,0,9,6,6,5,0,0,1,0,2,8,4,0,0,1,4,1,4,3,0,1,0,1,0,0,0,2,0,0
1,2,1,47,11,9,8,4,7,3,16,6,5,0,1,2,3,6,3,6,2,1,0,1,5,2,4,5,3,7,0,0,0,1,0,1,0,0
2,8,19,42,9,116,40,4,5,0,3,3,11,3,2,0,8,4,4,3,4,12,0,4,1,1,17,3,2,9,0,0,1,2,0,0,0,1
0,3,6,38,12,80,44,8,6,1,8,3,13,4,1,1,15,8,12,3,1,7,3,2,6,1,24,6,2,11,1,0,3,3,0,0,0,0
0,1,2,9,6,21,9,3,0,1,7,1,1,0,0,0,6,3,3,1,0,5,0,0,9,3,4,3,0,6,0,0,0,0,2,1,0,0
0,0,0,4,1,12,17,0,0,0,5,3,1,2,0,0,3,2,1,0,0,0,0,0,0,0,4,2,0,2,0,0,0,0,0,2,0,0
2,0,2,7,3,1,3,0,1,1,3,0,1,2,1,0,0,0,1,8,1,0,0,0,3,1,2,1,0,1,0,0,0,0,0,0,0,1
1,5,3,21,10,4,12,1,0,6,9,13,8,1,2,4,6,4,7,17,2,14,0,4,12,5,13,9,2,14,0,0,4,10,0,0,0,0
1,1,1,15,11,24,20,0,9,7,15,4,10,1,0,6,5,2,6,6,2,11,1,3,8,2,20,13,3,13,0,0,0,4,1,2,0,1
3,0,0,13,6,26,27,2,3,3,2,8,4,8,0,6,2,8,8,3,1,19,0,0,3,0,17,6,2,10,0,2,2,0,0,0,0,1
0,2,4,4,1,5,6,2,2,1,11,1,11,3,0,1,5,3,3,7,2,7,0,2,6,0,10,6,1,8,2,1,0,2,1,2,0,0
0,0,0,0,0,0,1,0,0,0,1,0,1,0,0,0,1,0,1,0,3,0,1,0,1,1,2,1,0,1,0,0,0,0,0,0,0,0
0,0,0,3,4,5,4,0,1,1,3,0,3,0,0,1,0,0,0,2,1,1,1,0,1,0,4,0,0,1,1,1,0,2,1,2,0,1
1,1,3,5,0,29,20,0,5,2,3,4,0,5,0,1,3,4,17,2,1,8,0,6,7,2,23,6,3,15,0,2,1,2,5,0,0,0
1,1,3,6,5,13,17,1,2,0,5,6,8,0,0,0,3,9,6,5,2,11,2,2,10,1,19,8,4,17,0,0,0,1,2,0,0,1
0,0,2,5,1,17,13,0,2,3,2,4,11,1,0,0,5,4,5,2,4,9,0,1,6,0,14,5,4,24,0,1,0,0,0,0,0,0
0,0,2,13,1,8,5,0,4,5,8,3,0,2,0,0,1,9,3,8,4,2,0,2,4,2,9,11,1,5,3,0,1,0,0,2,0,0
1,1,0,3,4,5,2,0,0,5,3,2,1,0,0,0,5,1,0,2,0,4,0,1,5,3,5,4,2,0,1,0,0,2,0,0,0,0
1,4,0,8,4,7,5,1,2,2,13,4,3,3,0,0,7,4,10,3,3,1,0,1,13,2,14,3,2,17,0,0,1,2,0,0,0,0
1,0,0,0,0,2,1,0,0,0,0,1,1,0,0,0,2,4,0,0,1,0,0,1,1,0,0,1,1,2,0,0,0,1,0,0,0,0
0,1,0,3,1,5,0,1,0,0,1,1,2,1,0,0,4,2,8,5,2,1,1,0,3,3,8,3,0,15,0,1,0,1,2,1,0,2
0,5,4,18,14,10,7,0,0,10,11,8,6,1,2,0,3,11,9,17,4,10,0,4,33,3,52,38,10,26,0,2,0,3,7,2,0,3
0,0,0,2,4,5,2,0,0,2,2,3,2,1,0,0,3,4,5,3,2,3,0,0,5,1,5,6,0,5,0,0,0,0,0,0,0,0
0,5,6,14,3,21,33,2,5,2,8,2,4,5,0,0,20,16,24,16,17,27,4,8,42,3,50,32,8,75,2,3,4,4,1,2,0,1
1,0,1,10,6,8,3,0,0,2,4,2,4,2,0,1,4,4,10,10,6,7,2,2,28,6,19,44,4,25,0,1,1,14,4,4,0,6
0,0,0,2,2,3,1,0,2,0,1,1,0,0,0,0,0,2,2,3,0,4,1,2,6,1,9,10,8,25,0,0,2,4,2,0,0,0
3,0,0,12,6,17,13,0,3,1,10,5,9,6,0,0,4,14,19,4,1,20,2,1,15,2,32,47,19,120,8,6,12,8,3,2,0,6
0,0,1,1,0,0,3,0,0,0,0,0,0,0,0,0,0,1,0,0,0,1,0,1,0,0,2,3,1,8,3,2,1,1,1,0,0,0
0,0,1,0,0,3,0,0,0,0,0,0,1,0,0,0,0,2,0,0,1,0,0,2,0,0,0,4,0,7,3,0,0,0,0,0,0,0
1,0,1,1,0,0,2,0,0,0,1,1,0,3,0,1,0,4,1,0,1,0,0,1,3,0,5,9,1,8,4,0,0,0,4,1,0,2
0,0,0,3,2,6,4,0,2,0,4,0,1,1,0,0,3,7,6,4,2,1,4,2,21,1,8,12,0,21,2,2,0,5,2,6,0,2
0,1,0,2,0,3,2,0,1,0,0,0,0,0,0,0,0,0,0,3,0,1,0,0,3,1,1,3,2,6,0,0,0,5,1,1,0,1
0,2,0,1,3,4,2,0,0,0,0,0,0,2,0,0,0,1,1,3,0,0,0,0,2,1,5,7,1,7,1,2,0,2,4,0,0,0
0,0,0,1,0,0,0,0,0,0,0,0,0,0,0,0,0,0,0,0,0,0,0,0,0,0,0,1,0,2,0,0,0,0,0,0,0,1
0,1,1,0,1,2,1,0,0,4,2,2,0,0,0,0,2,1,0,0,1,3,0,0,1,1,0,6,2,4,1,0,1,4,2,0,0,1
