0,1,0,0,0,0,0,0,0,0,0,0,0,0,0,0,0,0,0,0,0,0,0,0,0,0,0,0,0,0,0,0,0,0,0,0,0,0
0,11,3,6,1,1,0,0,0,1,0,0,0,0,0,0,0,0,0,0,0,0,0,0,2,0,0,0,0,1,0,0,0,0,0,0,0,0
0,5,4,4,0,10,0,0,0,0,0,0,0,0,0,0,0,0,0,0,0,0,0,0,0,0,0,0,0,0,0,0,0,0,0,0,0,0
6,15,14,85,15,44,14,0,2,2,8,0,2,2,0,0,1,0,0,5,0,5,3,0,8,1,1,5,0,8,1,0,0,0,0,0,0,0
1,4,4,41,11,6,15,2,5,5,14,9,4,1,1,3,6,0,2,9,1,5,0,2,1,0,7,4,2,6,0,0,0,1,0,0,0,2
4,9,29,32,15,100,45,3,5,0,4,0,9,2,0,2,15,5,6,4,1,13,0,2,4,1,16,6,1,12,1,0,0,1,0,2,0,0
0,3,8,33,13,61,32,5,4,1,4,7,12,0,0,1,20,7,4,5,2,10,1,0,5,0,21,3,2,6,0,0,0,0,3,0,0,1
2,2,0,11,5,28,11,0,1,1,5,1,1,1,0,0,2,5,6,0,2,1,0,1,3,0,8,9,1,6,0,0,1,1,2,0,0,0
3,0,1,2,0,9,6,0,0,0,4,2,1,2,0,0,4,2,3,0,1,3,0,0,0,0,3,1,0,5,0,0,0,1,0,0,2,0
0,6,1,3,9,1,2,0,0,0,3,2,0,4,0,0,1,2,3,2,3,3,1,0,4,0,1,3,0,3,0,1,0,0,0,0,0,0
1,5,3,18,18,12,6,2,4,0,15,6,1,3,1,5,3,7,4,17,7,17,6,4,19,1,7,4,1,12,1,0,0,1,0,1,0,0
3,1,1,16,7,21,10,3,1,5,12,4,5,2,3,8,5,5,9,8,2,11,0,4,7,3,13,6,4,11,0,0,2,2,1,1,0,0
0,1,0,5,5,29,32,0,6,0,8,10,4,0,0,0,5,9,11,1,0,6,0,3,5,3,21,9,3,10,0,3,4,2,2,1,0,1
0,0,0,10,4,9,9,1,1,4,3,5,3,1,0,4,4,3,1,1,2,7,6,3,5,4,6,7,1,6,1,0,0,0,0,3,0,3
0,0,0,2,0,4,0,0,0,0,1,0,0,0,0,0,2,0,1,0,0,1,0,0,0,0,0,0,0,4,0,0,0,0,0,0,0,0
0,1,0,3,1,4,3,0,0,0,1,1,0,0,0,0,0,3,1,0,2,0,0,0,1,0,7,3,0,1,0,0,0,0,0,0,0,0
0,0,2,11,2,15,23,0,5,0,1,2,3,3,0,3,2,10,10,2,6,8,0,1,11,0,17,1,2,8,0,0,1,1,0,3,0,1
2,3,0,7,9,23,9,1,3,1,6,6,5,0,0,0,0,7,5,4,4,7,1,5,7,1,14,11,0,23,3,0,0,1,0,0,0,1
1,0,1,3,2,11,3,0,2,1,5,2,4,0,0,0,0,6,9,5,3,9,2,6,7,2,26,8,1,12,0,2,1,1,0,0,0,0
2,2,0,5,3,5,8,0,3,9,14,2,1,3,0,0,2,7,2,5,2,3,1,2,10,1,8,5,0,14,0,0,2,2,0,1,0,2
0,1,1,4,1,0,2,0,0,1,6,3,0,0,0,1,1,5,1,7,0,5,1,4,4,0,0,1,0,3,0,0,0,0,2,1,0,0
1,0,2,12,1,8,6,1,0,4,3,3,5,0,0,1,10,16,6,9,1,2,1,0,11,5,19,5,2,9,0,0,0,1,0,2,0,1
0,0,0,0,0,3,3,0,0,0,4,1,0,0,0,0,0,0,1,0,0,0,0,1,4,0,4,2,0,7,2,3,0,0,1,0,0,0
0,0,0,1,2,5,3,2,1,0,5,3,1,1,0,1,3,4,4,0,2,0,0,0,1,1,7,9,0,8,1,0,0,0,1,0,0,0
2,1,0,11,9,5,8,0,2,3,13,3,1,3,0,0,3,13,10,20,10,9,1,2,58,5,26,32,7,23,1,0,3,6,1,2,0,3
0,3,1,3,3,3,0,0,1,0,3,3,0,2,0,0,1,0,4,8,4,7,0,0,4,1,8,11,1,10,1,0,1,0,0,0,0,1
0,3,2,14,9,34,19,1,9,2,11,10,8,3,0,4,12,31,24,9,8,22,1,2,33,5,62,21,15,83,5,3,5,4,3,4,0,0
0,3,2,5,3,10,11,1,5,2,1,1,4,1,0,1,1,8,4,8,0,3,1,1,28,7,38,31,4,38,1,1,3,15,2,2,0,7
0,1,2,3,0,2,1,0,0,0,4,0,2,1,0,0,0,4,1,2,0,1,0,0,10,0,9,11,5,21,1,0,0,8,2,0,0,0
0,1,3,12,8,16,5,1,1,7,8,5,9,5,0,0,4,16,14,0,3,5,0,5,31,5,74,31,19,110,7,5,7,16,4,5,0,6
0,0,0,1,1,4,2,0,0,0,1,0,0,0,0,0,0,1,0,0,0,0,0,1,0,1,3,1,0,1,0,0,0,3,2,1,0,2
0,0,0,0,0,0,1,0,0,0,0,1,0,0,0,0,0,1,1,0,0,0,0,0,0,0,4,3,1,5,1,0,4,5,0,0,0,5
0,0,0,2,0,1,0,0,1,0,2,1,1,1,0,0,0,2,6,0,1,5,0,0,3,2,0,3,1,6,1,1,0,1,5,0,0,1
2,0,1,0,2,4,1,0,2,0,5,2,3,0,0,0,5,4,2,2,1,1,0,0,2,0,9,14,1,13,3,4,3,6,2,7,0,3
0,1,1,0,0,0,0,0,0,2,0,0,0,0,0,0,0,2,0,0,0,0,0,0,2,1,2,7,0,5,2,2,2,2,2,1,0,0
0,0,0,5,3,4,3,0,0,0,0,2,0,0,0,0,0,2,0,0,0,2,0,0,2,1,5,3,0,5,0,1,0,5,3,0,0,0
0,0,0,0,0,0,0,0,0,0,0,0,0,3,0,0,0,0,0,0,0,0,0,1,0,0,0,0,0,1,0,0,0,0,0,0,0,0
0,0,1,3,0,0,0,0,0,0,0,0,2,0,0,0,0,0,0,3,0,1,0,1,3,0,1,1,0,3,1,1,1,3,0,0,0,2
