1,1,0,1,0,0,0,1,0,0,0,0,0,0,0,0,0,0,0,0,0,0,0,0,0,0,0,0,0,0,0,0,0,0,0,0,0,0
1,9,5,5,0,3,2,1,0,0,0,0,0,0,0,0,0,0,0,1,0,0,0,0,0,0,0,0,0,0,0,0,0,0,0,0,0,0
2,2,5,0,0,1,0,1,0,0,0,0,0,0,0,0,0,0,0,1,0,0,0,0,0,0,0,0,0,1,0,0,0,0,0,0,0,0
5,24,16,72,25,38,12,0,0,2,2,5,5,2,0,0,4,2,2,1,3,2,1,0,7,0,6,4,3,5,0,0,4,1,0,1,0,2
0,2,2,38,15,14,11,3,5,1,10,3,4,1,0,6,0,8,0,4,0,0,0,1,4,1,3,5,1,1,0,0,0,2,2,3,0,0
10,6,24,32,11,75,49,2,5,3,6,3,9,2,0,1,9,8,5,1,1,7,0,2,6,1,15,2,0,10,1,0,1,1,1,0,0,0
3,4,3,30,17,89,33,6,4,0,13,5,14,0,0,1,6,13,7,3,2,3,2,0,3,1,21,3,4,8,2,1,0,0,1,0,0,1
0,2,0,8,4,13,13,2,1,0,3,2,5,0,0,2,6,2,5,3,1,3,0,1,4,0,7,3,0,4,0,0,0,1,0,0,0,0
2,0,0,5,1,12,3,0,0,2,2,3,0,3,0,0,2,1,5,0,1,1,0,0,2,2,10,0,0,3,0,0,1,0,0,0,0,0
2,1,0,7,2,4,0,0,1,0,3,2,0,0,0,0,1,0,1,2,1,4,0,0,1,0,0,1,0,12,0,1,1,0,0,0,0,0
3,4,2,39,12,18,10,3,3,5,10,9,7,4,2,3,6,5,10,15,2,14,1,5,17,2,13,7,0,16,1,0,0,0,2,0,0,1
1,0,2,32,15,25,18,0,5,7,20,0,5,2,2,5,12,11,6,4,7,12,1,1,9,3,7,10,1,6,0,0,0,2,1,4,0,0
3,0,0,11,6,41,30,0,1,2,5,4,1,3,0,1,4,3,16,2,0,10,2,0,4,3,22,8,6,11,2,0,1,1,1,3,0,0
0,1,0,11,5,15,3,1,3,0,3,1,4,0,0,0,4,5,5,3,5,2,0,5,0,0,6,6,1,5,0,1,0,1,0,0,0,0
0,0,0,0,1,2,2,0,0,0,0,0,0,0,0,0,1,0,0,0,0,0,0,0,0,0,0,0,0,0,0,0,0,0,0,0,0,0
1,0,0,4,0,8,5,0,0,1,0,0,0,1,0,0,0,0,2,1,1,0,0,1,0,0,4,1,1,3,0,0,2,0,0,0,0,0
1,2,1,9,5,18,15,0,3,0,4,1,0,2,0,1,8,2,9,2,2,6,1,3,4,2,15,4,1,14,1,1,0,0,0,1,0,2
0,0,2,0,0,22,10,2,12,0,8,3,9,4,0,1,2,5,5,6,3,13,1,3,4,2,16,9,10,12,0,0,2,2,1,2,0,2
1,0,0,2,0,10,14,0,5,1,3,4,4,1,0,0,10,7,8,7,2,7,0,1,7,6,9,4,2,17,0,2,1,0,0,0,0,1
1,6,0,8,10,8,9,0,4,4,6,7,0,4,0,2,3,10,4,6,9,5,0,0,13,2,8,3,1,6,0,2,1,1,1,1,0,3
4,1,0,1,2,5,6,1,0,2,4,1,1,1,0,1,4,5,2,4,0,3,1,0,4,1,5,0,0,3,0,2,0,0,0,0,0,0
0,1,2,8,2,14,9,1,6,1,5,6,3,0,0,1,7,17,4,6,3,3,0,2,16,2,14,10,1,7,0,0,0,1,0,2,0,0
0,0,0,0,0,0,1,0,0,0,0,0,0,2,0,1,2,0,0,2,2,0,0,0,0,2,2,1,0,3,1,0,0,1,0,0,0,0
0,1,1,2,3,0,1,0,0,0,3,2,0,0,0,0,2,0,2,1,2,2,0,2,6,1,6,4,3,7,1,0,0,2,0,0,0,2
2,4,2,7,10,11,4,0,6,11,14,5,2,4,0,0,4,13,9,18,8,14,1,1,41,11,31,25,4,28,0,0,5,8,3,5,0,1
2,2,0,3,4,8,7,0,0,3,2,6,1,1,0,0,1,2,2,2,0,0,0,0,10,0,6,1,1,6,0,0,0,1,1,0,0,0
1,6,4,17,4,29,21,2,6,4,8,7,7,7,0,2,15,27,24,17,6,27,2,4,31,9,44,21,9,64,6,6,7,3,2,0,0,1
0,2,1,9,2,4,4,2,1,0,3,5,0,3,0,0,4,5,10,4,1,6,0,1,27,12,26,32,3,41,4,2,4,9,3,3,0,2
0,0,0,1,2,0,3,0,0,0,4,0,0,0,0,0,0,3,1,0,0,3,0,1,10,0,6,17,3,22,3,0,0,3,0,3,0,1
2,5,2,9,5,11,18,0,2,3,8,6,2,4,0,1,4,11,11,5,6,9,0,6,19,8,53,34,16,107,20,10,1,9,3,2,0,3
0,0,0,1,1,0,1,0,1,0,0,1,0,0,0,0,1,0,3,1,0,0,0,1,0,0,2,3,1,8,3,0,0,0,1,1,0,0
2,0,0,0,0,1,0,0,0,0,0,0,2,1,0,0,0,2,0,0,0,0,0,0,0,0,2,0,1,2,0,1,1,1,1,0,0,0
0,0,0,1,3,3,3,0,0,1,2,1,0,0,0,0,1,2,2,0,0,1,0,1,0,0,1,6,0,4,2,3,2,0,2,3,0,1
0,1,4,5,1,2,5,0,0,0,2,2,2,1,0,0,3,2,1,2,0,0,0,1,11,3,6,8,6,7,2,2,1,3,0,5,0,3
0,0,0,2,0,1,0,0,0,1,0,0,0,0,0,0,0,1,2,0,1,1,0,1,3,1,3,2,0,3,0,3,4,3,1,3,0,2
0,0,0,1,1,0,1,0,0,0,1,0,0,0,0,0,0,1,1,1,1,0,0,0,2,1,0,6,3,3,1,0,2,1,0,5,0,0
0,0,0,0,0,0,0,0,0,0,0,0,0,1,0,0,0,0,0,0,0,1,0,0,1,0,0,0,0,1,0,0,0,0,0,0,0,2
0,0,0,0,0,1,2,0,0,0,1,1,0,0,0,0,2,1,0,0,0,4,0,1,1,0,1,6,2,2,1,0,0,0,0,0,0,3
