3,3,0,0,0,0,1,0,0,0,1,0,0,0,0,0,0,0,0,0,0,0,0,0,0,0,0,0,0,0,0,0,0,0,0,0,0,0
2,13,6,17,2,4,5,0,0,0,0,0,1,0,0,0,0,0,0,1,0,0,0,0,0,1,0,0,0,0,0,0,0,0,0,0,0,0
1,6,7,4,0,5,3,0,0,1,0,0,0,0,0,0,0,0,0,0,0,0,0,0,1,0,0,0,0,0,0,0,0,0,0,0,0,0
17,20,11,85,21,33,14,0,2,2,4,2,3,3,0,2,3,3,0,7,1,2,0,1,3,0,4,3,1,5,0,0,0,2,0,1,0,0
1,10,2,34,10,23,13,1,2,4,17,9,5,1,0,2,4,3,1,6,5,2,3,0,6,0,1,3,0,1,0,0,0,1,0,0,0,1
7,9,13,30,6,113,40,2,3,0,10,6,11,5,1,2,6,5,10,0,6,11,0,1,4,1,9,2,2,10,0,0,1,0,2,0,0,0
2,0,6,31,15,56,44,3,14,1,6,7,6,3,0,4,21,11,8,2,3,14,2,0,3,1,17,8,1,10,0,0,2,1,2,2,0,0
1,1,0,4,6,11,13,0,0,0,3,6,2,3,1,6,7,8,4,0,5,0,1,1,4,0,9,2,3,13,0,1,1,1,0,0,0,0
1,0,0,10,4,8,5,1,1,0,3,1,4,0,0,1,3,1,3,0,1,0,0,0,2,1,4,2,0,0,0,0,0,1,0,0,0,0
1,5,0,6,10,3,2,1,0,3,1,2,0,0,0,0,1,0,1,1,1,0,0,0,0,1,2,1,0,2,1,1,2,0,1,1,0,0
3,5,7,18,12,15,6,0,0,11,9,3,3,5,1,5,7,5,4,16,5,10,3,1,11,0,4,12,1,9,0,0,0,1,1,0,0,0
0,2,1,19,12,20,14,1,1,6,12,2,3,1,0,6,7,9,4,7,7,13,3,7,7,2,11,8,5,16,4,0,2,4,1,0,0,4
1,5,3,16,4,37,28,1,4,5,17,5,6,3,0,0,3,20,10,1,2,12,1,2,11,0,30,11,3,19,3,0,4,0,3,0,0,0
1,1,2,4,9,13,9,1,1,0,6,4,1,0,0,0,3,3,3,13,1,16,1,5,3,2,6,8,2,4,1,1,2,0,0,0,0,0
0,0,0,0,0,0,0,0,0,0,1,0,0,0,0,0,0,0,0,0,0,1,0,0,0,0,1,0,0,0,0,0,0,0,0,0,0,0
0,0,1,3,4,4,2,0,1,0,3,0,0,0,0,0,0,1,0,0,1,5,0,0,2,0,2,0,1,3,0,0,0,0,0,0,0,0
1,0,2,14,4,27,16,1,2,0,11,2,0,2,0,3,3,7,10,3,3,4,0,1,2,0,15,6,0,14,0,0,0,0,0,0,0,0
2,1,0,5,5,16,7,0,4,0,8,6,7,1,0,0,4,5,6,1,11,5,2,4,8,2,26,5,1,11,2,2,3,0,0,0,0,1
0,0,0,6,2,12,12,0,2,0,5,2,5,1,0,0,1,7,7,2,9,6,0,6,5,1,25,9,2,12,2,1,1,1,3,0,0,0
0,0,1,14,5,11,7,2,2,6,12,4,3,1,0,1,6,8,2,8,6,0,0,0,10,0,12,10,1,11,1,2,0,1,0,0,0,0
0,0,1,2,0,5,4,0,0,3,3,1,0,0,0,1,2,3,1,4,2,3,1,3,4,1,3,0,0,4,0,0,0,0,0,1,0,0
0,1,1,5,5,11,7,1,1,3,7,10,4,0,0,0,4,9,8,3,3,2,0,0,8,0,14,3,1,11,0,0,0,2,1,0,0,0
0,0,0,0,1,3,1,0,0,0,1,0,1,0,0,0,0,3,3,1,2,2,0,0,1,0,2,0,0,0,0,0,0,0,0,0,0,0
0,1,0,2,0,7,8,0,0,1,6,2,2,1,0,0,0,3,0,3,1,3,0,2,1,0,11,3,0,4,0,0,0,1,0,0,0,0
4,5,2,21,14,16,7,2,0,9,18,1,2,4,0,1,7,7,5,19,13,6,1,6,24,8,29,31,9,35,3,0,3,6,3,2,0,1
0,0,0,0,6,4,5,0,0,0,0,1,0,0,0,0,1,7,2,4,1,2,0,0,14,2,12,4,3,16,0,0,1,2,0,0,0,0
2,5,0,9,4,24,13,1,6,7,11,5,6,5,0,1,14,21,27,12,5,17,4,4,35,6,54,24,9,57,3,1,9,8,2,2,0,1
2,2,0,5,3,3,4,0,2,5,5,5,5,2,0,1,3,7,10,16,0,1,1,0,45,3,13,29,9,26,6,1,1,6,3,8,0,0
1,0,0,2,1,9,1,0,0,4,4,3,0,1,0,0,3,7,2,2,2,1,0,0,7,3,7,6,4,19,3,0,1,5,0,0,0,0
2,2,1,14,5,19,13,0,2,3,10,4,10,4,1,1,15,19,17,4,7,11,2,5,21,4,48,40,14,100,10,6,9,11,6,2,0,5
1,0,0,1,1,3,2,0,0,0,0,0,2,0,0,0,0,6,3,0,0,0,3,0,3,1,1,7,2,3,1,6,0,1,3,1,0,1
0,0,0,0,0,0,1,0,0,0,0,0,0,0,0,0,0,6,0,0,2,0,0,1,0,0,5,4,0,3,1,0,2,0,1,3,0,0
0,2,1,0,2,2,2,0,2,0,2,0,0,0,0,0,3,2,1,0,3,2,0,0,0,0,4,4,2,7,0,1,2,3,0,1,0,1
0,0,1,3,5,7,2,0,0,0,1,3,0,0,0,0,2,2,3,1,0,1,0,3,10,2,6,14,1,20,1,0,1,3,10,9,0,3
0,0,0,0,0,1,2,0,0,0,1,0,0,0,0,0,0,2,2,0,1,1,0,0,0,0,2,6,1,2,1,0,1,3,0,5,0,0
0,2,0,4,5,7,1,0,0,0,1,0,0,1,0,0,0,1,0,2,0,1,1,0,1,2,3,5,0,3,0,0,0,1,4,1,0,1
0,0,0,1,0,0,0,0,0,0,0,0,0,0,0,0,0,0,0,0,0,0,0,0,0,0,0,2,0,1,0,0,0,1,0,0,0,0
0,0,0,5,0,3,2,0,0,0,1,0,2,0,0,0,0,1,2,1,0,2,0,0,0,0,4,0,1,7,0,0,2,4,4,1,0,0
