3,1,2,1,0,0,0,0,0,0,0,0,0,0,0,0,0,0,0,0,0,0,0,0,1,0,0,0,0,0,0,0,0,0,0,0,0,0
5,15,4,10,3,5,2,0,0,0,1,0,0,0,0,0,0,0,0,0,0,0,0,0,0,0,2,2,1,1,0,0,0,0,0,1,0,0
2,2,10,0,0,8,0,0,0,0,0,0,0,0,0,0,0,0,0,0,0,0,0,1,0,0,0,0,0,0,0,0,0,0,0,0,0,0
9,26,11,88,22,27,14,0,0,1,9,6,3,1,0,1,3,2,1,1,3,5,0,0,6,1,4,5,0,6,0,0,1,0,0,2,0,0
3,3,4,65,11,18,13,1,4,2,3,8,1,2,0,2,6,8,2,7,3,4,0,0,5,1,3,3,3,0,0,0,0,2,3,1,0,0
2,6,18,43,6,96,64,2,4,0,6,5,8,1,0,0,11,5,4,0,0,9,0,3,3,0,12,6,1,9,1,2,1,1,0,0,0,0
3,1,5,24,12,83,34,2,6,3,2,4,16,1,0,0,7,9,10,2,7,12,0,0,1,3,16,9,0,10,0,0,2,2,2,1,0,0
1,0,0,8,3,11,12,1,6,0,3,0,3,1,0,2,4,2,8,2,3,2,0,3,4,0,1,8,1,4,0,2,0,3,0,0,0,0
0,0,0,0,2,12,5,1,4,0,2,3,3,1,1,0,2,1,2,1,0,3,0,1,2,0,1,5,0,2,0,1,0,0,0,0,0,0
0,3,1,4,3,1,4,0,0,0,7,4,0,1,0,0,0,2,2,1,1,2,0,0,4,1,3,1,0,1,0,0,0,1,0,1,0,0
2,7,3,27,11,14,7,0,2,5,15,12,5,2,0,3,6,5,5,7,3,8,2,4,7,3,17,11,1,8,2,0,0,1,0,2,0,0
4,0,1,17,9,21,15,0,3,1,8,3,1,6,0,6,5,11,5,5,2,13,3,7,4,2,10,9,6,11,1,0,1,3,3,4,0,4
0,1,0,14,4,33,17,0,4,0,14,5,3,1,0,0,3,9,7,5,1,6,4,5,10,1,23,10,4,14,2,1,0,0,0,2,0,2
0,0,2,9,3,5,3,2,1,2,1,0,0,5,0,2,1,2,5,6,1,12,0,5,1,0,3,6,5,9,0,0,0,2,1,0,0,3
0,0,0,2,2,1,0,0,0,0,0,0,0,0,0,0,0,0,0,0,0,0,0,0,0,0,0,0,0,0,0,0,0,0,0,0,0,0
0,0,0,4,1,5,5,0,0,2,0,0,1,2,0,0,0,0,1,1,1,1,0,0,1,0,5,4,1,3,0,1,2,1,0,0,0,0
0,1,1,5,2,23,21,0,3,2,3,9,2,1,0,0,5,6,19,6,4,8,0,2,3,0,17,2,2,13,0,0,1,0,1,2,0,0
1,0,7,6,2,26,14,1,8,3,2,2,4,2,0,2,4,4,7,12,3,13,2,2,3,4,11,4,2,16,0,2,1,4,0,0,0,3
0,1,1,3,4,13,7,0,2,2,3,3,9,1,0,2,4,6,8,1,6,4,1,7,8,0,15,5,2,9,2,3,0,2,1,0,0,0
6,4,1,9,6,5,4,0,3,7,8,2,1,0,0,2,6,4,8,4,1,1,0,3,5,0,7,5,0,10,0,1,0,1,0,4,0,0
1,2,1,9,6,9,3,0,1,2,2,1,0,1,0,1,3,1,2,8,2,1,0,0,6,0,4,0,0,5,0,0,1,0,0,0,0,0
0,1,1,3,7,11,13,1,1,1,7,9,4,2,2,1,2,7,22,1,3,1,3,0,8,1,10,3,3,10,0,0,2,4,0,2,0,2
1,0,2,4,0,2,0,0,0,0,1,0,1,1,0,0,1,0,0,0,0,2,0,0,3,1,2,1,2,2,1,0,0,0,1,0,0,1
0,0,1,1,2,12,2,0,0,3,1,5,5,2,0,0,7,1,0,1,2,1,0,0,5,0,8,3,1,4,2,2,0,1,0,3,0,0
1,3,1,10,5,8,17,0,3,3,28,5,5,2,1,0,6,9,9,24,9,2,0,2,32,3,29,26,12,23,6,3,2,5,4,9,0,1
1,0,0,4,1,5,3,0,0,1,4,3,3,0,0,1,0,1,4,3,5,2,0,3,5,0,8,5,2,11,0,0,1,2,3,1,0,0
3,4,6,12,4,33,15,0,5,6,9,15,12,11,3,0,13,29,25,13,6,28,5,4,17,4,52,25,8,81,5,5,4,10,2,2,0,5
0,1,3,6,4,7,11,0,4,1,2,3,3,0,0,0,1,14,7,11,1,6,0,2,44,3,21,22,3,54,1,1,1,15,0,3,0,3
0,0,0,0,0,2,5,1,0,1,2,2,0,2,0,0,2,3,0,0,1,3,0,0,5,1,5,6,3,9,2,1,0,2,1,1,0,0
5,1,4,11,4,19,19,1,3,2,9,5,4,4,0,0,6,12,12,11,10,17,0,1,24,2,52,38,11,81,13,5,10,10,9,8,0,6
0,0,0,2,1,1,2,0,0,0,2,2,1,0,0,0,0,1,1,0,0,0,0,0,1,0,2,0,0,5,1,2,1,1,0,1,0,1
0,0,0,0,0,1,2,0,0,0,0,0,1,0,0,0,0,0,1,0,1,0,0,0,1,0,3,1,0,0,3,1,0,0,0,0,0,0
0,0,0,3,1,14,4,0,0,0,0,0,2,1,0,0,1,2,0,1,0,4,0,2,1,0,1,1,0,18,0,2,0,4,4,3,2,1
0,0,1,3,3,4,5,0,1,1,3,2,2,1,0,1,4,1,1,9,0,1,0,0,10,1,11,17,1,23,5,1,2,12,1,2,0,7
0,0,1,1,0,0,1,0,0,1,0,0,0,2,0,0,0,2,0,4,0,1,0,0,1,2,4,5,0,13,0,0,0,2,1,5,0,0
0,0,0,4,0,2,1,0,0,0,2,3,0,0,0,1,0,0,3,4,0,0,0,0,2,1,5,4,2,3,1,0,0,2,0,1,0,1
0,0,0,0,0,0,0,0,0,0,0,0,0,0,0,0,0,0,0,2,0,0,0,0,0,0,1,1,0,3,0,4,0,0,0,0,0,0
0,1,0,1,1,0,0,0,0,0,4,0,0,2,0,0,0,3,0,0,0,0,0,2,1,0,5,6,0,2,2,0,2,1,0,0,0,0
