4,2,1,0,0,1,0,0,0,0,0,0,0,0,0,0,0,0,0,0,0,0,0,0,0,0,0,0,0,0,0,0,0,0,0,0,0,0
0,13,10,19,4,5,0,0,0,1,0,2,1,0,0,0,0,0,0,0,0,1,0,0,0,0,1,0,0,0,0,0,0,1,0,0,0,0
1,5,7,3,0,9,0,0,0,0,3,0,0,0,0,0,0,0,0,0,0,0,0,0,0,0,0,0,0,0,0,1,0,0,0,0,0,0
13,15,10,78,29,39,17,1,4,5,3,10,0,1,0,0,4,2,4,1,1,4,0,1,1,0,8,2,2,6,0,0,0,0,0,0,0,0
2,2,0,37,15,24,22,2,4,3,18,2,4,3,0,3,3,2,3,13,1,6,0,4,11,1,6,7,1,7,0,0,0,5,1,2,0,0
2,10,24,55,4,86,40,1,10,1,4,5,10,0,0,0,4,7,8,0,0,14,2,1,3,0,4,2,4,9,0,2,2,0,1,0,0,0
4,12,8,24,5,66,40,5,7,0,3,8,4,2,0,4,5,13,13,1,1,14,0,0,8,0,11,1,2,13,0,0,2,2,0,0,0,0
0,1,4,7,2,21,17,1,2,0,2,0,2,1,0,0,4,6,3,1,2,3,0,0,4,0,3,0,0,2,1,0,0,0,3,0,0,0
1,0,0,3,5,9,9,0,0,0,1,0,1,0,0,0,3,5,1,0,0,5,1,0,2,1,4,0,0,2,0,0,1,0,0,1,0,1
1,3,3,7,8,1,1,0,1,5,3,1,2,1,0,0,1,0,0,3,5,0,0,0,2,3,1,0,0,1,1,0,0,0,0,0,0,0
4,4,3,24,15,20,12,1,8,3,10,6,4,1,0,1,7,7,4,18,4,18,1,6,14,2,7,4,2,11,0,0,2,2,1,0,0,1
4,3,1,21,14,21,12,3,2,0,10,4,6,4,0,2,3,5,1,6,6,9,2,2,11,1,12,9,0,10,0,0,0,5,1,0,0,2
2,0,1,12,10,22,15,0,1,0,6,2,4,2,1,4,11,5,8,6,2,9,0,4,10,2,18,6,2,28,2,0,6,4,4,2,0,1
0,0,2,8,6,5,10,2,0,1,4,4,1,0,0,3,3,3,2,1,1,4,1,1,0,4,13,5,2,3,0,1,0,1,0,0,0,0
0,0,0,1,0,2,0,0,0,0,0,0,0,2,0,0,0,0,0,0,0,0,0,0,0,0,0,0,1,0,0,0,0,0,0,0,0,0
0,0,1,2,2,5,5,0,0,0,3,0,2,0,0,0,1,2,1,1,1,0,0,0,1,0,1,4,0,5,2,1,0,0,0,1,0,0
0,3,1,5,6,26,22,0,6,2,4,5,6,2,0,0,2,8,6,5,5,3,2,2,8,2,16,2,3,7,0,1,2,1,0,0,0,0
1,1,2,2,3,7,5,1,2,0,3,4,8,1,1,1,0,2,8,0,7,8,1,2,14,0,19,2,3,12,3,1,1,1,0,0,0,0
0,3,5,7,1,13,8,1,0,1,4,4,7,1,0,0,9,7,6,0,2,9,2,0,5,2,23,2,4,17,0,0,2,1,0,2,1,0
1,2,3,12,5,5,13,0,0,2,8,4,2,0,0,0,0,9,7,9,3,4,3,0,7,0,5,8,1,6,0,0,0,2,0,2,0,0
1,2,0,1,6,4,5,2,0,1,4,4,0,1,0,0,0,3,1,7,1,1,0,0,4,0,3,3,0,3,1,1,0,0,0,0,0,1
2,1,3,9,9,9,9,1,7,4,12,8,2,2,0,0,5,17,6,8,2,3,1,1,6,3,16,4,2,17,0,2,0,4,0,1,0,0
0,0,0,2,0,2,2,1,1,0,6,4,0,0,0,0,1,0,1,1,1,4,1,0,4,2,1,0,0,2,1,0,0,1,0,0,0,0
0,0,0,5,1,3,5,0,2,0,3,0,6,3,0,5,3,4,1,6,0,0,0,0,2,2,8,2,0,4,0,0,1,3,0,1,0,0
3,1,2,19,7,10,9,0,1,15,18,9,2,4,0,0,6,8,5,21,6,6,0,4,24,2,24,26,10,20,2,2,1,4,1,3,0,2
0,0,0,4,2,3,2,0,0,1,1,2,0,1,0,0,1,0,2,3,0,3,0,1,5,2,7,5,0,6,0,2,0,0,0,3,0,0
0,1,2,18,8,22,21,0,5,2,11,6,7,3,1,1,11,16,33,3,1,23,1,2,24,15,43,24,9,63,5,4,2,6,2,3,0,3
0,2,0,19,4,3,5,0,1,2,9,4,1,2,0,1,3,10,9,8,1,9,1,1,26,8,35,31,6,31,5,1,0,12,0,1,0,2
0,0,0,2,2,3,4,0,0,0,1,0,3,0,0,0,0,0,4,3,0,3,0,0,4,0,7,13,1,26,3,1,0,2,1,0,0,0
1,3,4,17,9,18,15,4,1,4,7,4,5,2,0,0,13,21,19,10,11,17,1,3,30,2,75,36,12,121,9,5,12,16,5,6,0,4
0,0,0,1,0,4,2,0,0,2,0,0,0,0,0,0,0,3,0,2,3,2,0,0,0,0,3,2,0,6,1,1,1,4,2,0,0,0
0,0,0,2,0,0,2,0,0,1,0,0,0,0,0,0,0,2,0,0,0,0,0,0,0,0,0,3,0,1,2,0,0,0,1,3,0,1
0,0,0,6,0,5,3,0,0,2,0,2,1,4,0,0,0,3,1,1,1,0,0,0,1,0,6,4,1,10,0,1,0,1,0,2,0,3
0,1,0,0,2,5,1,1,1,1,2,0,2,0,0,0,6,5,3,4,1,0,0,0,8,2,9,8,1,9,8,3,2,3,1,2,0,3
0,0,0,2,0,1,0,0,0,3,2,0,0,0,0,0,0,0,2,2,0,0,2,0,0,0,5,4,0,5,1,2,0,3,2,1,0,1
0,0,0,3,3,2,3,0,0,0,0,3,0,0,0,0,1,2,0,0,0,0,0,0,3,0,4,4,2,1,1,2,7,2,0,0,0,0
0,0,0,0,0,0,0,0,0,0,0,1,0,0,0,0,0,0,0,0,0,0,0,0,1,0,0,0,1,0,0,0,0,0,0,0,0,0
0,0,0,4,0,2,2,0,0,0,1,1,0,0,0,0,0,0,1,0,0,5,0,0,2,0,1,1,0,3,1,0,1,2,2,2,2,0
