2,1,1,0,0,0,0,0,0,0,2,0,0,0,0,0,0,0,0,0,0,0,0,0,0,0,0,0,0,0,0,0,0,0,0,0,0,0
3,17,2,11,2,1,2,0,2,2,0,2,1,0,0,0,0,0,1,0,0,0,0,0,0,0,0,0,0,0,0,0,0,0,0,0,0,0
0,0,9,1,0,5,2,0,0,2,0,0,0,0,0,0,0,0,0,0,0,0,0,0,0,0,0,0,0,2,0,0,0,0,0,0,0,0
7,23,10,77,21,34,19,2,1,3,7,3,2,0,0,0,3,3,0,1,0,1,0,0,3,2,4,1,0,8,0,0,0,0,0,0,0,0
2,4,1,31,14,19,14,1,0,2,10,7,5,1,0,4,8,7,3,2,2,8,1,1,2,0,5,7,2,3,0,1,0,3,2,0,0,1
4,9,23,36,2,101,48,2,6,0,5,3,1,1,1,0,9,6,6,5,5,5,1,2,6,0,12,2,1,8,3,0,3,2,2,1,0,0
0,3,3,27,8,60,39,0,8,0,7,4,5,3,0,1,13,6,4,4,4,11,0,3,5,1,10,5,4,17,0,0,0,0,0,1,0,0
2,2,1,5,4,9,7,0,1,0,3,4,1,0,0,2,3,3,2,3,0,0,1,0,3,0,15,2,3,5,0,0,0,0,0,0,0,1
0,0,0,4,0,13,4,1,0,1,1,2,1,0,0,0,5,2,1,1,0,0,1,0,3,0,3,0,0,0,0,0,0,0,0,0,0,0
3,1,0,6,2,5,1,0,0,1,5,7,1,0,0,0,2,0,2,2,1,1,1,0,5,0,1,1,0,1,0,0,1,0,1,0,0,0
6,7,2,31,23,23,14,1,1,3,14,10,3,0,0,9,8,6,5,14,5,14,2,5,14,3,9,8,3,7,0,0,0,2,0,2,0,4
2,1,3,26,20,21,16,4,1,4,15,2,6,5,0,4,4,11,8,4,5,11,2,2,14,4,12,9,1,19,1,0,0,4,1,0,0,0
0,4,6,7,7,35,27,1,4,2,7,4,1,3,1,0,5,4,17,5,5,5,1,1,7,3,30,15,2,18,0,3,2,1,0,0,0,1
0,0,0,4,4,2,5,0,0,3,2,1,1,0,0,1,2,0,3,6,0,5,0,1,1,1,4,1,0,3,0,0,1,1,0,1,0,0
1,0,0,0,0,0,0,0,0,0,0,0,0,0,0,0,1,0,0,0,0,0,0,0,0,0,0,0,0,0,0,0,0,0,0,0,0,0
1,0,0,3,0,10,3,0,0,1,1,1,0,0,0,0,2,0,1,0,0,0,0,0,3,0,1,3,0,1,1,0,0,0,0,0,0,0
1,1,3,11,4,31,13,0,4,0,9,2,5,0,0,0,2,4,15,3,5,4,2,3,7,0,23,3,2,15,1,0,2,4,0,0,0,0
1,2,1,9,5,24,15,0,1,0,2,5,2,0,0,1,2,1,4,3,3,16,0,3,4,1,17,3,0,26,0,1,2,1,1,0,0,2
2,0,1,7,3,12,10,0,3,2,3,1,5,1,0,0,4,12,8,4,4,8,0,2,5,0,15,3,2,16,2,0,1,1,1,1,0,1
3,3,4,9,3,5,7,0,2,3,6,3,1,1,0,1,2,6,8,10,0,7,6,1,19,1,5,7,2,10,1,7,1,6,0,0,0,0
2,0,0,3,6,6,2,0,0,1,4,4,0,1,0,0,0,2,3,3,0,4,3,1,6,1,5,0,0,2,0,1,0,0,2,5,0,3
1,1,1,10,5,12,8,1,2,5,8,0,2,3,0,1,3,10,10,4,1,2,2,2,6,1,12,7,0,5,0,1,0,5,0,0,2,1
1,2,0,1,0,0,4,0,0,0,0,0,3,0,0,0,3,1,0,1,0,0,1,0,0,0,0,2,0,2,0,0,0,0,0,0,0,0
1,1,0,0,2,5,3,0,1,0,3,2,3,2,0,0,0,2,1,4,5,0,1,0,2,0,2,1,0,4,0,0,0,0,0,1,0,1
2,4,2,20,8,7,9,0,3,8,13,3,1,2,0,0,7,10,4,27,7,3,1,5,34,7,42,40,4,29,1,2,2,10,0,6,0,0
2,0,0,5,4,2,2,0,0,1,5,1,2,1,0,0,0,1,3,6,2,1,0,0,4,1,8,3,1,3,0,0,0,0,0,0,0,0
1,1,2,15,6,28,19,0,7,3,11,6,12,7,0,2,12,14,12,13,5,13,4,3,23,4,59,22,9,69,6,0,4,5,3,6,0,2
3,2,0,4,7,10,17,0,1,3,8,3,3,0,0,0,6,9,7,20,5,2,1,0,32,7,20,24,5,40,5,1,1,10,4,1,0,0
2,1,0,2,3,2,1,0,0,2,0,1,3,0,0,1,3,0,6,2,0,2,0,0,4,1,3,3,4,15,0,2,4,2,3,1,0,3
1,3,1,16,6,19,12,1,6,4,4,6,7,8,0,0,6,17,22,12,2,16,5,8,33,11,65,27,11,103,13,6,7,8,3,2,0,3
1,0,0,0,0,3,0,0,0,0,0,0,0,0,0,0,0,0,0,0,0,0,0,2,1,0,2,2,1,6,1,1,0,3,1,4,0,1
0,0,0,2,1,0,2,0,0,0,0,0,0,0,0,0,0,0,1,1,0,1,0,0,0,0,1,1,0,3,0,0,2,1,0,0,0,2
2,0,3,3,1,1,3,0,0,1,2,1,0,1,0,0,1,3,1,4,0,7,1,1,4,1,2,9,0,10,0,0,2,3,0,0,1,0
0,4,0,4,1,9,3,0,0,0,1,0,5,0,0,0,2,3,3,2,2,3,1,2,7,2,6,6,6,18,6,8,4,9,4,3,0,4
0,0,0,2,1,0,2,0,0,1,0,0,0,0,0,0,0,2,0,2,0,2,0,0,1,0,1,3,4,4,3,0,0,5,1,0,0,2
0,0,1,2,2,1,2,0,0,2,1,0,3,0,0,0,1,1,0,1,0,0,0,0,1,0,3,0,5,2,2,1,0,0,1,0,0,0
0,0,0,0,0,0,0,0,0,0,0,0,1,1,0,0,0,0,0,0,1,0,0,0,0,0,0,0,0,0,0,0,0,0,0,0,0,0
0,0,1,2,0,4,0,0,0,0,0,0,0,0,0,0,0,0,2,0,0,0,0,0,6,0,0,0,1,2,0,0,3,0,0,1,0,0
