7,2,0,0,1,0,1,0,0,0,0,0,0,0,0,0,0,0,0,0,0,0,0,0,0,1,0,0,0,0,1,0,0,0,0,0,0,0
1,11,6,13,0,2,0,0,0,1,3,0,0,0,0,1,0,0,0,0,0,0,0,0,0,0,4,0,0,0,0,0,0,0,0,0,0,0
3,3,5,3,2,2,2,0,0,0,0,1,0,0,0,1,0,0,1,0,0,0,0,0,0,0,0,0,0,1,0,0,0,0,0,0,0,0
8,24,9,61,21,40,15,1,2,4,6,4,3,0,0,4,2,0,1,4,2,0,0,2,2,0,3,3,3,5,0,0,0,1,0,0,0,1
4,3,2,20,8,24,14,1,2,2,5,6,1,2,0,4,2,2,2,5,2,4,0,2,4,0,4,5,1,4,0,0,0,1,2,0,0,0
7,5,13,25,9,74,52,3,7,0,6,1,4,4,0,1,1,3,7,3,2,5,0,7,2,0,4,2,3,10,0,0,1,0,2,0,0,0
1,4,6,20,8,54,37,3,4,0,1,10,3,1,0,3,10,4,3,4,2,4,0,5,4,5,13,6,4,5,1,0,1,2,1,0,0,0
0,3,0,2,8,21,11,1,0,0,3,2,3,1,0,0,7,1,8,0,3,1,1,1,1,0,4,1,3,8,0,0,0,0,0,2,0,0
0,0,3,5,0,11,10,4,0,1,3,1,6,0,0,0,3,3,0,1,0,1,0,0,0,0,7,0,0,4,0,0,0,0,2,3,0,0
0,2,0,7,1,7,2,0,1,3,6,1,4,1,0,1,0,0,1,3,1,1,0,0,4,0,1,2,1,4,0,0,0,2,0,0,0,0
1,10,6,31,15,28,17,2,2,0,14,8,9,2,0,2,5,10,4,15,4,13,1,4,12,4,13,7,1,11,1,1,3,2,0,1,0,2
0,2,0,28,18,19,12,3,5,4,3,2,5,5,0,6,9,8,6,2,8,10,3,2,11,0,17,10,2,14,1,2,0,4,4,8,0,1
1,3,1,16,9,37,21,0,3,1,5,3,2,0,0,0,7,7,14,3,5,13,0,4,9,3,10,5,4,10,5,0,3,0,0,1,0,0
0,0,0,4,5,9,3,0,0,0,1,4,3,0,0,2,5,4,4,0,1,4,0,1,0,3,5,2,0,7,1,0,0,4,0,0,0,0
0,0,0,1,0,0,1,0,0,0,0,1,0,0,0,0,0,0,1,1,1,0,1,0,0,0,1,0,0,1,2,0,0,0,0,0,0,0
0,1,0,2,1,13,1,0,0,0,0,0,2,0,0,0,0,0,3,0,0,2,0,0,1,0,4,2,0,5,0,0,0,0,0,0,0,0
0,1,1,2,9,19,10,0,2,1,10,1,1,5,0,2,4,2,13,3,2,14,0,8,3,1,12,1,3,13,2,3,2,0,0,0,0,1
0,1,0,5,1,28,10,0,0,0,3,2,10,1,0,0,3,2,6,3,5,6,0,1,2,1,17,8,6,19,0,0,4,1,0,0,0,0
1,0,0,1,4,12,13,2,4,0,3,2,4,5,0,0,7,2,8,1,1,7,2,1,6,0,16,6,2,12,0,0,1,0,0,2,0,0
3,3,1,9,6,5,8,0,0,2,24,10,0,0,0,1,1,3,0,12,5,3,0,0,8,0,10,2,2,1,4,0,0,0,0,1,0,0
0,1,1,4,4,3,1,0,2,3,5,2,0,0,1,0,6,5,8,6,3,2,1,1,5,1,3,4,0,3,2,1,0,0,0,0,0,0
2,0,1,8,3,8,10,0,1,1,14,11,5,2,2,2,5,13,7,3,9,3,0,0,2,0,17,9,4,8,1,1,0,2,0,0,0,2
0,1,0,2,1,4,2,0,0,0,0,0,2,1,0,0,1,0,0,0,0,1,0,0,3,1,2,2,0,3,0,0,0,1,0,0,0,0
0,2,0,0,1,1,8,3,2,0,2,2,0,1,0,1,0,7,1,0,1,3,0,0,3,0,7,3,1,2,3,0,0,1,0,0,0,0
1,6,2,14,6,15,6,0,0,6,17,3,2,1,2,3,5,10,9,26,5,6,1,1,33,3,16,25,2,29,2,1,2,7,1,0,0,2
0,2,2,9,1,5,2,0,1,3,5,2,1,0,0,0,0,5,1,3,0,0,1,1,5,0,7,3,3,4,0,0,0,1,0,0,0,0
0,0,5,18,5,23,23,1,7,3,15,7,4,5,2,0,13,22,23,9,6,10,8,4,32,9,49,18,8,54,3,2,8,11,2,1,1,6
3,0,2,7,7,13,11,2,0,3,12,1,4,2,0,1,4,5,6,10,2,6,2,1,37,7,23,32,12,26,7,2,2,4,3,3,0,2
0,0,0,4,1,7,1,0,0,0,2,7,2,0,0,0,2,3,1,3,0,3,0,0,11,1,6,8,4,12,2,2,2,4,4,2,0,1
3,4,1,15,5,19,9,5,4,2,8,10,5,0,0,2,12,7,15,4,1,22,0,0,25,6,66,51,10,114,9,8,16,9,1,1,1,5
0,0,0,2,0,2,0,0,0,2,0,0,0,1,0,0,0,3,5,0,0,2,0,0,3,0,0,0,0,4,3,1,1,3,0,0,2,1
0,0,0,0,0,0,0,0,0,0,2,0,0,0,0,0,0,0,0,0,0,0,0,0,0,0,0,0,0,4,0,0,0,0,4,0,0,0
0,0,0,1,0,4,0,0,1,0,3,0,0,0,0,0,1,0,0,0,0,0,0,0,1,1,9,3,1,11,1,3,0,4,2,1,1,2
0,0,0,7,1,2,1,0,0,4,4,4,3,1,0,0,5,5,5,4,5,1,0,3,3,0,14,11,3,23,3,0,0,8,1,4,0,1
0,0,0,2,0,0,0,0,0,0,0,0,0,0,0,0,3,0,0,1,0,0,0,0,1,0,0,5,1,7,1,0,1,3,0,1,0,1
0,0,0,3,3,1,2,0,0,0,0,0,1,0,0,0,1,1,0,0,0,0,0,1,6,0,4,0,1,2,1,0,1,2,1,1,0,0
0,0,0,0,0,2,0,0,0,0,0,0,0,0,0,0,0,0,0,0,0,0,0,1,0,0,0,1,0,0,0,0,0,0,0,0,0,0
0,1,0,3,1,2,3,0,0,1,0,0,1,0,0,0,0,0,2,0,0,0,0,0,2,0,1,2,1,2,0,0,0,4,1,0,0,0
