3.93785714286
1.90952380952
2.44321428571
2.17189189189
1.98154411765
1.99918287938
2.05203389831
1.66730337079
1.93578125
2.08647058824
2.03832713755
1.9783127572
2.04151515152
1.69727272727
2.21230769231
2.27694444444
2.04877419355
1.90163120567
1.95948529412
2.16470588235
1.7535443038
1.95183544304
2.16407407407
1.64981132075
2.06148288973
2.14492537313
1.90796690307
2.15428571429
2.06967032967
1.9875
3.08566666667
2.43545454545
3.14591836735
2.39885964912
1.89785714286
3.93264705882
4.03
4.38838709677
