1,1,0,0,0,2,0,0,1,0,0,0,0,0,0,0,0,0,0,0,0,0,0,0,0,0,0,0,0,0,0,0,0,0,0,0,0,0
5,11,13,5,0,3,0,0,0,2,2,0,0,0,0,0,0,0,0,0,0,0,0,0,0,0,0,1,0,0,0,0,0,0,0,0,0,0
1,2,3,4,0,3,0,0,0,0,1,0,0,0,0,0,0,0,0,0,0,0,0,0,0,0,0,1,0,0,0,0,0,0,0,0,0,0
7,18,9,73,24,24,11,0,0,0,12,2,3,4,0,0,4,2,4,3,6,2,1,2,6,1,2,6,1,1,0,0,0,4,1,2,0,1
1,3,2,27,15,10,12,1,5,3,14,4,3,3,0,0,2,1,5,3,1,1,0,0,2,1,6,2,0,4,0,0,0,1,0,2,0,0
3,2,26,32,8,88,49,0,5,0,2,5,17,3,0,0,10,0,3,2,2,3,0,0,3,1,15,4,4,9,0,2,2,2,0,1,0,0
7,2,8,23,14,62,30,3,3,1,5,3,16,0,0,1,11,3,6,2,2,6,1,3,3,1,11,9,1,7,1,0,0,2,0,0,0,1
2,0,0,9,9,6,9,0,1,0,3,0,1,2,0,0,3,3,4,0,0,0,0,0,4,2,8,3,1,1,1,0,1,1,0,0,1,0
0,0,1,2,4,3,7,0,0,1,0,1,1,0,0,0,4,0,0,0,0,1,0,1,0,0,3,2,0,2,0,0,0,0,0,0,0,0
3,4,3,3,6,4,2,0,0,1,3,3,0,0,0,2,2,1,4,3,1,2,0,0,3,0,2,0,2,0,0,0,0,0,0,0,0,2
7,6,3,23,13,14,14,3,2,13,15,14,2,2,0,9,9,4,6,17,9,11,1,1,13,4,8,4,0,11,1,0,0,1,1,2,0,4
4,3,1,25,12,21,38,3,4,7,16,3,6,6,0,3,3,5,10,8,6,19,1,13,12,6,20,5,3,9,2,2,3,4,0,0,0,0
0,2,3,8,0,46,20,1,8,4,4,9,4,4,1,4,11,10,14,4,4,7,1,3,0,6,17,10,4,12,3,3,1,3,1,0,0,1
1,0,0,2,1,6,7,3,0,0,5,0,2,0,0,1,3,1,2,2,0,4,0,2,6,0,7,1,2,1,2,0,0,3,3,0,0,0
2,0,0,0,0,2,0,0,0,0,0,0,0,0,0,0,1,4,0,0,0,1,0,0,1,1,1,2,0,0,0,2,0,0,0,0,0,0
0,0,0,5,5,10,2,0,2,0,3,2,1,0,0,1,3,2,3,1,0,4,0,0,1,0,4,7,1,2,0,1,0,0,0,1,0,0
0,0,2,14,5,25,10,2,4,2,3,6,1,10,0,0,3,5,11,4,2,12,0,1,4,0,19,7,2,15,1,1,6,4,0,0,0,1
0,0,0,11,1,23,21,0,4,0,4,5,3,2,0,1,4,5,7,6,6,10,2,1,1,0,27,2,1,18,0,1,2,0,0,4,0,3
2,0,2,4,1,9,5,0,4,2,6,14,3,1,0,2,13,5,3,2,1,6,0,1,5,1,16,1,1,23,0,2,1,1,0,0,0,0
0,3,1,7,5,10,5,1,1,8,4,3,1,2,0,2,3,9,2,5,3,5,2,0,6,5,2,5,1,5,0,0,0,0,1,1,0,0
1,2,2,4,3,3,3,0,0,5,8,5,3,0,0,1,3,4,4,11,0,2,0,1,0,0,4,1,3,3,0,0,0,2,0,0,0,2
0,0,1,4,1,6,2,0,2,1,8,3,2,2,0,2,3,7,10,5,2,1,0,0,11,2,12,6,2,15,1,0,0,1,1,0,0,4
0,0,0,1,2,1,1,0,0,0,0,1,1,0,0,1,0,0,1,0,0,0,0,0,3,0,2,3,0,3,3,0,0,1,0,0,0,0
1,0,2,2,0,0,3,3,0,1,0,3,1,3,1,3,1,5,2,6,3,1,2,0,5,0,10,3,1,10,0,0,1,1,0,0,0,3
3,2,8,18,6,9,12,0,1,6,10,4,5,2,0,0,3,10,4,19,3,8,4,2,27,9,33,17,6,16,1,4,2,5,0,1,0,3
0,3,1,6,0,2,0,0,0,2,0,0,0,0,0,1,1,3,1,0,3,0,0,0,3,0,7,8,1,7,0,1,0,2,0,0,0,3
0,3,2,11,5,21,27,0,9,4,11,12,3,2,1,0,8,22,36,8,8,13,5,4,25,16,47,22,9,53,5,5,8,1,4,0,0,2
0,5,0,10,4,13,19,0,2,3,11,7,7,4,0,1,2,5,3,12,1,7,0,2,29,1,32,18,6,45,8,1,3,13,2,3,0,6
0,1,2,0,0,2,3,0,2,3,4,2,1,1,0,0,2,1,4,2,0,4,0,0,6,2,2,5,1,19,0,0,0,5,2,1,0,0
2,4,3,7,4,20,12,0,7,2,6,11,9,10,0,1,6,19,20,10,4,12,5,2,21,8,76,44,13,106,6,7,9,14,12,2,0,9
1,0,3,0,0,2,1,0,0,1,0,0,0,0,0,0,0,0,0,0,0,1,0,0,2,0,0,1,0,8,1,0,1,2,0,0,0,0
0,0,1,0,0,1,1,0,1,0,0,0,0,0,0,0,0,0,0,1,0,1,0,0,0,0,2,2,0,9,1,0,1,0,0,2,0,0
0,0,0,0,0,4,2,0,0,0,1,1,0,1,0,0,1,2,3,4,1,1,0,2,3,0,4,4,0,13,1,0,1,1,2,0,0,3
1,0,0,5,3,7,0,0,1,0,1,1,1,1,1,0,6,3,0,1,0,1,1,0,5,0,11,5,0,20,1,2,1,4,0,4,0,0
0,0,1,1,1,1,3,0,0,3,0,0,0,0,0,0,0,0,3,1,0,0,0,0,0,0,1,3,0,6,1,1,0,0,2,0,0,0
0,0,0,0,0,0,2,0,0,1,1,1,0,2,0,0,2,1,1,6,1,0,0,0,2,0,2,3,0,3,0,0,1,1,2,3,0,0
0,0,0,0,0,0,1,0,0,0,0,0,0,0,0,0,0,0,0,0,0,0,0,0,0,0,0,0,0,1,0,0,0,0,0,0,0,0
0,0,0,3,0,2,0,0,0,0,2,0,0,0,0,0,1,2,1,0,0,0,0,0,3,0,2,1,1,5,1,0,0,1,0,0,1,2
