3,2,0,0,0,0,0,0,0,0,0,0,0,0,0,0,0,0,0,0,0,0,0,0,0,0,0,0,0,0,0,0,0,0,0,0,0,0
2,11,2,9,1,4,0,0,0,0,0,0,0,0,0,0,1,0,0,0,0,0,0,0,0,0,0,1,2,1,0,0,0,0,0,0,0,0
4,7,10,3,0,4,1,0,0,0,0,0,1,0,0,0,1,0,0,0,0,0,0,0,0,0,0,0,0,1,0,0,0,0,0,0,0,0
10,26,16,73,16,33,13,0,0,4,13,9,8,4,0,1,3,1,2,5,1,8,0,1,2,0,8,1,1,2,2,1,0,0,2,0,0,0
1,6,5,28,16,11,10,1,0,0,6,5,0,0,0,2,4,0,2,1,0,1,2,1,9,0,6,4,1,4,0,0,0,3,0,0,0,1
8,13,22,33,17,87,47,4,10,1,8,6,3,0,0,0,7,7,5,1,0,4,1,1,8,0,10,2,1,17,1,0,0,0,0,0,0,0
5,2,7,17,5,50,47,4,8,2,5,9,12,2,0,2,8,1,6,0,4,4,3,2,3,1,10,4,0,6,1,0,1,3,1,0,0,0
5,0,2,5,3,12,14,1,4,0,2,2,1,0,0,2,5,6,1,1,1,5,1,1,2,1,6,2,0,4,1,0,0,0,2,0,0,0
0,0,1,2,2,7,7,2,1,0,0,1,1,0,2,0,0,2,0,0,0,0,0,0,0,1,2,1,0,7,0,0,0,0,0,0,0,0
0,1,0,4,5,4,5,0,1,0,1,2,0,0,0,0,0,4,3,4,1,1,0,0,3,0,1,0,0,2,0,0,1,0,0,1,0,0
10,7,5,38,22,17,11,0,2,1,8,12,5,3,0,7,13,9,8,16,4,5,2,8,13,6,12,5,1,8,2,1,3,4,1,3,0,7
0,1,3,34,13,34,23,2,7,5,7,5,14,2,0,6,12,14,12,4,7,16,0,6,12,3,21,11,5,5,1,1,0,2,5,0,0,1
1,6,5,8,6,30,22,0,3,1,12,3,2,2,0,0,5,6,8,5,2,4,2,4,4,1,17,5,6,12,3,0,4,3,1,0,0,0
0,0,0,5,2,4,4,0,0,1,8,5,1,1,0,0,0,2,3,4,1,7,0,3,4,0,4,1,2,3,2,0,0,0,0,0,0,0
0,0,0,0,0,3,0,0,0,0,1,0,0,0,0,1,2,2,3,0,0,0,0,2,0,1,4,0,0,2,0,0,0,1,0,0,0,0
1,0,2,2,2,10,4,0,1,0,1,2,2,0,0,0,2,0,1,3,2,0,0,1,5,0,4,3,0,3,1,3,0,1,0,1,0,0
1,3,1,13,6,17,16,0,3,1,7,9,4,7,0,0,6,5,11,2,1,10,0,0,7,2,19,6,1,20,4,2,1,4,0,2,0,1
2,1,2,11,5,22,17,0,4,0,10,1,6,0,0,0,3,0,7,1,9,10,0,1,2,0,24,5,6,14,1,2,1,1,0,2,0,0
0,0,0,5,2,19,16,6,3,1,3,5,5,0,0,0,0,16,3,1,1,12,0,2,10,1,27,2,3,11,2,0,1,0,0,5,0,1
2,4,2,19,6,12,7,2,0,3,5,3,2,6,0,3,2,8,3,3,0,3,0,0,12,1,7,4,2,17,2,0,1,1,0,0,0,0
2,0,0,3,3,2,2,1,0,6,6,2,0,1,0,1,1,3,5,9,0,0,0,0,5,2,2,3,0,3,0,0,0,0,0,0,0,1
0,4,3,1,4,13,7,1,2,3,5,4,2,2,0,2,10,7,7,2,2,0,1,0,6,2,9,6,4,11,0,4,2,5,0,0,0,5
0,0,0,1,0,0,2,0,0,0,0,1,1,0,0,0,3,1,0,0,0,0,0,0,1,0,5,0,2,1,1,0,0,0,0,0,0,1
0,1,0,3,2,2,2,0,0,0,5,0,3,2,0,0,2,2,3,1,0,0,0,1,1,0,6,2,0,3,0,0,3,0,0,1,0,0
4,1,1,9,8,16,6,0,1,7,15,4,3,2,0,1,1,5,5,18,4,3,2,3,23,5,17,23,3,16,1,0,1,1,2,6,0,1
0,2,0,4,1,4,4,0,0,0,6,1,2,1,0,0,4,4,2,2,0,0,0,0,6,0,4,5,1,5,4,0,0,0,0,0,0,0
0,5,7,19,9,24,22,2,3,2,4,3,6,4,0,1,12,12,14,12,1,17,3,3,21,2,39,11,9,45,9,2,2,7,1,1,0,2
1,4,1,11,5,9,9,0,1,2,8,4,4,2,0,0,2,7,8,7,9,9,1,3,24,5,19,32,1,47,1,9,3,15,4,4,0,7
0,0,0,1,1,4,3,0,0,2,0,0,0,1,0,0,2,0,1,2,0,4,1,3,6,0,5,13,5,18,0,0,1,1,0,2,0,1
4,3,8,20,6,28,15,0,3,1,14,4,6,5,0,3,9,19,9,7,6,28,1,3,31,9,58,34,20,100,4,8,17,11,5,6,2,11
0,0,0,1,0,3,1,0,0,0,0,0,0,0,0,0,1,1,1,0,0,1,0,1,2,0,3,0,0,7,0,0,1,0,0,0,0,0
0,0,2,0,0,4,1,0,0,0,0,0,0,0,0,0,0,1,1,0,0,0,0,0,2,0,4,3,0,4,0,0,1,0,0,0,0,0
0,0,0,3,1,4,3,0,0,0,3,0,4,0,0,0,1,3,3,2,2,1,0,1,3,1,5,3,1,11,0,0,0,0,0,1,0,0
1,1,1,7,3,1,0,0,2,1,5,3,0,1,0,0,0,3,5,3,2,5,1,0,6,1,3,11,5,9,4,5,6,4,0,5,2,5
1,0,0,1,0,0,1,0,0,1,0,1,0,0,0,0,0,0,0,1,0,0,0,0,0,0,1,1,2,3,1,0,1,0,2,5,0,0
4,0,0,3,1,1,0,0,0,1,4,0,0,0,0,0,0,1,2,0,0,0,0,0,1,0,2,3,2,2,1,1,0,0,0,0,0,0
0,0,0,0,0,0,0,0,0,0,0,0,0,0,0,0,0,0,2,0,0,0,0,0,2,0,0,0,0,0,0,0,0,0,0,0,0,0
0,0,0,3,1,0,0,0,0,0,0,0,0,0,0,0,0,0,2,0,0,2,0,0,0,0,0,2,1,4,0,0,2,0,0,0,0,0
