0,0,0,1,0,0,0,0,0,0,0,0,0,0,0,0,0,0,0,0,0,0,0,0,0,0,0,0,0,0,0,0,0,0,0,0,0,0
3,6,4,13,1,1,1,0,0,0,0,0,0,0,0,0,0,0,0,0,0,0,0,0,1,0,0,0,0,1,0,0,0,0,0,0,0,0
0,7,10,0,0,6,0,0,0,0,1,0,0,0,0,0,0,0,0,2,0,2,0,0,0,0,1,0,0,0,0,0,0,0,0,0,0,0
7,12,7,73,18,28,9,1,2,1,5,9,1,1,0,1,0,0,8,2,0,1,0,0,6,3,5,3,4,3,0,0,0,4,1,3,0,1
2,4,5,19,16,18,14,3,4,5,7,9,1,1,0,3,0,1,1,8,4,1,0,0,5,1,3,4,0,8,1,0,0,0,0,0,0,1
2,11,16,31,2,83,34,2,1,1,9,10,5,2,0,0,6,8,6,1,2,7,0,2,0,3,16,5,0,7,0,0,0,2,2,0,0,0
0,5,8,15,5,66,30,0,3,0,4,4,7,3,0,0,8,3,7,3,0,0,0,0,0,0,10,3,1,5,0,0,2,3,1,2,0,0
1,0,4,11,5,10,8,0,0,0,2,3,0,1,0,2,0,1,3,0,0,1,0,1,1,1,5,1,1,4,0,0,0,0,0,0,0,0
0,0,0,3,1,14,1,0,3,0,1,0,0,0,0,0,0,0,6,0,2,0,0,0,3,0,3,0,0,1,0,0,0,0,0,2,0,0
4,3,0,5,3,3,8,0,0,1,4,1,0,0,0,0,0,1,0,2,1,2,0,0,8,0,0,3,0,0,1,3,0,0,1,0,0,0
13,8,2,30,12,7,8,1,6,3,7,11,7,6,0,2,9,9,4,12,2,9,5,3,12,4,11,4,0,7,1,0,3,3,0,1,0,3
4,1,3,26,18,35,13,1,6,7,11,8,6,2,1,4,8,3,7,4,4,14,3,0,8,1,11,11,4,6,0,4,3,4,0,0,0,0
0,4,3,11,2,33,18,0,2,2,11,7,6,1,0,1,9,3,17,2,1,8,5,4,10,2,15,4,3,15,2,2,3,2,0,1,0,1
0,1,2,5,9,12,6,0,2,3,7,4,1,1,0,0,6,1,5,1,1,1,2,6,6,4,15,4,1,3,0,4,2,3,4,1,0,0
1,0,0,0,1,4,0,0,0,1,0,0,3,0,0,2,0,0,1,0,1,1,1,0,0,0,1,0,0,2,0,0,0,0,0,0,0,0
0,0,0,5,0,13,5,1,2,0,0,3,2,0,0,0,2,1,4,0,3,2,0,0,0,1,7,3,0,0,0,0,0,3,1,0,0,0
1,1,2,5,4,14,15,0,4,1,10,3,5,3,0,0,5,9,17,1,2,9,1,1,5,3,25,5,1,22,2,1,3,2,2,1,0,1
0,3,0,10,14,13,9,0,1,5,4,4,4,0,0,0,9,2,21,6,6,11,0,3,3,1,17,3,0,13,3,1,0,1,0,0,1,1
1,1,1,6,0,17,9,0,2,1,4,6,5,4,0,1,6,9,4,8,0,9,0,4,8,2,23,4,3,22,0,1,1,1,0,1,0,1
2,4,0,8,4,9,5,0,1,5,6,3,2,0,0,0,1,9,0,6,5,1,2,4,11,1,7,3,1,2,1,0,0,1,2,0,0,1
2,1,1,5,8,5,2,0,0,0,2,2,1,0,0,0,1,2,2,3,1,3,0,0,1,0,4,3,0,3,0,0,0,1,0,0,0,0
0,1,4,3,7,6,3,0,2,2,0,3,2,1,0,0,2,1,9,4,3,1,1,1,12,0,9,11,1,10,1,0,0,2,1,1,0,1
0,0,0,1,2,4,1,0,0,0,0,0,0,0,0,0,1,0,1,0,0,0,0,0,0,0,4,1,0,2,0,0,0,0,0,0,0,0
0,0,0,2,0,8,1,1,0,1,3,3,0,2,0,3,2,2,3,1,2,2,0,1,4,0,4,2,0,8,1,2,1,2,0,0,0,0
1,10,1,14,2,8,5,1,0,6,15,5,3,4,0,0,4,6,10,7,3,6,0,2,20,3,31,14,3,24,3,0,0,10,4,5,2,1
1,1,1,5,3,2,3,0,0,2,3,2,0,0,0,0,0,0,2,4,2,0,1,0,6,0,5,5,0,8,0,0,1,5,0,0,0,1
0,2,10,13,6,20,22,2,3,7,7,11,5,2,0,3,10,8,34,10,5,11,1,6,26,7,45,31,4,52,0,3,6,7,2,0,0,0
0,4,3,12,5,17,7,0,1,1,5,3,3,3,0,2,3,5,4,7,5,6,1,2,30,3,13,17,10,40,3,3,2,12,3,6,0,1
0,0,0,0,0,2,2,0,0,0,1,1,0,0,0,0,2,2,3,0,1,2,0,2,5,0,11,2,1,6,0,0,0,3,4,0,0,2
1,2,1,11,1,14,6,3,4,1,7,9,1,2,0,0,9,12,21,4,5,9,1,0,33,1,40,36,13,115,7,7,7,8,4,2,1,6
0,1,0,2,2,4,3,0,1,0,0,0,0,0,0,0,0,0,2,0,0,0,0,0,0,1,2,1,1,6,2,0,3,0,4,0,0,0
0,0,0,1,0,1,1,0,0,0,0,2,0,0,0,0,0,0,1,0,1,1,0,0,0,0,2,0,0,7,0,0,1,1,0,0,1,0
0,1,0,1,0,1,1,0,0,0,0,0,1,0,0,1,0,3,1,0,0,0,0,1,3,0,3,6,1,8,0,0,4,2,0,1,0,2
1,2,0,2,0,4,1,1,0,0,0,1,0,2,0,0,1,2,2,7,1,1,0,0,8,2,7,10,2,19,6,1,5,2,2,0,0,1
0,0,0,1,2,0,0,0,0,0,2,1,0,0,0,0,1,0,0,0,1,1,0,0,2,0,1,1,1,9,0,3,1,0,0,0,0,1
0,0,0,2,0,0,1,0,0,0,0,0,0,0,0,0,0,0,1,0,0,0,0,0,1,0,3,3,0,1,0,0,1,2,0,0,0,0
0,0,0,0,0,2,0,0,0,0,0,0,0,0,0,0,0,0,0,0,0,0,0,0,0,0,0,0,2,1,0,0,0,1,0,0,0,0
0,0,1,5,0,1,0,0,0,0,0,1,2,0,0,0,0,0,0,1,1,2,0,0,0,0,0,1,0,1,1,0,0,1,0,2,0,0
