1.415
2.04622641509
2.57888888889
1.91
2.17612440191
2.11228346457
1.95774725275
1.85272727273
1.48195121951
2.77581818182
2.10368159204
2.15821621622
1.77352272727
2.16193548387
1.93464285714
2.00527272727
1.86248322148
1.75378378378
2.0621641791
1.78531531532
2.40982758621
1.88775510204
1.72925925926
2.13358974359
2.07323529412
1.70223880597
2.16683646113
2.21372262774
2.33119402985
1.98954347826
3.79363636364
2.5
4.85326086957
2.1482278481
3.72115384615
3.45576923077
6.69333333333
4.33071428571
