7,4,1,0,0,0,0,0,0,0,0,0,0,0,0,0,0,0,0,0,0,0,0,0,0,0,0,0,0,0,0,0,0,0,0,0,0,0
4,24,9,11,0,2,3,0,0,0,0,0,1,0,0,0,0,0,0,0,0,0,0,1,0,0,0,1,0,0,0,0,1,0,0,0,0,0
1,3,2,3,0,8,6,0,0,0,0,1,0,0,0,0,0,0,0,0,0,0,0,0,0,0,0,0,0,0,0,0,0,0,1,0,0,0
0,12,12,62,12,28,7,1,2,0,4,0,4,0,0,1,5,5,2,2,2,2,1,0,1,0,2,2,0,5,0,0,0,2,0,0,0,0
8,5,3,57,6,31,22,1,1,5,7,5,2,1,1,0,2,2,0,14,0,3,0,0,6,0,4,5,8,2,0,2,2,1,0,2,0,0
3,6,9,20,7,65,33,3,7,0,6,5,4,1,0,0,5,9,4,1,2,7,0,2,4,2,13,5,5,7,0,0,3,2,0,0,0,0
1,4,4,18,5,31,36,2,6,1,1,3,4,1,0,1,13,8,8,1,2,5,2,1,1,0,9,3,2,10,2,0,0,0,0,0,0,0
0,0,0,5,1,3,3,0,4,0,3,2,0,0,0,0,4,1,1,2,1,2,1,1,1,0,1,1,0,6,0,0,0,0,0,0,0,0
0,0,0,3,0,4,7,0,0,0,5,3,0,1,0,0,2,2,2,0,2,1,0,0,0,0,6,0,0,3,0,0,0,0,0,0,0,0
2,6,2,4,6,5,0,0,0,0,3,2,0,1,0,0,1,3,1,6,0,0,0,0,2,0,1,3,2,1,0,0,0,0,1,0,0,0
8,6,2,23,17,12,5,1,4,3,3,4,6,1,0,1,6,2,5,10,2,15,2,4,17,2,6,10,1,9,1,2,0,5,0,0,0,1
2,3,1,17,9,13,11,3,2,3,8,6,8,4,1,7,5,5,5,6,2,11,0,5,10,0,15,6,2,8,2,3,2,0,1,2,0,2
0,2,0,2,4,23,10,1,2,3,7,4,4,3,0,2,6,9,13,1,2,8,0,1,5,1,18,8,0,11,2,1,1,3,0,0,0,0
0,1,2,12,7,11,14,0,1,1,0,6,3,3,0,3,8,3,7,5,3,3,0,1,6,0,9,11,3,9,0,1,3,0,3,0,0,1
0,0,0,3,0,4,1,1,0,0,0,0,0,0,0,0,1,0,0,1,1,7,0,0,0,1,3,0,0,3,0,1,2,0,0,0,0,0
0,0,0,2,1,11,6,0,0,2,1,0,0,0,0,0,3,2,3,2,1,3,1,0,2,0,3,1,0,3,0,1,0,2,1,0,0,0
0,2,0,5,3,23,10,1,2,2,1,14,6,6,1,0,4,1,12,2,2,3,1,1,7,0,16,2,2,13,1,2,0,4,1,0,0,1
0,0,1,4,3,5,10,0,6,1,2,5,7,4,0,0,3,4,10,4,2,10,0,3,5,2,25,7,3,12,0,4,1,2,1,0,0,0
1,5,0,6,2,23,11,0,1,0,1,3,3,3,1,0,5,3,7,1,3,5,0,1,6,2,22,7,2,7,1,2,1,0,0,0,0,0
4,0,0,11,4,4,7,0,3,8,14,7,0,2,0,1,2,2,0,9,1,3,1,3,10,0,3,8,0,6,0,1,0,1,0,0,0,0
1,0,0,4,7,12,0,1,1,2,3,2,0,0,1,0,1,0,1,2,0,1,0,1,0,0,3,3,2,7,0,1,0,1,0,1,0,0
0,0,4,2,5,8,7,4,1,0,12,12,6,3,2,2,6,12,3,6,1,2,0,1,7,0,8,4,2,16,1,0,0,4,2,0,0,0
0,0,0,2,3,1,3,0,0,0,2,0,0,1,0,0,1,4,0,0,0,0,1,0,2,0,4,3,0,3,0,0,0,0,0,0,0,0
2,0,1,0,1,3,3,0,1,1,1,0,1,1,0,0,3,4,2,1,0,0,0,0,1,1,2,1,2,3,2,0,0,2,0,1,0,0
3,6,5,6,3,14,4,0,0,6,7,4,2,5,1,0,10,7,4,15,9,4,0,1,22,0,22,19,8,15,2,0,1,0,4,1,0,1
0,2,0,0,1,3,4,0,0,0,1,0,1,3,0,0,0,2,3,1,2,1,2,1,7,2,10,4,5,7,1,0,0,2,0,1,0,2
0,6,4,12,6,42,18,4,3,5,9,5,11,4,1,0,3,14,14,8,7,5,0,6,21,6,37,21,2,52,3,8,6,9,1,5,0,3
0,0,2,11,10,11,9,0,0,1,6,7,5,5,0,1,6,15,11,7,1,5,3,0,21,4,25,12,14,38,8,4,4,11,6,6,0,5
0,0,1,4,1,2,2,0,1,2,3,1,1,0,0,0,1,3,0,0,0,1,0,0,3,1,4,2,5,21,0,1,0,3,0,0,0,0
1,1,2,14,7,26,16,0,2,5,5,5,9,3,1,0,8,9,19,3,5,11,3,4,30,3,52,41,13,98,15,7,4,18,5,5,0,3
0,1,0,1,0,0,2,0,0,0,1,1,0,0,0,0,0,1,0,1,1,0,0,0,3,0,3,5,0,0,1,0,0,0,0,0,0,1
0,0,0,0,0,0,1,0,0,0,0,0,0,0,0,0,0,0,0,0,0,0,0,0,1,1,1,2,2,3,0,0,0,0,0,0,0,2
3,0,1,1,0,7,4,0,0,0,1,0,0,2,0,0,0,0,0,1,0,2,0,0,3,0,10,3,1,7,3,0,0,1,0,2,0,3
0,0,0,0,0,2,2,0,0,1,2,0,0,0,0,1,2,4,1,3,4,0,0,1,7,0,3,8,2,17,1,3,2,0,0,1,0,5
0,1,0,2,2,1,0,0,0,0,2,0,0,0,0,0,0,0,1,0,0,1,0,0,0,0,7,2,1,2,0,0,0,0,1,0,0,0
0,0,0,2,0,1,0,1,0,0,0,0,0,0,0,0,0,0,2,0,0,0,0,0,3,0,5,1,3,1,1,0,2,2,0,4,0,0
0,0,0,0,0,2,0,0,0,0,0,0,0,0,0,0,0,0,0,0,0,0,0,0,0,0,0,2,0,0,0,0,0,0,0,0,0,0
0,0,2,0,0,1,0,0,0,0,0,0,0,0,0,1,0,1,0,0,0,0,0,0,3,0,3,3,0,0,0,0,0,0,0,0,0,0
