3,0,1,2,0,1,0,0,0,0,0,0,0,0,0,0,0,0,1,0,0,0,0,0,0,0,0,0,0,0,0,0,0,0,0,0,0,0
3,7,10,8,0,2,1,0,0,0,0,0,1,0,0,0,0,0,0,0,2,0,1,0,2,0,0,0,0,0,0,0,0,0,0,0,0,0
1,5,9,1,0,4,0,0,0,0,1,0,0,0,0,0,0,0,0,0,0,0,0,2,2,0,0,0,2,0,0,0,0,0,0,0,0,0
9,16,15,56,11,28,10,0,1,1,4,2,3,0,0,0,1,1,2,2,0,0,0,0,0,0,5,0,1,2,2,0,1,1,1,1,0,0
2,10,3,30,2,15,11,0,2,6,5,3,3,2,0,6,3,0,1,7,1,0,0,1,4,0,3,4,1,1,0,0,1,1,2,0,0,0
4,10,8,24,10,62,19,0,9,1,5,5,6,1,0,0,7,4,7,0,0,6,0,0,4,2,5,2,2,13,0,1,3,0,0,0,0,0
2,6,6,17,4,39,24,0,2,4,1,6,7,1,0,0,3,4,13,2,2,2,2,0,6,0,13,5,0,5,0,0,1,0,0,0,0,0
0,0,0,2,2,11,5,1,1,1,2,1,1,2,0,0,2,3,3,0,0,3,1,2,4,1,3,5,0,3,1,2,2,2,0,0,0,0
0,0,2,1,1,9,4,1,2,0,2,6,1,1,0,0,0,2,0,0,0,0,0,2,3,0,1,1,0,0,0,0,0,0,1,3,0,0
2,4,1,3,6,0,3,0,1,0,4,1,0,4,0,0,3,1,1,1,3,1,0,0,5,3,0,2,0,1,0,0,2,0,0,0,0,0
5,3,3,23,13,4,11,3,3,1,16,6,3,0,0,2,4,11,13,11,3,10,1,2,19,2,10,4,3,15,2,0,2,1,1,3,0,0
1,2,4,25,5,20,12,0,2,4,14,9,1,7,2,6,11,5,2,2,3,17,0,2,6,2,8,4,1,3,1,0,0,1,0,0,0,0
2,2,3,10,7,23,20,1,0,5,5,4,5,1,0,0,7,2,12,2,3,3,1,2,5,0,9,2,2,17,2,3,2,0,1,0,0,1
0,3,4,10,3,12,3,1,1,4,2,9,3,2,0,0,1,4,5,1,4,13,0,2,1,3,16,6,1,1,0,0,1,4,1,1,0,0
0,0,0,1,2,0,5,0,0,0,1,2,0,0,0,0,0,1,1,4,0,0,0,0,0,0,2,4,0,2,0,0,1,0,0,0,0,0
2,0,1,2,0,8,1,1,0,1,3,0,0,1,0,0,3,1,5,1,1,1,0,3,0,2,3,2,2,5,0,0,1,0,1,0,0,0
4,0,2,5,2,10,20,0,0,1,2,4,3,3,0,1,7,10,10,3,1,4,1,2,3,1,17,7,0,8,2,0,1,3,1,0,0,1
7,0,2,9,7,22,12,0,4,0,4,1,7,3,0,0,5,4,12,4,3,12,2,2,4,2,21,3,4,17,1,1,1,2,0,2,0,0
0,0,2,3,0,25,19,0,4,1,5,3,8,2,0,0,8,5,7,3,2,9,0,1,12,0,19,4,0,13,2,0,2,2,1,0,0,0
0,2,2,6,7,7,7,0,0,4,11,3,0,3,0,0,2,2,5,13,0,0,0,0,15,0,2,1,0,4,1,0,0,0,0,1,0,0
0,1,0,4,2,5,2,4,1,0,4,0,0,1,0,2,3,0,0,3,0,1,0,0,3,0,1,2,1,0,0,0,0,0,0,0,0,1
1,0,7,6,4,12,6,0,1,2,6,12,3,0,0,7,8,7,4,0,0,1,1,2,10,0,8,4,1,4,0,1,0,0,0,0,0,2
0,1,0,0,1,0,1,3,0,4,0,1,1,1,0,0,1,0,2,0,0,0,1,0,0,0,1,3,1,2,0,0,0,1,0,0,0,0
0,0,1,1,2,7,0,0,0,0,1,0,2,2,0,0,6,2,4,0,1,2,0,0,2,0,8,0,0,7,2,0,0,0,0,0,0,0
3,6,1,15,1,12,5,1,0,6,16,6,3,5,0,1,4,11,10,23,2,6,0,4,32,5,22,27,2,31,1,2,3,4,0,2,0,1
1,0,0,0,0,3,0,0,0,2,1,4,2,3,0,0,1,1,2,0,2,0,0,0,4,1,10,5,1,10,0,0,0,3,0,1,0,1
3,4,8,11,6,33,20,4,1,3,10,10,7,7,0,7,22,11,21,8,1,14,1,3,19,1,52,17,3,48,3,2,2,7,0,0,0,2
3,1,2,16,5,9,3,0,0,3,11,4,3,3,1,0,6,10,5,6,2,5,3,2,18,2,26,31,6,49,6,3,3,9,7,0,0,3
0,0,0,3,1,4,1,1,0,0,1,2,2,2,0,0,2,1,5,3,1,1,0,1,5,0,7,10,2,14,2,0,0,6,1,0,0,2
4,9,2,11,11,40,15,0,2,2,6,3,5,1,0,0,9,15,30,9,4,5,1,3,28,10,57,34,8,100,13,1,6,8,2,2,3,3
0,0,0,0,0,3,3,0,0,0,0,0,0,0,0,0,0,1,2,0,0,1,0,0,0,0,0,0,0,7,0,1,2,2,0,2,0,0
0,0,0,0,0,1,1,0,0,1,0,1,0,0,0,0,0,0,3,0,1,2,0,0,3,0,1,0,0,2,0,0,0,0,0,0,0,0
1,0,0,1,2,5,1,0,0,0,4,0,0,0,0,0,0,1,1,1,0,0,0,0,2,0,5,3,1,7,0,0,2,0,0,0,0,3
0,0,1,7,1,3,3,0,0,0,2,0,0,0,0,0,0,2,6,3,1,0,0,0,5,0,6,6,2,11,3,0,4,3,2,4,0,3
1,0,0,1,1,1,1,0,2,0,1,0,0,0,1,0,0,3,0,1,0,0,0,0,0,0,3,4,0,2,1,0,0,2,1,3,0,2
0,1,0,1,0,3,0,0,0,1,3,1,0,0,0,0,0,0,1,2,0,1,0,0,1,0,0,0,0,3,0,0,1,0,1,0,0,1
0,0,0,0,0,0,0,0,0,0,0,0,0,0,0,0,0,0,0,0,0,2,0,0,1,0,1,0,0,0,0,0,0,0,0,0,0,0
0,0,0,0,1,2,0,3,0,0,2,0,1,0,0,0,0,0,0,2,0,0,0,0,2,0,1,0,0,5,1,0,0,5,0,0,0,0
