0,1,1,4,0,0,0,0,0,0,0,0,0,0,0,0,0,0,0,0,0,1,0,0,1,0,0,0,0,0,0,0,0,0,0,0,0,0
6,16,3,6,0,0,0,0,0,0,0,0,0,1,0,0,0,0,0,1,0,0,0,0,0,0,0,0,0,0,0,0,1,0,0,0,0,0
2,1,12,3,0,7,0,0,0,0,1,0,0,0,0,0,0,0,0,1,0,0,0,0,0,0,0,1,0,0,0,0,0,0,0,3,0,0
11,20,30,61,7,31,8,0,4,4,9,0,0,0,0,0,0,2,1,1,2,2,1,1,5,0,2,2,0,6,0,2,0,1,0,0,0,0
2,4,3,15,9,8,8,1,0,2,4,5,1,5,0,3,0,5,3,2,3,0,2,0,9,1,3,2,1,9,0,0,3,2,1,2,0,0
2,9,13,27,5,65,33,0,6,3,5,2,3,1,0,1,4,5,4,2,0,3,1,0,3,1,18,3,1,11,1,2,0,0,0,0,0,0
0,2,4,5,2,38,29,4,7,1,3,7,9,0,0,2,9,1,2,1,0,2,0,1,2,2,8,2,2,5,0,4,0,0,0,0,0,0
2,1,0,4,1,9,2,0,1,1,4,1,0,0,0,1,0,2,2,1,1,0,0,1,0,1,1,0,0,6,0,0,2,2,0,0,0,0
0,0,0,1,0,8,1,0,0,1,6,2,0,0,0,0,1,5,1,0,1,0,0,0,0,0,1,0,0,1,0,0,0,0,0,0,0,0
0,3,0,7,5,4,3,1,0,2,2,3,0,3,0,0,0,0,0,3,0,0,0,1,8,0,2,2,2,4,2,1,0,0,1,0,0,1
7,9,1,46,17,26,10,0,2,4,5,7,3,2,1,1,5,4,9,13,5,5,2,0,15,1,9,15,2,17,2,1,0,2,0,0,0,2
1,3,4,15,3,11,8,1,3,3,11,4,4,6,0,3,7,4,3,4,3,5,0,2,12,2,9,4,1,15,1,0,0,1,0,0,0,2
1,0,8,7,1,21,30,0,4,0,5,2,7,3,0,2,2,4,8,4,0,5,1,1,8,0,19,2,0,15,0,3,1,2,0,0,0,0
1,2,2,22,11,18,9,2,2,0,6,5,3,2,4,3,3,1,4,5,2,1,2,0,3,2,17,6,5,4,1,0,1,1,0,1,0,0
0,0,3,2,3,4,2,0,2,0,0,0,2,0,0,0,0,0,0,0,0,0,0,0,1,0,0,0,0,1,0,0,0,0,0,0,0,0
0,0,0,3,5,8,3,0,3,0,1,3,2,1,0,1,3,0,1,0,2,3,0,0,2,1,6,1,4,4,2,0,1,0,0,1,0,0
1,1,3,8,2,24,12,0,4,4,3,6,3,4,0,3,0,8,6,2,3,9,0,1,8,0,18,7,2,14,1,0,1,0,0,0,0,2
2,1,3,6,5,20,8,0,1,0,3,3,6,1,1,2,11,1,10,4,5,10,1,4,5,1,16,4,1,19,0,0,0,2,0,2,0,3
3,1,3,1,0,14,13,2,2,2,5,0,8,0,1,0,9,5,9,1,3,11,0,0,2,1,16,1,4,10,1,0,0,0,0,4,0,0
1,1,2,10,10,10,1,0,3,2,8,1,0,0,0,0,4,2,4,13,6,3,1,1,4,0,3,2,0,1,2,0,0,0,0,0,0,0
0,0,1,0,2,3,0,0,2,1,2,1,0,1,0,0,1,1,0,5,0,2,0,3,4,0,0,2,0,4,0,0,0,2,0,0,0,0
1,0,4,11,1,7,5,0,1,0,5,4,2,4,2,3,6,3,4,7,2,3,6,0,3,0,6,4,2,12,0,0,1,0,1,2,0,0
0,1,1,0,2,1,2,1,0,1,0,2,0,1,0,0,0,0,0,0,1,0,0,0,0,0,4,0,0,0,0,0,1,1,0,0,0,0
0,0,0,3,1,7,6,0,2,0,1,4,1,4,0,0,3,3,1,3,3,0,0,0,4,0,14,1,2,6,0,0,0,0,0,0,0,0
4,0,4,6,15,13,13,0,1,4,13,2,1,2,0,1,5,8,5,15,7,7,4,2,12,10,19,12,8,26,4,1,1,6,2,5,0,0
1,4,0,4,2,5,0,0,0,2,2,1,0,1,0,0,0,2,1,0,0,2,0,0,2,3,5,4,1,4,0,1,0,0,0,0,0,0
4,2,6,11,4,28,11,0,2,2,11,6,5,5,0,3,14,15,4,8,5,7,2,5,23,4,29,15,4,58,2,8,7,5,2,0,0,1
0,1,2,11,3,15,10,0,0,0,12,2,2,2,0,0,1,9,4,10,1,2,0,0,34,0,16,23,9,38,3,0,0,8,2,3,0,4
0,0,0,4,1,4,0,0,0,1,2,1,2,0,0,0,0,2,1,0,2,1,0,1,4,3,1,6,3,18,0,0,1,1,3,2,1,0
4,4,8,13,10,25,16,0,6,1,9,5,3,6,0,3,12,9,15,7,12,7,5,4,37,10,47,30,16,81,9,13,6,14,4,4,0,4
2,0,0,0,0,0,0,0,0,0,0,0,0,2,0,0,2,0,0,0,0,1,0,0,0,0,2,0,0,8,0,0,1,0,0,0,0,2
0,1,1,0,1,0,1,0,0,0,0,0,0,0,0,0,0,0,0,0,0,0,0,0,0,0,1,3,0,6,0,0,0,0,0,0,0,0
0,1,0,2,0,1,0,0,0,0,1,0,1,0,0,0,2,0,2,2,0,0,0,1,2,0,4,2,0,8,2,0,0,0,2,1,0,1
0,0,1,3,0,5,3,1,2,2,0,1,0,1,0,0,0,5,6,2,0,1,1,0,9,1,6,20,4,20,4,6,3,8,0,2,0,5
2,0,0,0,1,1,0,0,0,2,7,0,0,0,0,0,0,0,2,0,0,0,0,0,1,1,0,2,0,3,0,0,0,2,0,0,0,0
0,0,0,3,0,0,0,1,0,0,1,0,0,0,0,0,0,1,0,0,0,0,0,0,3,0,4,0,0,2,1,0,4,0,0,0,0,0
0,0,0,0,0,0,0,0,0,0,0,0,0,0,0,0,0,0,0,0,0,0,0,0,0,0,0,0,0,0,0,0,0,0,0,0,0,0
0,0,0,0,0,2,2,0,0,0,0,0,0,0,0,0,0,0,0,2,0,0,0,0,3,0,2,0,0,1,3,1,0,1,0,1,0,1
