0,0,0,1,0,3,0,0,0,0,0,0,0,1,0,0,0,0,0,0,0,0,0,0,0,0,0,0,0,0,0,0,0,0,0,0,0,0
3,9,7,8,1,3,0,0,0,0,0,0,0,1,0,0,0,0,0,0,1,0,0,0,0,0,0,0,0,1,0,0,0,0,0,0,0,0
2,6,10,1,0,2,2,0,0,0,0,0,0,0,0,0,0,0,0,0,0,0,0,0,1,0,0,0,0,1,0,0,0,0,0,0,0,0
4,15,48,49,11,17,6,0,0,1,7,2,0,1,0,0,3,3,2,0,1,3,2,1,5,2,3,0,1,1,0,0,0,0,0,1,0,0
3,9,1,36,13,20,15,1,3,1,19,6,7,2,0,3,5,4,3,6,5,5,1,1,10,1,8,1,3,3,1,0,0,0,1,0,0,0
7,3,15,15,5,51,24,1,3,4,4,2,7,6,0,1,4,5,6,4,0,5,0,4,1,0,10,6,2,5,0,0,0,0,1,1,0,1
1,5,5,12,2,35,28,8,1,1,3,2,7,1,0,1,6,3,4,3,2,6,0,7,2,5,6,8,2,9,3,0,2,1,0,0,0,0
0,1,1,4,0,4,7,0,1,1,0,2,0,1,0,2,3,3,1,0,2,0,1,1,1,1,2,1,0,2,0,0,0,1,0,3,0,0
1,0,0,1,1,9,9,0,0,0,5,1,0,2,0,0,3,4,1,0,0,2,0,0,2,0,5,0,1,0,2,0,0,0,0,0,0,0
1,3,3,6,2,1,3,0,0,7,1,2,2,0,0,0,0,1,2,0,3,2,0,1,3,0,1,3,0,1,0,0,0,0,0,0,0,0
2,15,1,20,12,11,9,0,0,10,9,7,3,2,2,5,2,5,1,11,7,7,0,1,19,7,13,4,2,12,1,2,1,2,0,0,0,0
1,4,3,17,8,8,2,2,5,3,5,9,4,2,4,7,11,0,4,7,1,6,0,3,6,1,13,3,1,4,0,3,1,0,0,2,0,0
6,5,2,10,4,17,12,0,3,1,5,1,3,5,0,2,3,1,15,4,4,6,5,3,3,2,11,6,2,8,5,3,0,2,0,4,0,2
0,0,1,17,3,9,5,2,1,3,9,2,1,1,0,4,11,6,9,3,3,13,0,1,6,1,14,4,3,5,1,0,0,5,1,0,0,1
0,0,1,4,0,4,3,1,1,0,1,0,1,0,0,0,2,1,0,1,4,0,1,1,2,0,0,1,0,0,0,0,0,0,1,0,0,0
0,0,1,0,1,10,11,0,0,0,0,1,1,0,0,0,1,0,10,0,1,2,0,3,1,1,2,0,0,6,1,0,0,2,0,0,0,0
0,2,4,6,1,16,10,1,0,1,5,4,2,1,1,0,1,6,4,6,3,2,0,2,1,0,21,5,0,11,0,1,1,1,0,2,0,1
1,2,5,10,7,18,7,0,1,1,3,4,4,1,0,0,8,4,9,6,6,6,2,2,7,3,17,1,5,16,1,3,1,1,0,0,0,2
0,1,0,2,1,13,6,0,3,0,1,1,3,1,0,1,6,9,5,3,7,4,0,1,7,0,20,1,2,18,0,2,0,3,0,1,0,1
4,2,0,10,1,5,2,0,3,1,7,2,2,0,0,0,5,5,1,3,2,0,0,0,5,2,5,4,0,5,0,0,0,2,0,2,0,0
1,2,0,4,3,4,3,0,1,0,1,1,1,0,0,1,0,4,2,3,1,5,1,0,5,2,7,2,0,2,0,0,0,0,0,0,0,0
0,0,1,3,6,11,3,1,0,0,6,11,3,2,0,1,2,6,9,7,2,1,0,2,4,2,7,3,2,4,0,0,3,2,0,1,0,0
0,0,1,0,0,5,0,0,0,2,2,0,0,0,0,0,0,2,0,0,0,0,0,0,3,1,5,0,0,0,1,0,1,0,0,0,0,1
0,0,0,5,0,4,6,0,0,0,3,0,3,2,0,1,1,1,1,1,1,4,1,2,2,1,9,1,0,3,0,0,0,0,0,0,0,2
3,6,1,10,10,5,7,0,1,9,18,7,2,2,0,2,4,8,5,13,6,5,0,3,31,10,21,8,4,19,4,2,2,3,2,0,0,1
0,1,0,0,1,10,1,0,1,1,3,0,0,1,0,0,2,1,1,3,3,1,2,1,3,0,3,6,2,6,0,0,1,1,0,0,0,0
1,0,5,18,6,20,13,0,3,3,2,8,8,3,0,7,11,11,8,3,6,12,0,1,17,7,27,10,7,48,4,1,5,9,1,2,0,1
2,7,1,10,7,6,7,1,2,1,4,4,2,2,0,0,2,2,6,1,1,7,1,2,23,4,21,19,5,33,5,2,1,3,0,2,0,2
0,1,0,2,1,1,4,0,0,0,0,0,0,2,0,0,2,3,1,1,2,0,0,0,10,0,11,6,1,19,0,5,0,1,2,0,0,3
0,2,13,27,14,29,8,1,1,4,10,3,2,3,1,0,13,12,19,15,4,10,4,5,52,0,59,24,16,77,17,13,6,12,1,3,0,3
1,0,0,2,0,2,0,0,0,0,0,0,0,0,0,0,0,0,0,0,0,1,0,0,1,1,0,0,2,0,2,0,2,2,0,2,0,0
0,0,0,0,0,0,0,0,0,0,0,0,0,0,0,0,0,1,0,2,0,1,0,0,0,0,1,0,2,3,0,0,0,0,0,0,0,0
0,1,0,0,0,4,3,0,0,0,0,0,0,0,0,0,0,5,4,0,1,1,0,0,1,0,6,0,0,5,0,0,1,2,2,1,0,0
0,1,1,4,5,2,5,0,0,0,3,6,4,0,0,0,0,3,3,2,5,0,0,1,8,0,5,2,4,9,0,2,2,6,0,0,0,6
0,0,0,0,0,0,1,0,0,0,1,0,0,0,0,0,0,1,2,0,0,0,0,0,0,1,3,0,0,10,0,3,2,1,0,0,0,0
0,0,0,3,0,1,0,0,0,0,1,0,0,0,0,0,0,2,1,0,2,0,0,0,2,0,0,1,0,3,0,0,0,2,0,2,0,0
0,0,0,0,2,0,0,0,0,0,0,0,0,0,0,0,0,0,0,0,0,0,0,0,0,0,0,0,0,0,0,0,0,2,0,0,0,0
0,0,0,0,0,0,0,0,0,0,0,1,0,0,0,0,0,0,1,0,2,2,0,0,1,0,0,1,1,0,0,0,0,0,0,0,0,0
