5,3,3,2,0,0,0,0,0,0,1,1,0,0,0,0,0,0,0,0,0,0,0,0,0,0,0,0,0,0,0,0,0,0,0,0,0,0
3,20,15,6,1,2,0,0,0,0,4,0,0,0,0,0,0,0,0,0,0,0,0,1,0,0,0,0,0,0,1,0,0,0,0,0,0,0
4,1,6,3,0,3,0,0,0,0,0,1,0,0,0,0,0,0,0,0,0,0,0,0,0,0,0,0,0,1,0,0,0,0,0,0,0,0
4,25,51,41,11,26,11,2,2,0,8,1,1,1,0,1,2,0,1,0,2,0,0,0,5,1,5,1,0,4,1,0,0,0,0,1,0,0
5,8,3,27,14,13,5,0,6,6,11,6,6,0,0,0,3,2,4,3,9,2,0,1,6,0,9,5,2,5,3,0,0,1,0,0,0,0
7,0,15,19,2,52,35,1,1,0,2,3,2,1,0,0,2,3,4,1,1,7,0,3,6,0,12,3,0,8,1,1,2,0,0,0,0,1
0,7,4,9,3,37,19,0,1,1,0,4,7,0,0,0,2,0,0,4,2,4,2,0,5,0,11,3,0,11,2,1,0,0,0,0,0,0
0,0,0,1,1,2,3,0,1,0,1,1,1,0,0,1,0,2,1,1,0,0,0,0,4,0,1,0,0,1,0,0,0,0,0,1,0,0
0,0,2,1,1,6,2,0,0,1,3,5,0,0,0,0,1,0,0,0,1,1,0,0,0,0,2,0,0,3,1,0,0,0,0,0,0,0
3,1,2,8,5,3,0,0,0,3,0,2,0,2,1,0,0,0,2,2,2,0,0,0,5,0,0,1,0,1,1,0,0,0,0,0,0,0
5,8,3,33,10,14,17,3,2,4,11,7,7,7,0,6,3,10,10,17,1,9,1,3,23,1,15,9,1,18,0,0,0,1,0,1,0,0
1,2,3,13,6,12,8,2,0,3,14,6,3,3,0,0,10,6,4,0,5,4,5,1,6,4,7,4,1,12,0,0,1,3,0,0,0,2
0,4,1,8,10,23,11,0,3,0,7,5,6,0,0,0,5,6,4,2,1,7,0,1,7,2,8,1,3,24,5,3,1,1,0,0,0,0
0,4,0,6,5,3,5,1,0,0,5,1,4,0,0,1,3,2,4,2,3,9,1,4,12,0,13,7,0,3,1,0,0,0,1,0,0,0
0,0,1,3,1,2,0,2,0,0,2,0,0,1,0,0,2,0,1,0,1,0,0,0,2,0,1,3,0,0,0,0,1,0,0,0,0,0
0,1,0,0,1,6,7,0,0,0,3,3,1,0,0,0,0,1,0,0,0,1,2,0,3,0,4,0,0,4,1,1,0,0,0,0,0,1
1,1,1,6,1,14,9,0,3,0,4,5,2,5,0,1,4,6,2,0,0,9,0,4,2,1,18,1,0,16,0,0,0,0,0,0,0,1
0,0,1,6,5,10,10,1,3,2,6,2,4,0,0,1,1,3,8,6,2,8,0,1,2,2,10,6,0,9,2,2,3,2,1,1,0,0
1,0,1,4,1,8,4,3,1,0,4,2,6,1,0,0,2,6,7,6,0,2,0,2,4,2,17,2,1,2,1,1,0,1,0,1,0,0
1,4,3,4,2,7,1,0,1,0,4,2,1,1,1,0,3,6,5,6,2,2,0,0,5,4,9,3,0,4,1,0,2,1,0,0,0,0
1,4,1,3,2,4,1,0,0,2,6,1,0,1,0,0,0,1,3,2,5,3,0,1,0,1,7,1,0,5,0,1,0,1,0,1,0,0
0,3,2,11,3,7,2,0,0,2,4,3,1,1,0,1,6,5,4,0,3,2,1,3,3,2,9,2,1,9,0,0,2,0,0,0,0,0
0,0,0,0,0,0,1,0,0,1,0,0,0,0,0,0,0,3,1,0,3,2,0,1,2,0,2,1,3,0,0,0,2,0,0,0,0,1
1,2,0,4,3,2,2,0,0,2,3,4,3,3,1,1,0,4,7,1,6,0,0,1,1,0,7,0,0,6,1,0,2,3,0,0,0,1
6,3,0,11,10,8,3,0,0,12,12,2,3,3,0,1,3,3,5,11,6,2,0,1,19,11,15,18,5,28,0,3,1,1,2,2,0,4
0,1,0,3,1,2,2,0,0,1,3,2,0,0,2,0,0,6,2,2,1,1,0,0,2,0,4,2,0,6,0,0,0,0,0,0,0,1
1,7,3,13,3,15,25,0,2,1,9,2,10,4,0,1,6,15,12,2,4,9,0,1,23,3,56,15,5,38,3,7,3,8,0,4,0,1
2,4,3,8,9,4,8,0,1,0,10,5,0,8,0,1,2,13,7,9,4,4,3,3,16,2,14,13,8,36,2,2,4,6,5,1,0,0
0,0,2,1,4,3,1,2,1,0,2,0,1,0,0,0,2,0,6,1,0,0,0,0,2,0,7,10,0,11,0,1,1,0,2,0,0,4
1,3,8,17,10,18,11,0,2,4,12,9,5,4,0,0,1,12,21,10,6,12,1,0,25,3,51,37,11,94,10,3,5,6,5,2,0,8
0,0,0,0,0,0,0,0,0,1,0,0,0,0,0,0,0,2,0,0,1,0,0,0,2,0,1,0,1,4,0,0,0,2,0,0,0,0
1,1,1,2,3,2,2,0,0,0,1,1,0,0,0,0,0,0,0,0,0,0,1,0,2,0,1,1,0,7,0,0,2,0,0,0,0,1
1,0,0,4,1,3,3,0,0,0,4,0,0,1,0,0,3,0,0,0,0,0,0,0,3,0,1,1,0,6,0,2,1,0,1,1,0,0
0,1,0,1,1,4,1,1,0,1,0,0,0,3,0,0,0,3,4,0,0,2,0,0,8,0,3,7,0,10,3,5,0,1,1,2,0,2
0,0,0,0,1,0,0,0,0,0,0,3,0,0,0,0,0,0,2,0,1,0,0,0,1,0,1,0,0,4,0,0,0,1,0,1,0,0
0,0,0,0,0,0,1,1,0,0,6,0,0,0,0,0,0,0,0,0,0,0,0,0,0,1,0,0,0,3,0,0,1,2,0,0,0,0
0,0,0,0,0,0,0,0,0,0,0,0,0,0,0,0,0,0,0,0,0,0,0,0,0,0,0,0,0,4,0,0,0,0,0,0,0,0
0,0,0,0,0,4,0,0,0,0,0,0,0,0,0,0,0,0,0,1,0,0,0,0,1,0,0,2,0,4,0,1,1,5,2,0,1,1
