2,2,0,0,0,0,0,0,0,2,0,0,0,0,0,0,0,0,0,0,0,0,0,0,0,0,0,0,0,0,0,0,0,0,0,0,0,0
2,12,9,9,3,5,0,0,0,0,0,2,2,0,0,0,0,0,0,3,0,0,0,0,0,0,1,0,0,0,0,0,0,0,0,0,0,0
0,9,8,2,2,3,2,0,3,0,0,0,0,0,0,0,1,0,0,1,0,0,0,0,0,0,0,0,0,0,0,0,0,0,0,0,0,0
8,14,43,36,8,19,4,0,0,0,0,0,0,1,0,0,2,2,0,3,2,1,0,0,6,0,0,1,0,1,0,0,0,0,1,0,0,0
4,6,2,23,5,13,6,0,0,7,10,8,2,0,0,3,2,2,1,2,0,9,0,3,5,0,6,2,2,1,1,0,0,0,0,0,0,0
0,1,16,15,2,48,26,0,4,1,2,2,3,1,0,1,5,2,4,0,0,1,0,0,2,0,12,1,1,6,1,0,0,0,0,0,0,0
0,2,6,4,2,28,23,3,2,0,5,3,6,0,0,0,1,1,5,1,0,5,0,1,5,0,3,0,0,5,0,1,0,0,1,2,0,0
1,1,2,2,4,2,6,0,0,0,0,2,1,0,0,1,6,1,1,0,2,0,0,2,0,1,2,2,2,2,0,0,1,0,0,0,0,0
0,0,0,4,1,11,4,0,1,0,4,1,0,0,0,0,1,0,3,0,0,0,0,0,2,0,1,0,0,0,0,0,0,0,1,0,0,0
0,0,0,4,1,1,0,0,0,1,2,5,0,0,0,0,0,0,1,3,3,0,0,2,2,0,6,0,0,1,0,0,0,0,0,0,0,0
5,9,3,35,11,8,6,0,1,5,9,10,1,4,0,5,4,5,5,11,2,11,2,4,14,1,18,13,1,6,0,0,0,2,1,2,0,3
0,1,4,9,4,11,5,1,5,7,5,6,2,4,0,2,4,3,7,3,5,7,1,2,2,1,13,3,0,12,0,0,0,0,0,2,0,2
1,10,1,5,4,20,16,1,1,2,2,7,6,2,0,0,4,8,4,7,1,7,1,5,1,3,19,7,0,5,3,1,2,0,0,1,0,0
4,6,1,9,5,14,6,1,2,3,8,8,1,3,0,2,4,3,8,6,3,5,1,5,3,0,8,4,0,11,0,1,1,4,0,0,0,2
0,0,0,1,0,2,1,0,0,0,1,1,1,0,0,2,0,1,0,0,0,0,0,1,0,0,2,1,0,3,0,0,0,1,0,0,0,0
0,0,2,4,0,6,5,1,1,0,5,1,0,1,0,0,0,0,0,0,0,2,0,4,1,2,6,1,0,1,0,0,0,0,0,0,0,0
2,1,2,6,1,16,6,0,0,1,5,3,0,5,1,2,2,2,8,2,1,4,2,0,3,0,10,7,1,12,0,0,0,0,0,0,0,0
0,5,1,4,3,15,8,0,2,5,2,2,5,1,1,1,2,6,8,4,3,1,1,2,3,0,19,4,2,10,4,2,2,0,1,1,0,1
1,0,1,4,3,10,9,0,0,1,5,1,6,0,0,0,3,11,7,7,0,14,0,2,6,0,16,2,2,19,1,3,2,1,0,0,0,0
3,5,0,5,4,2,1,0,1,1,6,0,0,1,0,0,1,2,2,4,5,1,0,6,7,0,2,4,0,2,1,0,0,0,1,0,0,0
3,3,1,3,2,3,0,0,0,2,2,2,1,0,0,0,0,2,1,2,0,1,1,3,1,0,6,6,0,5,0,2,0,1,0,0,0,0
0,1,0,9,0,7,3,0,2,2,3,3,1,3,0,0,2,7,4,5,1,2,0,0,5,0,11,3,0,9,1,0,0,1,1,0,0,1
0,0,0,0,1,4,0,0,0,0,0,2,1,1,0,2,0,0,2,0,1,1,0,0,1,1,2,0,0,1,0,0,0,0,0,0,0,0
0,0,3,7,1,3,1,0,0,1,6,6,1,1,0,0,1,5,1,2,2,3,0,0,0,2,13,3,0,6,0,0,0,0,1,0,0,1
1,7,3,6,2,6,6,0,1,6,11,9,1,3,0,0,0,3,8,19,6,3,1,0,28,2,12,20,3,16,2,0,1,3,6,1,0,0
0,1,1,5,1,6,2,0,0,0,3,4,2,3,0,0,0,1,1,4,0,0,0,0,4,0,1,4,0,6,0,1,0,1,1,2,0,1
1,2,3,8,4,15,5,4,3,2,5,8,3,2,0,2,7,16,12,7,3,11,0,1,21,5,38,19,4,37,3,4,0,1,0,2,0,3
3,1,4,11,6,14,9,1,4,2,5,4,1,1,2,0,12,2,6,3,8,11,0,4,21,5,17,25,10,49,2,2,0,8,3,2,0,2
0,0,0,2,0,6,2,0,4,0,4,1,2,0,0,0,0,0,0,2,0,2,0,0,5,0,4,7,1,11,0,5,1,3,2,1,0,0
1,6,3,17,4,17,21,0,2,2,20,10,6,2,0,0,7,16,17,8,8,17,0,4,28,10,49,35,10,99,9,8,5,14,2,3,0,6
0,0,0,0,0,1,0,2,0,0,0,0,0,0,0,0,0,0,1,0,0,0,0,0,0,0,2,5,0,1,0,1,0,0,0,0,0,3
0,0,0,0,0,0,0,0,0,0,2,0,0,0,0,0,0,0,1,0,0,1,0,0,0,0,0,0,0,5,2,0,0,0,0,0,0,0
0,1,0,1,1,1,0,0,0,0,2,0,0,1,0,0,0,1,7,3,0,2,0,0,1,0,5,2,0,4,0,0,2,0,0,1,0,2
0,0,0,7,2,1,3,0,2,0,3,1,0,1,0,0,0,0,5,0,3,1,0,0,0,0,3,3,2,9,3,1,1,3,5,2,0,0
0,0,1,4,1,0,0,0,0,0,0,0,0,0,0,0,0,0,0,0,0,0,0,0,0,0,0,1,0,4,0,0,0,0,0,1,0,2
2,0,0,1,0,0,0,0,0,1,0,0,0,0,0,0,0,0,0,2,0,1,0,0,0,0,0,0,0,0,0,0,0,1,2,0,0,0
0,0,0,0,0,0,0,0,0,0,0,0,0,0,0,0,0,0,0,0,0,0,0,0,0,0,0,0,0,0,0,0,0,0,0,0,0,0
0,0,0,0,0,2,1,0,0,0,0,0,0,0,0,0,0,1,0,0,0,0,0,0,2,0,0,0,0,1,0,0,0,0,0,2,0,0
