5,3,0,2,0,0,0,0,0,0,0,0,0,0,0,0,0,0,0,0,0,0,0,0,0,0,0,1,0,0,0,0,0,0,0,0,0,0
3,16,10,4,0,5,0,0,0,0,0,0,0,0,0,0,0,1,1,0,0,0,0,0,1,0,2,0,0,0,0,0,0,0,0,0,0,0
0,5,18,4,0,8,3,0,0,1,0,3,0,0,0,0,0,1,0,0,0,0,0,0,3,1,1,1,0,0,0,0,0,0,0,0,0,0
5,20,28,29,6,15,6,0,0,1,3,1,2,0,0,1,1,1,2,3,1,4,0,3,2,2,0,1,0,1,0,1,0,1,0,0,0,0
4,11,4,35,8,41,36,1,9,0,15,9,5,4,0,3,7,9,3,6,4,2,0,2,3,1,8,6,5,6,1,0,2,0,0,1,0,0
1,8,8,19,2,49,20,1,2,2,3,2,4,2,1,0,1,3,8,3,1,8,1,0,4,1,3,2,1,9,1,0,0,0,1,0,0,1
0,0,3,6,7,24,24,2,4,3,2,8,5,0,0,1,4,0,0,1,1,6,0,0,3,1,5,0,1,3,3,0,0,0,0,0,0,0
0,4,0,0,1,4,6,0,2,0,2,4,1,1,0,0,0,1,0,0,0,2,0,0,3,0,2,1,0,4,0,0,0,1,1,0,0,0
0,2,1,1,1,3,2,0,0,0,1,2,0,0,0,0,1,0,1,1,0,0,2,0,1,0,1,0,0,0,0,0,0,0,0,0,0,1
1,3,2,0,2,1,3,1,0,3,6,2,0,1,0,0,0,0,0,1,1,2,0,0,5,0,0,1,0,3,0,0,0,0,0,0,0,2
3,2,6,24,12,25,9,0,4,5,10,7,4,4,0,7,5,1,1,14,5,9,1,2,12,2,2,8,4,7,0,2,1,1,1,3,0,1
1,3,1,10,9,13,3,0,2,2,6,3,2,1,0,1,5,2,6,4,0,9,1,4,5,1,11,8,2,4,0,0,0,1,2,0,0,0
1,4,1,3,4,16,9,3,0,2,7,3,7,0,0,0,4,8,8,8,1,2,0,0,3,1,7,5,0,5,1,3,2,0,0,0,0,0
1,0,2,12,3,5,4,0,1,3,5,5,3,2,1,2,2,3,6,6,4,3,0,4,9,2,4,5,1,4,3,0,1,3,0,2,0,0
0,0,1,0,2,1,0,0,0,0,0,0,0,1,0,0,1,0,2,1,0,0,0,0,0,0,2,0,0,1,0,0,0,0,0,0,0,0
0,0,1,5,0,5,1,0,0,0,0,0,1,0,0,1,1,1,1,1,0,2,0,1,1,0,4,0,1,0,0,0,0,1,0,0,0,0
1,1,0,2,1,15,10,0,0,1,2,1,0,0,0,0,9,5,10,1,1,0,0,2,5,0,8,0,1,9,1,0,1,0,1,0,0,1
0,0,1,5,0,23,7,0,3,0,6,2,4,1,0,0,0,8,10,7,5,9,0,3,4,3,9,4,0,6,0,1,1,1,0,0,0,0
1,3,2,2,5,21,2,1,3,0,4,0,3,2,0,0,1,7,4,3,0,4,0,1,1,0,10,5,0,10,0,2,0,0,0,0,0,0
3,4,1,3,4,2,2,0,0,3,1,2,0,5,0,0,0,3,1,7,5,1,0,1,7,0,5,4,0,2,0,0,0,2,2,2,0,1
1,3,2,2,1,7,1,2,0,0,5,3,0,2,1,0,0,3,0,1,0,2,0,0,4,0,5,4,0,2,0,0,0,0,0,0,0,0
0,2,2,5,1,5,0,0,0,1,6,5,2,4,0,0,5,4,6,3,1,3,3,1,7,0,16,5,1,4,1,0,0,1,0,0,0,0
0,0,0,1,0,0,4,0,0,0,0,3,0,0,0,0,1,0,4,0,0,0,0,1,2,0,2,0,0,0,0,0,0,0,0,0,0,0
0,0,0,0,1,5,4,0,0,1,4,1,0,2,0,0,0,6,1,0,2,2,0,1,3,0,2,1,2,4,0,1,1,2,0,0,0,0
2,6,5,12,2,6,0,1,2,0,9,2,3,0,0,0,1,5,7,12,4,10,0,5,23,6,19,12,3,14,0,0,0,1,0,1,0,1
0,0,0,1,1,1,2,1,0,1,1,1,3,2,0,0,0,3,2,1,1,0,0,0,2,1,8,0,0,4,0,0,1,6,0,0,0,0
1,1,4,13,2,11,7,0,2,6,3,4,2,5,0,1,8,14,15,11,5,18,2,4,21,4,34,14,1,51,2,1,3,4,2,0,0,4
0,1,7,12,8,7,2,1,0,0,12,8,5,5,0,2,6,5,8,12,2,6,3,4,18,5,25,19,7,55,2,1,1,5,1,1,0,3
0,0,0,2,0,0,2,0,0,1,0,1,0,1,0,0,1,1,4,2,0,3,0,2,7,1,2,14,1,9,2,2,1,2,0,0,0,2
2,5,6,16,10,20,17,1,2,2,11,6,6,3,0,0,5,7,9,5,3,12,1,0,20,3,57,44,28,103,17,3,9,15,3,1,0,5
2,0,0,0,0,3,2,0,0,1,0,0,0,1,0,0,1,0,0,0,0,0,0,0,2,0,0,0,0,2,0,0,0,2,0,1,0,0
1,2,0,1,0,0,0,0,1,0,0,0,0,0,0,0,0,2,0,0,0,1,0,0,1,0,1,2,0,1,0,0,0,1,0,0,0,0
0,1,0,1,1,0,1,0,0,3,2,0,0,0,0,0,1,1,2,0,0,0,0,0,3,0,8,0,1,1,4,0,1,0,0,5,0,1
0,1,1,3,1,2,1,0,3,1,0,1,0,0,0,0,1,0,0,4,0,1,0,0,4,0,7,1,0,13,2,1,1,3,0,2,0,3
0,1,0,0,0,1,4,0,0,0,0,1,0,0,0,0,0,0,0,0,0,0,0,0,1,0,2,0,0,3,0,0,1,0,0,0,0,0
0,0,0,1,0,0,0,0,0,0,0,0,0,0,0,0,0,1,0,0,0,0,0,0,0,0,0,0,0,0,0,0,0,0,0,0,0,1
0,0,0,0,0,0,1,0,0,0,0,0,0,0,0,0,0,0,0,0,0,0,0,0,0,0,0,0,0,0,0,0,0,0,0,0,0,0
0,0,0,0,2,0,0,0,0,0,0,0,0,0,0,0,0,0,0,0,0,0,0,0,3,0,0,0,1,1,0,0,0,1,0,0,0,1
