1,1,1,0,0,0,0,0,0,0,0,0,0,0,0,0,0,0,0,0,0,0,0,0,0,0,0,0,0,0,0,0,0,0,0,0,0,0
0,10,9,13,0,1,0,0,0,0,0,0,0,0,0,0,0,0,0,0,2,0,0,0,0,0,0,0,0,0,0,0,0,0,0,0,0,0
0,4,4,7,2,8,0,0,0,0,1,0,0,1,0,0,1,2,1,0,0,0,0,0,0,0,1,0,0,0,0,0,0,0,0,0,0,0
7,12,30,48,4,22,3,0,0,0,5,3,1,0,0,0,4,1,0,2,4,2,0,1,3,0,0,2,2,0,0,0,0,0,0,1,0,0
4,7,4,29,4,31,19,1,0,1,13,7,4,3,0,1,1,0,10,6,2,1,0,3,5,4,4,3,2,6,2,0,0,1,0,0,0,2
4,9,11,13,2,39,19,1,0,1,6,1,0,2,1,1,0,0,5,3,0,3,0,4,4,1,2,1,0,5,0,0,0,0,1,0,0,0
0,3,2,13,0,23,26,1,2,0,2,2,4,0,0,0,1,0,2,0,3,2,0,0,1,0,3,3,0,8,0,1,0,0,0,0,0,3
0,0,1,3,1,3,2,0,0,0,3,1,0,1,0,0,2,4,2,0,0,0,0,3,0,0,2,3,0,3,0,0,0,0,0,0,0,0
0,0,6,0,2,2,3,0,0,0,0,4,1,0,0,1,5,2,0,0,1,0,0,0,0,0,3,0,0,3,0,0,0,0,0,0,0,0
1,0,0,4,1,2,1,0,0,2,3,1,0,1,0,0,0,1,1,1,1,1,0,2,4,0,2,0,1,2,1,0,0,0,0,0,0,0
5,4,7,22,2,13,6,2,1,6,12,10,1,0,0,2,3,6,2,10,2,9,0,1,11,2,2,11,1,15,1,0,0,3,0,0,0,2
3,2,3,3,5,7,3,2,0,0,6,7,1,3,0,3,3,4,7,3,2,7,0,0,4,0,9,6,0,7,3,0,1,1,0,1,0,0
0,1,2,6,3,19,14,0,2,0,6,3,1,1,0,0,1,3,10,2,0,3,0,0,7,1,4,1,6,4,0,1,1,0,0,0,0,0
1,0,1,12,7,5,5,0,0,4,5,0,1,1,2,2,2,3,4,6,1,3,0,4,5,1,9,1,0,1,1,0,3,0,0,0,0,1
0,0,0,0,0,1,0,0,0,0,0,0,0,0,0,0,1,0,2,0,2,1,0,2,0,0,3,2,0,2,0,0,0,0,0,0,0,0
0,0,0,4,0,1,0,0,2,0,0,0,2,0,0,1,2,3,1,1,0,2,0,2,0,1,2,0,0,3,0,0,0,0,0,2,0,0
3,0,0,4,8,16,3,0,1,4,3,1,2,0,0,1,0,2,9,2,4,3,2,0,3,0,13,2,2,4,1,0,0,1,0,1,0,0
0,2,0,5,4,14,6,0,0,2,7,5,4,3,0,1,5,2,7,1,2,4,1,1,6,1,11,3,1,11,1,1,1,2,0,0,0,0
1,0,0,2,0,8,5,0,1,0,2,2,0,0,0,0,4,6,4,2,2,6,0,1,5,0,5,2,1,5,0,2,0,2,2,2,0,0
1,2,1,2,0,0,0,0,0,0,9,2,4,0,0,0,0,3,2,5,1,2,0,0,9,0,4,4,0,3,0,3,0,0,0,0,0,0
1,1,2,2,1,3,1,0,0,2,5,1,2,1,0,0,0,2,0,3,1,1,2,0,1,1,0,0,0,5,0,0,1,0,0,0,0,0
1,0,2,7,2,7,2,0,0,0,1,3,1,2,0,0,3,5,4,2,0,3,1,1,11,1,7,2,2,2,3,0,1,4,1,0,0,0
0,0,0,0,2,0,1,0,0,0,0,0,0,0,0,1,0,1,0,0,0,0,1,0,0,0,2,1,0,2,0,0,0,0,0,0,0,0
0,0,0,6,2,6,0,0,0,1,2,3,2,2,0,0,0,6,2,4,6,2,0,1,3,0,5,3,1,2,0,0,0,2,0,1,0,0
3,6,2,7,2,4,4,0,1,7,6,4,3,1,0,1,1,5,10,9,6,7,0,4,17,5,15,9,4,26,0,0,1,1,1,6,0,1
1,0,1,2,0,2,2,0,1,6,1,0,1,0,0,0,0,0,0,1,1,3,0,0,11,1,5,4,3,3,0,0,0,0,3,0,0,1
2,6,7,9,4,18,13,2,0,1,7,3,2,1,0,0,10,9,7,11,4,4,1,5,29,9,41,12,2,35,1,3,3,1,0,1,0,2
2,2,6,14,4,10,2,0,1,3,2,4,1,1,0,2,1,2,7,6,0,6,0,0,27,7,15,18,3,30,5,8,4,7,3,5,0,5
0,0,0,1,0,2,3,0,0,0,5,0,1,0,0,0,0,1,0,6,0,4,0,1,7,1,6,9,0,21,4,0,2,1,3,0,0,0
4,3,4,19,0,18,5,1,4,2,8,1,3,1,0,1,12,6,16,5,4,10,1,4,20,3,48,41,11,101,14,7,6,11,3,1,0,7
0,0,0,0,0,3,0,0,2,0,0,0,0,2,0,0,0,2,0,0,0,0,0,0,2,0,0,1,0,3,1,0,0,0,0,0,0,0
0,0,0,0,0,0,1,0,0,0,0,0,1,0,0,0,0,0,1,0,0,1,0,0,0,0,2,1,0,3,0,3,2,0,0,0,0,0
1,0,0,0,0,2,0,0,0,0,0,0,0,0,0,0,1,1,0,1,1,1,0,0,8,0,6,3,0,5,0,1,1,1,1,1,2,0
0,0,0,2,1,2,2,0,0,2,1,2,0,0,0,0,2,0,0,0,0,0,0,1,5,0,2,3,1,3,1,2,0,2,0,2,0,1
0,0,0,2,1,2,5,0,0,0,0,0,0,0,0,0,0,1,0,0,0,0,0,0,0,0,0,1,0,2,2,4,2,0,1,1,0,1
0,0,0,0,0,0,0,0,0,0,0,0,0,0,0,0,0,0,0,0,0,0,0,0,0,0,0,0,0,0,0,1,2,0,1,0,0,2
0,0,0,0,1,0,0,0,0,0,0,0,2,0,0,0,0,0,0,0,0,0,0,0,0,0,0,0,0,1,0,0,0,0,0,0,0,0
0,0,0,1,0,0,0,0,0,0,1,3,0,1,0,0,0,0,0,0,0,0,0,0,0,0,0,0,0,1,0,0,0,1,0,0,0,0
