0,0,0,0,0,0,0,0,0,0,0,0,0,0,0,0,0,0,0,0,0,0,0,0,0,0,0,0,0,0,0,0,0,0,0,0,0,0
2,14,6,8,1,2,0,0,0,0,0,0,0,0,0,0,0,0,0,0,0,0,0,0,0,0,0,0,0,0,1,0,0,0,0,0,0,0
0,2,10,2,3,4,0,0,0,0,0,0,0,1,0,0,0,0,0,0,0,0,0,0,2,0,0,1,0,0,0,0,0,0,0,0,0,0
2,19,17,17,13,17,7,2,2,1,3,2,0,2,0,0,3,0,1,2,2,0,1,0,3,0,0,1,0,4,0,2,0,2,0,2,0,0
2,2,3,7,3,6,3,0,1,1,3,2,1,0,0,1,0,0,2,4,2,1,0,0,0,1,2,2,0,2,0,0,0,0,0,0,0,0
1,3,13,11,2,42,19,0,0,0,5,1,0,4,0,0,1,2,1,0,0,6,0,2,2,0,9,5,0,5,1,0,1,0,0,0,0,0
0,3,3,9,5,11,14,2,6,0,2,4,0,2,0,0,1,0,2,3,2,3,0,0,4,0,2,4,1,11,0,0,0,0,0,0,2,0
0,0,0,2,0,5,4,0,0,0,0,4,1,3,0,0,0,0,1,0,0,1,0,0,2,0,3,2,0,3,0,1,0,0,0,0,0,0
0,0,0,1,1,4,2,0,0,0,1,2,1,1,0,0,0,0,2,0,0,0,1,0,0,0,1,0,2,1,0,0,0,0,0,0,0,0
2,2,0,4,4,3,1,0,1,3,7,3,1,1,0,0,0,1,2,2,2,0,1,0,3,0,0,4,0,0,0,0,0,0,0,0,0,0
13,4,2,21,2,11,5,0,0,13,8,9,6,1,0,2,1,4,3,11,2,9,1,2,14,1,7,3,0,4,0,0,0,0,0,0,1,1
0,4,3,10,7,11,8,0,4,1,5,4,3,3,0,3,7,4,5,6,4,7,3,3,8,1,6,4,1,6,0,0,0,2,1,0,0,0
2,2,0,7,5,8,10,0,0,3,3,4,3,2,0,0,2,2,7,1,0,1,0,1,2,2,4,7,4,4,2,1,0,1,0,1,0,3
0,4,3,4,6,6,3,0,0,1,7,6,0,1,0,1,1,0,4,8,1,11,0,2,2,3,6,1,3,15,2,0,0,1,0,0,0,0
0,0,0,0,0,0,0,0,0,0,2,0,0,0,0,0,0,0,0,0,0,1,0,0,3,0,1,1,0,0,0,0,0,0,0,0,0,0
0,0,0,1,1,2,2,0,0,0,1,2,0,0,0,0,0,1,0,2,1,1,0,0,0,0,1,0,0,0,0,1,1,0,0,0,0,0
0,3,1,4,4,4,6,0,2,1,3,4,0,0,0,0,2,4,6,5,4,0,1,1,2,2,10,3,1,6,0,0,0,2,0,1,0,1
2,0,0,4,1,9,6,0,3,1,12,4,2,2,0,1,2,2,4,6,0,4,0,1,1,0,7,2,0,11,0,0,0,0,0,1,0,0
0,1,0,6,0,14,7,0,1,1,2,1,2,0,0,3,4,6,3,0,0,3,0,2,4,0,14,1,2,12,0,0,1,2,0,3,0,1
3,1,2,3,1,4,2,0,0,2,8,3,1,2,0,0,2,0,1,2,1,0,2,3,6,0,2,6,0,3,2,0,0,2,0,0,0,0
2,0,1,1,1,3,1,1,0,1,1,0,0,0,0,0,0,1,7,9,1,1,0,1,4,0,1,2,1,8,0,0,0,0,0,0,0,0
2,0,1,2,0,6,0,0,0,1,6,2,1,0,0,0,2,2,4,4,0,4,1,1,5,0,1,1,0,7,3,0,0,1,0,1,0,0
1,0,0,1,0,4,0,0,1,1,2,2,0,2,0,0,0,1,2,0,0,2,0,0,4,0,1,1,2,2,0,0,0,0,0,0,0,0
1,0,0,1,2,6,1,0,0,4,0,1,0,2,0,1,0,1,2,6,1,3,0,4,5,0,6,1,0,5,0,0,2,2,1,0,0,0
0,6,2,8,5,11,5,0,0,5,7,2,0,0,0,1,1,2,6,9,5,6,0,0,19,5,25,12,3,30,0,0,0,4,4,1,0,0
0,0,0,0,0,0,0,0,0,1,1,0,2,0,0,0,0,0,2,1,0,0,0,0,6,4,5,6,0,3,1,0,2,3,1,0,0,0
1,0,6,9,3,12,8,0,3,2,6,6,4,1,0,1,6,8,15,1,2,4,0,2,14,3,22,14,6,37,1,9,4,5,1,1,0,2
2,2,0,9,5,6,1,2,1,2,6,7,1,1,2,0,1,2,2,7,1,4,3,1,19,6,21,21,3,38,3,2,3,4,3,1,0,4
0,0,1,0,0,4,1,0,0,1,0,0,1,1,0,0,1,1,0,2,0,3,0,0,4,1,6,1,0,14,4,0,1,2,0,0,0,0
2,15,4,15,4,18,12,0,1,3,10,3,5,3,0,1,1,3,12,4,2,10,0,4,22,9,31,28,7,101,7,7,10,17,8,1,0,3
1,0,0,0,0,0,0,0,0,2,0,0,0,0,0,0,0,1,1,0,0,0,0,0,4,2,2,2,0,2,1,4,1,1,0,0,0,1
0,0,0,0,0,0,0,0,0,0,0,0,0,0,0,0,0,0,0,0,0,0,0,0,0,0,0,0,0,5,0,0,0,0,0,0,0,0
0,1,1,1,1,1,2,0,0,0,0,1,0,0,0,0,1,2,0,0,0,0,0,0,0,0,1,5,0,2,0,0,0,0,1,1,0,0
1,1,0,0,0,5,0,1,0,2,1,0,0,0,0,0,0,2,0,2,1,0,0,0,2,0,2,4,3,8,0,2,0,1,2,2,0,1
0,1,0,1,1,0,0,0,0,0,0,2,0,0,0,0,1,2,3,3,0,0,0,0,0,0,0,1,0,4,0,0,1,0,0,0,0,0
0,0,3,0,0,0,0,0,0,0,0,0,0,0,0,0,0,0,1,2,0,0,0,0,1,0,0,0,1,2,0,0,0,0,1,0,0,3
0,0,0,0,0,1,0,0,0,0,0,0,0,0,0,0,0,0,0,0,0,0,0,0,0,0,0,0,0,0,0,0,0,0,0,0,0,1
0,0,0,0,0,0,0,0,0,0,2,0,0,0,0,0,0,1,5,0,0,0,0,0,5,0,1,0,2,1,0,0,0,0,0,0,1,0
