0,0,0,4,0,0,0,0,0,0,0,0,0,0,0,0,0,0,0,0,0,0,0,0,0,0,0,0,0,0,0,0,0,0,0,0,0,0
4,5,3,10,5,1,0,0,0,0,2,0,0,0,0,0,0,0,0,0,0,0,0,0,0,0,0,0,0,2,0,0,0,0,0,0,0,0
1,0,6,3,0,4,0,0,0,0,0,0,0,1,0,0,0,0,0,0,0,0,0,0,0,0,0,0,0,0,0,0,0,0,0,0,0,0
2,11,7,78,36,16,13,8,1,1,5,9,2,2,0,0,0,1,2,4,0,1,0,1,2,1,0,0,0,0,0,0,0,2,0,2,0,0
0,3,0,36,20,6,3,3,5,8,9,12,2,0,0,0,1,8,0,7,1,2,1,0,2,0,6,0,1,1,0,0,0,0,0,0,1,0
5,5,20,31,1,100,55,16,7,1,1,5,15,0,0,0,12,3,5,0,0,4,0,1,2,1,6,1,2,4,0,0,1,1,0,1,0,0
0,0,1,15,5,51,59,10,12,3,1,4,29,0,0,4,19,4,6,0,0,3,0,2,2,0,9,3,2,6,0,2,2,1,0,0,0,2
0,0,1,1,5,12,9,2,0,0,0,0,6,0,0,1,3,0,2,2,1,0,0,5,1,0,3,3,0,1,0,0,0,1,0,0,0,0
1,0,0,1,1,6,15,3,1,1,0,0,1,0,0,0,1,0,2,0,0,0,0,0,1,1,0,0,0,0,1,2,0,0,0,0,0,0
0,1,1,1,6,0,0,1,0,0,2,1,0,0,0,0,0,0,0,1,0,1,0,0,1,0,1,1,3,1,0,0,0,0,0,0,0,5
0,0,0,2,9,0,1,3,1,5,2,4,1,3,0,0,0,4,0,8,1,3,0,0,8,2,6,1,1,4,1,0,0,1,1,3,2,1
1,1,0,1,5,9,1,2,0,9,5,2,4,5,0,0,1,2,0,4,1,7,1,0,2,2,3,0,0,2,0,0,0,0,1,1,0,3
0,0,0,0,1,9,18,2,2,2,0,0,3,1,0,1,6,4,11,2,0,1,2,3,4,1,8,1,1,5,0,0,0,0,0,3,0,0
0,0,0,2,0,1,1,2,0,0,1,9,0,4,0,0,0,1,2,5,0,9,2,1,4,1,2,1,1,4,0,0,0,1,1,0,0,0
0,0,0,0,0,0,0,0,0,0,0,0,0,0,0,0,0,0,0,0,0,0,0,0,0,0,0,0,0,0,0,0,0,0,1,0,0,0
0,0,0,1,0,0,5,1,1,0,0,0,0,1,0,1,0,0,0,1,0,1,0,0,1,0,0,0,0,0,0,0,0,0,0,0,0,0
0,0,0,2,0,2,12,1,2,0,1,0,7,0,0,1,4,5,5,1,0,5,0,1,2,2,7,3,0,4,3,0,4,2,0,3,0,1
2,3,0,1,1,6,7,7,3,2,0,2,5,1,0,3,6,5,5,1,3,9,0,2,3,4,19,2,1,1,0,0,2,2,0,0,0,1
0,1,0,5,3,1,8,3,1,0,3,0,5,0,0,0,6,6,2,5,0,5,2,0,1,3,11,1,2,12,0,0,0,1,1,0,0,0
0,0,0,7,1,1,3,0,0,20,3,12,3,5,0,0,1,2,1,6,0,1,0,3,2,3,6,5,0,2,0,0,1,4,0,0,0,3
0,0,0,0,2,0,0,0,0,1,4,0,1,3,0,1,1,1,2,1,1,4,0,0,2,2,1,0,0,0,0,0,1,4,1,1,0,0
0,1,0,0,1,2,5,0,3,7,6,4,2,15,0,2,6,4,4,3,2,5,0,3,5,2,21,0,1,1,1,0,0,2,1,0,0,3
0,0,0,0,0,2,0,3,0,0,0,1,0,3,0,0,1,0,0,1,1,0,0,0,0,0,0,0,2,1,2,0,0,0,0,0,0,0
0,0,0,0,0,2,1,1,1,1,1,1,1,1,0,1,3,0,2,0,0,0,0,0,5,0,4,0,1,2,0,0,0,0,0,0,0,0
2,1,0,5,2,1,8,2,0,4,4,6,0,6,0,0,4,7,10,12,8,1,2,7,22,7,13,16,4,15,1,0,0,6,2,1,0,0
0,0,0,0,3,3,3,1,2,0,1,1,1,0,0,0,0,0,4,6,0,5,0,0,2,0,2,1,2,1,5,0,1,1,0,2,0,0
0,0,2,2,4,9,10,4,1,1,4,3,8,4,0,0,15,11,8,2,2,11,0,4,11,6,25,9,13,20,1,1,0,11,2,1,0,0
0,0,0,1,1,1,2,1,0,1,3,3,3,1,0,1,2,1,5,1,2,10,3,0,12,3,3,9,8,18,0,1,0,13,3,1,0,3
0,0,0,1,0,1,1,0,0,0,5,0,1,0,0,0,1,1,0,2,0,2,0,0,7,0,4,8,3,6,1,0,0,5,1,0,0,1
0,0,1,0,2,4,6,2,0,1,5,0,3,2,0,0,2,6,4,2,1,4,0,0,12,5,15,3,4,25,5,0,0,7,2,1,0,3
0,0,0,0,2,2,1,0,0,1,2,0,0,2,0,0,0,1,0,2,0,4,0,0,2,0,0,0,0,4,0,1,2,2,0,0,0,3
0,0,0,0,1,0,0,0,0,0,0,0,0,0,0,0,0,1,0,1,1,0,0,0,0,0,1,0,0,1,0,0,0,0,0,0,0,0
0,0,0,0,1,2,2,0,0,0,0,0,0,1,0,0,0,1,1,0,0,1,0,0,1,0,1,0,3,0,2,0,0,1,1,2,0,0
0,0,1,3,1,0,0,0,0,3,0,0,1,1,0,0,3,1,1,9,0,0,0,0,1,4,7,4,3,1,6,0,2,4,1,1,0,4
0,0,0,0,0,0,0,0,0,0,0,0,1,0,0,0,1,0,0,0,0,0,0,1,0,1,1,0,0,1,2,0,0,2,1,0,0,0
0,0,0,1,0,0,2,0,0,0,2,2,0,1,0,0,2,1,0,0,0,1,0,0,1,0,0,0,0,4,1,0,0,2,0,0,0,6
0,0,0,0,0,0,0,0,0,0,0,0,0,0,0,0,0,0,0,0,0,1,0,0,0,0,0,1,0,0,0,0,0,0,1,0,0,0
0,0,0,0,0,0,0,0,0,0,0,1,0,0,0,1,2,0,2,2,0,1,0,0,1,0,0,1,2,0,0,0,0,3,0,1,0,0
