1,0,0,1,0,0,0,0,0,0,0,0,0,0,0,0,0,0,0,0,0,0,0,0,0,0,0,0,0,0,0,0,0,0,0,0,0,0
1,5,4,12,1,0,0,1,0,0,1,0,0,0,0,0,0,0,0,0,0,0,0,0,0,0,0,0,0,0,0,0,0,0,0,0,0,0
0,4,7,4,0,6,0,0,0,0,0,2,0,0,0,0,0,0,1,0,0,0,0,0,0,0,0,0,0,2,0,0,0,0,0,0,0,0
0,21,4,73,39,17,14,2,1,9,10,10,1,5,0,0,0,0,0,3,1,4,0,4,4,1,4,2,0,1,0,0,0,1,0,0,0,0
2,4,2,28,22,6,3,0,0,8,6,9,2,7,0,0,1,2,1,5,1,1,1,2,5,1,2,0,0,0,0,0,0,2,0,0,0,0
0,11,14,40,11,99,52,9,1,4,1,2,19,3,0,2,12,2,5,0,6,5,0,4,3,1,6,0,1,0,0,1,0,1,0,0,0,0
2,1,3,14,3,86,58,15,7,0,7,2,23,0,0,1,19,12,8,1,0,6,0,1,4,0,15,0,1,2,3,0,1,0,0,0,0,1
0,1,0,2,1,6,20,0,1,0,0,2,4,0,0,2,7,1,6,1,1,2,0,1,1,0,2,1,2,1,0,0,0,1,0,0,0,0
0,0,0,1,0,13,7,6,0,0,0,0,0,2,0,0,2,4,0,0,0,0,0,0,1,0,2,0,0,0,0,0,0,0,0,0,0,1
0,1,0,4,3,0,2,0,0,6,1,3,0,2,0,0,0,0,0,5,1,1,0,0,1,0,1,0,0,0,0,0,0,2,0,0,0,1
0,0,2,8,2,4,0,1,2,8,8,2,0,0,0,0,0,4,1,7,1,5,0,0,8,1,6,1,2,3,0,0,0,2,0,0,0,0
2,1,0,5,11,6,3,0,3,10,4,7,0,2,0,0,3,6,2,7,2,13,0,2,3,1,1,1,0,1,0,0,1,3,0,0,0,1
0,0,1,2,0,9,17,5,4,0,0,0,2,0,0,0,9,3,6,0,0,1,0,0,3,0,3,0,6,0,0,0,0,1,0,2,2,2
0,0,0,3,4,5,1,0,0,3,1,8,3,1,0,0,0,3,0,0,0,4,0,0,3,1,8,1,0,1,0,0,5,3,0,2,0,0
0,0,0,0,0,0,0,0,0,0,0,0,0,0,0,0,0,0,0,0,0,0,0,0,0,0,0,0,0,0,0,0,0,0,0,0,0,0
0,0,0,2,0,2,2,2,1,0,0,1,2,0,0,0,0,0,0,0,0,1,0,0,0,0,4,1,0,2,0,0,0,0,0,0,0,0
0,0,0,0,0,5,11,3,1,0,0,2,6,0,0,0,5,6,4,0,0,2,0,0,1,3,8,1,3,2,0,1,0,0,1,0,0,1
0,0,1,2,0,1,7,5,1,1,0,2,12,2,1,2,1,6,6,2,0,4,0,4,1,2,11,2,2,0,0,0,1,1,2,0,1,2
3,0,0,3,0,5,8,2,0,1,1,0,6,0,0,0,7,3,3,2,0,1,0,2,3,0,15,0,6,4,3,0,2,2,0,0,0,0
0,1,0,3,8,7,4,0,0,14,8,6,1,2,0,3,1,3,0,7,1,8,1,2,11,2,5,4,5,3,0,0,0,1,2,0,0,0
0,0,0,2,4,0,1,0,0,5,6,1,0,1,0,1,0,1,5,0,2,1,0,0,0,2,4,0,0,2,2,0,0,0,1,0,0,0
0,0,0,1,2,4,4,4,0,9,1,8,5,15,0,1,3,3,4,3,1,1,0,0,9,2,5,10,3,2,1,0,0,1,2,0,0,1
0,0,0,0,0,0,0,2,1,1,0,1,0,0,0,0,2,1,0,1,0,0,1,0,4,0,3,0,0,1,0,0,1,0,0,0,0,0
0,0,0,0,0,0,0,0,1,0,0,1,4,2,0,1,2,0,4,2,1,1,0,0,2,0,3,0,2,4,1,0,0,0,0,0,0,1
0,0,0,7,5,5,3,1,0,10,7,3,2,3,0,3,1,1,2,7,1,16,2,1,33,10,16,18,0,7,4,0,1,1,6,0,0,0
0,0,0,0,0,0,0,0,0,0,0,2,0,1,0,0,3,1,2,1,0,0,0,1,1,0,5,3,0,7,1,0,0,1,0,2,0,0
0,0,0,3,3,4,14,5,5,1,3,6,12,3,0,4,8,21,11,7,2,14,0,7,21,6,25,11,7,25,3,2,1,4,6,0,3,0
0,0,0,0,4,0,1,0,0,0,1,1,1,4,0,0,0,8,3,4,2,7,0,0,16,4,9,16,10,10,3,0,0,3,1,2,0,1
0,0,0,0,2,1,3,2,0,0,1,0,0,1,0,0,0,1,4,2,0,3,0,0,6,1,4,7,1,5,0,0,0,2,2,0,0,0
0,0,2,0,1,0,6,1,0,0,1,0,2,1,0,1,2,2,2,4,0,8,2,1,9,1,28,10,13,23,2,0,3,4,6,1,0,0
0,0,1,0,0,1,2,2,0,0,0,4,0,0,0,0,0,1,1,0,1,2,0,0,3,0,1,3,0,8,4,0,0,1,0,0,0,0
0,0,2,0,0,0,2,1,0,0,0,0,1,0,0,0,0,2,0,0,2,5,0,1,0,0,0,0,1,0,1,0,0,0,0,0,1,0
0,0,0,0,0,0,0,0,0,1,0,0,0,0,0,0,1,1,0,0,0,0,0,0,0,0,1,2,0,3,4,0,0,2,0,0,0,0
0,0,0,1,0,2,1,0,0,0,2,3,0,0,0,0,1,2,1,3,0,7,2,2,12,1,4,12,6,13,1,1,0,4,2,0,0,0
0,0,0,0,0,0,0,0,0,1,1,0,0,0,0,0,2,0,3,2,0,0,0,0,2,0,3,1,2,0,1,0,0,2,1,2,0,0
0,0,0,0,0,1,0,0,0,1,1,0,3,1,0,0,0,3,1,1,0,0,0,0,3,0,4,2,2,3,0,1,4,1,1,0,0,0
0,0,0,1,0,0,0,0,0,0,0,0,0,0,0,0,0,0,0,0,0,0,0,0,1,1,0,0,0,2,0,2,0,2,0,0,0,0
0,0,0,0,0,0,0,0,0,0,2,0,0,0,0,0,4,2,0,1,0,0,0,0,0,0,3,1,1,1,0,0,0,5,1,1,0,0
