4.86166666667
2.83454545455
1.62571428571
1.74333333333
1.88095652174
1.60589641434
1.56229965157
1.70051724138
1.598125
1.40111111111
1.48173469388
1.75833333333
1.73782608696
1.72473684211
0.0
1.54392857143
1.62247311828
1.41112149533
1.38904761905
1.60411290323
2.21414634146
1.50358974359
1.37421052632
1.39483870968
1.46293814433
1.41947368421
1.52643442623
1.46670212766
1.66278688525
1.71137055838
3.495
3.42666666667
3.33333333333
2.13391304348
2.9037037037
5.16086956522
1.61666666667
3.9692
