1,2,0,2,0,0,1,0,0,0,0,0,0,0,0,0,0,0,0,0,0,0,0,0,0,0,0,0,0,0,0,0,0,0,0,0,0,0
0,3,12,6,0,2,1,0,0,0,1,0,0,0,0,0,0,1,0,0,0,0,0,0,0,0,0,0,0,1,1,0,0,0,0,1,0,0
0,0,4,3,0,8,0,0,0,0,0,0,0,0,0,0,0,0,0,1,0,0,0,0,0,0,0,0,0,0,0,0,0,0,0,0,0,0
3,13,2,105,20,40,9,2,0,3,6,11,0,3,0,0,0,0,1,5,1,2,0,1,4,1,3,2,0,1,0,0,0,0,0,0,0,0
0,0,2,29,13,14,6,1,0,1,8,9,0,4,0,1,2,5,0,3,4,3,0,0,2,1,2,4,1,0,0,0,0,1,0,0,0,0
0,3,9,22,9,76,59,8,6,3,1,2,16,0,0,1,15,5,4,1,0,1,0,0,1,0,5,0,2,0,0,3,1,1,0,0,0,0
3,3,2,13,1,77,63,20,15,2,0,0,37,2,1,4,13,10,9,2,2,7,1,1,1,0,10,0,2,3,0,0,0,1,0,1,0,1
0,0,0,3,1,13,2,1,0,0,0,0,6,0,0,3,6,4,0,0,0,1,1,2,0,1,1,3,1,2,0,0,0,1,0,0,0,0
0,0,0,1,1,8,2,5,1,0,0,1,5,0,0,0,0,3,0,0,0,2,0,1,0,0,0,0,0,0,0,0,0,0,0,0,1,0
0,0,0,2,5,0,0,0,1,4,3,6,0,2,0,1,0,0,0,4,2,1,0,1,3,0,0,2,1,0,0,0,0,0,2,0,3,0
0,0,0,6,9,1,0,0,0,14,10,6,0,3,0,0,0,1,1,5,2,7,0,0,7,4,2,0,4,5,0,0,0,1,0,2,0,1
0,0,0,11,7,5,3,1,1,13,8,10,1,2,0,2,2,1,0,3,2,11,1,2,5,4,1,3,3,0,0,0,0,2,0,2,0,0
0,2,0,1,0,8,23,4,1,1,1,0,7,1,0,0,4,5,6,2,0,2,0,3,3,2,4,0,2,3,0,2,1,0,0,2,0,1
0,0,0,1,0,3,2,0,0,4,0,6,0,2,0,0,0,1,4,3,0,3,0,0,1,0,1,0,1,0,1,0,0,2,0,2,0,0
0,0,0,0,0,0,0,0,0,0,0,0,0,0,0,0,0,0,0,0,0,0,0,0,0,0,0,0,0,0,0,0,0,0,0,0,0,0
0,0,0,2,0,3,10,5,0,0,0,0,2,0,0,2,0,1,2,0,0,0,0,0,0,0,1,0,0,1,0,0,3,1,0,0,0,0
0,0,0,1,0,9,5,2,4,0,3,0,5,1,0,2,8,0,12,5,1,5,3,0,1,3,8,5,0,4,0,1,1,0,0,3,0,0
0,0,0,2,0,7,6,2,5,1,1,3,7,2,0,2,4,4,2,3,4,14,0,1,2,6,7,1,1,8,0,0,0,0,1,1,0,2
0,0,1,1,4,6,4,1,4,0,3,0,9,0,0,5,8,8,7,3,2,4,1,0,3,0,14,8,0,5,0,0,3,0,0,0,0,0
0,0,0,1,2,2,2,3,1,16,10,6,2,11,0,1,11,6,4,12,0,6,0,1,7,0,9,4,0,4,1,0,1,1,3,1,0,2
0,2,0,1,1,0,2,0,0,3,4,2,1,4,0,0,1,1,2,2,0,2,0,0,3,0,6,0,0,2,3,1,0,0,0,0,0,0
0,0,0,2,2,2,2,1,0,3,11,8,12,1,4,2,7,7,7,1,4,5,0,0,15,2,10,4,1,9,2,1,0,0,0,1,0,0
0,0,0,1,0,0,2,0,1,0,0,0,0,0,0,1,2,0,1,1,0,0,0,0,3,0,4,0,0,2,0,0,0,1,0,0,0,0
0,0,0,1,1,0,1,2,0,0,1,0,1,0,0,0,3,2,1,3,2,1,0,0,0,0,4,3,2,2,0,0,0,0,0,1,0,0
0,2,1,5,5,0,0,2,0,2,4,3,1,7,0,1,8,4,7,14,5,10,1,1,33,6,31,17,11,5,0,0,5,10,0,1,0,5
0,0,0,2,2,0,0,0,0,2,2,0,0,0,2,0,0,0,2,0,0,3,0,0,11,1,4,4,2,3,0,0,0,3,0,1,0,1
0,2,2,3,0,7,9,8,5,0,6,3,11,1,2,4,7,13,13,7,2,7,1,2,27,3,28,14,5,29,2,0,0,9,1,0,0,1
0,0,0,2,2,0,0,0,0,1,1,2,1,2,0,2,0,3,2,4,2,3,0,0,11,2,7,16,5,13,1,0,0,4,2,1,0,0
0,0,0,0,0,4,1,1,0,0,0,1,0,1,0,1,0,1,2,2,1,4,0,1,9,1,7,5,4,7,2,0,1,6,2,0,0,0
0,0,0,3,1,1,7,0,0,3,1,1,2,3,1,0,1,11,3,4,0,9,2,3,13,1,39,11,8,33,2,1,2,12,2,0,0,3
1,0,0,0,2,2,0,0,0,0,0,1,1,2,0,0,0,1,1,2,0,3,0,0,0,1,2,1,0,6,3,0,0,2,1,0,0,0
0,0,0,0,0,2,0,0,0,0,0,0,1,0,0,0,1,0,3,1,0,0,0,0,0,0,0,0,0,2,1,0,0,1,0,3,0,0
0,0,0,0,0,0,0,1,0,0,1,1,0,0,0,0,1,2,2,0,0,0,0,2,0,0,0,1,2,2,2,0,0,0,0,3,0,0
0,0,0,1,2,0,0,5,0,1,0,1,0,1,0,0,0,1,0,1,1,1,0,1,14,2,8,3,7,2,0,0,8,1,2,5,0,4
0,0,0,0,1,0,0,0,0,0,1,0,1,1,0,1,1,0,2,1,0,2,0,0,0,0,1,4,3,4,0,1,0,2,2,0,0,1
0,0,0,1,1,0,2,1,0,0,0,2,1,0,0,1,1,1,2,0,0,0,0,0,2,0,0,0,4,0,0,0,1,0,1,0,0,0
0,0,0,0,0,0,0,0,0,0,0,0,0,0,0,0,0,0,0,0,2,0,0,0,0,0,0,2,0,4,0,0,0,1,0,1,0,0
0,0,0,0,0,2,1,0,0,0,1,0,2,0,0,0,1,0,0,0,0,1,0,1,1,0,0,2,1,2,2,0,0,2,2,0,0,0
