1,0,0,0,0,0,0,0,0,0,0,0,0,0,0,0,0,0,0,0,0,0,0,0,0,0,0,0,0,0,0,0,0,0,0,0,0,0
6,7,3,11,0,2,0,0,0,0,2,0,0,0,0,0,1,0,0,0,0,0,0,0,0,0,0,0,0,0,0,0,0,0,0,0,0,0
0,1,7,2,0,7,0,0,0,0,0,0,0,0,0,0,0,0,0,0,0,0,0,0,0,0,0,0,0,0,0,0,0,0,0,0,0,0
8,36,10,136,21,17,8,0,1,0,7,7,1,5,0,0,1,2,1,5,0,1,0,1,6,1,0,1,0,4,0,0,0,0,0,0,0,0
0,0,0,32,18,12,3,2,0,5,6,6,0,6,0,1,1,0,0,2,0,1,0,0,10,0,1,2,0,0,0,0,0,3,0,1,0,0
0,3,16,25,1,84,58,15,8,1,1,2,18,0,0,2,10,0,3,0,0,2,0,2,1,1,6,0,1,3,2,0,1,0,0,1,0,0
1,1,0,12,7,76,72,17,6,0,2,0,17,0,0,7,9,12,10,2,1,3,0,4,2,0,13,2,4,2,0,0,1,0,0,0,0,0
0,0,0,8,2,11,17,2,0,0,1,0,2,0,0,1,4,3,1,2,0,1,0,1,6,1,1,0,0,0,0,0,0,0,0,0,0,0
0,0,0,1,2,15,15,2,3,0,0,0,1,0,0,0,1,1,2,0,0,0,1,0,0,0,1,0,0,1,0,0,0,0,0,0,0,0
0,0,0,3,9,0,0,0,0,5,3,3,0,0,0,0,0,2,0,4,0,2,1,0,3,0,6,1,1,0,0,0,2,2,0,1,0,3
0,0,0,4,7,2,5,2,0,7,4,7,3,4,0,0,2,1,2,7,6,4,0,0,3,1,5,2,0,0,0,0,1,2,0,1,0,0
0,2,0,9,0,5,0,0,0,6,5,2,2,4,0,0,5,1,5,7,2,11,2,0,2,1,3,1,6,7,0,0,0,0,0,1,0,0
0,0,0,3,1,8,19,3,0,0,0,1,6,0,0,6,3,6,7,1,0,0,1,2,1,0,10,0,0,0,0,0,1,4,0,1,0,0
1,0,1,4,2,4,1,0,2,1,8,7,0,4,0,0,0,1,1,4,1,11,1,0,2,0,1,5,3,3,0,0,0,0,1,1,0,0
0,0,0,0,0,0,0,0,0,0,1,0,0,0,0,0,0,0,0,1,0,0,0,0,0,0,0,0,0,0,0,0,0,0,0,0,0,0
0,0,0,3,0,1,6,2,0,0,0,0,4,0,0,0,1,1,3,0,0,3,0,0,0,0,1,0,1,1,0,0,0,0,0,0,0,0
0,0,0,1,0,6,10,1,0,1,1,1,4,0,0,0,2,2,7,1,2,1,0,2,2,2,2,2,1,4,0,0,0,0,0,0,0,0
0,1,1,0,7,2,8,2,1,0,1,3,9,2,0,1,11,2,3,1,4,10,0,0,2,3,13,0,2,10,0,1,2,1,0,0,0,0
0,0,0,4,0,9,11,3,2,3,3,1,6,1,0,5,4,5,3,4,0,4,0,7,3,2,19,3,0,9,0,0,1,2,3,0,0,0
1,2,0,8,7,3,2,0,0,4,7,11,0,7,0,4,3,8,4,6,7,6,3,0,7,2,6,3,2,2,1,0,0,0,1,2,1,2
0,0,0,2,2,2,2,0,0,0,2,6,4,2,0,1,3,4,0,3,0,1,0,0,7,0,2,0,0,0,2,1,1,0,0,1,0,0
0,0,0,0,4,5,3,2,1,2,7,5,3,6,0,4,5,11,1,7,6,5,0,3,5,0,16,3,2,2,2,1,0,3,2,0,0,0
0,0,0,0,1,0,0,0,0,1,0,2,0,1,0,0,0,1,0,1,0,0,0,0,4,4,8,0,0,4,0,0,0,0,0,0,0,0
0,0,0,2,0,3,2,1,2,0,1,0,3,1,0,1,4,3,1,2,0,4,1,1,2,0,5,1,0,5,0,0,0,2,0,0,0,0
0,1,0,4,1,4,2,3,0,2,4,3,1,6,1,0,2,3,4,7,6,8,2,5,41,8,16,11,2,11,5,0,2,12,0,0,0,2
0,0,0,1,0,6,0,1,0,0,1,2,0,3,0,1,1,2,0,7,1,0,0,0,3,2,5,0,4,4,0,0,0,2,0,0,0,1
0,0,1,3,4,5,15,2,3,1,4,1,7,4,0,6,9,13,19,9,1,5,3,3,18,3,31,10,12,29,4,1,0,6,5,1,0,2
1,0,0,5,4,2,1,4,0,0,2,2,0,3,0,2,0,4,1,5,3,2,0,1,17,2,17,19,10,7,4,0,0,8,1,4,0,1
0,0,0,0,0,1,1,0,0,0,0,1,2,2,0,0,0,1,0,0,0,2,0,0,3,0,7,9,1,6,1,0,0,3,3,1,0,2
0,0,0,5,1,0,2,0,0,2,1,0,0,0,0,0,1,4,11,0,0,6,0,1,16,2,27,10,6,32,6,5,1,5,3,1,1,2
1,0,0,0,0,0,0,0,0,0,0,0,0,0,0,0,0,0,0,0,0,0,0,0,2,1,2,5,0,3,2,0,0,0,0,0,0,2
0,0,0,0,0,0,1,0,0,0,0,0,0,0,0,0,1,0,1,0,0,0,0,0,0,0,1,0,0,0,1,0,3,3,0,0,0,0
0,0,0,0,0,1,1,0,0,1,0,0,3,0,0,0,2,0,0,0,1,1,0,0,0,0,1,0,0,1,0,0,1,0,1,2,0,0
0,0,0,2,1,0,3,0,0,3,0,0,0,1,0,0,0,3,0,4,0,1,0,0,7,0,6,6,2,5,5,1,1,4,1,4,0,1
0,0,0,0,1,0,0,0,0,0,0,1,0,0,0,0,2,1,2,3,0,0,0,0,0,0,1,3,1,2,1,0,0,0,2,1,0,0
0,0,0,0,0,0,0,2,0,1,0,0,0,0,0,0,1,3,1,1,0,0,0,0,0,1,5,2,0,1,1,1,2,0,1,1,0,0
0,0,0,0,0,0,1,0,0,0,1,2,0,0,0,0,0,0,0,0,0,0,0,0,0,0,0,2,0,0,0,0,0,0,0,0,0,0
0,0,0,0,0,0,1,0,1,0,0,0,1,2,0,0,1,0,1,1,0,1,1,0,4,0,3,2,0,1,2,0,0,2,0,0,0,0
