3,0,0,2,0,0,0,0,0,0,0,0,0,0,0,0,0,0,0,0,0,2,0,0,0,0,0,0,0,0,0,0,0,0,0,0,0,0
0,5,4,11,0,2,1,0,0,0,0,0,1,1,0,0,0,0,0,0,0,0,0,0,3,0,0,0,0,0,0,0,0,0,0,0,0,0
0,6,5,0,0,5,2,0,0,0,0,0,0,0,0,0,0,0,0,0,0,0,0,0,0,0,0,0,0,0,0,0,0,0,0,0,0,0
5,19,9,101,26,28,3,1,2,3,3,10,1,0,0,0,0,0,2,3,1,1,0,0,0,1,1,1,0,1,0,0,0,0,1,1,0,0
1,1,1,28,15,10,6,2,0,4,9,20,0,7,0,0,2,2,0,3,0,6,2,0,4,0,0,4,0,0,1,0,0,0,0,0,0,0
2,4,21,38,13,106,49,10,2,2,1,2,15,1,0,9,11,2,3,0,2,0,1,0,3,0,3,1,1,7,0,0,0,0,0,0,1,0
1,0,3,9,5,82,88,12,8,3,0,1,26,1,0,1,14,11,7,3,2,4,0,0,4,0,11,0,1,9,0,1,0,0,1,0,3,1
0,0,0,1,3,7,12,4,2,1,1,1,5,0,0,1,0,1,6,2,0,4,0,1,3,0,2,0,0,2,0,0,1,1,0,0,0,0
0,0,1,0,0,6,5,3,1,0,0,1,1,0,0,0,2,1,1,0,4,1,0,0,1,0,2,0,0,0,0,0,3,0,0,0,0,0
0,2,0,1,3,0,0,0,0,5,3,4,0,2,0,0,1,0,0,0,0,2,0,0,3,2,2,3,0,0,1,0,2,2,0,0,0,0
0,0,0,8,9,2,1,0,0,9,4,3,0,3,0,0,1,2,1,4,4,5,1,2,3,3,4,3,1,5,0,0,0,3,1,0,0,3
0,0,0,5,6,3,4,0,0,8,5,10,2,10,0,1,1,6,0,1,0,8,0,1,5,0,9,5,1,2,0,0,0,6,1,1,0,3
0,0,0,2,0,6,9,2,3,0,0,1,4,0,0,4,4,10,10,3,1,2,1,5,1,0,1,1,2,1,0,0,1,1,0,0,0,0
0,1,0,2,2,4,2,1,0,1,0,7,2,3,1,1,1,0,0,3,0,5,0,0,5,0,3,0,2,1,0,0,2,0,0,0,0,0
2,0,0,0,0,2,0,0,0,0,0,0,0,0,0,0,0,0,0,0,0,0,0,0,0,0,0,0,0,0,0,0,0,0,0,0,0,0
0,1,0,1,0,4,4,2,2,0,0,0,3,0,0,0,0,1,0,0,0,3,0,1,1,0,3,0,0,1,0,0,1,0,0,0,0,0
0,0,0,0,2,6,8,3,2,0,0,0,4,1,0,2,8,1,2,2,1,7,0,5,1,0,10,0,1,2,0,0,0,0,0,0,0,0
0,0,0,6,1,3,11,6,2,1,0,5,8,1,0,4,3,1,9,8,2,5,1,7,7,2,17,4,0,4,0,0,0,1,0,3,0,0
1,0,0,2,1,4,5,5,1,0,3,2,4,0,0,1,6,6,3,1,0,2,1,1,4,3,14,5,2,2,3,0,3,0,2,0,0,0
0,0,0,4,9,2,4,0,0,3,15,8,0,9,0,2,5,11,2,2,2,2,2,0,15,3,8,3,1,5,0,3,0,2,2,1,1,0
0,0,2,1,0,3,2,0,2,2,3,2,0,0,0,0,1,3,4,6,1,1,0,2,4,0,1,0,0,0,0,0,0,1,0,0,0,0
0,0,0,5,1,3,3,2,1,2,6,4,3,15,1,2,7,10,9,8,1,4,0,0,8,1,16,5,3,8,1,1,1,1,0,0,0,1
0,0,0,1,0,2,1,0,0,1,0,0,0,3,1,0,1,1,0,0,0,2,0,1,0,1,3,2,0,1,0,0,0,0,0,0,0,0
0,0,0,1,1,0,1,1,0,0,0,1,2,0,0,0,0,0,1,0,4,1,0,0,1,0,3,0,2,2,0,1,0,2,2,1,0,0
0,0,0,2,6,2,2,2,0,4,3,2,2,1,0,2,3,5,10,23,2,9,0,1,31,10,19,15,11,5,2,0,0,6,0,1,1,1
0,1,0,1,0,0,0,3,0,5,2,2,0,1,0,0,1,1,3,3,1,0,0,0,7,1,7,5,0,1,0,0,1,0,0,0,0,0
0,0,0,2,1,9,10,1,1,1,5,0,5,8,0,9,11,13,18,9,3,11,2,2,26,1,30,12,17,25,2,1,1,7,0,1,0,0
0,1,0,1,2,3,0,2,0,2,0,1,2,4,0,0,1,3,3,5,0,5,0,7,14,1,16,18,4,19,1,0,0,11,1,0,0,3
0,0,2,1,0,1,0,0,0,1,0,1,1,1,0,0,0,1,2,0,0,3,0,1,9,0,5,7,6,3,0,0,1,4,0,1,0,0
0,0,0,2,0,1,0,0,0,3,3,2,2,1,0,5,4,5,4,3,0,2,1,1,15,2,27,19,5,22,3,1,0,9,0,1,0,1
0,0,0,0,0,0,1,0,0,0,1,0,0,0,0,0,1,0,3,2,0,3,0,0,1,0,2,1,0,5,1,1,1,1,1,3,0,0
0,0,0,0,0,2,2,0,0,0,0,0,0,0,0,0,1,2,0,0,0,1,0,2,0,0,2,1,0,6,1,0,1,1,0,2,0,1
0,0,0,0,0,3,2,0,0,0,2,0,4,0,0,0,0,2,0,0,2,1,0,0,1,0,2,1,0,0,0,1,2,4,0,6,0,0
0,1,0,5,0,0,2,0,0,0,3,0,0,3,0,0,2,1,1,1,0,0,1,1,6,1,4,4,1,7,3,1,1,10,3,2,0,0
0,0,0,0,0,0,0,0,0,0,1,0,0,1,0,0,0,0,0,2,0,1,0,0,0,1,0,2,2,0,1,0,0,4,0,1,0,3
0,0,0,0,1,0,1,0,0,0,0,4,1,1,0,0,3,2,0,2,0,0,0,0,0,0,2,5,0,2,2,3,3,0,1,1,0,0
0,0,0,0,0,0,0,0,0,0,2,0,0,0,0,2,0,1,0,0,0,0,0,0,1,0,2,0,0,0,0,0,0,0,0,0,0,0
0,0,0,0,0,0,0,0,1,0,0,0,0,0,0,0,0,1,1,1,0,0,0,0,0,0,1,2,3,0,0,0,0,0,3,1,1,0
