0,1,0,1,0,1,0,0,0,0,1,1,0,0,0,0,0,0,0,0,0,0,0,0,0,0,0,0,0,0,0,0,0,0,0,0,0,0
2,7,2,8,2,5,0,0,0,0,0,0,0,0,0,0,0,0,0,0,0,0,0,0,0,0,1,0,0,0,0,0,0,0,0,0,0,0
0,4,10,1,0,3,0,0,0,1,1,0,0,0,0,0,0,0,0,0,0,0,0,0,0,0,0,0,0,0,0,0,0,0,0,0,0,0
4,24,9,104,36,18,7,0,2,3,12,3,2,1,0,0,3,0,0,3,0,1,1,0,6,0,3,3,0,4,0,0,0,0,0,0,0,0
0,6,2,23,9,12,5,0,0,9,9,2,3,2,0,0,1,1,0,3,3,0,0,0,0,2,4,2,0,1,0,0,0,1,0,0,0,1
0,6,15,37,3,105,63,8,7,2,2,2,13,1,0,2,23,3,4,2,0,2,0,0,0,0,7,1,3,1,2,0,0,0,0,0,0,0
0,3,1,18,8,105,55,13,10,5,1,2,15,5,0,8,17,9,9,0,1,4,0,0,5,0,18,3,1,5,1,0,0,1,0,2,1,0
0,0,0,3,2,11,12,0,3,1,0,0,5,1,0,0,10,4,3,0,4,4,0,1,0,1,4,2,0,0,0,0,0,1,0,0,0,0
0,0,0,3,3,6,14,1,1,0,0,0,1,0,0,0,3,1,3,0,0,0,0,0,0,0,2,0,0,1,0,0,0,0,0,0,0,0
0,0,0,5,3,1,0,0,0,0,3,7,0,2,0,0,0,0,1,4,0,2,0,0,0,0,3,3,0,0,0,0,0,1,0,0,0,0
0,0,2,11,3,1,1,0,0,7,5,12,0,0,0,0,2,10,2,5,3,13,0,1,3,0,2,1,3,0,4,1,1,1,0,0,0,0
0,1,0,7,10,2,1,0,1,2,9,8,0,6,0,0,0,4,1,4,1,5,1,0,6,1,1,2,1,1,2,0,3,2,0,2,0,0
0,0,0,0,2,16,13,1,0,0,0,0,2,0,0,2,13,9,6,0,1,4,2,2,0,0,11,2,1,2,3,0,0,0,0,0,0,0
0,0,0,1,6,3,1,0,1,3,7,2,0,4,0,1,0,2,0,2,2,9,1,0,0,0,1,1,0,1,0,1,0,2,0,0,0,0
0,0,0,0,0,0,0,0,0,0,0,0,0,0,0,0,0,0,0,0,0,0,0,0,0,0,0,0,0,0,0,0,0,0,0,0,0,0
0,0,0,0,0,2,3,3,1,1,0,0,2,0,0,0,0,0,2,0,0,1,1,0,0,0,1,0,0,0,1,0,0,0,0,0,1,0
0,0,0,0,3,7,8,5,7,0,1,0,5,2,0,2,3,4,5,8,0,5,0,2,0,4,5,0,3,3,0,0,0,3,0,2,0,3
0,0,0,0,1,5,10,3,4,2,3,2,12,5,0,0,4,3,8,7,0,20,0,8,3,0,13,1,2,4,0,0,1,7,0,0,0,0
1,0,0,3,4,5,5,2,3,0,1,2,7,2,0,3,4,11,5,5,1,6,0,2,8,2,11,5,1,2,1,0,3,0,1,1,0,1
0,4,0,2,7,3,1,0,0,4,9,3,1,7,0,0,0,1,3,4,4,5,0,0,20,1,4,5,2,7,0,0,2,5,0,0,0,0
0,0,0,2,3,1,0,1,0,3,2,1,3,4,0,1,0,3,0,5,0,4,1,0,0,1,4,0,0,1,2,0,0,0,0,0,0,0
0,1,0,4,1,2,8,1,0,2,8,5,2,4,0,2,3,10,10,2,0,1,1,0,6,2,7,2,4,8,1,0,2,0,0,1,0,1
0,0,0,2,0,1,0,0,0,0,1,0,1,0,0,0,0,0,2,2,0,1,0,0,1,1,4,0,0,0,0,1,0,0,0,1,0,0
0,0,0,0,1,1,2,0,0,0,0,0,3,0,0,4,2,4,1,2,0,0,0,1,6,0,7,0,1,0,0,0,0,1,0,0,0,0
0,0,0,2,5,0,3,1,1,6,12,0,1,1,0,4,0,6,3,14,2,11,1,2,39,4,14,16,3,16,0,1,1,14,3,1,0,0
0,0,0,1,5,0,0,0,0,2,2,3,1,1,0,0,0,1,2,3,0,2,0,0,5,0,6,5,4,1,1,0,0,8,0,0,0,0
0,0,0,2,2,9,8,6,5,0,2,4,9,4,0,1,9,20,13,13,5,10,2,0,13,1,36,22,18,20,1,0,0,3,0,1,0,1
0,0,1,0,4,1,2,0,0,0,7,1,2,4,0,0,2,0,1,5,0,3,3,1,12,6,15,10,1,19,1,0,1,9,4,1,0,3
0,0,0,0,0,1,4,0,1,1,1,6,1,1,0,0,3,0,2,0,0,4,0,0,9,3,8,8,6,6,2,0,2,1,4,1,0,0
0,0,0,2,2,3,2,2,2,2,2,0,3,4,0,1,4,7,6,4,3,2,0,1,15,5,19,11,10,41,4,0,0,6,2,1,0,3
0,0,0,1,0,1,2,1,0,1,0,0,0,1,0,0,0,0,0,0,0,1,0,0,1,0,2,0,0,1,4,0,3,1,3,1,0,1
0,0,0,0,0,1,3,0,0,0,0,0,0,0,0,0,0,0,0,0,0,0,0,0,0,0,1,1,1,3,1,0,1,0,0,0,1,1
0,0,0,0,0,0,4,0,0,0,5,0,0,1,0,0,1,4,1,1,0,4,1,0,3,0,2,0,0,2,0,0,3,0,0,0,1,0
0,0,1,0,0,0,5,0,1,0,0,1,1,1,0,0,2,3,0,2,0,5,0,0,5,5,6,7,2,5,1,1,3,2,6,6,0,1
0,0,0,3,0,0,1,0,0,2,0,1,1,1,0,0,0,1,0,0,0,0,0,0,3,0,1,2,0,2,2,0,1,0,1,0,0,2
0,0,0,0,0,0,1,0,0,4,1,0,0,1,0,2,0,0,0,5,0,0,0,0,1,0,0,1,0,0,0,0,3,6,0,1,0,5
0,0,0,0,0,0,0,0,0,1,0,0,0,1,0,0,0,0,0,1,0,0,0,0,0,0,0,0,0,3,1,1,0,0,0,0,0,0
0,0,0,0,1,1,2,0,0,0,1,1,1,1,0,0,0,1,1,0,0,1,0,2,1,1,1,1,3,9,0,1,1,4,0,1,0,1
