0,0,0,2,0,1,0,0,0,0,0,0,0,0,0,0,0,0,0,0,0,0,0,0,1,0,0,0,0,0,0,0,0,0,0,0,0,0
0,9,0,6,1,5,0,0,0,0,0,0,0,0,0,0,0,0,0,0,0,0,0,0,0,0,0,0,0,0,0,0,0,0,0,0,0,0
2,4,2,0,0,3,0,0,0,0,0,0,0,0,0,0,0,0,1,2,0,0,0,0,2,0,0,0,0,0,0,0,0,0,0,0,0,0
4,18,5,111,34,30,9,0,0,2,7,12,0,4,0,0,0,4,3,0,4,3,0,0,2,0,2,0,1,1,0,0,0,1,0,1,0,0
0,0,4,35,14,7,3,0,0,6,4,9,2,5,0,0,1,0,2,7,2,4,2,0,8,0,2,1,1,4,1,0,0,0,0,2,0,0
2,7,23,37,4,121,62,8,8,0,6,0,10,5,0,2,8,7,7,6,1,8,1,4,4,0,4,2,0,6,0,0,1,0,0,0,0,0
0,3,2,17,3,71,71,18,6,0,0,1,10,1,0,4,16,8,7,3,0,8,1,0,2,1,4,2,2,8,0,2,2,1,1,3,0,0
0,1,0,5,0,20,10,1,0,0,0,1,2,1,0,2,4,1,2,2,1,0,0,0,2,2,4,0,0,4,0,1,0,0,1,0,0,0
0,0,0,0,0,14,4,4,0,0,1,3,0,0,0,0,1,1,2,0,0,0,1,0,0,0,1,0,0,0,2,0,0,0,0,0,0,0
0,0,0,5,4,0,0,0,0,3,2,4,3,2,0,0,0,1,1,2,2,3,1,0,4,0,0,3,0,1,0,0,0,0,0,0,0,2
0,1,0,6,10,0,2,0,0,6,3,8,0,3,0,1,1,0,1,9,2,10,2,3,9,1,3,2,2,2,0,1,0,2,0,0,0,0
0,1,0,6,5,4,3,1,1,5,4,8,1,9,0,0,0,0,2,1,3,5,0,0,2,2,5,3,2,1,0,2,2,2,0,0,0,0
0,0,0,3,1,15,18,1,2,0,1,0,7,0,0,2,4,4,5,1,2,5,2,1,1,0,9,4,2,3,0,1,1,0,0,1,0,1
0,0,0,9,2,3,1,0,0,0,1,6,1,6,0,0,1,5,3,7,1,7,3,0,3,1,1,3,2,0,2,0,0,0,0,0,0,0
0,0,0,0,0,0,0,0,0,0,0,0,0,0,0,0,0,0,0,1,0,0,0,0,0,0,0,0,0,0,0,0,0,0,0,0,0,0
0,1,0,0,0,3,2,2,0,0,0,0,0,0,0,0,1,4,0,0,0,0,0,0,0,0,0,0,0,0,0,0,1,0,0,0,0,0
0,1,1,4,1,10,10,3,1,0,1,0,3,0,0,1,2,2,8,1,3,7,0,2,4,0,7,0,0,2,0,1,1,0,0,0,0,0
0,0,0,2,0,5,10,6,1,2,0,5,11,6,0,3,2,3,4,4,0,6,2,1,4,1,5,4,3,6,1,0,0,0,0,2,0,0
1,0,2,2,1,5,9,1,7,1,1,1,4,1,0,1,5,4,4,0,1,3,0,0,6,3,16,3,1,6,0,1,0,1,0,1,0,0
0,1,1,6,6,2,0,0,0,8,10,10,0,10,0,0,10,6,2,5,1,7,4,1,9,2,12,3,3,8,0,0,0,3,0,3,0,1
0,2,0,3,2,1,1,0,0,3,4,3,0,1,0,0,3,2,0,3,3,2,0,1,3,0,2,1,0,1,0,0,0,0,0,0,0,0
0,0,0,1,6,1,0,0,1,4,6,8,1,8,0,2,6,4,1,2,1,5,0,0,9,0,9,6,2,6,1,0,0,6,0,0,0,2
0,0,0,1,0,0,0,1,0,0,0,0,1,1,0,1,1,4,0,0,0,1,0,0,6,2,4,0,0,1,0,0,0,0,0,0,0,2
0,1,0,1,5,0,1,3,0,0,0,0,1,0,0,2,0,1,1,0,1,2,0,1,0,0,1,1,0,0,0,0,0,2,0,0,0,0
3,0,0,3,3,2,8,0,2,5,3,4,0,8,0,0,2,7,4,16,2,7,1,2,23,2,26,20,7,16,4,2,0,8,2,0,0,2
0,0,0,0,1,0,1,1,0,3,0,2,0,9,0,0,1,0,4,1,2,1,2,0,13,2,7,2,4,2,0,0,0,3,0,0,0,0
0,1,0,4,1,8,10,5,0,0,2,4,6,2,0,3,9,15,12,6,1,17,2,4,18,4,32,12,14,33,3,0,0,7,1,0,0,0
0,0,0,3,3,1,0,0,0,0,5,4,0,1,0,0,1,0,3,11,2,3,0,1,18,3,11,24,13,16,1,0,1,6,0,1,0,7
0,0,0,3,2,0,0,0,1,0,3,0,0,0,0,0,0,0,4,5,0,1,0,0,3,2,13,4,6,6,1,0,1,5,3,1,0,1
0,0,0,3,0,2,5,1,1,0,0,1,2,2,0,1,6,7,4,3,1,7,2,0,12,3,16,16,12,27,2,2,1,7,2,2,0,0
0,0,0,0,1,0,1,1,0,0,1,0,3,1,0,0,0,0,0,4,0,1,0,0,2,0,0,5,0,1,0,0,2,2,2,0,0,1
0,0,0,0,0,1,1,1,0,0,0,2,1,0,0,0,1,1,0,0,0,0,0,0,1,1,0,0,0,1,0,0,1,0,0,0,0,0
0,0,0,0,0,1,0,0,0,0,0,0,3,0,0,0,0,1,1,0,1,2,1,2,1,1,2,2,0,9,1,2,0,1,1,0,1,0
0,0,0,0,0,0,0,0,0,0,2,3,3,3,0,1,0,4,0,8,5,3,0,0,23,2,5,7,3,6,2,1,1,4,1,1,0,0
0,0,0,0,2,0,0,0,0,2,0,1,0,0,0,0,0,0,1,1,0,0,0,0,7,1,4,0,0,3,3,0,0,1,0,1,0,0
0,0,0,0,0,0,2,3,0,0,0,0,0,0,0,0,1,0,0,1,1,0,0,0,1,1,1,3,0,3,0,0,0,0,0,0,0,1
0,0,0,0,0,0,0,0,0,0,1,0,0,0,0,1,0,0,0,0,0,2,0,0,1,0,1,0,0,0,0,0,0,0,0,0,0,0
0,0,0,0,0,0,0,1,0,1,2,0,0,0,0,0,2,0,0,4,0,3,0,0,1,0,2,4,1,5,1,0,0,4,1,2,1,4
