0,2,0,0,0,0,0,0,0,0,0,0,0,0,0,0,0,0,0,0,0,0,0,0,0,0,1,0,0,0,0,0,0,0,0,0,0,0
0,5,6,10,1,3,0,0,0,0,0,1,0,0,0,0,0,0,0,0,2,0,0,0,0,0,1,0,0,0,2,0,0,0,0,0,0,0
0,6,6,3,0,3,2,0,0,0,2,0,0,0,0,0,0,0,0,1,0,0,0,0,0,0,1,0,0,0,0,0,0,0,0,0,0,0
2,16,3,111,34,31,11,2,0,1,4,12,0,7,0,1,1,0,1,4,5,2,0,0,11,0,1,0,0,0,0,0,0,0,0,0,0,0
1,1,1,32,24,13,4,0,1,2,11,13,3,9,0,0,1,2,4,9,3,6,1,0,6,1,1,2,0,0,2,0,0,0,0,3,1,0
3,8,21,47,8,96,64,10,4,1,1,2,14,0,0,4,12,6,4,1,1,11,0,1,2,0,5,1,0,2,0,0,2,1,5,1,0,0
2,2,3,23,2,110,61,17,9,1,0,3,27,4,0,4,24,11,4,1,1,2,2,8,5,2,7,3,2,5,0,1,1,0,0,1,0,0
0,0,0,0,0,6,10,1,6,0,2,0,4,0,0,6,4,4,0,0,3,9,1,2,0,0,0,0,0,2,0,0,0,0,0,0,1,0
0,0,0,0,2,6,10,0,2,0,1,0,2,0,0,1,7,0,1,0,0,1,1,0,0,0,2,1,0,0,0,0,0,0,0,0,0,0
0,0,0,7,3,0,2,0,0,0,5,5,0,7,0,2,0,0,0,3,3,2,0,2,1,1,2,0,1,0,0,0,0,0,0,0,0,0
0,3,1,7,4,2,0,0,0,2,11,3,2,5,0,0,1,4,0,8,1,17,0,2,3,2,1,4,1,8,0,0,0,2,0,1,0,2
0,3,0,6,7,3,0,1,0,3,4,10,0,3,0,0,1,0,4,4,4,16,1,2,3,1,1,0,0,1,0,0,1,3,2,0,0,1
0,0,0,3,3,19,15,7,2,0,0,0,6,0,0,1,5,12,1,2,1,5,0,1,3,0,5,1,4,4,0,2,0,0,2,2,0,0
0,0,1,7,5,6,3,2,0,1,0,5,0,5,0,0,2,0,2,3,2,21,0,1,4,2,3,1,0,8,0,0,0,2,0,0,0,0
0,0,0,0,0,1,0,0,0,0,0,0,0,0,0,0,0,0,0,0,0,0,0,0,0,0,0,0,0,0,0,0,0,1,0,0,0,0
0,0,0,0,0,0,2,3,1,1,0,0,0,0,0,1,1,0,0,0,0,4,0,0,0,0,2,0,1,0,0,0,1,0,0,0,0,1
0,0,0,0,0,13,7,4,1,0,3,3,3,2,0,0,2,4,5,2,1,4,0,2,3,0,13,0,2,5,1,0,0,3,0,0,1,0
2,0,1,4,2,4,15,4,4,0,5,4,7,2,0,0,2,5,5,5,2,5,2,4,7,0,12,4,5,2,0,2,3,4,1,2,0,0
0,0,0,5,0,5,4,2,0,0,2,2,8,4,0,1,11,1,8,8,1,10,1,1,3,1,12,3,4,8,0,1,0,0,0,0,0,0
2,0,1,5,3,3,0,0,1,5,7,3,1,12,0,4,7,5,1,5,1,4,1,0,6,2,12,4,0,2,3,0,0,0,0,1,0,3
0,0,1,2,0,2,3,1,0,5,3,0,0,3,0,0,0,0,0,1,1,2,0,0,2,1,2,0,2,0,0,0,0,1,0,0,0,0
0,0,0,6,7,3,1,4,0,3,9,12,3,5,0,5,4,5,6,2,1,2,0,0,16,1,6,2,3,4,3,0,0,1,0,3,0,0
0,0,0,1,4,1,1,0,0,0,0,4,2,3,0,0,2,0,0,0,3,0,0,0,1,1,2,0,0,0,0,0,0,1,0,0,0,0
0,0,0,0,1,3,1,1,1,0,2,1,0,2,0,3,4,5,5,5,0,0,0,0,0,1,13,0,2,2,1,0,0,1,0,0,0,2
0,0,1,3,3,3,1,1,0,4,2,4,0,6,0,1,1,7,5,13,9,8,2,4,22,10,23,16,7,19,0,0,1,4,3,4,0,0
0,0,0,0,1,1,0,1,0,1,2,1,1,2,0,0,1,1,3,0,0,3,0,0,9,0,4,2,3,7,0,0,0,1,0,0,0,0
0,1,0,8,1,7,14,4,2,2,5,3,10,5,0,4,6,16,22,10,5,19,3,2,24,8,34,4,9,28,11,0,2,8,1,0,0,1
0,0,0,3,0,2,0,0,0,1,1,0,1,1,0,0,0,6,2,8,2,8,0,0,25,3,6,6,8,17,2,3,1,5,0,5,0,1
0,0,0,1,1,0,2,1,0,0,2,0,1,6,0,0,1,1,4,1,0,5,0,1,12,0,5,9,5,10,4,1,0,0,0,0,0,4
0,0,1,1,2,1,4,3,2,0,1,0,4,4,0,4,3,7,8,7,0,9,1,2,15,2,30,15,4,28,2,2,1,6,4,1,3,5
0,0,0,0,0,3,0,0,0,0,0,0,0,0,0,0,0,4,0,0,0,1,0,0,3,0,1,2,0,5,2,0,0,0,1,0,0,0
0,0,0,0,0,0,0,0,0,0,0,0,1,0,0,1,0,2,0,0,0,0,0,0,1,2,0,0,0,2,4,0,0,0,0,0,0,0
0,0,0,0,0,2,3,0,0,0,0,1,1,0,0,0,1,4,2,1,2,1,0,2,5,0,0,1,1,4,1,0,1,0,2,1,0,0
0,0,0,2,0,1,0,0,0,0,1,1,1,0,0,0,0,2,0,2,0,1,0,0,3,1,8,13,5,7,1,0,0,1,2,3,0,3
0,0,0,0,1,0,0,0,0,1,3,0,2,0,0,0,0,0,0,1,0,0,0,0,2,1,2,4,1,5,1,1,0,5,0,0,0,0
0,0,0,0,0,0,0,1,0,0,0,2,0,1,1,0,2,0,1,2,1,2,0,0,4,0,1,2,0,2,0,1,0,1,0,1,0,1
0,0,0,0,0,0,1,0,0,0,0,2,0,2,0,0,0,0,0,0,1,0,0,0,0,0,0,0,0,0,0,0,0,0,0,0,0,0
0,0,0,0,0,0,1,0,0,0,1,4,0,0,0,0,0,1,0,1,0,0,0,0,2,0,0,0,0,3,2,1,0,1,2,0,0,0
