0,1,0,1,0,0,0,0,0,0,0,0,0,1,0,0,0,0,1,0,0,0,0,0,0,0,0,0,0,0,0,0,0,0,0,0,0,0
0,3,2,6,3,4,0,0,0,0,0,0,0,0,0,0,0,0,0,1,0,0,0,0,0,0,0,0,0,0,0,0,0,0,0,0,0,0
0,8,5,1,0,3,0,0,0,0,0,0,0,0,0,0,0,0,0,0,0,0,0,0,0,0,0,0,0,0,0,0,0,0,0,0,0,0
0,11,5,111,32,24,4,0,0,0,8,11,2,0,2,0,3,1,0,0,0,3,0,0,4,1,0,2,0,0,0,0,0,0,4,1,0,0
1,2,0,41,12,4,1,0,0,3,5,14,0,5,0,0,0,4,3,6,3,5,0,0,0,0,1,1,1,1,0,1,0,0,1,0,0,0
2,6,13,36,6,107,57,11,11,3,2,3,9,0,0,0,18,1,5,1,0,6,0,4,1,0,4,1,0,6,0,0,0,0,0,0,0,0
0,1,2,22,10,72,56,11,1,0,1,3,35,0,0,8,14,14,8,2,1,7,0,0,4,1,7,1,1,11,0,1,0,0,4,0,0,0
0,0,0,5,0,13,11,6,0,0,0,1,0,0,0,5,4,2,5,1,0,5,0,0,0,0,7,2,0,0,0,0,0,0,0,1,0,0
0,0,0,1,0,8,12,1,4,0,0,0,4,0,0,0,2,0,2,0,0,0,0,1,1,0,1,0,0,2,0,0,0,1,0,0,0,0
1,0,0,5,6,3,0,0,0,0,1,0,0,1,0,0,0,2,0,5,2,0,0,1,0,0,0,0,0,1,2,0,0,0,0,2,0,0
0,0,3,11,4,2,5,0,1,1,4,5,0,10,0,1,2,6,2,21,2,6,0,0,7,1,5,3,1,3,1,0,0,2,0,0,0,3
0,0,0,7,6,8,3,0,0,2,6,10,0,2,0,1,0,3,0,5,5,11,1,2,7,0,1,0,0,7,0,0,0,2,2,1,0,0
1,0,0,3,1,16,10,2,2,0,0,2,5,1,0,0,5,7,2,1,0,6,0,6,2,0,9,0,0,1,0,0,0,0,0,0,0,0
0,0,0,3,0,1,1,0,0,1,0,5,1,2,0,0,0,1,1,4,1,15,0,2,0,0,6,2,0,1,0,1,0,2,0,2,0,1
0,0,0,0,0,0,0,0,0,0,0,0,0,0,0,0,0,0,0,0,0,0,0,0,0,0,0,0,0,0,0,0,0,0,0,0,0,0
0,0,0,2,1,4,4,3,0,0,0,2,2,0,0,0,0,2,0,2,1,0,0,1,1,0,0,0,0,0,0,0,0,0,0,0,0,0
0,2,0,2,0,12,16,2,3,1,1,1,3,0,0,0,3,2,12,1,1,5,0,2,5,1,7,3,1,5,2,0,0,2,0,0,0,0
0,1,0,2,1,7,4,1,2,0,2,1,8,3,0,0,4,1,4,4,3,18,1,5,8,2,9,1,2,3,0,0,0,8,0,1,0,0
0,0,0,2,0,7,4,4,0,0,0,2,6,0,0,2,7,10,5,2,5,4,1,2,6,7,13,3,3,1,1,1,1,0,0,0,0,0
0,0,1,1,8,2,1,3,0,6,8,3,1,11,0,1,4,5,0,5,1,3,0,1,9,0,4,2,2,0,2,0,1,1,0,2,0,0
2,1,0,5,0,1,0,0,0,3,8,0,1,0,0,0,1,2,0,4,2,4,0,0,5,2,4,1,0,0,0,0,0,0,0,1,0,0
0,0,0,4,3,6,2,3,0,3,7,8,4,5,1,2,5,6,7,6,4,5,0,1,10,2,7,4,3,4,3,0,0,2,0,1,0,0
0,0,0,1,0,1,2,0,0,0,0,1,0,0,0,0,0,0,0,5,0,4,0,0,0,1,5,0,3,0,0,0,1,0,0,0,0,0
0,0,0,2,2,2,2,2,0,0,0,2,1,0,0,0,5,0,2,2,1,0,0,1,4,0,8,0,2,0,0,0,1,0,0,0,0,0
0,0,0,4,8,3,5,2,0,1,14,1,1,4,0,1,1,11,7,13,3,12,1,4,35,4,29,21,3,9,0,0,1,10,1,5,0,1
0,0,1,0,0,1,0,1,0,4,1,1,0,3,0,0,1,3,1,0,1,0,0,0,5,0,0,4,0,3,0,0,0,0,0,0,0,2
0,1,0,1,3,9,14,0,4,0,1,2,10,7,0,5,2,12,7,13,2,14,1,8,25,5,37,7,14,44,2,3,2,8,1,4,3,2
0,0,0,8,1,2,1,0,1,0,1,2,1,0,0,0,0,5,1,8,0,2,1,1,10,6,7,13,2,12,2,0,1,7,0,2,0,0
0,0,0,1,0,0,1,1,0,0,1,0,1,0,0,0,0,5,0,0,2,3,0,1,2,3,15,6,2,12,1,2,0,0,0,3,0,0
0,0,0,2,2,8,0,4,2,2,3,1,5,4,1,0,2,6,8,5,2,8,1,0,11,3,23,20,5,25,4,6,3,5,3,1,0,0
0,0,0,1,0,0,1,1,0,0,0,0,0,0,0,0,0,0,0,0,0,0,0,1,3,2,2,0,0,0,3,0,1,0,0,0,0,4
0,0,0,0,0,0,0,0,0,0,0,0,0,0,0,0,0,0,0,1,0,0,0,0,0,0,2,0,1,8,2,1,0,2,0,0,0,1
0,0,0,0,3,1,0,0,0,0,0,0,0,0,0,1,0,1,0,0,0,0,0,0,1,1,2,0,0,5,2,0,0,1,0,0,0,0
0,0,0,0,0,0,0,0,0,0,2,2,0,0,0,0,0,2,1,1,2,4,0,0,8,3,5,6,2,5,4,0,0,4,0,2,0,1
0,0,0,0,0,0,0,0,0,0,5,1,0,1,0,0,0,2,1,2,0,0,0,0,3,0,2,1,1,1,0,0,1,2,1,0,0,0
0,0,0,0,0,0,1,4,0,2,0,0,1,0,0,0,0,1,0,1,1,0,0,0,0,0,5,1,3,3,2,5,0,1,5,0,0,0
0,0,0,0,0,0,0,0,0,0,0,0,0,0,0,0,1,3,0,0,1,0,0,0,0,0,0,1,0,1,0,0,0,1,0,0,0,0
0,0,0,0,0,0,0,0,0,0,0,0,0,0,0,0,2,0,0,1,0,0,0,0,2,0,0,1,0,3,1,0,1,0,0,4,0,0
