1,0,0,0,0,1,0,0,0,0,0,0,0,0,0,0,0,0,0,0,0,0,0,0,0,0,0,0,0,0,0,0,0,0,0,0,0,0
0,5,4,7,1,4,1,0,0,0,0,0,0,0,0,0,0,0,0,0,0,0,0,0,0,0,0,0,0,0,0,0,0,0,0,0,0,0
0,2,13,0,0,6,0,0,0,0,0,0,0,0,0,0,0,0,0,0,1,0,0,0,0,0,0,0,0,1,0,0,0,0,0,0,0,0
1,13,3,119,28,27,3,0,1,2,0,16,0,8,0,2,0,0,2,2,5,2,2,0,2,0,4,3,0,2,0,0,0,1,0,0,0,0
0,0,0,33,15,2,4,1,0,5,10,9,0,2,0,1,3,1,2,3,0,2,2,1,5,3,2,1,2,2,0,0,0,0,0,0,0,0
3,7,15,39,12,102,52,9,8,1,1,0,12,0,0,2,13,7,4,0,1,1,0,2,1,1,2,3,2,0,2,0,1,1,0,0,0,0
2,5,0,13,2,93,56,14,11,0,0,2,12,1,0,2,18,10,9,3,1,9,3,1,1,1,4,2,0,3,1,0,2,4,0,0,0,0
0,0,0,5,2,16,11,0,0,0,0,0,10,0,0,2,8,3,5,1,1,1,0,0,0,1,7,2,0,1,0,1,1,0,0,0,0,0
0,0,0,1,0,11,8,2,1,0,0,0,0,0,0,0,2,1,2,0,0,0,0,1,0,0,1,0,0,1,0,0,0,0,0,0,0,0
0,3,1,8,1,0,0,0,0,0,1,1,0,0,0,0,0,3,1,6,2,3,0,0,3,0,1,1,0,2,0,0,0,0,0,2,0,0
0,0,0,9,4,0,0,0,1,6,6,3,0,4,0,0,0,2,2,2,1,8,0,3,4,5,1,0,2,1,0,0,3,1,1,0,0,0
2,1,0,12,5,1,1,0,0,8,1,3,0,3,0,0,2,3,0,6,1,11,4,1,2,1,5,0,1,1,1,0,0,0,0,1,0,1
0,0,2,3,2,9,10,0,1,0,0,0,2,0,0,1,4,2,1,0,0,6,1,0,1,3,10,3,2,6,1,0,0,2,0,1,0,0
1,0,0,3,3,1,2,0,0,2,2,3,0,6,0,0,1,2,1,5,4,13,1,1,3,0,4,2,1,5,0,0,0,0,0,1,0,1
0,0,0,0,0,0,1,0,0,0,0,0,0,0,0,0,0,0,0,0,0,0,0,0,0,0,0,0,0,0,0,0,0,0,0,0,0,0
0,0,0,0,1,3,2,0,1,3,1,0,0,0,0,0,0,0,1,0,1,1,0,0,0,0,1,0,0,0,0,0,0,1,0,0,0,0
0,1,2,1,0,11,14,2,1,0,0,0,2,0,0,1,2,3,4,1,0,2,1,4,5,2,10,1,0,0,2,0,4,2,0,1,0,0
0,2,1,5,2,8,12,1,2,1,0,4,5,1,0,2,3,5,2,4,2,11,1,3,2,0,14,4,5,2,1,1,1,4,0,3,0,2
0,0,0,1,1,0,8,3,3,1,1,1,3,0,0,1,2,12,5,0,1,4,0,1,5,1,17,2,2,6,1,0,0,0,0,0,0,0
0,2,0,2,6,5,2,0,0,5,14,6,3,5,2,0,6,6,5,9,6,1,0,0,7,0,8,5,2,5,1,0,0,1,0,1,0,3
0,1,1,3,5,0,1,0,0,1,2,0,0,1,0,1,0,3,0,3,0,3,0,0,6,1,1,2,0,0,0,0,0,1,0,3,0,1
0,0,2,1,6,2,2,2,0,0,3,8,3,7,0,1,7,3,6,4,1,4,0,2,10,1,14,3,1,2,0,0,2,1,0,0,1,1
0,0,0,0,0,2,1,1,0,0,0,0,3,1,1,0,1,1,0,0,0,2,0,2,0,0,2,0,1,0,0,0,0,0,0,0,0,0
0,0,0,2,0,2,1,0,0,0,0,1,3,2,0,0,1,2,2,4,0,4,0,0,4,0,7,1,0,1,0,0,0,0,0,0,0,0
0,0,0,1,6,5,1,3,2,1,8,6,1,4,0,0,3,8,9,25,5,13,2,4,28,2,28,15,5,11,2,0,3,5,2,1,0,3
0,0,0,5,2,0,0,0,0,0,2,0,0,3,1,0,1,0,0,2,2,2,0,0,4,2,5,5,1,2,2,0,0,1,0,0,0,1
0,0,1,4,3,9,8,7,3,3,7,1,10,3,0,2,5,14,6,10,2,15,4,3,15,9,40,30,11,16,0,3,1,7,2,2,0,0
0,0,0,1,3,1,0,1,0,0,1,3,1,2,0,0,2,1,2,0,0,4,3,2,6,2,8,7,7,20,3,0,2,13,4,0,0,1
0,0,0,1,0,1,0,0,0,0,0,1,1,3,0,1,0,0,1,0,0,2,0,1,10,0,5,6,1,7,0,0,0,2,0,2,0,1
0,1,0,0,3,0,4,1,0,1,3,2,6,5,0,2,2,11,11,4,1,8,0,3,8,4,23,8,3,40,7,0,3,6,6,0,0,1
0,0,0,0,0,0,0,0,0,0,3,2,0,0,0,0,0,2,0,0,1,0,0,1,1,0,1,1,1,7,2,0,1,0,0,0,0,3
0,0,0,0,0,0,0,0,0,0,0,1,2,0,0,0,2,0,3,0,0,0,0,0,0,0,0,0,0,3,1,0,0,0,0,0,0,0
0,0,0,0,0,0,1,0,1,0,0,0,0,0,0,0,1,2,0,0,0,0,0,1,1,0,5,1,0,2,2,0,0,1,1,0,0,1
0,0,0,2,0,0,0,0,0,0,3,1,0,0,0,0,3,0,2,2,2,2,0,0,3,0,2,4,5,12,1,2,2,5,3,0,0,4
0,0,0,0,0,0,0,0,0,0,0,0,1,0,0,0,0,0,3,1,1,0,0,0,6,0,0,3,2,0,1,1,0,1,0,2,0,3
0,0,0,1,0,1,0,0,0,1,2,0,1,0,0,0,2,1,0,2,0,0,0,0,3,0,0,3,0,1,1,0,0,3,4,0,0,1
0,0,0,0,0,0,0,0,0,2,0,0,0,0,0,0,0,0,0,1,0,0,0,1,0,0,2,0,0,0,0,0,0,1,0,1,0,0
0,0,0,0,0,1,2,1,0,0,1,0,0,3,0,0,1,1,1,0,0,0,0,0,0,1,1,4,2,1,1,0,0,0,0,0,0,1
