1.58
2.510625
2.78230769231
1.53348314607
1.60862068966
2.01974683544
1.71292775665
1.34886792453
1.40891891892
1.73705882353
1.84382978723
1.98085714286
1.94615384615
2.02561403509
1.62615384615
1.6678125
1.56673684211
1.73924050633
1.53386363636
1.85102564103
2.02074074074
1.66026086957
1.56066666667
1.80970588235
1.64772020725
1.43304347826
1.62703703704
1.9379245283
2.02897435897
1.83108695652
2.39387096774
3.66375
3.94315789474
2.12608695652
2.50846153846
2.65043478261
1.96625
3.55038461538
