0,0,0,2,1,0,0,0,0,0,0,0,0,0,0,0,0,0,0,0,2,0,0,0,0,0,0,0,0,0,0,0,0,0,0,0,0,0
0,7,2,7,2,4,0,0,0,0,0,0,0,0,0,0,1,0,0,2,0,0,0,0,1,0,0,0,0,0,0,0,0,2,0,0,0,0
0,0,7,3,0,7,0,0,0,0,0,0,0,0,0,0,0,0,0,0,0,0,0,0,0,0,0,0,0,0,0,0,0,0,0,0,0,0
0,13,6,106,45,30,3,0,1,5,8,7,0,1,0,0,2,0,0,1,0,0,1,1,1,3,4,0,0,0,0,0,0,0,0,1,0,0
0,4,2,47,24,6,1,0,1,3,7,11,2,5,0,0,0,2,0,4,2,5,0,0,4,0,1,2,0,0,0,0,0,0,1,0,0,0
2,9,25,51,7,124,56,6,3,2,2,1,7,1,0,1,14,1,3,1,0,2,0,1,0,0,2,1,0,1,1,0,0,1,0,0,0,0
1,3,1,14,4,51,62,13,12,2,1,2,20,3,0,5,29,9,7,0,2,6,1,4,4,0,3,2,3,4,2,0,0,0,0,2,0,1
0,1,0,3,1,24,10,0,1,0,0,0,2,0,0,1,7,4,1,5,1,1,0,1,0,0,10,0,0,0,0,0,0,0,0,1,0,0
0,0,0,0,0,13,9,0,2,0,0,0,3,0,0,0,4,3,1,0,0,2,0,2,0,1,0,0,0,2,0,0,0,0,2,0,0,0
0,0,0,3,3,1,1,0,0,0,2,5,0,1,0,0,0,1,1,1,1,5,0,1,4,0,1,0,0,0,0,0,0,2,1,0,0,0
0,4,0,13,8,7,1,1,1,3,1,3,0,7,0,0,0,3,0,12,1,10,1,4,5,0,2,1,3,3,1,0,1,1,0,0,0,0
0,0,0,8,6,4,3,1,0,0,2,3,0,4,0,1,0,6,1,4,1,9,0,1,5,0,4,2,1,2,1,0,0,2,0,1,0,2
0,0,0,6,2,13,21,2,4,0,0,2,0,0,0,1,2,12,5,1,1,1,0,1,1,0,8,2,0,1,0,0,1,2,1,0,0,0
0,0,0,2,4,4,3,2,0,3,2,4,0,1,0,1,1,3,4,5,0,12,1,0,1,1,10,5,0,2,2,1,1,0,0,0,0,0
0,0,0,0,1,0,0,0,0,0,0,1,0,0,0,0,0,0,0,0,0,0,0,0,0,0,0,0,0,0,0,0,0,0,0,0,0,0
0,0,0,0,0,3,3,0,0,0,1,1,1,0,0,2,0,0,0,0,0,1,0,1,0,0,1,0,0,2,0,0,0,0,0,0,0,0
0,0,0,2,0,8,11,1,4,0,1,0,3,4,0,5,1,2,2,5,1,3,2,6,4,0,15,0,1,0,0,0,1,5,0,0,0,0
0,0,0,1,0,5,12,8,2,0,0,2,7,0,0,0,2,5,3,3,0,12,0,4,10,1,18,6,2,4,1,2,0,2,0,0,0,1
0,0,3,2,1,10,11,1,0,0,1,2,3,3,0,2,8,7,6,3,0,4,0,2,4,1,9,3,6,7,0,2,1,0,0,0,0,0
0,3,0,8,3,3,1,0,2,4,16,3,1,9,1,0,4,2,5,7,0,2,1,2,8,4,6,2,1,3,0,0,0,0,0,0,0,0
0,0,0,4,2,0,0,1,0,2,1,4,0,0,0,0,0,0,2,6,0,0,0,2,2,0,0,1,0,1,1,0,0,0,0,0,0,0
0,0,0,4,3,3,3,1,3,2,5,4,2,6,0,0,5,4,7,2,1,4,0,0,13,3,12,4,0,13,3,1,1,1,2,2,0,0
0,0,0,0,1,0,0,1,0,0,0,0,2,1,0,0,1,0,0,1,0,0,0,0,0,0,3,0,0,0,0,0,0,1,0,0,0,0
0,0,0,1,0,1,2,1,0,0,0,0,1,3,0,2,2,1,3,0,0,0,0,1,4,1,9,0,1,2,1,0,0,0,0,0,0,1
0,0,0,10,7,2,1,0,0,4,4,11,2,11,1,3,4,6,5,11,3,13,5,3,21,3,30,9,8,18,2,0,2,7,3,1,0,0
0,0,0,0,0,1,0,0,0,0,4,0,2,1,2,0,1,0,1,4,1,2,0,1,11,3,5,0,1,5,0,1,0,4,0,0,0,0
1,0,2,0,3,4,7,7,0,1,6,5,5,2,1,2,9,13,12,9,0,13,1,3,21,12,26,12,10,32,1,3,1,8,2,0,0,1
0,0,0,3,0,0,0,2,1,0,1,0,0,0,2,1,1,3,4,8,3,8,0,1,17,2,13,10,10,20,1,1,2,4,1,0,0,0
0,0,0,0,1,0,2,1,0,0,0,0,1,3,0,0,1,1,2,1,0,3,3,2,4,0,5,8,6,9,0,0,0,0,1,1,0,0
0,2,0,2,1,2,3,0,1,2,2,1,1,1,0,2,1,3,10,1,0,10,1,6,3,8,21,14,8,33,3,0,5,5,2,4,0,4
0,0,1,1,0,0,1,0,0,0,1,1,0,0,0,0,0,0,0,1,0,2,0,1,0,0,1,1,2,10,2,0,3,0,0,2,0,0
0,0,0,0,0,0,0,0,0,0,0,1,0,2,0,2,0,0,0,0,0,0,0,0,4,0,2,1,0,1,3,0,4,0,0,1,0,0
0,0,0,0,0,1,1,0,0,0,2,1,0,0,0,1,2,1,0,1,0,0,0,2,0,0,2,2,0,0,1,0,0,2,1,0,0,0
0,0,0,0,1,0,1,1,0,0,0,0,0,1,0,0,0,1,0,2,0,4,0,0,12,6,7,10,1,4,0,0,0,2,5,1,0,2
0,0,0,0,0,1,0,0,0,1,2,0,0,0,0,0,0,2,0,1,0,4,0,0,2,0,2,6,3,1,2,0,1,0,0,0,0,2
0,0,0,0,1,0,2,0,1,2,0,0,0,0,0,0,0,0,0,3,0,0,0,0,0,0,1,5,1,1,0,0,1,4,1,1,0,2
0,0,0,0,0,0,0,0,0,0,1,0,0,1,0,0,0,0,0,0,1,0,0,0,0,0,0,0,0,1,0,0,0,0,0,0,0,1
0,0,0,0,0,0,0,0,0,0,1,2,3,1,0,0,0,0,2,0,0,0,0,0,0,0,0,0,0,3,2,3,1,3,1,0,0,1
