0,3,0,0,0,1,0,0,0,0,0,0,0,0,0,0,0,0,0,0,0,0,0,0,0,0,0,0,0,0,0,0,0,0,0,0,0,0
2,14,1,7,2,0,0,0,0,0,0,0,0,0,0,0,0,0,0,0,0,0,0,0,0,0,0,0,0,0,0,0,0,0,0,0,0,0
0,4,6,1,0,10,0,0,0,0,0,0,0,0,0,0,0,0,0,0,0,0,0,0,0,0,0,0,0,1,0,0,0,0,0,0,0,0
1,20,9,108,27,31,8,1,0,3,9,3,2,5,0,0,1,0,3,5,7,3,0,0,3,0,4,0,2,1,0,0,0,1,0,1,0,0
3,2,0,37,16,10,2,0,0,4,7,4,0,2,0,0,1,4,1,7,2,2,0,0,0,0,1,0,0,1,0,1,1,0,0,0,0,0
0,2,22,53,4,114,72,6,5,0,4,1,6,4,0,0,3,2,5,3,1,2,0,3,2,0,5,0,0,3,3,0,4,0,0,1,0,0
0,6,4,16,5,86,59,10,4,1,1,0,18,2,0,1,13,5,5,1,0,5,0,2,2,2,16,2,1,6,1,0,1,0,0,0,0,0
0,0,0,2,1,12,12,1,0,0,0,0,4,1,0,1,4,2,2,1,1,0,2,3,1,1,3,0,1,3,0,0,0,0,0,0,0,0
0,0,0,1,0,5,9,0,2,0,0,0,1,1,0,0,1,2,2,0,0,3,0,0,0,0,1,0,0,5,0,0,0,0,0,0,0,0
0,2,0,6,7,0,1,0,0,0,7,1,0,1,0,0,0,0,2,2,2,5,0,0,2,2,0,0,0,1,0,0,0,2,0,0,0,0
0,0,0,10,4,2,0,2,0,4,6,3,0,1,1,0,1,1,2,8,4,12,0,0,2,4,6,4,2,0,0,0,0,3,0,1,0,0
0,0,0,3,10,3,4,0,0,0,0,6,0,8,0,0,0,3,0,2,0,15,0,2,4,0,3,0,0,0,0,0,0,0,0,2,0,0
0,0,0,5,0,11,11,4,0,0,2,0,7,1,0,0,2,8,2,2,0,6,0,1,2,2,8,1,3,5,0,0,0,0,0,0,0,1
0,2,0,4,3,2,4,0,0,3,2,2,3,3,0,2,1,1,0,2,1,9,0,0,11,1,2,1,1,3,0,0,3,1,1,0,0,0
0,0,0,0,1,0,0,0,0,0,0,1,0,0,0,0,0,0,0,0,0,0,0,0,0,0,0,0,0,0,0,0,0,0,0,0,0,0
0,0,0,1,1,5,0,1,1,0,0,0,2,0,0,2,2,1,0,0,0,1,0,2,2,0,2,0,2,2,0,0,0,2,0,0,0,0
0,0,1,0,2,4,13,3,3,0,0,0,0,0,0,6,5,8,1,2,4,12,0,2,7,0,16,0,0,6,0,0,0,1,0,1,0,1
0,0,0,0,0,5,8,1,5,1,0,0,17,1,0,4,4,2,5,4,0,11,0,3,6,0,10,1,2,8,0,0,0,0,0,0,0,0
0,2,0,2,0,9,7,1,2,0,1,2,3,2,0,1,7,7,11,0,2,5,1,1,4,0,11,2,3,4,0,1,0,0,1,0,0,0
0,2,1,4,3,3,4,2,1,4,12,4,1,3,0,1,4,2,1,5,2,2,1,0,4,0,12,2,0,3,0,0,0,1,1,6,0,0
0,0,0,6,0,2,0,0,1,2,7,0,2,1,0,0,1,4,0,2,0,1,1,0,2,1,3,2,0,5,0,0,0,0,0,0,0,1
0,2,0,5,0,3,2,1,0,3,0,4,1,5,0,0,2,11,11,2,6,7,0,2,8,4,5,3,2,4,1,0,5,1,0,2,0,1
0,0,0,0,1,0,1,0,1,0,0,4,0,0,0,0,1,1,1,0,1,5,0,1,1,0,1,1,1,2,0,0,0,0,1,0,0,0
0,0,0,0,0,0,0,0,0,0,0,2,0,2,1,2,0,1,0,0,0,0,0,2,3,0,15,0,1,2,0,0,0,0,0,0,0,0
0,2,0,4,4,0,3,0,0,2,8,3,3,3,0,4,4,8,9,11,3,6,2,1,26,8,27,14,9,17,2,2,0,6,0,0,1,0
0,0,0,0,1,1,2,0,0,3,2,2,1,5,0,0,1,1,1,2,1,2,0,0,8,2,3,3,2,4,0,0,0,0,0,0,0,0
0,1,0,0,2,8,8,2,3,3,2,4,6,3,0,0,10,12,10,7,0,13,0,1,16,4,42,13,6,30,2,2,2,6,1,0,0,0
0,1,0,0,0,0,2,0,0,1,0,1,1,3,0,0,0,4,1,6,1,2,0,2,16,9,7,21,9,12,1,0,1,6,2,0,0,4
0,0,0,0,2,0,3,0,0,0,5,0,0,0,0,0,1,2,1,2,0,1,0,2,8,0,2,6,5,4,3,0,1,2,0,1,0,0
0,0,2,2,0,7,2,0,0,0,6,0,3,4,0,1,6,5,4,4,1,10,1,2,21,1,19,12,3,37,3,0,0,6,1,0,0,0
0,0,0,0,0,0,0,0,0,0,0,2,1,0,0,0,0,1,2,1,2,2,0,0,0,0,0,0,2,7,3,1,1,0,1,0,0,0
0,0,1,0,0,0,0,0,0,0,0,0,1,0,0,0,0,0,0,1,0,0,0,0,0,1,0,0,0,0,0,0,0,0,0,0,0,1
0,0,0,0,0,0,1,0,0,0,1,0,1,0,0,0,1,0,4,2,0,0,0,1,0,1,1,0,0,2,1,0,0,0,0,1,0,1
0,0,0,0,0,1,0,0,0,1,0,0,1,0,0,0,2,1,0,1,0,5,1,0,8,0,1,12,1,4,0,0,2,4,3,1,0,1
0,0,0,0,0,0,1,0,0,0,0,0,0,0,0,1,0,0,0,3,0,2,2,0,3,0,1,3,0,1,0,0,1,2,0,1,0,0
0,0,0,0,0,0,0,0,0,0,2,1,1,0,0,0,0,2,3,1,0,0,0,0,1,0,0,3,0,1,2,0,2,2,0,0,0,1
0,0,0,0,0,1,0,0,0,0,2,1,1,1,0,0,0,0,0,1,0,0,0,0,0,0,1,0,0,1,0,0,0,0,1,0,0,0
0,0,0,0,0,0,0,0,1,1,1,0,0,1,0,0,0,4,0,0,1,0,0,2,0,0,0,2,0,4,3,0,0,6,0,1,0,2
