0,1,0,0,0,0,0,0,0,0,0,0,0,0,0,0,0,0,0,0,0,0,0,0,0,0,0,0,0,0,0,0,0,0,0,0,0,0
0,3,2,8,0,2,0,0,0,0,0,0,0,0,0,0,0,0,0,0,0,0,0,0,0,0,0,0,0,0,0,0,0,0,0,0,0,0
0,4,9,0,1,9,2,0,0,0,0,0,0,0,0,0,0,0,0,0,0,0,0,0,0,0,1,0,0,0,0,0,0,0,0,0,0,0
1,16,7,87,26,28,3,2,1,2,7,5,3,2,2,0,0,0,1,5,1,0,0,0,4,0,1,1,0,0,0,0,0,3,0,0,0,0
1,3,0,39,17,5,3,0,0,9,2,1,0,3,0,0,0,1,0,4,2,6,0,0,1,2,2,0,0,1,0,0,0,0,1,0,0,0
1,6,20,33,4,82,44,8,6,2,0,3,6,5,1,4,6,4,6,5,2,3,0,0,2,0,7,1,0,5,2,0,2,0,0,0,0,0
0,5,1,21,5,56,34,7,8,0,1,0,16,0,0,4,5,6,6,1,0,3,0,1,3,0,7,0,0,6,0,1,0,3,0,1,0,0
0,0,0,1,3,7,10,3,0,1,0,0,0,1,0,0,1,3,4,2,0,3,0,0,0,0,0,0,0,0,0,0,1,1,0,1,0,0
0,1,0,2,0,14,14,2,2,0,0,0,3,0,0,0,4,0,1,0,0,0,0,0,1,0,0,0,1,0,1,0,0,1,0,0,0,0
0,0,0,3,1,0,1,0,0,3,7,2,0,1,0,2,0,4,1,4,1,2,0,0,2,0,0,1,0,1,0,0,0,0,1,2,0,0
0,0,0,7,4,1,0,0,0,5,8,3,1,0,0,4,0,2,2,6,3,13,1,0,7,1,5,1,1,5,0,0,0,1,0,4,0,1
0,1,0,3,4,4,0,0,0,3,2,7,3,3,0,1,2,3,0,5,2,4,1,1,6,0,1,4,0,3,0,0,0,0,0,1,0,0
0,1,1,0,0,4,8,0,3,0,0,1,5,2,0,0,3,0,7,2,0,7,0,0,3,0,6,0,0,2,0,0,1,1,0,1,0,0
0,0,0,1,4,3,2,0,0,0,6,5,3,1,0,0,0,3,0,7,4,12,0,2,9,1,6,0,3,3,0,0,0,0,0,1,0,1
0,0,0,0,0,0,0,0,0,0,0,0,0,0,0,0,0,0,0,0,0,0,0,0,0,0,0,0,0,0,0,0,0,0,0,0,0,0
0,0,0,1,1,6,1,3,0,0,1,1,2,0,0,0,0,0,0,1,1,2,0,0,0,0,1,1,0,0,0,0,0,0,0,0,0,0
0,3,1,1,0,14,15,1,3,0,1,3,5,3,0,0,1,0,7,1,0,6,0,4,0,0,12,2,4,3,0,0,0,1,3,0,0,0
0,0,0,6,1,1,9,1,1,0,3,2,11,0,0,3,0,3,4,0,1,3,1,2,3,4,9,0,0,8,0,0,1,0,0,0,0,1
1,1,0,2,2,4,3,1,0,1,3,1,10,0,3,3,1,8,6,1,3,2,0,2,9,5,19,7,4,10,0,0,1,1,1,1,0,0
1,2,0,6,6,2,2,0,0,1,14,4,4,5,0,1,1,7,4,11,8,1,0,1,9,0,8,3,0,7,0,0,1,1,0,0,0,0
0,0,0,3,3,2,0,1,0,1,0,4,0,0,1,1,0,2,6,0,1,1,0,1,1,4,4,1,0,1,0,0,0,0,0,0,0,0
0,0,0,2,3,3,1,2,0,2,5,7,5,4,2,1,2,3,1,1,1,4,2,0,5,1,5,2,1,9,0,0,0,2,1,0,0,0
0,0,0,1,0,0,0,0,0,0,0,0,0,0,0,0,0,0,0,0,0,0,1,0,1,0,5,2,0,2,0,0,0,0,0,0,0,0
0,0,0,0,0,0,1,0,0,3,1,2,0,0,0,0,0,0,5,0,2,1,0,1,2,0,3,1,3,1,6,0,0,1,0,2,0,0
2,1,0,6,2,4,1,1,0,6,8,4,1,6,0,0,0,8,1,9,2,11,0,2,22,6,26,15,6,14,2,0,2,6,4,4,0,3
0,1,0,1,2,1,1,0,0,0,3,1,0,1,0,1,0,0,3,0,2,6,0,1,8,0,0,6,0,5,1,0,0,1,0,0,0,0
0,1,0,4,6,5,8,4,1,3,1,1,4,3,0,1,6,17,13,6,5,7,0,0,13,5,30,13,10,29,5,2,1,4,1,0,0,5
0,0,0,2,2,1,2,0,0,1,1,0,2,1,0,0,1,2,2,5,0,5,0,0,16,4,6,12,2,7,0,0,0,7,1,5,0,1
0,0,0,0,2,0,0,0,0,1,0,3,0,1,0,0,0,1,5,2,0,3,2,2,6,1,7,3,2,11,0,0,2,1,0,1,0,1
0,0,3,1,2,1,1,2,0,2,3,2,3,1,0,2,2,4,3,1,0,10,0,1,14,3,14,6,6,39,4,5,7,8,1,2,0,0
0,0,0,0,0,0,0,0,0,0,1,1,0,1,0,0,1,0,0,0,0,6,0,0,0,0,0,1,0,5,3,0,0,1,1,1,0,0
0,0,0,0,0,0,0,0,0,0,1,0,0,1,0,0,0,0,0,0,0,0,1,1,0,0,0,0,0,3,0,0,1,1,0,0,0,1
0,0,1,0,0,0,1,0,0,0,0,0,1,0,0,1,2,0,0,2,3,1,0,0,2,0,0,0,2,0,1,0,0,3,1,0,1,1
0,0,0,0,1,0,3,1,0,0,3,0,1,2,0,0,1,2,0,0,0,1,0,1,4,1,4,7,0,2,1,3,2,2,2,2,0,0
0,0,0,0,0,0,2,0,1,0,0,0,0,2,0,0,0,1,0,3,0,0,0,0,1,0,1,1,0,1,0,0,0,2,1,0,0,1
0,0,0,1,0,0,0,0,0,0,3,1,0,0,0,0,3,3,0,0,0,0,0,1,5,0,2,3,0,0,0,3,0,1,0,0,0,0
0,0,0,0,0,0,0,0,0,0,1,1,0,0,0,0,0,0,0,4,0,0,0,0,0,0,1,0,0,0,0,0,0,1,0,0,0,0
0,0,0,0,0,0,0,0,0,0,2,1,0,1,1,0,0,0,0,0,3,0,0,0,1,0,0,0,0,0,0,1,0,2,0,0,0,0
