0,0,0,1,2,0,0,0,0,0,0,0,0,0,0,0,0,0,0,0,0,0,0,0,0,0,0,0,0,0,0,0,0,0,0,0,0,0
0,7,5,9,0,2,0,0,0,0,0,0,0,1,0,0,0,0,0,0,0,0,0,0,0,0,0,0,0,0,0,0,0,0,0,0,0,0
0,2,5,2,0,6,0,0,0,0,0,0,0,0,0,0,0,0,0,0,0,0,0,0,0,0,0,0,0,1,0,0,0,0,0,0,0,0
0,22,6,129,27,24,3,1,2,2,4,9,1,1,1,0,3,1,0,0,3,1,0,0,0,2,2,1,1,2,0,0,0,1,0,1,0,0
1,3,0,31,11,3,2,0,0,2,11,2,1,6,1,1,4,1,3,4,1,7,0,0,1,0,1,3,0,2,0,0,0,0,0,0,0,0
0,5,20,38,8,73,39,5,7,0,0,3,6,4,1,2,10,0,5,4,1,4,5,3,3,0,10,3,3,2,1,0,0,1,0,0,0,1
0,1,5,7,6,52,43,9,8,2,2,3,13,3,1,4,6,3,5,0,0,7,0,1,1,1,10,4,0,1,0,1,1,0,1,0,0,0
0,1,0,1,0,13,5,0,2,0,3,0,6,0,0,1,5,3,0,0,0,2,0,0,5,2,5,1,0,1,0,0,0,0,0,1,0,0
0,1,0,0,0,9,14,1,0,0,2,0,2,0,0,1,0,1,4,0,0,0,0,0,0,0,0,0,0,0,0,0,0,0,0,0,0,0
0,1,0,8,1,0,1,0,0,2,5,2,1,0,0,1,3,4,0,6,0,1,1,0,3,0,0,1,0,1,0,0,2,0,0,0,0,0
0,1,0,4,8,5,0,0,0,5,5,1,1,0,0,1,2,2,3,9,5,4,2,0,6,2,4,3,0,1,0,1,0,1,0,0,0,0
0,0,0,5,1,1,1,0,3,5,5,0,0,2,0,0,5,3,1,3,0,9,2,1,1,2,1,2,0,2,0,1,2,1,0,1,1,0
0,1,0,3,1,13,5,0,1,0,1,1,0,0,0,1,3,3,3,0,0,7,0,3,4,0,4,0,1,1,1,0,1,1,0,0,0,0
0,0,0,0,9,1,2,2,1,1,4,6,0,3,0,0,2,2,3,5,0,4,0,1,2,0,3,0,0,1,1,0,0,1,4,0,0,0
0,0,0,0,0,0,0,0,0,0,0,0,0,0,0,0,0,0,0,0,0,0,0,0,0,0,1,0,0,0,0,0,0,0,0,0,0,0
0,0,1,1,0,2,1,4,0,0,1,1,2,0,0,0,0,1,1,0,0,0,0,0,5,0,1,0,0,0,0,0,0,0,0,0,0,0
0,0,0,3,1,10,6,5,5,0,5,2,2,0,1,1,7,1,5,0,0,7,0,3,1,0,2,1,1,3,0,2,1,1,0,0,0,0
0,0,0,4,0,5,14,0,4,0,2,3,6,0,3,1,4,1,9,1,0,6,1,2,3,3,15,2,2,7,2,1,0,0,0,0,0,0
0,2,0,3,1,5,2,0,0,0,4,1,3,3,0,0,5,5,6,0,1,4,0,0,9,1,23,3,1,4,0,0,0,1,0,0,0,0
0,0,3,4,11,3,2,1,1,5,11,6,2,4,0,1,2,9,1,7,7,1,0,0,8,1,10,2,1,7,0,0,3,1,2,0,0,0
0,0,0,2,0,0,4,0,0,0,2,0,1,2,1,0,1,2,2,3,0,1,2,3,3,0,1,0,0,0,0,0,0,2,0,0,0,0
0,0,0,2,3,5,8,1,0,1,5,9,3,3,1,1,0,7,1,0,1,5,0,3,5,0,10,7,1,4,0,1,0,2,0,0,0,0
0,0,0,0,1,0,2,0,0,0,0,2,0,2,0,3,1,0,0,0,0,1,1,0,1,0,1,1,0,1,0,0,0,0,0,0,0,0
0,0,0,2,0,1,1,1,0,0,2,0,2,0,0,1,0,3,2,4,0,1,0,0,1,0,2,1,0,2,0,0,0,1,0,0,0,0
0,1,0,3,7,1,1,0,1,3,8,5,1,1,1,2,4,2,4,14,3,4,2,2,30,5,18,11,10,19,0,0,3,6,2,0,0,1
0,0,0,0,0,0,1,0,0,0,2,1,0,2,0,0,1,6,6,2,3,4,0,1,6,1,3,5,1,2,0,0,0,0,0,0,0,0
0,0,1,8,1,8,4,1,7,0,6,4,3,3,0,2,8,12,12,4,3,10,4,5,14,2,27,4,7,29,0,1,0,4,0,0,0,1
0,0,0,1,0,0,1,1,0,2,4,3,1,0,0,1,0,2,2,5,0,5,0,2,10,3,7,14,5,10,2,0,1,1,0,0,0,0
0,0,0,0,0,0,0,0,0,0,0,0,0,0,0,1,0,0,2,2,0,3,0,0,4,4,5,6,0,9,2,0,0,5,0,0,0,0
0,0,0,3,3,0,5,1,0,0,4,4,0,1,0,1,0,4,5,6,2,2,2,6,8,1,21,13,5,15,1,1,1,8,1,0,0,0
0,0,0,0,1,0,2,0,0,0,1,1,0,0,0,1,0,1,4,0,0,1,0,0,2,0,0,0,2,7,0,0,0,2,1,1,0,1
0,0,1,1,0,2,0,0,0,0,0,0,0,0,0,0,0,1,1,0,0,0,0,0,0,0,1,0,0,2,0,1,0,0,0,1,0,0
0,0,0,0,0,2,0,0,0,0,2,0,0,0,0,0,0,1,0,1,0,0,0,0,2,0,2,0,0,4,2,0,0,1,2,0,0,0
0,0,0,0,0,0,1,0,0,0,2,0,0,1,0,0,0,0,1,1,0,6,0,0,7,0,4,7,3,10,2,0,1,5,4,2,0,2
0,0,0,0,1,0,0,0,0,1,0,0,1,0,0,0,0,0,2,0,0,0,0,0,2,1,1,0,0,2,0,1,1,0,1,0,0,0
0,0,0,0,0,0,0,0,0,1,1,0,1,0,0,0,1,2,0,2,0,1,1,0,2,0,0,0,0,0,0,0,1,3,1,0,0,0
0,0,0,0,0,1,0,0,0,0,0,0,0,0,0,0,0,1,0,0,0,0,0,0,1,0,2,0,1,1,0,0,0,0,0,0,0,0
0,0,0,0,0,0,0,0,0,0,2,1,0,1,0,0,1,2,0,2,0,0,0,0,1,0,0,0,0,2,0,0,0,1,0,0,0,0
