2,0,0,0,0,0,0,0,0,0,0,0,0,0,0,0,0,0,0,0,0,0,0,0,0,0,0,0,0,0,0,0,0,0,0,0,0,0
1,8,3,9,2,0,1,0,0,0,0,0,0,1,0,0,0,0,0,3,0,0,0,0,0,0,0,0,0,0,0,0,0,0,0,0,0,0
1,3,5,1,0,2,3,0,0,0,0,0,0,0,0,0,0,0,3,0,0,0,0,0,1,0,1,0,0,2,0,0,0,0,0,0,0,0
3,23,10,82,34,35,3,1,0,2,9,7,1,0,0,2,0,0,3,7,0,2,1,4,1,1,0,2,3,1,0,0,0,1,0,0,0,0
1,4,2,35,16,6,1,0,4,0,9,7,0,3,0,1,3,3,0,5,0,11,0,0,8,0,4,0,0,2,0,0,0,0,0,0,0,0
0,6,12,42,2,70,49,3,5,1,7,2,10,3,0,1,9,4,2,1,1,1,1,0,4,1,4,1,2,6,0,0,3,0,0,4,1,1
0,0,8,11,3,55,34,10,7,1,3,9,20,1,1,2,6,3,6,0,1,4,3,5,4,0,13,3,0,4,1,0,3,0,0,0,0,0
0,0,0,2,3,7,7,1,1,0,0,1,3,2,0,2,7,3,2,0,0,0,0,0,3,0,0,0,0,1,0,0,0,0,0,0,0,0
0,0,1,1,3,12,7,0,0,1,1,1,3,1,0,2,3,0,1,0,0,2,0,0,0,1,2,0,0,0,0,0,0,0,0,0,0,0
0,0,0,5,4,1,0,0,0,0,7,3,3,0,0,0,0,7,0,6,0,1,0,2,5,1,0,2,0,1,0,0,0,0,0,0,1,0
0,1,1,3,8,3,0,0,2,2,3,4,0,0,0,1,1,6,3,8,3,11,3,2,2,1,2,3,0,3,0,0,0,1,0,0,0,0
0,1,0,5,5,2,1,0,0,0,7,4,3,3,0,2,2,6,1,3,3,8,0,3,7,0,3,0,1,8,1,0,0,1,0,0,0,2
1,0,0,1,3,17,6,0,5,0,0,0,1,1,0,0,0,3,3,1,0,3,2,1,1,3,5,1,1,3,2,0,0,0,0,0,0,0
1,0,0,1,3,6,4,2,0,3,1,3,0,0,0,2,1,2,0,2,4,10,0,0,3,1,5,2,3,2,0,0,0,0,0,0,0,0
0,0,0,0,0,0,1,0,2,0,0,1,0,0,0,0,0,0,0,1,2,0,0,0,0,0,1,0,0,0,0,0,0,1,0,0,0,0
0,0,0,1,0,7,2,0,0,0,3,0,1,2,0,0,1,1,0,2,0,3,0,0,1,0,2,1,0,0,0,0,0,0,0,0,0,0
0,0,1,1,2,15,15,0,2,0,2,2,5,4,0,0,3,4,6,1,0,10,2,2,6,1,9,1,0,5,0,0,0,0,0,0,0,0
0,0,0,1,0,5,13,0,2,0,4,1,5,0,0,3,3,1,11,2,1,7,0,2,2,0,10,6,1,4,0,0,3,0,0,0,0,0
0,0,0,1,1,3,8,1,0,1,2,1,2,1,0,1,4,3,3,2,1,4,0,0,3,0,11,5,1,10,1,0,0,0,0,0,0,1
0,0,0,6,6,2,2,0,0,3,9,2,0,2,1,0,1,5,1,6,4,5,0,0,11,2,4,5,2,9,0,0,0,3,0,0,0,1
0,0,0,5,0,1,0,0,0,1,2,2,0,0,0,1,0,5,2,0,3,2,0,0,3,1,2,0,0,2,0,0,0,1,1,0,0,0
1,0,0,3,1,2,0,0,1,2,2,2,2,3,0,2,6,8,3,2,1,11,0,0,10,1,7,1,2,5,0,0,1,2,0,5,0,2
0,0,0,0,0,0,0,0,0,0,0,0,0,0,0,0,0,0,0,0,0,2,0,0,0,0,2,0,0,2,0,0,0,0,0,0,0,0
0,0,2,0,1,3,0,0,0,0,3,0,0,0,0,4,1,2,1,1,3,1,0,0,1,1,4,1,3,0,0,0,2,0,0,0,0,0
0,0,0,3,1,0,0,2,2,3,3,0,1,8,0,2,1,9,4,15,5,6,2,1,21,4,15,15,10,5,1,0,0,5,0,2,0,1
0,0,1,4,0,1,1,0,0,3,3,1,3,1,0,1,1,0,1,3,3,1,0,1,0,0,6,4,1,2,0,0,2,1,0,0,0,0
0,1,2,0,2,4,8,2,4,1,2,4,4,3,1,4,5,18,10,3,0,17,1,1,8,7,34,14,9,32,1,0,4,4,0,0,0,1
0,0,1,1,0,0,0,1,0,1,2,7,1,1,0,0,0,7,2,6,4,3,0,1,15,4,5,6,3,15,1,0,1,6,2,5,0,2
0,0,0,0,2,0,0,0,0,0,0,2,0,0,0,0,1,3,1,0,2,5,0,0,8,2,3,4,1,11,0,2,0,3,0,0,0,0
0,1,0,1,4,2,3,3,0,1,2,1,2,2,2,0,2,1,6,4,2,10,0,1,18,4,22,21,6,22,3,1,1,6,2,2,0,7
0,2,1,0,0,0,0,0,0,0,0,1,4,0,0,0,0,0,0,0,0,1,0,0,2,0,1,2,1,1,1,0,4,0,0,1,0,0
0,0,0,2,0,1,2,0,0,0,0,0,0,0,0,0,1,2,1,1,0,0,1,0,0,2,0,0,0,1,1,0,0,0,0,0,0,0
0,0,0,0,0,2,1,0,0,0,1,1,0,0,0,0,1,4,0,0,0,0,0,0,1,1,3,0,0,6,0,1,1,2,0,0,0,0
0,0,0,2,2,0,0,0,0,1,4,0,0,3,0,0,1,3,2,1,1,0,0,0,4,1,3,11,0,7,4,0,3,1,4,1,0,0
0,0,0,1,0,0,0,0,0,0,1,0,1,0,0,0,1,0,0,0,0,0,0,0,1,0,0,0,0,2,0,0,1,1,1,0,0,0
0,0,0,1,2,2,0,0,0,1,0,0,0,0,0,0,0,1,2,3,0,0,0,0,3,0,1,2,0,1,1,0,0,2,0,0,0,0
0,0,0,0,0,0,0,0,0,0,1,0,0,0,0,0,0,0,0,0,0,0,0,0,2,0,0,0,0,0,0,0,0,0,0,0,0,0
0,0,0,0,0,2,0,0,0,0,2,0,0,1,0,0,0,0,2,0,0,2,0,0,0,0,0,1,1,2,0,0,2,0,0,1,0,1
