1,0,0,0,0,0,0,0,0,0,0,0,0,0,0,0,0,0,0,0,0,0,0,0,0,0,0,0,0,0,0,0,0,0,0,0,0,0
1,9,1,11,2,7,1,0,0,0,1,0,0,0,0,0,0,0,0,0,0,0,0,0,0,0,0,0,1,1,0,0,0,0,0,0,0,0
0,1,5,3,0,4,1,0,0,0,0,0,0,0,0,0,0,0,0,1,0,0,0,0,0,0,0,0,0,0,0,0,0,0,0,0,0,0
3,22,5,99,27,24,19,2,1,3,10,6,0,5,2,0,6,4,1,3,0,3,1,0,10,1,2,0,0,0,0,0,0,0,0,0,0,0
1,9,0,38,12,12,9,5,2,4,4,9,2,3,0,1,3,2,0,6,5,1,0,1,2,0,6,1,0,0,0,0,0,0,0,1,0,0
0,4,15,38,11,91,49,3,1,1,2,4,2,6,0,2,3,1,2,1,1,2,1,0,3,1,7,0,0,5,2,0,2,0,0,0,0,0
0,7,6,22,8,73,41,6,0,4,3,7,17,6,3,1,7,1,7,4,1,4,2,0,2,2,4,2,1,4,1,0,0,0,0,0,0,0
0,0,0,3,5,10,9,1,0,2,1,2,0,2,0,3,3,3,6,0,0,3,0,0,0,1,1,2,0,0,0,0,0,3,0,0,0,0
0,0,0,5,0,9,10,0,0,0,2,2,0,1,2,1,1,5,2,0,0,0,0,2,0,0,2,0,0,3,0,1,0,0,0,0,0,0
0,0,0,1,8,1,4,1,0,0,2,5,0,1,1,0,1,0,0,0,0,0,0,1,2,0,4,0,0,0,0,0,0,0,0,0,0,1
0,0,0,7,5,2,8,0,0,3,7,2,2,4,0,3,3,6,0,0,0,8,0,1,8,1,4,2,0,5,0,0,2,3,0,0,0,1
0,1,0,8,13,8,10,0,3,2,5,2,4,4,3,2,6,1,2,3,2,9,1,2,6,1,1,3,0,2,0,0,0,0,0,3,0,0
0,0,0,2,2,8,14,1,1,1,0,1,4,1,0,0,2,3,7,1,0,6,1,1,3,1,4,6,0,3,0,0,0,0,0,0,0,0
0,0,0,2,0,3,4,5,0,1,0,4,1,0,0,0,1,6,2,5,0,9,1,0,2,0,2,0,0,4,0,0,0,1,0,0,0,0
0,1,0,2,0,0,0,0,0,0,1,0,2,1,0,0,1,0,0,0,0,0,0,0,0,0,1,1,0,3,0,0,0,1,0,0,0,0
0,0,0,1,5,3,2,2,2,3,1,2,0,0,0,1,0,1,0,0,0,2,0,1,0,0,2,0,0,0,0,0,0,0,0,1,0,0
0,1,0,3,2,12,14,0,1,0,0,2,0,11,1,0,2,2,9,1,1,6,0,2,3,0,12,2,5,3,0,0,0,2,0,1,0,0
0,0,0,1,2,12,5,3,2,0,3,0,2,2,0,2,3,2,3,3,1,12,1,1,3,1,13,2,0,3,3,0,0,0,0,0,0,0
0,0,0,1,3,2,6,3,5,0,3,7,9,3,0,0,7,8,4,0,0,1,0,1,2,0,10,2,1,1,0,0,0,3,0,0,0,1
0,1,0,6,4,1,4,3,0,3,11,2,2,3,0,2,2,4,3,7,2,3,0,0,7,0,0,4,2,1,2,0,0,2,0,0,0,1
0,0,1,1,1,2,1,0,1,2,1,0,0,1,0,0,0,1,0,3,0,1,0,2,1,0,2,2,0,0,0,0,0,0,0,0,0,0
0,0,0,0,4,4,1,1,0,1,1,7,3,6,0,3,1,4,3,4,1,2,0,1,9,0,7,0,0,4,0,0,1,1,0,1,0,0
0,0,0,0,0,1,0,0,0,0,0,1,0,0,0,0,2,0,1,0,0,1,0,0,1,0,1,2,0,1,0,3,0,0,0,0,0,2
0,0,0,2,0,0,2,2,2,0,0,3,0,0,0,0,1,2,0,2,2,0,0,0,3,0,0,1,0,0,0,0,0,0,0,0,0,0
0,0,0,6,4,2,3,6,3,1,6,3,0,2,1,2,0,4,2,12,3,14,0,0,15,2,23,15,4,12,0,0,1,10,3,4,0,1
0,0,0,0,1,1,0,0,0,2,0,3,0,1,0,0,0,5,2,0,3,1,0,1,7,1,6,6,0,6,0,0,0,1,0,0,0,4
0,1,0,2,9,8,20,4,4,0,1,3,5,4,1,0,10,13,6,7,3,13,2,2,24,5,25,11,13,23,0,0,0,6,0,1,1,0
0,0,0,3,0,1,0,0,2,0,1,0,0,4,0,0,0,4,1,5,3,5,0,3,12,3,2,15,4,26,4,0,0,5,3,0,0,0
0,0,2,1,0,1,0,0,0,0,2,1,0,0,0,0,0,2,3,7,0,5,0,1,4,1,3,3,3,7,1,2,0,4,0,0,0,1
0,0,0,1,0,2,1,2,3,0,0,2,0,1,0,1,4,5,3,1,1,6,0,4,9,1,29,10,6,24,0,1,0,6,0,1,0,0
0,0,0,1,0,3,0,0,0,1,1,1,0,5,1,0,0,0,0,0,0,1,0,0,1,0,1,4,0,2,1,0,3,1,0,1,0,2
0,0,0,0,0,0,0,0,0,0,1,0,0,1,0,0,0,3,1,3,0,0,0,0,0,0,1,1,0,0,2,0,0,0,0,1,0,2
0,0,0,0,0,1,3,0,0,0,0,0,0,0,0,0,1,0,0,1,0,1,0,0,0,0,1,0,0,1,0,0,0,0,0,0,0,0
0,0,0,1,1,0,0,0,0,1,0,1,1,1,0,0,0,1,0,1,0,1,0,0,2,0,2,8,3,2,1,0,0,2,2,5,0,0
0,0,0,0,0,0,1,1,0,0,3,1,1,1,0,0,0,1,2,1,0,1,0,0,3,0,0,0,0,0,0,0,0,2,1,1,0,0
0,0,0,0,0,0,0,0,0,0,0,1,0,0,0,0,0,0,0,4,0,1,0,0,0,0,3,2,0,1,0,0,2,2,0,3,0,1
0,0,0,0,2,1,0,0,0,0,0,0,0,0,0,0,0,0,0,0,0,0,0,0,0,0,0,0,1,0,0,0,0,1,0,0,0,0
0,0,0,0,0,1,0,0,0,0,2,8,0,0,0,0,0,0,0,2,0,3,0,1,1,0,0,1,0,2,0,0,0,3,1,4,1,0
