1,1,0,0,0,0,0,1,0,0,0,0,0,0,0,0,0,0,0,0,0,0,0,0,0,0,0,0,0,0,0,0,0,0,0,0,0,0
1,10,2,16,0,5,1,0,0,0,5,2,0,2,0,1,0,0,0,0,0,1,0,0,1,0,0,0,0,1,0,0,0,0,0,0,0,0
0,2,3,1,1,7,3,0,0,0,0,0,0,0,0,0,0,0,0,0,0,0,0,0,2,0,0,0,0,2,0,0,0,0,0,0,0,0
2,20,8,99,29,29,9,1,0,0,12,9,2,3,0,1,0,3,3,1,0,0,0,0,4,3,1,1,0,2,0,0,0,3,0,1,0,0
2,4,2,30,18,14,14,11,0,1,9,7,3,3,0,2,4,2,0,2,6,2,0,0,3,0,2,1,0,3,0,0,0,1,0,0,0,0
1,5,22,41,11,110,60,4,3,1,2,2,5,1,0,2,4,2,5,3,0,8,0,1,1,1,2,0,0,7,0,0,0,0,2,0,0,0
2,4,3,24,11,76,54,7,7,0,5,4,9,3,0,5,5,4,2,2,0,7,0,2,5,0,5,4,1,6,1,0,1,0,0,0,0,0
0,1,0,9,2,13,11,0,1,0,0,5,5,7,2,5,5,2,3,2,0,4,0,0,0,1,3,0,3,1,0,0,0,1,0,0,0,0
0,0,0,0,3,13,14,0,0,0,1,0,0,1,0,1,4,2,0,0,2,1,0,0,2,0,2,0,0,1,0,0,0,0,0,0,0,0
0,0,1,6,6,0,0,0,1,1,4,4,2,0,0,0,1,0,0,1,3,4,0,0,3,0,0,0,1,1,0,0,0,2,0,0,0,1
1,0,0,11,12,4,6,0,0,1,7,8,1,2,1,6,2,7,2,2,0,13,0,0,4,1,3,1,0,2,0,0,0,1,1,0,0,0
0,0,0,4,10,7,5,1,0,0,4,5,0,6,0,2,4,4,6,2,0,12,1,1,4,0,5,6,2,0,0,0,1,1,0,0,0,0
0,0,0,9,3,11,14,0,1,0,7,1,0,3,0,1,4,7,3,4,0,9,1,0,1,1,7,2,1,9,0,0,0,0,0,0,0,0
0,1,1,3,3,8,1,0,3,0,3,3,4,2,0,0,2,3,1,0,0,4,0,2,3,2,4,4,0,1,0,0,0,0,0,0,0,0
0,0,0,0,0,0,0,0,0,0,0,1,0,0,0,1,0,1,1,0,0,3,0,0,1,1,0,0,0,0,0,0,0,0,0,0,0,0
0,0,0,0,3,2,3,3,0,1,0,2,1,0,0,0,1,0,1,2,0,2,2,2,0,0,1,0,0,0,0,0,0,0,0,0,0,0
0,1,0,0,3,16,14,2,3,0,2,3,1,0,2,3,1,4,5,2,0,4,0,1,3,0,10,1,0,2,0,0,2,1,1,1,1,0
0,0,1,2,2,5,12,0,2,0,8,3,5,0,0,0,1,3,11,3,1,10,0,1,4,1,8,0,2,5,0,2,0,1,0,1,0,1
0,0,0,1,1,3,6,3,0,0,0,2,5,1,0,2,5,7,3,1,1,6,1,2,3,1,10,0,1,6,0,0,0,1,0,0,0,2
1,0,0,5,5,0,7,1,0,1,8,7,2,5,0,0,4,8,1,5,1,1,0,0,9,0,8,2,1,5,0,0,1,2,0,1,0,1
0,0,0,0,3,4,0,0,0,0,2,3,0,0,0,0,0,0,0,0,0,1,0,0,6,0,2,0,0,3,0,0,0,0,0,0,0,0
0,0,1,6,3,5,4,0,4,0,1,2,1,3,0,3,5,5,8,1,0,5,0,0,1,1,9,3,1,6,0,1,2,1,3,2,0,0
0,0,0,0,0,0,0,0,0,0,3,0,0,0,0,0,2,0,0,0,0,1,0,0,0,1,2,2,0,1,0,0,0,5,0,0,0,0
0,0,0,1,0,0,2,0,0,0,1,1,2,0,0,0,0,0,1,2,0,0,0,2,2,1,3,1,2,1,0,0,0,0,0,0,0,0
0,3,0,5,6,3,2,0,0,2,4,8,2,4,1,2,4,8,2,28,3,18,2,3,23,7,27,19,2,8,0,0,1,13,0,1,0,1
0,0,0,1,0,0,0,0,0,0,2,0,0,0,0,0,3,3,0,4,3,1,0,0,5,0,3,5,1,0,0,0,1,1,0,0,0,0
0,0,0,1,2,7,8,2,2,3,3,2,2,2,0,4,3,18,14,7,1,14,1,2,18,2,25,15,11,27,3,3,1,3,2,0,0,3
0,0,0,1,0,2,2,0,0,0,2,0,2,3,0,1,0,2,1,3,1,4,0,0,13,3,12,11,9,15,1,0,0,4,1,2,0,0
0,0,0,2,0,0,1,0,0,0,4,0,1,1,0,0,0,6,3,0,0,2,0,0,11,1,3,3,2,8,2,0,0,3,0,0,0,0
0,0,1,2,0,1,3,0,0,1,2,4,1,5,0,1,2,4,5,4,0,5,2,1,18,1,23,16,4,32,10,3,1,3,4,2,0,1
0,0,0,0,0,0,1,0,0,0,4,0,0,2,0,0,0,2,0,0,0,1,0,0,1,0,2,3,1,4,1,1,0,5,0,0,0,0
1,0,0,0,1,2,0,0,0,0,2,0,0,1,0,0,0,2,0,2,0,0,0,0,0,0,4,0,1,0,0,1,0,2,0,0,0,1
0,1,0,1,0,1,1,0,0,0,0,0,0,0,0,0,0,6,0,0,0,0,2,0,1,0,1,0,1,1,1,0,0,2,3,2,0,0
0,0,0,1,3,0,1,1,0,1,0,1,2,1,0,0,0,0,1,1,1,0,1,0,12,0,2,7,2,4,1,0,0,1,1,1,0,0
0,0,0,0,0,0,0,0,0,1,1,0,0,0,0,0,0,0,0,0,0,0,1,1,0,0,1,2,0,1,0,0,0,3,1,0,0,0
0,0,0,1,1,0,1,0,2,1,2,2,0,0,0,0,0,0,1,2,0,0,0,0,1,0,1,0,1,3,0,0,1,5,0,0,0,0
0,0,0,0,0,1,0,0,0,0,3,0,0,0,0,0,0,0,0,1,0,0,0,0,0,0,0,1,0,0,1,0,0,0,0,0,0,0
0,0,0,1,0,0,0,0,0,0,1,0,0,0,1,0,1,1,0,0,0,0,0,0,0,1,0,0,0,3,4,0,0,1,0,1,0,1
