0,0,0,0,0,0,0,0,0,0,0,0,0,0,0,0,0,0,0,0,0,0,0,0,0,0,0,0,0,0,0,0,0,0,0,0,0,0
0,17,3,14,3,5,1,0,0,1,0,2,0,0,0,0,0,0,0,0,0,0,0,0,0,0,1,0,0,0,0,0,0,1,0,0,0,0
1,2,3,0,0,2,1,0,0,0,0,0,0,0,0,0,0,0,0,0,0,0,0,0,0,0,0,0,0,0,0,0,0,0,0,0,0,0
0,21,9,105,33,35,12,4,1,5,7,6,2,9,4,1,3,1,4,3,0,1,0,3,2,1,3,2,1,5,0,0,0,1,0,1,0,1
1,6,0,29,12,19,12,6,3,5,12,7,3,6,1,1,1,0,2,7,1,3,0,0,3,3,5,1,0,1,0,0,0,2,0,3,0,1
4,3,8,40,14,92,43,5,0,0,4,9,6,3,0,0,2,1,8,0,1,1,0,0,2,1,8,1,0,5,0,1,1,0,0,0,0,0
1,6,4,31,20,84,65,10,7,1,4,6,12,6,0,5,8,5,8,1,2,5,2,0,4,1,9,4,5,10,0,0,0,4,3,0,0,0
0,0,0,3,4,11,13,1,5,0,1,3,3,2,0,4,4,6,8,2,0,4,0,3,3,0,12,2,1,4,0,0,0,0,0,0,0,0
0,0,1,5,2,11,16,2,0,0,1,0,0,0,0,0,0,0,1,0,0,0,0,0,0,0,1,0,0,1,0,0,0,0,0,0,0,0
0,0,0,6,7,2,4,0,0,0,5,0,2,0,0,1,0,0,0,1,0,0,0,0,2,0,2,1,0,0,0,0,0,2,0,0,0,0
0,1,1,9,12,2,1,2,0,3,10,6,4,4,1,4,1,1,1,7,0,7,0,0,6,0,6,1,0,6,0,0,1,2,0,1,0,4
0,0,1,6,15,13,20,2,1,2,6,5,0,3,2,1,3,3,3,9,2,10,0,4,4,2,9,4,0,4,0,0,3,0,0,0,0,0
0,0,0,1,6,9,10,0,2,0,2,5,3,7,0,0,6,10,6,1,1,2,0,2,3,0,11,1,0,2,0,0,1,0,0,0,0,0
0,0,2,5,2,2,1,0,0,0,1,5,5,0,0,1,1,0,0,1,2,8,1,1,10,0,11,2,0,6,2,0,1,0,0,0,0,0
0,0,0,0,0,1,1,1,0,0,0,0,0,0,0,2,0,0,0,0,0,1,0,0,0,0,0,0,0,0,0,0,0,0,0,0,0,0
0,1,0,0,1,1,10,2,1,1,1,2,3,2,0,0,0,1,1,3,2,2,0,1,1,0,0,1,0,0,0,0,0,0,0,0,0,0
0,1,1,4,0,12,6,2,2,0,4,5,0,1,0,2,5,2,5,4,1,18,1,1,3,0,10,5,0,6,0,0,2,4,0,1,0,1
0,0,1,5,3,13,7,0,3,0,2,2,5,4,0,2,2,1,2,3,1,12,2,2,12,1,9,4,2,9,0,1,0,1,0,0,0,1
0,0,0,0,0,9,7,3,2,0,2,0,1,1,1,0,4,7,2,1,2,5,0,4,3,4,18,1,2,8,0,2,0,2,0,0,0,0
2,0,0,1,4,1,3,0,2,1,11,2,0,7,0,1,6,7,0,5,3,1,0,2,14,0,2,0,2,5,0,0,2,1,3,1,0,2
0,0,0,0,4,1,0,0,0,0,4,1,0,1,0,1,0,0,0,1,2,0,0,0,2,0,5,2,0,0,0,0,0,3,0,1,0,0
0,0,0,3,1,2,2,0,0,0,4,11,2,1,1,1,2,5,5,1,0,2,0,0,9,0,9,5,5,3,2,0,1,3,0,2,0,0
0,0,0,1,0,0,3,0,0,0,2,0,2,2,0,0,0,0,1,2,0,0,0,0,0,0,0,1,0,2,0,0,0,1,0,0,0,0
0,0,0,2,0,2,1,1,0,0,1,3,1,1,0,0,0,1,4,0,1,1,0,0,7,0,1,0,2,2,0,0,0,1,0,0,0,0
1,1,2,5,9,3,3,3,5,0,5,8,1,1,2,1,4,14,2,22,7,21,1,2,32,7,22,18,18,15,2,0,1,4,0,1,0,1
0,0,0,2,0,0,1,0,0,0,1,0,0,0,1,0,1,5,0,3,2,1,1,0,4,1,5,5,2,2,0,0,0,0,0,0,0,0
0,1,0,3,7,16,15,1,2,2,6,6,11,2,2,5,4,18,8,13,3,19,0,6,19,5,45,20,16,36,1,0,4,4,0,1,0,0
0,0,0,2,0,0,2,1,3,0,0,2,1,2,0,0,0,1,1,4,0,2,0,0,12,4,14,17,9,14,0,1,0,4,1,0,0,0
0,2,0,0,1,1,2,0,0,4,2,1,3,1,0,0,1,0,2,2,0,3,0,1,6,0,4,6,0,11,0,0,0,0,1,0,0,0
0,1,1,0,2,2,8,0,1,2,3,1,1,2,0,0,2,8,8,6,0,4,0,4,5,3,21,20,11,36,3,0,2,6,3,1,0,0
0,1,0,0,1,6,1,0,0,0,1,2,0,0,0,0,1,3,2,0,0,2,0,1,0,0,3,0,2,8,0,0,0,4,6,1,0,1
0,0,0,0,0,0,2,0,0,0,0,0,0,0,0,0,0,4,0,0,0,0,0,2,0,0,3,1,0,3,1,0,0,2,0,1,0,0
0,1,0,0,0,3,0,0,2,0,0,0,1,0,0,0,0,5,1,0,0,3,0,0,1,0,3,1,0,4,1,1,1,0,1,0,0,0
0,1,0,0,1,2,0,0,0,2,0,2,0,0,0,1,0,1,2,1,0,2,0,1,9,8,6,10,3,5,1,0,1,2,1,1,0,0
0,0,0,1,1,0,1,0,0,0,1,0,0,1,0,1,0,1,0,0,0,2,0,1,2,0,1,2,1,3,3,0,0,2,0,0,0,1
0,0,0,2,0,2,2,0,0,0,0,0,0,0,0,0,2,0,0,1,0,0,1,0,4,0,1,6,1,2,0,0,0,0,0,1,1,0
0,0,0,0,3,0,2,0,0,0,2,0,0,0,0,0,0,0,0,0,0,0,0,0,0,0,0,0,0,3,0,0,0,0,0,0,0,0
0,0,0,2,0,5,0,0,0,0,0,0,1,1,0,1,0,2,0,0,0,3,0,1,2,0,5,0,1,0,0,2,0,2,1,1,0,0
