1,0,0,0,0,0,0,0,0,0,0,0,0,0,0,0,0,0,0,0,0,0,0,0,0,0,0,0,0,0,0,0,0,0,0,0,0,0
3,9,8,18,3,4,2,0,0,0,1,2,0,1,0,0,0,0,1,0,0,0,0,0,0,0,0,0,0,0,0,0,0,0,0,0,0,0
2,2,5,2,0,4,0,0,0,0,1,0,0,0,0,0,0,0,0,0,0,0,0,0,0,0,0,0,0,0,0,0,0,0,0,0,0,0
3,22,13,121,42,28,12,3,1,4,13,9,1,8,0,2,6,3,4,0,0,3,1,0,2,1,1,3,0,1,0,0,0,3,1,0,0,0
1,5,0,49,12,19,13,6,0,5,21,13,2,2,0,0,4,2,2,2,2,2,2,0,3,1,4,0,0,1,0,0,2,0,0,0,0,0
0,7,19,46,13,118,52,11,2,2,8,5,7,2,1,2,15,8,10,1,0,5,0,1,3,1,9,0,0,5,0,0,0,2,0,0,0,0
0,0,6,42,14,94,44,5,4,0,10,7,16,11,2,4,11,5,6,4,1,7,0,0,9,1,8,5,0,11,0,0,0,2,0,0,0,1
0,0,1,10,3,16,18,0,0,1,3,7,2,1,0,2,7,4,6,0,0,5,0,0,2,0,2,2,0,6,0,1,0,1,0,0,0,0
0,0,1,1,4,13,13,0,4,0,0,0,0,2,0,0,1,4,1,0,0,0,0,2,0,1,1,0,0,0,0,0,0,0,0,0,0,0
0,2,0,2,4,1,0,0,1,0,6,1,0,1,1,1,2,2,1,3,0,0,0,0,2,1,1,0,0,1,0,0,0,0,0,1,0,1
0,5,0,12,9,8,6,1,2,7,15,6,1,2,1,1,7,1,1,8,0,11,0,0,3,1,7,6,2,6,1,0,0,4,0,1,0,0
0,3,1,25,13,8,25,3,2,2,9,4,7,8,0,1,7,10,7,10,4,9,1,6,3,1,8,10,0,13,0,0,1,5,2,2,0,0
0,0,0,7,4,14,19,1,3,0,4,8,6,1,0,1,10,6,12,0,0,3,2,2,2,0,14,6,2,3,0,0,0,0,0,0,0,0
0,0,0,6,2,7,8,1,1,1,2,1,1,2,0,2,6,1,6,3,0,7,0,1,3,0,6,2,3,7,0,0,1,2,0,0,0,0
0,0,0,0,0,1,0,0,0,0,0,1,1,0,0,0,1,0,0,0,0,1,1,0,0,0,1,2,0,0,0,1,0,0,0,0,0,0
0,0,0,3,0,1,9,2,1,2,2,1,0,0,0,1,0,0,0,0,0,3,0,0,1,0,1,1,0,3,0,0,0,1,0,0,0,0
0,1,2,5,2,13,16,3,6,0,1,6,3,1,0,1,7,3,7,4,2,11,1,1,9,0,12,1,2,8,0,0,0,3,2,0,0,0
0,0,0,1,5,14,8,3,4,1,4,5,4,0,0,0,6,3,2,2,4,12,2,2,14,3,18,4,3,14,3,1,1,5,0,1,0,0
0,0,1,1,0,15,10,0,2,0,4,1,3,4,0,0,3,6,2,1,2,2,0,1,4,1,11,4,5,11,2,3,0,1,0,0,0,0
0,0,2,3,8,10,1,1,2,4,12,8,2,1,0,0,1,2,3,3,2,2,1,2,16,0,10,6,4,4,0,0,4,0,1,0,0,0
0,0,0,1,3,1,4,0,0,1,2,2,0,0,0,0,0,4,1,2,4,0,0,0,4,0,0,0,1,1,0,0,0,0,0,0,0,0
0,2,0,2,3,4,1,1,3,3,8,9,1,4,0,1,4,9,5,6,2,1,0,0,7,3,15,9,2,7,0,0,2,3,0,2,0,0
0,0,0,1,0,0,1,0,1,0,1,0,0,1,0,0,0,0,2,0,0,1,0,0,1,1,1,0,1,2,0,0,0,0,0,0,0,0
0,0,1,1,1,3,1,0,1,0,1,2,1,0,0,1,1,8,2,0,1,0,0,0,1,1,6,0,0,2,0,0,0,0,0,0,0,2
0,2,0,6,7,1,6,4,0,0,17,1,1,2,0,0,2,8,4,20,7,6,2,4,33,5,19,15,10,22,1,1,1,14,0,2,0,1
0,0,0,0,1,4,1,0,3,2,3,1,0,1,0,0,2,2,2,0,1,1,0,2,4,0,6,4,1,6,1,0,0,1,2,0,0,2
0,0,0,6,8,10,12,5,7,0,4,4,15,6,1,0,7,25,17,1,6,17,1,6,24,6,48,12,12,51,2,1,1,5,0,1,0,0
0,1,0,1,7,0,1,0,0,0,5,0,0,0,1,1,0,0,5,9,0,1,0,1,10,4,12,13,15,18,0,0,1,12,1,0,0,0
0,1,0,1,0,0,1,0,0,0,2,3,1,0,0,0,0,3,3,2,0,2,0,1,8,2,5,5,2,9,1,0,0,3,0,1,0,0
0,0,2,4,0,4,6,1,1,0,9,4,0,5,0,0,5,4,6,4,1,3,0,0,12,9,23,19,9,35,4,2,3,7,0,2,0,0
0,0,2,0,0,0,0,0,0,0,0,0,0,3,0,0,0,1,0,0,0,0,0,1,1,0,8,0,0,6,5,0,0,2,1,0,0,1
0,0,0,0,0,1,3,0,0,0,0,1,1,0,0,0,0,0,0,0,0,2,0,0,1,0,1,0,3,1,0,1,0,3,2,0,0,0
0,0,1,0,0,3,2,0,1,0,1,0,1,0,0,0,4,0,2,1,0,1,0,0,3,0,2,1,0,2,1,0,1,0,0,3,0,0
0,0,0,6,4,2,4,0,0,2,1,2,0,0,0,0,0,2,0,3,0,1,4,0,11,0,13,11,4,12,1,1,0,4,3,0,0,4
0,0,0,0,0,0,2,0,0,1,2,0,1,0,0,0,0,3,0,3,0,1,0,1,1,0,4,4,3,1,1,0,4,2,0,0,0,0
0,0,0,0,1,0,0,0,0,2,0,0,1,1,0,0,2,0,1,1,0,0,0,0,1,0,6,1,2,0,2,0,3,1,0,1,0,1
0,0,0,0,0,0,0,0,0,0,1,0,0,0,0,0,0,0,0,0,0,0,0,0,2,0,0,3,0,0,0,0,0,0,2,0,0,0
0,0,3,0,0,0,1,0,0,0,0,1,0,0,0,0,2,1,4,1,1,1,0,3,0,0,1,1,0,4,0,0,0,0,0,0,2,0
