2,0,0,0,0,0,1,0,0,0,0,0,0,0,0,0,0,0,0,0,0,0,0,0,0,0,0,0,0,0,0,0,0,0,0,0,0,0
3,14,4,11,2,6,3,2,0,0,1,0,0,0,0,0,0,2,0,0,0,0,0,0,3,0,1,0,0,1,0,0,0,0,0,0,0,0
1,5,8,0,0,5,1,0,0,0,0,0,0,0,0,0,0,0,0,0,2,0,0,0,0,0,0,0,0,0,0,0,0,0,0,0,0,0
3,41,8,121,42,44,17,4,2,0,8,5,1,3,0,0,1,4,0,0,1,4,0,0,2,1,1,1,3,2,0,0,0,1,0,0,0,0
1,2,3,43,18,21,15,4,2,2,12,4,1,4,0,5,4,0,3,2,1,5,2,0,5,2,7,0,2,2,0,0,2,0,0,1,0,0
1,1,16,50,16,105,62,9,2,3,10,11,2,4,0,1,5,1,2,1,1,2,1,1,3,1,5,6,0,9,2,0,0,1,2,1,0,0
0,10,3,29,14,79,55,6,6,2,10,7,19,3,2,4,10,3,7,2,0,13,3,1,11,0,14,14,2,8,2,0,1,2,0,0,0,0
0,0,0,4,8,12,13,0,2,2,5,2,0,5,4,2,7,5,5,1,4,4,2,0,3,0,9,7,1,4,0,0,0,0,0,0,0,0
0,0,1,0,2,9,7,2,0,0,1,1,2,1,1,0,7,1,3,0,0,0,0,0,0,3,5,0,0,0,0,0,0,1,0,0,0,0
0,0,0,4,2,1,0,0,3,0,7,2,1,0,0,2,1,0,0,1,0,2,0,0,4,2,1,1,0,0,0,0,0,0,0,0,0,0
0,0,0,12,10,4,11,1,0,4,7,2,2,5,2,4,2,1,2,4,1,12,2,3,8,2,9,6,2,7,1,0,2,3,0,2,0,0
0,0,0,27,25,24,26,5,1,9,8,8,6,14,2,7,4,11,4,9,0,12,1,1,6,0,13,7,2,9,1,0,1,1,1,0,0,0
0,2,1,6,8,21,15,1,1,0,3,4,5,0,0,3,4,4,15,2,0,4,1,1,2,0,7,1,2,2,0,0,0,1,1,0,0,3
0,0,0,8,4,6,4,2,5,0,4,0,0,2,0,3,6,0,2,0,1,5,3,1,5,5,6,2,4,6,0,1,0,0,2,0,0,0
0,0,0,0,0,0,0,5,0,0,0,0,0,0,0,0,0,0,0,2,1,1,0,0,2,3,0,0,0,0,0,0,0,0,0,2,0,0
0,0,0,0,3,0,2,3,2,0,0,0,4,2,0,0,0,0,1,2,1,2,1,1,3,0,1,1,0,0,0,0,0,0,0,0,0,2
0,1,1,5,4,17,24,1,12,0,6,3,8,4,0,0,0,5,8,1,3,4,3,0,22,4,18,3,1,3,0,0,0,0,0,1,0,0
0,4,1,5,8,20,11,1,6,0,4,8,3,2,2,1,7,0,7,3,1,12,3,1,8,1,30,1,2,18,0,1,1,2,0,1,0,2
0,0,0,4,1,6,12,2,2,0,2,7,3,3,2,4,5,2,3,1,0,3,1,1,4,0,13,5,2,13,0,0,0,0,2,1,0,0
0,1,0,6,7,3,6,0,0,4,15,2,2,5,0,1,2,2,8,7,0,1,1,3,6,1,4,6,1,1,1,0,0,1,0,1,0,5
0,0,0,1,0,1,0,0,0,2,3,1,2,0,0,1,0,3,1,1,1,0,0,0,4,1,3,1,1,2,0,0,1,0,0,0,0,0
0,1,0,3,4,5,8,5,2,1,7,4,0,2,0,3,11,5,4,3,5,2,0,0,4,3,13,5,5,3,1,0,1,0,0,1,0,0
0,0,0,0,0,1,0,0,2,1,0,1,4,0,0,0,0,1,1,0,0,1,0,0,1,2,4,1,0,3,0,0,0,0,0,0,0,0
0,0,0,2,0,1,3,0,0,0,1,2,2,2,0,0,1,2,0,2,4,0,0,0,3,1,7,6,1,3,0,0,1,0,0,0,0,0
1,0,1,5,7,2,10,1,0,6,7,2,4,0,0,1,0,8,6,18,4,5,3,2,42,5,22,20,17,15,2,0,1,14,3,0,0,0
0,0,0,0,1,0,2,1,0,0,4,9,1,1,0,0,0,3,1,2,2,1,0,0,9,0,9,2,1,6,0,0,2,1,0,0,0,0
0,0,2,1,7,7,16,1,0,2,4,8,8,8,0,3,6,22,8,7,5,11,5,2,37,9,55,29,13,58,0,0,2,9,2,1,0,0
0,0,0,1,1,3,4,1,0,0,1,1,0,1,0,0,0,2,4,4,0,1,0,1,12,2,9,20,3,27,0,2,0,5,2,1,0,0
0,0,0,0,2,0,2,0,0,0,0,1,0,2,0,1,1,1,1,2,0,1,0,2,7,2,6,7,5,19,0,0,2,5,0,0,0,0
0,0,0,0,0,3,11,3,2,0,4,2,1,5,0,2,0,5,8,4,0,4,1,1,10,6,45,20,12,61,2,2,0,13,4,2,0,0
0,0,0,1,0,0,0,0,0,0,0,1,0,0,0,0,0,0,2,0,0,1,0,0,0,1,6,1,1,4,2,0,1,6,0,1,0,0
0,0,0,0,0,3,0,0,0,0,0,0,0,0,0,0,1,0,1,0,0,0,0,0,0,2,4,0,1,5,0,0,0,0,1,1,0,0
0,0,0,0,0,0,0,1,1,0,0,2,2,0,0,0,1,5,1,0,0,0,0,0,0,1,3,2,2,8,1,0,0,1,1,0,0,2
0,0,0,1,0,1,1,0,0,0,0,0,1,0,0,0,1,1,1,2,1,3,0,1,7,5,9,7,2,15,2,0,0,4,4,1,0,2
0,0,0,0,3,0,0,0,0,2,0,0,0,1,0,0,0,0,0,1,0,0,0,0,2,1,3,2,4,7,1,0,2,5,0,1,0,2
0,0,0,0,2,0,0,0,0,0,0,3,0,0,0,0,0,1,0,0,1,0,0,1,4,1,4,0,0,0,0,0,1,0,0,0,0,0
0,0,0,0,0,0,0,0,0,0,2,0,1,0,0,0,0,0,1,0,0,0,1,0,1,1,2,1,4,0,0,0,2,1,0,0,0,0
0,0,2,0,0,0,0,0,2,0,0,0,0,0,0,0,0,0,0,0,0,0,0,1,0,2,1,2,0,2,0,0,1,3,1,3,0,0
