4.395
2.62683333333
1.38681818182
1.57571856287
1.70592814371
1.85467889908
1.77848137536
1.56794642857
1.29692307692
1.43977777778
1.71526315789
1.55220930233
1.898828125
1.69765957447
2.15533333333
1.41878787879
1.63141975309
1.82878612717
1.74805825243
1.82465346535
1.62214285714
1.64054054054
1.57818181818
1.63761904762
1.65399141631
1.52836065574
1.45973529412
1.76201834862
1.42
1.62717592593
2.9024
3.63315789474
3.65529411765
1.96413333333
2.11588235294
4.00733333333
2.69857142857
2.50888888889
