2,0,0,0,0,1,0,1,0,0,0,0,0,0,0,0,0,0,0,0,0,0,0,0,1,0,0,0,0,0,0,0,0,0,0,0,0,0
2,12,9,10,2,3,0,0,0,1,0,3,1,1,0,1,3,0,0,1,0,0,0,0,0,0,3,0,2,1,0,0,0,0,0,0,0,0
1,8,10,4,0,4,0,0,0,0,0,0,0,0,0,0,0,1,0,0,0,0,0,0,0,0,0,0,0,0,0,0,0,0,0,0,0,0
2,12,8,124,46,45,23,5,1,2,10,7,5,5,0,3,0,0,1,3,0,2,0,0,13,0,4,2,0,3,0,0,0,2,0,0,0,1
2,3,2,62,23,8,16,12,0,3,16,9,2,6,3,2,3,3,0,7,4,3,0,3,12,0,4,1,2,10,1,0,1,0,0,0,0,0
0,9,16,31,12,121,73,2,7,1,12,6,19,4,0,1,3,3,4,1,2,3,0,0,4,3,3,0,2,4,0,0,1,1,0,1,0,0
0,3,9,23,22,92,69,11,6,0,4,13,12,1,0,3,5,11,5,2,4,12,0,1,5,2,13,1,3,16,3,0,1,2,0,0,0,0
0,0,5,9,5,12,20,0,2,1,2,0,6,6,0,2,8,5,3,1,1,8,0,1,1,0,0,2,1,5,2,0,0,1,1,0,0,0
0,0,0,1,4,7,13,0,3,0,1,1,4,0,0,0,2,1,0,0,1,1,1,0,2,0,4,0,0,4,0,0,1,0,0,0,0,0
0,1,0,5,4,4,0,4,0,1,8,5,1,1,0,0,1,1,0,2,0,0,1,0,6,0,0,0,2,2,1,0,0,1,3,0,0,0
1,0,0,10,8,2,5,1,1,2,10,2,4,1,1,1,0,3,1,5,2,10,0,1,8,2,2,4,0,4,1,0,0,0,0,0,0,0
2,4,2,19,9,8,21,1,4,1,10,6,4,16,2,4,4,10,3,6,3,26,5,1,12,3,11,15,2,6,0,0,2,2,1,2,0,3
0,0,0,6,3,10,25,1,3,0,3,0,1,3,0,2,4,5,3,0,1,14,1,0,5,0,16,2,2,5,0,0,1,0,0,1,0,0
0,0,2,7,3,7,3,6,4,1,9,2,2,3,2,0,0,1,0,5,3,23,0,2,1,2,6,2,0,4,0,0,1,2,0,0,0,1
0,0,1,0,0,2,0,2,0,0,5,0,0,0,0,0,0,0,0,0,0,0,0,0,1,0,0,0,0,2,0,0,0,2,0,0,0,0
0,0,0,5,2,4,4,2,3,0,0,5,2,2,0,1,2,0,6,1,2,6,0,2,2,0,1,2,0,3,0,2,0,0,0,0,0,0
1,1,0,1,12,12,18,0,7,0,4,13,4,3,0,1,4,5,12,3,0,8,4,1,9,2,16,5,0,10,3,3,1,2,0,0,0,0
0,0,0,5,3,7,11,1,5,1,6,3,7,2,2,1,8,5,3,2,4,8,2,2,13,0,27,5,0,15,1,0,3,0,2,0,0,0
0,0,0,5,1,12,5,0,8,0,0,1,1,1,0,2,5,6,2,1,1,8,0,2,7,1,15,2,0,7,2,0,2,4,0,0,0,0
0,0,1,3,7,2,1,0,1,3,13,5,4,2,3,2,5,5,3,8,0,3,1,2,7,1,9,4,4,1,0,0,1,2,1,0,0,0
0,0,0,1,0,7,1,0,0,0,3,2,0,0,1,0,1,4,0,1,0,0,0,2,0,0,1,1,0,0,0,0,0,0,0,0,0,0
0,0,0,1,1,8,5,0,0,1,9,8,2,5,0,0,4,10,2,4,1,1,1,2,10,2,16,5,3,4,1,0,0,10,0,1,0,0
0,1,0,1,0,2,0,1,0,0,0,1,0,1,0,0,0,0,0,0,0,0,0,0,3,0,0,3,0,2,0,0,1,0,0,0,0,0
0,0,0,1,1,1,0,0,0,2,1,3,2,3,0,0,0,5,0,0,1,3,0,2,3,0,10,3,0,1,0,0,0,0,0,0,0,0
3,2,0,9,1,11,4,1,0,1,12,1,2,2,0,0,6,6,14,22,11,13,2,2,41,8,36,23,11,14,2,0,2,6,0,4,0,0
0,0,0,0,2,0,0,0,0,0,0,6,3,3,0,1,0,4,0,5,2,3,0,1,6,2,12,4,1,7,0,1,0,1,0,1,0,1
0,0,1,8,6,9,20,1,2,2,1,9,8,10,2,0,6,31,14,7,7,13,2,2,30,6,34,22,10,50,3,2,2,4,2,0,0,4
0,0,0,3,2,1,6,3,2,1,2,3,2,4,0,2,3,2,3,7,3,1,1,0,19,5,18,27,8,15,1,0,1,10,1,0,0,0
0,0,0,1,2,0,3,2,0,0,1,0,2,0,0,0,1,0,0,0,0,5,0,3,8,1,3,10,2,12,2,0,0,0,6,1,0,0
0,0,0,1,2,4,8,1,3,4,2,1,2,2,0,0,3,15,10,11,0,8,1,2,23,7,23,25,14,60,3,0,1,8,1,0,0,1
0,0,0,0,0,1,1,0,0,0,1,0,0,2,0,0,1,0,0,0,0,0,1,0,1,0,0,0,0,4,2,0,1,1,3,0,0,1
0,0,0,1,0,1,1,1,0,0,0,0,0,0,0,0,0,4,0,0,0,0,0,1,0,0,1,2,0,1,1,0,1,1,0,0,0,3
0,0,0,0,2,1,1,0,0,0,0,0,1,1,0,0,1,1,0,3,1,3,0,1,1,0,3,5,0,4,0,0,0,3,2,2,1,1
0,0,0,0,3,2,2,2,1,1,4,5,1,0,0,0,2,3,1,10,3,2,0,3,15,0,4,7,3,17,3,0,0,4,0,4,2,0
0,0,0,2,0,0,0,0,0,0,0,1,1,0,0,0,1,0,0,1,3,0,0,1,8,2,0,2,4,7,1,0,0,2,0,4,0,0
0,0,0,1,1,0,1,0,0,0,0,0,0,0,0,0,0,2,3,1,1,2,0,1,2,0,1,4,1,1,0,0,0,1,0,3,0,1
0,0,0,0,1,2,0,0,0,0,1,0,0,1,0,0,0,0,0,1,0,0,0,0,0,0,0,0,0,0,0,0,0,0,0,0,2,0
0,0,0,0,0,4,0,1,0,0,1,1,3,0,0,0,0,0,0,1,0,0,0,0,0,2,1,2,0,10,0,0,0,3,1,1,0,1
