2,0,0,0,0,0,0,0,0,0,0,0,0,0,0,0,0,0,0,0,0,0,0,0,0,0,0,0,0,0,0,0,0,0,0,0,0,0
3,8,4,24,8,3,4,1,0,2,1,0,1,4,0,1,0,0,0,1,0,1,0,0,1,0,1,1,0,0,0,0,0,0,0,0,0,0
3,2,4,5,0,4,0,0,0,0,2,0,0,0,0,0,0,0,0,0,0,0,0,0,0,0,0,0,0,0,0,0,0,0,0,0,0,0
1,25,15,137,35,34,32,1,0,3,10,8,7,2,0,0,2,2,0,2,0,4,1,0,2,1,4,0,0,4,0,0,0,0,0,2,0,0
1,3,6,47,18,20,27,3,1,3,13,24,5,3,0,3,1,3,2,1,3,4,0,2,9,0,5,6,5,6,0,0,0,2,0,1,0,3
0,9,12,32,17,91,78,7,7,1,3,9,10,4,2,2,8,5,4,6,1,3,0,2,4,0,9,11,0,8,0,0,2,1,0,0,0,0
0,2,9,34,20,70,60,9,11,4,11,14,3,6,0,2,23,5,9,3,2,9,0,2,8,0,12,3,1,10,0,0,0,5,1,0,0,0
3,0,2,12,9,21,18,0,3,0,0,4,3,5,0,3,10,6,5,0,1,4,2,3,0,0,8,4,2,4,2,0,0,0,0,3,0,0
0,0,1,2,1,30,15,7,1,0,4,1,2,0,0,1,7,2,2,0,0,2,0,2,4,0,0,0,0,3,0,0,0,0,0,0,0,0
1,4,1,9,12,1,1,1,0,3,2,1,0,1,0,2,0,1,2,1,0,3,0,0,1,2,1,1,1,2,0,0,0,0,0,0,0,0
0,4,0,14,17,7,8,0,1,2,7,4,2,0,1,1,3,4,0,4,1,11,0,1,6,0,5,10,2,4,0,0,1,1,0,0,0,0
0,3,4,23,12,22,15,0,6,0,5,10,3,7,0,3,5,2,3,3,0,17,5,3,10,0,9,4,3,3,0,0,4,4,1,0,0,2
0,0,0,13,8,33,34,1,3,1,4,1,5,7,0,0,8,4,8,1,1,6,0,1,5,4,16,7,1,9,0,1,2,0,1,3,0,0
0,0,0,6,10,6,8,0,0,1,6,7,2,3,1,1,4,2,5,3,6,7,0,3,6,0,9,2,3,6,0,1,1,1,1,0,0,0
0,0,0,1,1,0,3,0,0,0,0,1,0,0,0,0,0,0,1,0,0,0,0,0,1,0,0,0,0,1,0,0,0,0,0,0,0,0
0,0,0,1,1,8,9,2,3,0,2,2,1,0,0,0,1,1,1,3,1,6,0,0,3,2,3,4,1,0,0,0,0,1,1,0,0,0
0,1,2,4,2,21,21,2,1,1,4,8,6,5,0,0,3,1,13,1,1,12,1,2,11,0,24,5,3,12,1,0,1,1,0,0,0,0
0,0,0,2,7,18,15,1,3,1,3,9,11,2,1,0,5,3,2,7,1,6,2,3,9,2,21,9,3,21,0,0,0,0,1,0,0,3
0,0,1,3,1,7,15,0,5,0,5,3,11,0,0,2,5,10,4,1,0,9,0,0,10,1,21,1,6,12,0,0,2,2,1,2,0,0
0,0,0,11,4,11,9,0,2,4,13,5,0,8,0,0,3,10,1,8,2,1,1,0,7,0,5,3,0,6,0,0,0,0,0,1,0,0
0,0,0,4,1,1,0,0,0,1,9,4,0,0,1,1,3,2,0,0,0,3,0,0,2,1,0,3,0,0,0,0,0,0,0,0,0,0
0,0,0,2,3,5,1,0,0,0,9,6,1,4,3,0,3,7,13,2,5,2,0,0,19,2,12,6,1,17,0,4,3,0,0,1,0,0
0,0,0,0,0,0,0,1,0,0,1,1,0,0,0,0,0,0,1,0,0,0,0,1,2,0,3,4,0,2,0,0,0,0,0,0,0,0
0,0,0,2,3,1,2,1,0,0,0,3,1,0,0,0,2,3,2,3,0,3,0,0,4,1,8,1,1,4,0,0,0,2,0,0,0,0
0,1,2,7,1,8,6,2,4,6,10,3,5,4,2,0,2,16,9,7,1,8,3,1,37,6,29,29,12,39,2,0,1,14,0,5,0,0
0,0,0,1,0,1,2,0,0,2,5,0,0,1,0,0,0,1,1,4,1,0,0,0,7,1,9,5,1,5,0,0,1,1,0,0,0,0
0,1,1,7,5,11,13,2,4,3,9,5,3,9,0,3,8,18,24,6,8,16,1,4,46,7,48,15,11,51,3,1,3,9,4,1,0,4
0,0,0,6,2,2,2,0,0,1,2,2,1,2,2,1,5,2,1,8,1,4,0,1,19,5,10,16,13,28,1,0,2,9,5,1,0,0
0,1,0,1,0,0,1,0,0,0,1,0,0,1,0,0,1,2,3,2,0,2,0,1,9,1,5,9,3,11,4,0,0,4,0,1,0,0
0,1,0,1,2,2,3,0,1,1,4,2,2,3,0,0,3,3,10,4,0,5,1,5,20,3,38,31,10,60,5,1,5,14,10,3,0,5
0,0,0,0,0,0,1,0,0,0,1,0,0,3,0,0,0,3,2,2,0,1,1,0,1,0,3,2,0,4,1,1,2,0,2,0,0,0
0,0,0,2,2,2,0,0,0,0,0,0,0,0,0,0,0,0,2,0,0,1,1,0,1,0,2,2,1,7,0,0,1,1,0,0,0,0
0,0,0,0,0,0,5,0,0,0,1,0,0,1,0,0,0,5,4,1,0,5,0,0,2,0,3,3,0,6,3,0,1,1,0,1,0,0
0,0,0,4,0,0,2,0,0,0,1,3,3,1,0,0,1,4,2,9,0,0,1,1,11,0,5,3,6,22,4,0,1,5,2,2,0,2
0,0,0,0,0,0,1,0,0,0,2,0,0,0,1,0,0,1,1,0,0,2,0,0,2,0,4,5,3,2,0,0,0,0,0,2,0,2
0,0,0,3,1,2,0,0,0,1,1,1,1,2,0,0,0,0,0,0,1,0,0,1,6,1,2,0,2,3,0,0,2,1,1,0,0,0
0,0,0,0,0,0,0,0,0,1,1,0,0,1,0,0,0,0,0,1,0,0,1,0,0,0,0,0,1,0,0,0,0,0,0,0,0,0
0,0,0,0,1,2,0,0,0,1,0,0,1,0,0,1,0,0,1,1,0,0,0,0,3,0,2,3,0,0,0,0,0,6,0,0,0,0
