0,0,0,0,0,0,0,0,0,0,0,0,0,0,0,0,0,0,0,0,0,0,0,0,0,0,0,0,0,0,0,0,0,0,0,0,0,0
0,7,9,19,4,3,1,0,0,0,1,3,0,0,0,0,1,0,0,0,0,1,0,0,0,0,0,0,0,0,0,0,0,0,0,0,0,0
2,2,10,4,0,13,0,0,0,0,0,0,0,0,0,0,0,0,0,1,0,0,0,0,1,0,0,0,0,0,0,0,0,0,0,0,0,0
4,29,16,139,36,57,20,1,1,3,10,9,12,1,0,0,0,0,0,5,0,3,0,0,2,0,2,6,0,5,0,0,0,1,0,0,0,0
1,7,2,42,29,4,9,2,0,8,20,14,1,1,1,2,4,2,1,1,0,6,0,1,8,2,1,4,1,7,0,0,0,0,0,2,0,0
0,4,9,45,18,94,62,1,5,1,9,5,4,2,0,3,8,5,1,3,0,6,0,0,6,2,6,1,1,0,1,3,1,1,2,2,0,0
1,1,1,24,20,105,71,2,5,1,6,16,23,3,1,1,13,3,6,3,0,7,0,3,4,5,16,7,1,1,0,0,0,3,3,0,0,0
0,1,1,13,5,17,15,2,7,2,3,2,6,1,0,6,10,11,2,3,4,2,2,4,4,0,11,4,2,7,0,0,0,0,0,1,0,0
0,2,2,1,7,14,18,0,2,0,0,2,2,1,0,0,3,0,4,0,0,1,0,0,1,0,2,2,0,2,0,0,0,0,0,0,0,0
0,2,3,13,9,3,1,0,1,2,5,4,0,1,0,0,0,1,4,2,0,1,0,0,5,0,0,2,1,0,0,0,0,0,0,0,0,0
0,2,0,6,24,5,8,5,0,1,5,9,1,7,2,5,3,4,0,5,1,8,1,1,12,1,0,8,0,6,0,0,2,4,0,0,0,1
0,3,0,21,14,12,16,2,3,4,4,6,8,8,0,9,11,6,3,2,5,13,1,1,10,1,13,11,3,4,0,0,3,3,4,1,0,0
0,2,2,4,2,23,16,0,2,0,4,1,8,3,0,5,11,10,11,1,0,4,0,2,3,1,11,5,2,5,2,0,0,1,0,1,0,0
0,1,0,6,1,5,3,0,2,2,8,2,0,4,0,5,5,0,4,3,2,5,2,1,11,0,5,1,0,2,1,1,1,3,0,0,0,0
0,0,0,1,1,2,1,1,0,0,2,0,0,1,0,0,0,0,0,2,0,0,0,0,1,0,1,1,0,0,0,0,0,0,0,0,0,0
0,0,0,2,1,1,3,0,1,0,0,4,0,0,0,0,1,2,0,2,0,9,0,2,3,1,4,1,0,5,0,0,0,0,0,0,0,0
0,0,0,0,5,21,23,3,5,0,5,8,7,9,2,3,3,4,8,3,5,9,2,4,5,2,20,4,0,12,0,1,0,1,0,0,0,0
1,1,1,6,3,19,14,2,2,0,1,7,11,0,0,0,4,1,2,6,3,13,2,0,11,3,18,7,6,10,1,0,0,2,1,1,0,2
1,0,0,5,1,9,17,1,4,1,4,3,6,0,2,3,5,10,0,4,2,4,1,1,9,0,11,5,2,18,1,2,0,2,0,0,0,2
0,0,1,5,5,2,9,1,3,3,6,1,1,4,1,1,1,1,3,7,1,3,2,0,12,2,5,6,0,15,0,1,0,0,1,0,0,0
2,0,0,6,0,0,0,1,0,2,1,2,0,0,0,0,0,1,2,1,0,2,1,0,4,0,4,1,1,2,0,0,0,1,0,0,0,0
0,2,2,13,8,6,5,3,0,2,5,9,1,0,0,3,9,7,1,7,4,8,2,1,13,1,11,3,2,14,6,0,0,3,0,0,0,0
0,0,0,0,0,2,1,0,2,0,0,1,0,2,0,1,0,0,0,0,1,0,0,0,3,0,0,1,0,4,2,0,0,0,0,1,0,0
0,0,0,0,3,0,0,0,0,1,2,0,2,3,0,1,2,0,0,0,0,0,1,0,2,0,8,4,0,2,0,0,0,0,0,0,0,0
0,1,0,10,7,8,8,4,2,4,16,6,2,2,0,2,0,13,9,20,0,7,1,4,43,16,45,23,7,37,2,0,2,6,0,4,0,0
0,1,0,0,3,3,2,0,0,1,0,3,2,1,0,0,0,4,2,3,0,0,1,0,17,0,12,1,0,5,2,0,0,2,0,0,0,0
0,2,1,8,7,21,9,4,8,2,5,1,8,9,0,4,9,39,18,10,8,15,1,4,27,7,35,30,14,59,1,0,2,11,2,3,0,0
1,0,0,2,2,3,0,0,0,2,1,3,1,1,0,0,1,2,2,7,1,7,0,0,25,4,16,19,10,23,1,1,0,9,1,4,0,3
0,0,0,1,2,2,0,0,0,0,0,1,0,0,3,1,1,2,1,1,1,2,0,1,17,0,5,17,2,15,1,1,0,5,0,0,0,0
0,2,2,1,2,2,3,0,1,1,0,3,3,4,0,2,2,9,6,7,4,6,3,6,23,3,24,19,8,59,1,2,4,16,4,3,0,1
0,0,0,3,2,2,0,0,0,0,0,0,1,1,0,0,0,0,0,1,0,2,0,0,0,0,3,1,0,7,2,0,1,0,0,0,0,0
0,0,0,2,0,0,3,0,0,0,0,3,0,0,0,0,1,2,4,2,0,1,0,0,4,1,1,0,0,4,0,0,0,1,1,0,0,0
0,0,0,0,2,2,3,0,1,0,0,0,2,2,0,0,1,6,0,0,0,0,0,0,0,3,10,0,0,9,3,0,1,4,3,1,1,3
0,2,0,1,1,2,0,0,0,0,3,3,0,1,0,0,0,3,2,3,1,0,0,1,13,1,9,4,8,11,1,2,0,5,0,0,0,2
0,0,0,2,0,3,0,0,0,0,0,0,1,0,0,0,0,0,0,0,0,2,0,0,3,2,0,2,1,8,2,0,0,6,0,1,1,1
0,0,0,0,0,0,1,0,0,0,2,0,0,2,0,0,0,2,1,1,0,0,1,0,4,0,1,6,0,2,0,0,0,5,1,0,0,0
0,0,0,0,0,0,0,0,0,0,0,0,0,2,0,0,0,0,1,0,0,0,0,0,2,0,0,2,0,0,0,0,0,0,0,0,0,0
0,0,1,0,0,0,1,0,0,0,0,0,0,0,0,0,0,2,0,3,0,0,2,1,5,0,1,2,0,0,2,0,0,2,0,0,0,2
