1,0,0,0,0,0,0,0,0,0,0,0,0,0,0,0,0,0,0,0,0,0,0,0,0,0,0,0,0,0,0,0,0,0,0,0,0,0
2,9,9,8,3,4,3,0,0,1,0,0,0,0,0,1,0,0,0,0,0,0,0,0,0,0,1,0,2,0,0,0,0,0,0,0,0,0
0,1,7,4,0,5,1,0,0,0,0,0,0,0,0,0,0,0,0,0,0,0,0,0,0,0,0,0,0,0,0,0,0,0,0,0,0,0
9,28,12,97,30,35,11,2,1,4,13,10,3,0,0,5,1,4,1,2,0,1,0,2,2,0,5,1,0,2,0,0,0,1,0,0,0,0
3,5,5,56,23,19,13,4,5,4,10,9,1,2,1,3,7,2,1,3,3,12,0,2,9,0,7,4,1,1,1,0,0,1,2,0,0,0
0,6,7,28,18,116,49,6,5,0,4,6,6,4,2,0,4,4,2,2,0,10,2,1,5,1,8,0,2,4,0,0,1,2,0,2,0,0
4,4,1,34,14,95,50,11,4,0,8,8,24,1,4,1,14,9,10,4,3,7,2,0,5,2,13,2,2,13,0,0,0,2,1,0,0,0
0,0,2,21,10,13,21,3,1,1,5,14,6,3,1,6,5,2,4,0,2,8,0,3,5,1,12,2,2,1,2,0,1,0,0,0,0,0
0,0,3,2,1,17,9,0,1,0,0,7,1,0,0,0,1,4,3,1,2,1,0,0,0,0,2,0,0,8,0,0,0,0,0,0,0,0
0,0,0,8,4,5,0,0,0,1,5,2,0,0,0,3,0,1,0,2,0,3,0,0,1,0,0,2,2,3,0,0,0,0,0,0,0,0
1,2,2,15,19,8,9,4,1,1,10,1,5,5,0,3,2,1,3,5,5,9,0,0,6,0,4,8,4,5,0,0,1,2,0,0,0,2
0,2,2,16,11,20,14,4,2,4,7,6,3,6,0,9,7,11,6,4,0,11,1,3,13,0,13,5,1,5,0,0,2,2,0,2,0,0
0,2,0,7,8,22,28,1,3,0,3,5,7,8,0,4,6,6,11,5,2,7,3,2,7,0,14,3,5,12,0,1,0,0,0,0,0,0
0,2,3,11,6,7,6,6,2,2,3,1,1,1,0,1,3,4,3,1,0,10,4,1,9,1,7,0,0,4,2,1,0,1,1,1,0,0
0,0,0,0,4,1,0,0,2,0,0,1,0,1,0,0,0,0,0,3,1,1,0,1,0,0,0,0,2,1,0,0,0,0,0,0,0,0
0,0,0,0,3,5,8,1,1,0,0,1,0,2,0,1,1,0,1,0,1,6,0,1,3,0,4,1,0,2,0,1,0,1,0,2,0,0
0,2,2,2,9,22,17,2,4,2,3,6,3,3,0,0,1,3,5,1,3,10,0,1,13,3,25,3,0,8,1,3,1,1,0,1,0,0
0,1,0,4,2,12,11,8,6,2,3,6,3,1,1,2,6,0,5,5,7,17,0,1,7,2,30,6,2,19,1,1,0,1,1,2,0,2
0,0,1,1,3,13,8,4,3,2,3,0,4,1,0,1,4,12,5,2,3,6,0,1,6,2,17,10,2,9,0,1,1,1,0,1,0,0
2,1,0,3,10,6,3,0,0,4,19,4,0,1,0,2,4,7,1,5,1,2,0,2,10,2,4,6,2,4,0,0,0,1,2,2,0,0
0,0,1,1,5,0,0,0,0,4,5,2,1,0,0,2,3,4,0,1,1,0,0,0,2,0,2,0,1,4,0,0,1,1,0,0,0,0
0,4,0,4,7,2,2,0,1,2,8,5,1,6,2,3,6,3,8,1,2,3,0,2,15,2,8,7,6,9,2,0,0,4,2,0,0,0
0,0,0,0,0,2,1,1,0,1,0,0,0,1,0,0,7,3,2,2,0,2,0,0,3,0,6,2,2,0,0,0,0,0,0,0,0,0
0,0,0,2,0,2,1,0,0,2,1,4,2,0,0,2,2,0,2,1,1,3,0,0,3,0,2,4,2,6,0,0,0,0,0,0,0,0
0,2,2,9,11,4,7,0,3,5,7,10,1,4,1,1,1,10,8,25,4,13,0,2,54,14,23,28,6,31,3,0,0,6,0,2,0,0
1,0,0,2,1,3,3,0,1,1,1,0,2,2,0,0,2,2,5,0,7,6,0,1,7,0,7,6,0,12,0,0,0,3,0,0,0,0
0,2,0,5,6,23,11,2,1,3,6,5,3,0,0,5,12,23,24,11,5,24,1,1,41,4,41,25,11,63,0,0,1,7,3,10,0,0
0,0,1,3,3,3,4,1,4,3,5,1,2,0,0,0,3,2,4,13,2,6,0,0,24,8,7,22,4,26,1,0,0,11,1,3,0,1
0,0,0,1,2,4,0,1,0,0,2,2,0,0,0,0,0,0,0,1,0,3,0,1,13,1,8,15,2,17,1,0,0,6,1,1,0,0
1,1,4,10,5,1,4,2,0,1,3,3,1,0,1,0,0,4,10,4,6,7,1,4,17,3,28,33,4,62,5,1,1,12,5,2,0,3
0,0,0,1,4,1,0,0,0,0,0,0,0,0,0,0,2,1,2,0,0,3,0,0,6,0,1,2,0,5,5,0,1,0,0,0,0,0
2,0,0,0,0,0,1,0,0,0,0,0,0,0,0,0,0,2,0,0,0,2,0,0,1,0,0,1,0,7,2,0,0,5,0,0,0,0
0,0,0,1,1,3,2,0,1,0,2,0,0,0,0,0,0,5,1,0,2,0,1,0,1,0,2,5,4,14,2,1,0,1,1,2,0,1
0,0,0,1,1,0,1,0,0,0,0,3,2,3,0,1,0,6,1,5,0,0,0,0,11,2,5,21,4,28,0,1,2,3,3,1,0,2
1,0,0,0,2,1,0,0,0,1,0,0,0,0,0,0,0,0,0,2,0,1,0,0,2,0,2,2,4,10,0,0,0,3,0,2,0,0
0,0,0,0,3,1,0,0,0,0,0,0,0,1,0,0,0,1,0,1,3,0,0,0,9,0,1,3,0,2,0,0,1,4,0,0,0,0
0,0,0,0,0,0,0,0,0,0,0,0,0,1,0,0,0,0,0,0,0,0,0,0,0,0,0,0,0,1,0,0,0,0,0,0,0,0
0,0,0,0,0,1,0,0,0,0,3,1,0,0,0,0,0,4,0,0,0,0,0,1,2,0,3,4,1,6,0,0,1,0,0,1,0,2
