0,1,0,0,0,0,0,0,0,0,0,0,0,0,0,0,0,0,0,0,0,0,0,0,0,0,0,0,0,0,0,0,0,0,0,0,0,0
2,14,8,20,2,4,0,0,1,0,0,0,0,0,0,0,0,0,0,0,0,0,0,0,0,0,0,0,0,1,0,0,0,0,0,0,0,0
0,5,8,0,0,3,0,0,0,1,0,0,0,0,0,0,0,2,0,0,0,0,0,0,0,0,0,0,0,0,0,0,0,0,0,0,0,0
8,26,13,136,31,51,22,5,4,5,3,7,1,2,0,0,0,2,3,4,1,2,0,1,5,0,7,1,0,4,0,0,0,0,0,0,0,0
3,5,0,34,24,21,18,2,1,0,9,9,5,1,0,0,11,2,2,4,1,4,0,2,10,0,6,5,1,2,0,0,0,3,0,0,0,0
2,5,23,59,21,106,52,9,5,0,11,1,6,6,0,4,8,1,1,2,2,4,2,1,8,2,10,0,1,6,0,0,0,4,0,0,0,0
1,2,4,21,17,95,70,10,11,4,9,14,6,2,0,1,14,10,16,1,3,10,0,0,14,1,18,9,3,9,0,1,0,1,0,0,0,0
0,0,3,12,4,25,15,0,0,0,2,8,4,1,1,7,7,6,6,3,1,6,1,3,3,0,0,3,2,2,1,1,0,1,0,0,0,0
0,0,0,2,3,13,7,0,2,1,0,3,6,0,0,2,4,4,2,0,0,0,0,0,3,0,3,1,0,2,0,0,0,0,0,0,0,0
1,1,0,6,5,2,1,0,0,0,6,1,5,1,0,2,0,3,0,2,1,4,0,0,2,3,1,1,0,3,0,0,0,0,0,0,0,0
2,0,0,28,11,9,4,3,1,6,7,5,3,5,0,0,0,2,7,6,1,7,2,2,7,3,7,4,4,8,0,0,5,0,2,0,0,0
0,7,0,27,18,28,16,1,8,0,3,8,3,7,1,5,6,13,4,4,3,20,5,2,15,0,8,3,1,4,0,0,1,5,0,2,0,0
0,1,2,7,15,34,29,1,0,2,3,10,0,6,0,1,8,6,12,3,2,5,2,1,4,3,26,4,3,2,2,0,0,0,0,0,0,0
0,0,0,5,4,14,8,2,1,0,6,5,2,1,0,2,1,2,4,1,0,9,1,0,8,0,5,1,1,6,1,1,2,3,0,1,0,1
0,0,0,2,0,2,3,1,0,0,1,0,0,0,0,0,0,0,0,0,0,0,0,0,0,0,2,0,0,0,0,0,0,0,0,0,0,0
0,0,0,2,3,7,8,3,1,2,1,3,0,3,0,3,2,5,0,6,2,4,0,0,1,2,1,1,1,2,0,0,0,2,0,0,0,0
0,0,4,7,11,20,17,3,9,0,1,8,5,9,0,2,1,1,5,2,3,17,2,1,12,0,14,5,3,10,0,0,0,0,0,0,0,0
0,0,2,5,1,11,17,0,7,1,4,9,3,4,2,0,5,1,9,4,1,6,0,4,16,2,18,10,0,18,0,1,1,0,0,3,0,2
0,2,2,0,4,7,18,4,5,1,1,5,6,4,2,1,11,5,2,4,2,7,0,4,10,0,18,1,5,14,2,0,1,2,0,3,0,0
0,1,0,4,5,1,1,1,0,2,15,0,0,8,0,0,3,8,2,3,3,2,0,1,12,0,12,3,1,6,1,0,0,0,0,0,0,1
0,3,0,1,7,2,1,0,0,4,5,0,0,1,1,0,1,3,0,2,0,0,0,0,10,2,3,1,1,3,0,0,0,0,0,1,0,0
1,0,1,2,2,6,4,2,0,1,5,7,1,2,0,1,5,9,4,3,0,5,0,2,18,1,19,8,0,10,3,0,0,1,1,2,0,1
0,0,0,1,0,2,0,0,1,0,2,3,1,1,0,0,0,1,2,0,0,0,0,0,5,0,0,1,2,1,0,0,0,0,0,0,0,1
0,0,0,2,3,0,2,0,0,0,1,0,1,2,1,0,1,2,4,1,0,1,1,0,2,1,5,1,2,7,0,0,0,3,2,0,0,0
2,2,1,10,2,7,9,1,0,11,10,5,2,4,1,3,2,16,7,26,8,11,0,3,40,13,34,38,9,43,1,1,0,13,1,7,0,2
0,0,1,0,0,0,0,1,1,1,3,2,0,2,0,0,2,4,2,3,0,2,0,2,12,1,11,4,2,6,0,0,0,2,2,0,0,0
0,1,0,15,4,16,15,4,4,4,3,9,13,7,6,2,10,25,16,8,0,22,1,0,40,9,31,23,8,41,4,1,2,7,1,3,0,2
0,0,2,0,3,2,1,0,1,2,1,1,0,5,0,0,6,3,8,10,0,3,0,1,28,3,16,20,7,37,3,0,1,13,4,2,0,1
0,0,0,1,0,0,2,0,1,0,2,0,0,2,0,0,0,0,2,1,0,1,0,0,8,0,4,4,3,13,1,1,0,12,1,1,0,0
0,0,0,3,3,5,8,1,1,4,3,3,0,8,0,3,4,5,14,3,1,10,0,1,34,2,30,27,9,61,5,0,3,11,2,4,0,3
0,0,0,0,1,3,2,0,0,0,0,0,0,1,0,0,2,1,0,0,0,0,0,0,3,0,3,2,0,7,1,0,0,5,1,0,0,0
0,0,0,1,0,0,3,0,1,0,0,0,0,0,0,0,1,1,1,0,0,0,0,0,0,0,2,4,0,4,0,0,1,0,0,0,0,1
0,0,0,1,1,0,4,0,1,0,0,1,4,1,0,1,2,5,0,1,0,1,1,0,1,0,3,1,0,8,3,1,1,8,4,1,0,3
0,0,0,2,0,3,0,0,0,0,1,2,0,1,0,1,2,1,4,6,0,0,0,0,9,6,11,27,1,12,1,0,1,5,2,1,0,0
0,0,0,0,0,1,0,0,0,2,1,0,0,0,1,0,0,3,0,0,0,0,0,0,3,3,1,1,0,6,0,0,4,1,0,3,0,0
0,0,0,4,2,0,0,0,1,0,2,0,0,0,0,0,0,1,0,1,0,1,0,0,2,0,0,7,1,3,1,0,1,0,2,0,0,0
0,0,0,0,0,0,0,0,0,0,0,1,0,0,0,0,0,0,0,0,0,0,0,0,0,0,1,1,1,3,0,0,0,0,0,0,0,0
0,0,0,1,0,3,3,0,0,0,0,0,0,1,0,0,0,2,0,0,0,1,0,0,2,0,4,0,0,2,2,0,0,2,0,0,0,0
