1,1,0,0,0,0,0,0,0,0,0,1,0,0,0,0,0,0,0,0,0,0,0,0,0,0,0,0,0,2,0,0,0,0,0,0,0,0
0,9,6,9,3,9,1,0,0,0,0,0,0,0,0,0,2,0,0,2,0,0,0,0,0,0,0,0,0,0,0,0,0,0,0,0,0,0
2,1,8,5,0,6,1,1,0,0,0,0,0,0,0,0,0,0,0,0,0,0,0,0,0,0,0,0,0,0,0,0,0,0,0,0,0,0
8,25,8,138,43,41,14,3,1,4,4,10,2,3,0,0,1,0,4,1,2,4,1,1,6,1,7,4,1,3,0,0,2,0,1,0,0,0
3,5,2,53,24,10,15,8,2,2,18,11,3,4,1,3,1,5,1,1,4,4,3,0,4,0,3,1,0,8,1,0,0,1,0,0,0,2
1,10,18,44,11,110,69,3,10,2,6,6,12,2,0,1,7,5,6,1,0,4,0,0,2,0,7,1,0,2,0,0,0,0,0,0,0,0
2,3,5,30,23,88,62,3,15,0,6,17,16,1,0,4,4,8,9,5,6,2,1,0,2,1,14,2,2,7,0,0,0,0,0,1,0,0
0,1,2,9,6,19,18,1,0,1,5,0,6,0,0,5,9,4,5,0,1,4,1,1,9,1,14,3,4,4,1,0,0,2,0,0,0,0
0,0,0,1,1,10,17,6,4,0,2,2,3,0,3,0,1,2,1,0,2,3,0,0,1,0,3,2,0,1,0,0,2,1,0,0,0,0
0,0,0,10,6,6,1,0,0,0,3,1,0,0,0,1,1,0,2,0,0,0,0,0,6,0,0,1,0,1,0,0,0,1,0,1,0,1
2,0,1,19,12,9,4,2,2,1,12,4,0,2,1,1,6,1,3,6,1,14,0,0,11,1,1,2,0,6,0,0,0,6,1,0,0,0
1,1,1,16,32,24,15,6,2,2,11,3,4,10,0,7,9,3,2,6,3,10,1,1,18,1,8,8,3,10,0,0,1,3,2,0,0,3
0,0,2,10,8,31,25,3,0,4,7,5,4,5,0,1,6,8,4,3,0,8,2,2,8,2,16,5,2,15,1,0,1,0,0,0,0,0
0,1,1,8,8,7,12,2,0,1,2,1,2,3,0,1,5,0,4,2,6,4,0,1,9,2,3,7,1,10,0,0,1,2,0,0,0,1
0,0,0,0,0,3,1,0,0,3,0,0,0,1,1,1,0,0,0,0,0,1,0,1,1,1,1,0,3,1,0,0,0,0,0,0,0,0
0,0,0,4,1,5,8,2,1,0,1,6,1,0,0,1,1,2,1,3,2,10,0,0,4,2,5,0,0,5,0,0,0,2,0,0,0,0
0,1,1,5,6,17,24,4,6,1,9,4,2,3,0,1,2,4,9,1,2,11,0,3,3,0,14,7,1,17,0,0,4,1,0,2,0,0
2,1,2,7,3,18,19,0,4,1,5,7,2,2,0,3,3,2,5,5,3,10,2,2,10,4,20,11,4,19,2,0,0,3,0,0,0,0
0,0,0,6,2,6,15,1,1,0,5,5,7,2,0,2,7,11,2,3,3,4,0,0,10,1,19,2,8,12,0,1,0,0,0,0,0,0
0,0,2,4,12,7,5,2,0,9,20,4,6,7,0,2,7,0,5,5,2,4,3,0,16,1,5,9,3,6,1,1,2,0,0,3,0,1
0,0,0,7,6,1,1,0,1,8,6,0,0,1,0,0,2,0,0,2,0,2,0,0,9,0,4,5,0,0,0,0,0,5,0,0,0,0
2,0,0,7,5,14,9,0,2,2,8,14,3,3,1,0,5,6,7,9,7,4,0,3,14,2,15,14,1,9,0,0,1,0,0,1,0,0
0,0,0,1,0,0,1,1,0,0,0,2,1,1,0,0,0,3,2,0,1,1,0,0,2,0,3,2,1,1,0,0,0,0,2,0,0,0
0,0,0,2,0,4,0,0,2,0,2,0,3,2,0,0,0,4,2,3,2,2,0,1,3,0,8,0,0,2,0,0,0,3,0,3,0,0
2,3,2,12,17,11,9,0,3,3,4,4,8,3,0,0,0,14,12,16,6,13,2,6,41,12,24,31,12,22,2,0,3,9,5,0,0,0
1,1,2,2,0,4,0,0,0,0,2,0,1,0,1,0,2,4,5,1,1,3,0,1,12,0,6,9,2,5,1,1,0,5,0,0,0,0
1,0,2,21,6,13,6,5,7,2,4,4,7,7,2,2,9,33,18,12,3,22,9,4,51,14,40,28,17,79,3,1,2,5,0,5,0,2
0,0,0,9,5,4,2,2,1,2,5,5,4,0,0,0,1,3,2,11,2,3,0,1,27,3,26,22,10,36,3,0,1,13,0,0,0,1
0,0,0,2,1,3,2,0,2,0,3,3,0,0,0,0,0,1,1,1,0,0,1,0,8,0,7,13,5,26,1,0,0,0,2,2,0,0
1,0,0,6,5,2,8,0,1,0,5,5,5,2,0,0,3,6,5,2,3,7,2,1,32,1,24,34,9,92,6,2,1,13,4,2,0,4
0,0,0,0,0,1,2,0,0,0,3,0,0,0,0,0,0,2,0,4,2,0,0,0,4,0,1,3,1,10,2,0,1,4,0,0,0,0
2,0,0,0,0,2,2,0,0,0,0,0,1,0,0,0,0,0,0,0,0,0,0,2,1,0,3,2,0,2,1,0,0,2,0,2,0,0
0,0,0,0,0,1,1,0,0,0,1,2,0,0,0,0,1,2,0,0,0,0,0,0,5,1,0,5,0,8,0,1,2,1,2,0,0,1
0,0,0,2,0,1,0,0,1,1,0,1,1,0,0,0,1,2,5,3,0,0,0,1,11,5,9,15,13,20,3,1,2,5,2,4,0,4
0,0,0,1,0,0,0,0,0,0,1,2,0,0,0,0,0,0,3,3,2,1,0,0,3,0,0,11,0,2,0,0,1,0,1,0,0,0
0,0,0,1,0,1,1,0,0,0,3,0,0,0,0,0,0,1,0,0,0,0,0,0,3,1,1,3,1,5,0,0,0,7,0,1,0,0
0,0,0,0,0,0,0,0,0,0,1,0,0,0,0,0,0,0,0,0,0,0,0,0,0,0,0,0,0,0,0,0,0,2,0,0,0,0
0,0,0,0,1,1,0,0,0,0,2,1,0,0,0,0,0,0,1,0,0,0,0,0,2,0,2,6,0,4,0,0,2,0,1,1,0,0
