2,2,0,1,1,0,0,0,0,0,0,0,0,0,0,0,0,0,0,1,0,0,0,0,0,0,0,0,0,0,0,0,0,0,0,0,0,0
0,7,12,18,3,1,2,1,0,1,2,0,0,0,0,0,0,2,0,2,0,0,0,0,0,0,0,0,0,0,0,0,0,0,0,0,0,0
0,2,4,3,1,8,1,0,0,0,0,0,0,1,0,0,0,0,0,1,0,0,0,0,0,0,0,0,0,1,0,0,0,0,0,0,0,0
4,19,10,111,43,45,15,3,0,2,11,6,0,5,0,2,1,0,2,2,0,0,1,0,6,0,4,0,1,2,0,0,0,1,1,3,0,0
1,5,3,45,24,19,13,3,6,6,9,6,7,6,0,2,8,5,2,0,2,5,2,1,7,1,9,4,1,3,0,0,0,1,0,0,0,2
1,9,14,51,17,114,57,5,3,1,7,9,8,4,0,2,5,2,8,2,3,14,0,2,3,0,4,3,6,10,0,0,0,2,2,0,0,0
2,1,3,25,35,91,63,5,11,0,8,13,14,2,1,0,15,7,9,3,0,7,3,1,17,1,11,6,6,7,1,0,0,0,2,0,0,0
0,0,0,13,4,16,7,2,0,0,2,4,4,10,0,6,3,5,5,2,2,6,0,1,6,0,6,5,3,5,0,0,2,1,0,2,0,0
0,0,2,1,3,12,15,1,1,0,2,1,1,1,2,0,1,2,2,0,3,0,0,0,3,0,3,0,1,4,0,0,0,0,0,0,0,0
0,0,4,6,7,3,1,0,1,4,4,2,0,0,0,5,0,2,3,4,0,0,0,0,3,0,0,0,0,2,0,0,0,0,0,0,0,0
0,3,0,20,13,6,7,0,3,5,10,3,0,3,3,4,0,2,2,10,1,1,4,3,16,1,12,3,0,10,0,0,0,1,0,2,0,0
0,0,1,13,23,24,15,3,6,2,11,4,5,6,0,1,7,12,11,4,6,11,3,7,12,1,15,7,2,6,0,0,2,1,1,0,0,0
0,0,1,8,6,27,20,5,3,0,4,4,4,4,0,1,2,5,8,0,1,9,2,0,5,2,22,4,1,11,0,0,2,0,1,2,0,0
0,0,0,14,10,9,6,2,4,3,1,4,4,11,1,0,9,4,4,7,3,7,2,0,9,0,12,6,1,3,0,0,0,1,2,1,0,0
0,0,0,2,0,7,0,0,0,1,0,0,1,1,0,2,0,0,0,0,1,3,0,0,1,0,1,1,1,0,0,0,0,0,1,1,0,0
0,0,0,1,4,11,5,2,0,1,7,2,3,1,1,0,1,0,1,0,1,1,0,2,7,0,6,0,2,7,0,0,0,0,0,0,0,0
0,3,0,8,1,16,20,3,4,3,7,6,4,6,0,0,3,10,5,2,3,5,2,4,5,2,16,5,0,10,1,0,0,1,0,1,0,0
1,6,0,8,3,15,11,2,2,3,7,2,4,1,0,0,7,1,9,7,1,9,1,1,10,4,25,5,4,22,3,0,1,0,1,1,0,0
0,1,3,0,1,9,10,2,3,0,8,2,4,1,0,0,6,8,5,3,1,10,0,0,3,0,23,6,3,19,1,0,1,0,0,0,0,0
0,4,3,2,6,5,4,2,3,2,14,12,3,2,0,1,8,8,3,9,2,4,2,5,11,2,9,10,1,5,0,0,0,1,0,4,0,1
0,1,3,3,1,1,4,1,1,0,5,2,0,1,0,0,2,0,1,4,1,0,0,2,6,1,4,2,0,5,0,0,0,0,2,1,0,0
0,1,0,3,4,2,6,1,3,3,8,5,2,3,1,2,5,10,5,5,4,3,0,0,14,1,18,10,1,9,1,2,0,2,1,0,0,1
0,0,0,0,0,0,2,1,0,0,0,0,2,0,0,0,0,3,0,1,0,0,0,1,3,0,7,3,1,3,0,0,0,0,0,0,0,0
0,0,0,0,2,1,2,0,0,0,5,0,2,2,1,0,0,1,2,0,1,2,0,0,4,0,5,2,1,5,0,0,0,0,0,0,0,0
1,2,1,8,11,11,8,2,1,3,12,4,1,12,0,0,2,9,9,32,4,10,3,4,55,6,37,26,10,45,3,1,0,16,4,0,0,1
0,0,1,1,1,1,2,3,0,0,1,2,0,0,0,1,0,2,3,3,3,2,2,0,9,1,8,5,3,9,0,0,0,0,0,3,0,0
0,1,4,4,4,16,12,3,4,2,3,3,2,5,3,0,18,11,19,13,9,25,0,2,36,9,39,26,15,78,2,1,2,11,3,3,0,2
0,1,0,3,5,6,3,3,0,1,7,3,0,9,0,0,2,1,2,9,1,2,0,2,29,3,22,12,10,31,3,1,1,7,2,4,0,1
0,2,0,0,0,1,1,0,1,0,2,0,2,0,2,0,0,1,0,1,0,1,1,0,6,1,5,17,4,17,5,1,0,6,0,0,0,1
0,1,1,0,6,8,1,1,1,1,3,2,2,6,0,1,3,6,4,6,1,7,2,3,27,4,34,25,19,80,8,2,1,17,0,4,0,0
0,0,0,1,1,0,0,0,0,0,0,0,0,0,0,0,0,0,0,0,2,0,0,0,5,0,5,4,3,9,2,0,2,3,2,2,0,2
0,0,0,0,0,2,1,0,0,0,0,0,1,0,0,0,0,0,0,0,0,0,2,2,0,0,6,0,1,10,0,0,1,4,0,0,0,0
0,0,0,1,2,3,3,0,3,0,1,3,1,0,0,0,0,6,0,3,0,2,0,0,0,0,5,3,1,7,0,0,0,0,1,1,0,1
0,0,0,3,0,3,2,0,0,3,2,0,0,2,0,1,2,1,0,8,1,0,1,1,7,0,11,10,4,16,0,2,0,8,3,4,0,2
0,0,0,2,0,0,0,0,0,0,2,0,0,0,0,0,0,0,0,2,0,2,0,2,4,0,3,3,0,6,0,0,1,2,0,4,0,0
0,0,0,1,3,0,0,0,0,0,0,0,0,0,0,0,0,5,1,1,0,0,0,0,5,0,8,3,0,3,2,0,1,3,0,0,1,2
0,0,0,0,0,0,1,0,0,0,1,0,0,0,0,0,0,0,0,0,0,0,0,0,0,0,1,0,0,2,0,0,0,0,0,0,0,0
0,0,0,0,0,0,1,0,0,0,2,0,0,1,0,0,0,0,0,1,0,1,0,0,0,0,3,1,1,1,1,0,0,6,1,0,0,0
