4.24833333333
2.02849056604
2.2675862069
1.71619047619
1.79704433498
1.79637362637
1.68032258065
1.80172413793
1.55114285714
2.56735849057
1.71319444444
1.61415254237
1.79726190476
1.68449612403
1.914
1.58516666667
1.76125786164
2.01639784946
1.56022222222
1.8426056338
1.83978723404
1.65838235294
1.4288
1.45925
1.76721925134
1.76727272727
1.57426767677
1.81491620112
1.65814285714
1.6018115942
2.19289473684
2.62214285714
4.61469387755
2.23089108911
2.53375
3.42974358974
4.10666666667
3.23954545455
