2,1,0,0,0,1,0,0,0,0,1,0,0,0,0,0,0,0,0,0,0,0,0,0,0,0,0,0,0,0,0,0,0,0,0,0,0,0
2,12,5,19,4,3,2,0,0,2,3,0,0,1,0,0,0,0,0,0,0,0,0,0,1,0,0,0,0,4,0,0,0,0,0,0,0,0
0,6,4,3,0,3,0,0,0,0,1,0,0,0,0,0,0,0,1,0,0,0,0,0,0,0,0,0,0,0,0,0,0,0,0,0,0,0
2,31,10,138,31,45,18,3,4,5,8,12,1,5,0,3,1,0,6,7,1,2,1,0,7,3,5,5,0,4,0,0,0,0,1,0,0,0
3,2,0,49,24,19,22,2,2,6,20,11,2,7,0,1,3,1,5,8,7,2,0,0,15,5,9,2,3,5,0,0,0,3,0,0,0,0
1,11,10,43,18,102,66,3,6,2,14,12,2,6,0,0,7,1,2,1,1,1,0,0,5,1,19,4,2,5,0,1,0,1,0,0,0,0
0,3,2,22,18,90,59,16,11,0,5,12,18,12,0,2,16,8,8,0,1,6,1,2,10,3,7,8,3,7,1,0,0,4,0,1,0,1
0,0,1,16,11,17,19,0,3,0,3,4,7,2,1,2,5,5,7,1,1,3,0,0,5,1,19,2,2,16,0,1,0,3,0,0,0,1
0,0,1,5,2,22,19,1,1,0,2,1,1,2,0,0,0,2,3,2,0,0,0,0,2,0,1,6,0,2,0,0,0,1,0,0,0,0
1,0,0,4,4,2,6,0,0,1,2,3,0,2,2,0,0,1,0,1,0,0,0,0,3,0,2,6,0,2,0,0,0,0,0,0,0,1
2,0,0,19,26,11,6,1,3,6,17,5,4,3,1,0,4,3,3,6,3,5,3,0,12,1,4,7,2,11,0,0,0,7,1,2,0,1
0,4,1,24,23,14,20,2,2,7,15,2,3,14,0,11,9,2,4,11,4,9,0,2,14,2,16,13,5,8,0,0,3,1,1,2,0,0
0,2,4,15,9,23,28,1,6,4,4,5,1,3,0,4,4,2,25,1,2,5,1,3,6,0,13,10,3,6,0,0,0,1,4,1,0,0
1,0,0,9,15,9,13,1,2,2,5,0,1,0,0,4,1,2,8,3,1,5,0,2,10,1,9,2,1,7,0,0,0,6,0,0,0,0
0,0,0,0,1,0,3,0,0,0,0,1,0,0,0,0,4,2,2,0,0,2,0,0,2,0,1,0,0,0,0,0,0,0,0,0,0,0
0,0,0,2,2,7,2,0,1,1,4,5,0,0,0,0,0,0,4,0,0,3,0,1,11,0,3,2,1,8,0,0,1,0,0,0,0,0
0,0,1,7,5,10,23,1,12,1,8,2,6,8,0,0,3,5,9,1,1,6,0,1,7,1,13,6,6,8,0,0,0,3,0,3,0,0
1,3,0,0,6,14,11,0,3,0,7,13,6,2,0,0,6,3,5,3,5,12,1,1,18,3,18,9,3,16,1,0,1,2,0,1,0,0
0,2,1,1,3,16,9,1,3,1,8,4,2,0,2,0,6,8,1,3,3,7,0,1,15,1,17,9,3,14,0,0,0,1,0,0,0,0
0,4,0,14,16,1,6,0,0,2,9,5,1,4,0,0,5,10,4,9,5,4,0,0,10,0,11,4,2,6,2,0,3,1,0,1,0,0
0,0,0,2,1,5,1,1,0,0,6,3,0,4,0,0,6,3,1,0,3,4,1,2,9,1,0,2,2,3,0,0,0,0,0,0,0,0
0,0,3,3,2,2,6,1,1,3,5,6,1,10,0,1,3,3,3,3,1,1,2,0,12,0,15,4,2,7,0,0,1,0,0,0,0,0
0,1,0,0,0,3,0,0,0,0,1,0,0,2,2,0,2,0,0,0,0,0,2,0,2,2,3,5,1,1,0,0,0,0,0,0,0,0
0,0,0,1,2,5,1,1,0,0,4,3,0,1,0,0,1,0,1,0,2,2,0,0,5,1,6,2,2,4,0,0,0,3,0,0,0,0
0,5,4,8,7,7,9,0,0,9,11,8,4,7,0,1,4,5,11,23,3,8,3,2,48,9,38,44,5,40,0,3,4,6,3,6,0,4
0,3,0,4,2,4,0,1,1,0,8,4,1,2,0,0,1,3,3,0,4,1,2,0,7,2,6,9,2,6,0,1,0,2,0,0,0,1
1,0,4,8,6,23,14,0,1,2,11,10,7,7,0,1,6,23,17,11,3,18,1,5,49,5,34,29,14,66,3,2,0,8,0,2,0,2
0,0,0,3,5,7,5,1,2,0,8,2,0,2,0,0,1,5,4,5,1,3,0,2,32,6,23,46,11,26,1,0,2,17,2,3,0,1
0,0,1,2,0,1,2,0,0,1,0,3,0,1,0,0,0,1,1,0,1,0,0,0,17,1,9,18,6,16,1,2,0,0,0,1,0,0
0,1,0,4,2,7,4,0,2,1,10,3,4,8,0,2,6,5,6,2,5,7,0,0,32,5,43,34,14,93,3,1,4,14,2,2,0,0
0,0,0,0,0,2,0,1,0,0,1,2,0,0,0,0,1,0,0,1,0,0,0,0,5,0,4,2,0,4,0,0,0,6,0,3,0,1
0,0,0,2,0,0,0,0,0,0,0,0,2,0,0,0,0,1,2,3,0,0,0,0,1,0,1,2,0,10,3,0,3,0,1,0,0,0
0,1,0,1,2,4,5,1,0,0,0,1,3,0,0,0,0,0,0,3,0,1,0,0,1,0,2,10,2,6,0,0,1,2,1,0,0,2
0,0,0,4,3,3,1,0,0,1,3,3,0,0,0,0,0,1,1,2,0,0,2,2,9,2,9,18,4,26,0,2,1,7,3,2,0,2
2,0,0,0,0,0,1,0,0,0,1,0,0,0,0,0,0,1,1,0,0,0,0,0,4,1,1,7,2,8,1,0,0,2,1,1,0,0
0,0,0,2,2,0,1,0,0,0,1,1,0,0,0,0,0,1,0,2,0,0,0,0,5,0,1,11,0,2,0,0,0,7,0,2,0,1
0,0,0,0,0,0,0,0,0,0,0,0,0,0,0,0,0,0,0,1,0,0,0,0,0,0,0,0,0,0,0,0,0,0,0,0,0,0
0,1,1,0,0,0,2,0,0,0,0,0,0,0,0,0,1,0,0,1,1,0,0,0,1,1,1,0,0,2,0,0,1,1,0,0,0,0
