3,0,1,0,1,0,0,0,0,0,0,0,0,0,0,0,0,0,0,0,0,0,0,0,0,0,0,1,0,0,0,0,0,0,0,0,0,0
0,15,7,14,4,1,0,0,0,0,2,0,1,0,0,0,2,0,0,0,0,0,0,0,1,0,0,0,0,0,0,0,0,0,0,0,0,0
1,4,7,0,2,12,1,0,0,0,0,0,0,0,0,0,0,0,0,0,0,0,0,0,0,0,0,0,0,1,1,0,0,0,0,0,0,0
5,27,10,119,36,49,18,3,4,6,12,16,5,8,0,1,0,2,2,7,3,0,0,1,2,0,1,3,3,4,0,0,1,0,0,3,0,1
2,6,3,49,32,14,18,2,1,9,26,15,7,5,0,0,7,2,0,8,6,5,1,0,6,3,7,5,2,5,0,0,0,1,0,0,0,1
6,7,24,42,12,145,51,4,8,0,8,11,10,3,0,1,2,0,4,1,0,2,1,4,7,0,12,4,0,7,1,0,1,3,1,0,0,0
1,7,4,38,11,117,73,13,12,4,12,6,17,6,0,6,10,7,14,2,1,8,2,4,8,1,14,7,1,16,0,2,0,1,2,0,1,0
0,0,1,13,7,15,17,3,1,0,8,8,4,4,1,5,4,4,5,1,3,3,1,1,0,1,9,0,2,9,0,0,0,1,0,0,0,0
0,0,1,2,7,5,14,0,1,0,1,3,1,1,0,0,2,2,2,0,0,1,0,0,0,0,4,0,0,5,0,0,0,1,0,0,0,0
0,0,1,8,12,0,4,0,0,2,4,1,2,1,0,1,0,1,0,3,2,0,2,3,5,0,2,3,0,3,0,0,0,1,0,0,0,0
0,1,1,19,23,8,4,2,4,8,14,11,7,7,2,1,7,0,1,5,13,6,0,2,8,4,12,6,1,6,0,0,0,3,0,1,0,1
0,1,0,16,23,27,21,0,5,6,12,8,5,9,2,11,5,4,10,7,5,14,2,1,8,2,10,11,5,6,0,0,0,2,0,1,0,1
0,0,2,15,4,19,26,1,3,0,2,4,6,4,0,1,4,1,13,0,1,6,1,1,1,1,11,5,1,6,0,0,1,3,0,0,0,0
0,2,3,10,8,8,3,1,1,0,15,1,7,6,0,5,8,4,4,6,5,10,0,1,6,0,11,5,1,7,0,0,0,2,1,1,0,0
0,0,0,0,0,0,5,0,0,0,1,0,1,2,0,0,0,0,0,0,0,0,0,0,0,1,1,2,0,1,0,0,0,0,0,0,0,0
0,0,0,2,1,11,4,0,1,2,2,1,3,1,0,0,6,0,2,1,0,5,0,0,3,1,1,0,0,2,0,0,0,1,0,0,0,0
0,0,2,3,6,26,15,2,1,3,11,6,5,6,0,2,9,4,16,3,2,1,0,2,11,3,10,1,1,6,0,0,0,1,0,0,0,0
0,1,0,3,7,23,23,4,7,0,7,3,4,10,0,1,3,1,8,2,3,8,3,2,16,2,31,7,2,15,0,1,2,5,0,0,0,0
1,0,1,2,3,7,2,0,6,1,5,4,14,4,0,0,3,10,4,3,1,6,0,3,10,1,25,3,2,11,1,0,0,2,0,0,0,0
1,1,0,4,12,2,1,2,2,3,19,6,1,2,0,2,5,5,2,7,4,0,2,2,17,4,8,6,4,7,1,0,0,1,0,0,0,0
0,1,0,1,2,0,0,0,0,2,3,5,1,0,1,2,1,4,2,5,2,1,1,1,8,0,3,2,0,3,0,0,0,1,0,1,0,0
1,1,1,5,3,1,7,1,1,4,8,7,1,5,2,0,2,7,7,10,2,1,1,1,15,0,15,8,0,9,0,0,1,3,0,0,0,0
0,0,0,0,0,1,0,0,1,0,0,0,1,1,0,0,0,0,4,1,1,4,0,0,4,0,4,0,0,1,0,0,0,2,0,0,0,0
0,0,0,1,2,1,4,0,0,2,2,1,0,1,0,0,2,0,7,0,0,0,0,0,4,1,6,4,1,5,0,0,0,0,0,0,0,0
0,1,1,12,12,8,7,4,1,9,15,4,4,7,4,0,2,10,4,29,7,10,4,3,60,10,35,60,14,33,3,1,0,7,2,0,0,1
0,0,0,0,3,2,0,0,3,1,4,1,0,2,0,0,1,1,2,4,0,2,0,0,11,1,3,7,4,6,0,0,0,0,3,0,0,0
0,0,2,14,4,20,14,3,4,6,11,8,10,11,0,0,12,24,20,2,9,24,1,3,35,5,42,22,8,64,3,1,6,7,2,1,0,1
0,0,0,2,2,11,1,0,2,3,6,10,1,2,0,1,4,10,0,18,4,1,0,0,30,2,32,31,5,42,2,1,1,10,3,6,0,1
0,0,1,1,4,2,5,0,0,1,4,1,0,0,0,0,2,1,3,3,1,3,0,2,14,3,15,10,6,15,1,0,0,0,0,0,0,3
1,2,1,2,5,9,2,0,0,0,3,8,2,2,0,1,3,3,5,4,2,8,0,3,47,5,48,40,9,74,5,7,1,12,5,1,0,2
0,0,0,0,0,0,2,0,0,0,0,0,0,0,0,0,1,0,0,0,2,0,0,0,1,0,1,1,0,3,2,0,0,6,3,1,0,0
0,0,2,1,2,2,0,0,0,0,0,0,0,0,0,0,1,1,0,0,0,0,0,0,3,0,3,2,0,6,0,0,0,0,0,1,0,0
2,0,0,1,0,3,1,1,0,1,5,2,0,2,0,0,0,1,6,0,0,0,0,0,3,0,0,1,4,6,7,0,1,6,1,2,0,0
0,1,1,6,0,1,2,0,0,1,3,2,0,1,0,4,0,2,0,3,0,1,0,0,5,2,6,21,6,28,3,0,1,10,1,2,0,2
0,0,0,5,0,0,0,0,0,0,0,0,0,0,0,0,0,0,0,2,1,1,0,0,6,0,6,8,6,8,4,1,2,4,0,1,0,1
0,0,0,0,0,1,3,0,0,0,1,1,2,0,0,0,0,0,0,1,0,0,0,0,1,0,2,12,0,2,0,1,0,4,0,1,0,0
0,0,0,0,0,0,0,0,0,0,3,0,0,0,0,0,1,0,0,1,3,0,0,0,0,0,1,3,0,1,0,0,0,1,0,0,0,0
1,0,0,2,1,1,1,0,0,0,0,0,0,0,0,0,1,0,0,0,0,0,0,0,1,0,0,0,0,3,0,1,2,0,0,0,0,1
