4,1,0,0,0,0,1,0,0,0,0,0,0,0,0,0,0,0,0,0,0,0,0,0,0,0,0,0,0,0,0,0,0,0,0,0,0,0
1,9,4,10,2,2,2,0,0,0,1,1,1,0,0,0,0,0,0,0,0,0,0,0,0,0,0,1,0,0,0,0,0,0,0,0,0,1
2,4,4,1,0,5,2,1,1,0,0,0,0,0,0,0,0,2,0,0,0,0,0,0,0,0,1,0,0,0,0,0,0,0,0,0,0,0
10,31,13,91,41,42,28,3,3,2,10,8,2,2,0,2,1,3,5,7,2,1,0,0,5,0,3,2,0,3,0,0,0,5,2,0,0,1
1,5,3,48,28,10,18,3,6,9,16,11,3,9,1,4,0,1,3,6,5,4,1,1,3,2,0,2,1,8,0,0,1,1,0,0,0,0
2,9,10,41,7,108,41,7,5,1,3,2,7,1,0,0,9,2,6,1,7,1,0,0,4,0,5,4,0,15,0,0,0,0,1,0,0,0
2,2,6,23,24,84,53,4,8,2,3,12,9,1,1,2,16,7,16,1,5,7,3,1,7,3,13,5,2,14,1,1,1,0,1,0,0,0
0,3,1,15,9,16,10,1,0,2,4,3,2,0,0,1,20,4,7,9,1,0,0,1,9,1,11,3,0,6,0,0,2,6,0,0,0,0
1,0,4,2,0,8,19,2,1,0,0,6,4,0,0,0,0,2,1,0,1,1,0,0,1,3,4,0,0,0,0,0,0,0,0,0,0,0
0,2,0,7,13,0,5,0,0,1,7,0,1,2,0,0,1,2,0,4,1,0,1,2,1,0,4,2,1,1,0,0,0,4,0,0,0,0
0,4,0,22,24,13,4,3,3,6,10,14,8,7,3,2,2,2,4,10,2,7,0,2,24,3,12,11,6,10,1,3,0,3,0,2,0,0
1,0,3,17,21,24,16,0,5,5,15,11,11,19,3,13,8,1,9,7,6,11,3,5,10,3,15,9,1,6,1,1,1,0,0,0,0,2
0,1,0,13,12,25,16,2,4,0,2,2,2,3,0,3,7,6,7,1,1,3,0,7,9,0,24,3,1,16,1,0,0,4,0,0,0,0
0,2,1,9,7,9,10,2,4,1,5,1,3,9,0,1,2,3,5,5,7,5,0,2,10,3,6,5,1,7,0,0,1,0,0,0,0,1
0,0,0,1,1,0,0,0,2,0,0,1,0,1,0,0,3,0,3,2,4,1,0,0,0,0,0,0,2,0,0,0,0,0,1,0,0,0
0,0,0,2,2,9,5,0,2,0,5,3,3,1,0,0,2,2,4,0,3,1,0,0,2,0,3,1,0,4,0,0,0,0,1,1,0,0
1,0,4,2,5,9,17,2,3,2,12,9,5,6,0,1,4,5,15,3,3,1,0,6,6,0,10,1,3,17,1,0,2,4,0,1,0,1
0,3,1,5,8,8,12,0,7,2,12,3,4,1,0,1,3,8,5,7,5,2,1,1,4,3,16,12,2,17,0,3,0,1,1,0,0,0
1,0,0,3,1,16,10,1,4,0,3,8,4,3,0,0,9,9,4,6,3,3,1,0,11,1,26,7,6,17,1,0,0,4,0,0,0,0
1,1,1,5,8,4,4,0,3,8,15,9,2,2,0,0,4,6,6,7,8,6,2,2,21,1,12,4,2,11,0,0,0,3,0,0,0,1
0,1,1,4,2,5,3,0,0,1,3,4,2,2,0,0,1,2,6,3,0,4,1,0,5,0,3,2,3,10,1,0,0,0,0,0,0,1
2,0,0,5,5,5,9,1,2,3,9,9,4,7,2,6,11,8,9,4,4,1,0,0,18,0,17,9,1,11,1,0,0,2,0,0,0,3
0,0,0,0,0,3,1,0,1,0,1,1,0,0,1,0,2,0,0,0,0,0,0,0,0,1,3,1,1,0,0,0,0,1,0,0,0,0
0,1,0,1,1,3,2,1,0,2,0,0,2,3,0,0,2,0,3,1,1,2,0,2,1,0,6,4,0,5,0,1,0,0,0,1,0,0
0,3,2,14,10,13,9,1,3,11,19,11,2,6,2,0,5,8,13,30,13,20,2,1,70,8,36,41,8,47,0,2,0,12,3,2,0,3
0,0,1,3,3,4,0,0,0,1,1,0,0,2,0,0,1,1,3,4,3,2,0,0,9,3,19,5,0,5,2,0,0,3,0,0,0,0
1,0,0,16,5,31,21,1,1,4,14,6,13,6,0,2,8,20,25,10,9,30,0,7,43,5,88,26,12,90,3,0,3,5,1,3,0,4
0,0,2,2,2,8,3,2,2,2,0,5,1,0,0,0,5,5,5,18,4,6,2,0,46,6,19,53,11,57,1,0,0,10,6,2,0,2
0,0,0,1,0,3,2,1,0,0,3,1,0,0,0,0,0,4,2,0,0,5,0,0,14,1,14,19,5,35,0,1,0,4,0,1,0,1
0,2,0,2,3,9,5,0,1,4,11,11,6,4,0,0,5,10,10,6,1,2,2,4,22,7,58,24,24,138,0,2,2,6,1,2,0,1
0,0,0,0,0,0,0,0,0,1,2,0,0,0,0,0,0,4,0,1,0,0,0,0,0,1,3,4,5,3,3,0,1,0,1,2,0,1
0,0,0,1,0,0,0,0,0,1,0,0,0,0,0,0,1,0,2,0,0,0,0,2,1,0,2,1,0,4,1,3,1,1,0,0,0,2
0,0,1,2,2,2,3,0,0,0,1,5,1,1,0,0,0,0,0,0,0,0,0,1,3,0,5,3,0,6,1,1,0,0,2,0,1,1
0,3,0,3,1,3,4,0,0,2,3,5,1,0,0,1,0,7,1,3,0,1,0,0,19,5,10,26,5,21,3,0,3,8,1,3,0,2
1,0,0,0,0,0,2,0,0,3,0,0,0,1,0,0,1,0,0,1,0,0,0,0,2,1,0,2,1,9,2,1,3,5,0,0,0,5
0,0,0,0,0,0,2,0,0,0,1,0,0,1,0,0,0,0,1,2,0,0,0,0,3,0,3,6,0,6,0,0,0,2,1,1,0,1
0,0,0,0,0,0,0,0,0,0,0,0,0,0,0,0,0,0,0,0,0,0,0,0,0,0,0,0,0,1,0,0,0,0,0,0,0,0
0,0,0,0,0,1,0,0,0,0,0,2,0,0,0,0,2,1,0,1,0,0,0,0,0,1,0,2,0,3,0,0,0,1,1,0,0,2
