2,0,1,0,0,0,0,0,0,0,0,0,0,0,0,0,0,0,0,0,0,0,0,0,0,0,0,0,0,0,0,0,0,0,0,0,0,0
8,17,5,12,3,2,0,0,0,0,1,0,0,0,0,0,0,0,0,0,0,4,0,0,1,0,0,0,0,0,0,0,0,0,0,0,0,0
0,5,5,3,2,6,0,0,0,0,0,0,0,0,0,0,0,0,0,0,0,0,0,0,0,0,2,0,0,2,0,0,0,0,0,0,0,0
8,36,12,123,30,37,10,0,4,5,17,4,0,5,0,0,1,0,1,7,2,1,0,1,2,0,3,0,0,2,0,0,0,0,1,0,0,0
5,5,1,44,27,23,7,1,6,2,11,10,2,4,0,5,1,1,5,6,1,2,1,1,4,0,7,4,1,6,0,0,0,0,0,1,0,1
1,10,19,44,9,130,56,3,6,4,3,4,7,0,0,0,7,4,10,1,1,7,0,4,3,1,5,0,6,10,2,0,0,3,2,0,0,0
3,3,0,33,13,87,69,18,13,5,3,7,6,4,0,5,15,3,6,3,4,8,2,1,7,0,13,12,1,10,0,2,0,2,1,0,0,0
0,0,1,11,10,24,18,0,1,1,7,7,2,1,0,0,7,3,5,2,1,9,0,1,5,2,12,3,1,3,1,0,0,1,1,1,0,0
0,1,0,4,3,13,13,1,3,0,0,3,8,1,0,0,1,1,0,0,0,2,1,0,2,1,3,0,0,3,1,0,0,0,1,0,0,0
0,2,2,9,6,1,1,0,0,0,6,4,1,2,0,0,0,0,0,7,0,2,0,0,6,0,0,1,1,1,0,0,0,0,1,1,0,0
5,2,0,21,8,11,7,4,2,10,25,8,6,3,0,6,6,2,5,14,8,10,0,2,15,1,10,6,1,8,0,1,2,4,0,1,0,1
0,1,6,22,19,28,12,7,8,9,10,11,6,12,3,10,13,5,15,7,1,10,1,3,21,5,23,9,4,16,0,0,0,5,0,1,0,0
1,5,0,10,2,23,25,1,7,1,3,2,5,3,0,3,3,5,13,5,3,6,3,0,7,2,14,8,2,9,3,4,3,0,1,0,0,0
0,1,0,5,10,13,6,0,1,6,7,3,7,2,1,1,3,1,4,4,3,8,3,2,7,0,6,10,0,9,0,0,0,3,0,0,0,0
0,0,0,1,0,5,2,0,0,0,0,0,1,0,0,0,0,5,0,2,0,0,1,0,0,0,1,0,0,2,0,0,0,0,1,0,0,0
0,0,0,3,3,8,2,4,1,0,2,0,0,5,0,0,3,0,6,2,2,0,1,0,3,0,1,1,1,1,0,0,0,2,0,0,0,0
0,5,1,14,3,16,22,1,4,1,5,3,2,1,0,0,3,6,7,2,7,13,1,8,10,0,26,5,3,10,0,3,0,6,0,0,0,1
0,0,0,6,6,6,9,2,5,0,8,5,12,2,0,0,0,2,8,3,6,11,0,1,6,1,25,6,2,18,0,1,1,2,1,0,0,1
0,1,2,7,5,16,11,1,2,3,3,0,1,1,0,0,4,8,8,2,2,9,2,3,8,0,24,8,3,23,2,0,0,0,0,0,0,0
0,1,1,7,6,6,3,0,0,10,19,3,2,0,0,0,2,2,1,10,2,6,2,1,16,2,13,6,3,5,0,0,0,2,0,0,0,0
0,1,0,4,8,4,2,0,1,4,6,2,0,1,0,0,1,4,0,5,1,4,3,2,8,2,6,4,2,9,0,0,0,1,0,1,0,0
1,2,0,7,3,4,7,3,0,8,7,2,1,2,0,2,4,8,11,4,4,0,1,1,13,0,16,6,1,9,0,1,0,1,0,3,0,4
2,0,0,0,0,2,0,0,0,0,0,1,1,2,0,0,0,0,5,1,1,0,1,0,1,0,2,4,0,1,0,0,0,0,0,0,0,0
0,0,0,0,2,5,1,0,0,0,1,1,1,1,0,0,4,1,0,2,2,3,0,0,4,1,5,3,0,6,0,0,0,2,0,1,0,0
4,2,2,9,12,6,7,1,1,10,9,8,1,7,3,1,6,10,10,26,5,5,1,2,56,11,45,50,7,25,2,0,2,11,0,0,0,0
1,1,0,0,1,1,0,1,0,0,3,0,0,3,0,0,3,0,1,8,0,2,1,0,10,1,13,10,1,16,0,0,0,3,0,0,0,0
1,1,2,11,4,24,8,0,2,7,10,9,4,3,0,1,8,10,24,2,0,20,3,6,44,5,75,24,17,88,3,3,2,7,4,2,0,1
0,0,0,6,0,5,3,0,0,3,4,0,2,2,0,0,0,3,4,4,0,3,0,0,35,5,16,46,10,38,1,0,2,16,6,8,0,2
0,0,1,2,0,6,3,0,3,1,1,2,1,0,0,0,0,1,7,4,3,6,0,2,11,0,3,17,6,37,2,0,0,2,2,0,0,2
1,0,2,9,6,3,7,0,1,4,3,2,6,5,0,0,4,9,8,8,0,1,2,2,22,3,42,21,16,129,3,0,3,16,2,0,0,2
0,1,0,4,1,1,0,0,3,0,0,2,0,0,0,1,0,1,2,1,0,1,0,1,2,0,1,4,2,11,2,0,0,1,1,2,0,1
0,0,0,0,0,1,1,0,0,0,0,0,0,0,0,0,0,0,0,0,0,0,0,0,0,0,0,3,0,15,0,0,1,0,1,1,0,1
2,0,0,2,1,2,4,0,0,0,1,2,2,0,0,0,1,2,0,0,0,1,0,4,3,0,2,5,0,5,3,3,3,0,2,1,0,0
0,0,0,0,0,8,4,0,0,0,2,0,0,0,0,0,0,5,1,2,0,3,3,1,14,1,3,17,6,27,5,0,2,6,2,2,0,2
0,0,0,0,2,0,0,0,0,3,0,0,0,0,0,0,0,0,2,0,0,2,0,0,4,0,2,4,1,11,0,1,1,4,1,2,0,1
0,0,0,3,2,0,3,0,1,0,0,0,0,0,0,0,0,3,1,3,0,0,0,0,2,0,2,3,0,4,0,1,1,6,1,0,1,1
0,0,0,0,0,0,0,0,0,0,0,0,0,0,0,0,0,0,0,0,0,0,0,0,2,0,0,0,0,1,0,0,0,0,0,0,0,0
0,0,0,2,0,3,0,0,0,0,2,1,0,0,0,0,0,0,0,0,0,0,0,0,0,0,3,4,1,3,0,1,0,6,5,2,0,0
