9,3,0,0,0,0,0,0,0,0,0,0,0,0,0,0,0,0,0,0,0,0,0,0,0,0,0,0,0,0,0,0,0,0,0,0,0,0
1,11,4,15,1,2,3,0,0,0,0,0,0,0,0,0,0,0,0,2,0,0,0,0,0,0,0,2,0,0,0,0,0,0,0,0,0,0
0,0,8,0,0,7,0,0,0,0,0,0,0,0,0,0,0,0,0,0,0,0,0,0,0,0,0,0,2,0,0,0,0,0,0,0,0,0
16,48,9,125,26,38,22,1,1,1,6,4,1,0,0,0,0,0,3,2,2,2,0,5,7,0,5,1,0,3,0,0,0,1,0,0,0,0
3,3,3,48,16,22,17,6,0,5,16,6,6,1,0,4,8,2,4,5,7,6,2,3,8,1,10,10,1,4,2,1,0,2,0,1,0,0
7,6,13,40,12,96,56,4,3,0,4,6,5,1,0,0,5,2,6,1,5,3,1,0,7,0,9,4,1,6,2,0,0,1,0,1,0,1
3,3,4,23,10,65,51,10,13,1,2,4,15,2,0,0,15,8,12,2,4,5,2,2,10,1,8,4,1,16,1,0,2,1,0,2,0,0
1,2,0,11,8,25,16,0,3,0,5,4,2,1,0,2,4,6,9,0,3,3,1,3,4,1,12,5,2,5,1,0,0,3,1,1,0,2
0,0,2,2,6,13,15,3,0,1,4,1,1,1,0,0,6,0,4,0,1,2,1,0,4,1,1,1,0,1,0,0,0,0,0,1,0,0
0,1,1,4,6,3,2,0,0,4,4,1,1,2,0,0,2,0,0,3,2,2,1,1,9,0,2,1,0,1,0,0,0,1,0,0,0,0
0,4,1,20,5,9,8,3,5,6,8,5,2,3,0,3,4,7,8,10,5,10,0,2,23,2,6,5,0,10,2,0,1,5,0,0,0,0
0,5,3,30,15,24,11,4,5,5,10,7,4,6,0,8,8,7,11,10,4,11,4,1,14,2,14,11,3,17,1,1,3,5,2,2,0,2
0,4,0,14,7,22,35,0,0,3,4,8,4,3,0,1,0,3,10,2,1,7,4,2,11,3,28,4,2,12,1,3,2,6,3,0,0,2
0,2,0,8,4,10,5,0,1,6,0,7,2,0,0,0,6,6,3,4,6,4,0,3,4,1,9,6,4,6,0,1,0,1,1,1,0,5
0,0,0,2,0,5,6,0,1,1,5,1,0,1,2,0,1,1,1,1,3,0,0,2,1,0,4,1,1,2,0,0,0,0,0,0,0,1
0,0,1,7,2,3,14,0,1,1,0,2,0,0,0,0,0,0,2,0,4,1,0,2,0,0,0,2,0,2,0,0,1,0,0,1,0,0
0,6,1,6,3,24,17,2,0,0,3,3,4,2,0,1,5,6,16,3,0,11,0,6,7,1,16,4,4,12,0,1,0,1,0,0,0,0
0,2,1,3,3,19,27,1,1,3,3,3,5,1,0,0,4,1,9,5,5,5,0,1,12,0,22,4,0,20,2,0,1,0,0,0,0,0
1,0,0,2,0,16,9,2,3,0,6,0,4,2,0,0,7,11,5,1,5,10,3,3,11,1,11,5,2,30,0,0,0,3,0,0,0,0
1,2,0,5,15,9,5,0,2,9,9,6,3,5,0,1,8,9,6,6,4,1,0,0,12,5,8,12,3,15,0,0,0,6,0,0,0,1
0,1,1,2,4,3,4,1,2,1,4,1,0,0,0,0,2,3,1,4,4,1,0,2,3,0,8,5,2,2,0,0,0,1,1,0,0,3
1,0,0,6,4,8,5,1,4,4,8,9,5,7,1,1,8,10,7,5,3,2,0,2,14,2,13,3,1,11,0,2,0,2,0,2,0,3
0,0,0,3,1,0,2,1,0,1,0,2,2,1,0,0,2,3,0,1,2,1,3,0,1,0,2,4,1,7,0,0,0,0,0,0,0,0
0,0,1,6,2,3,3,0,1,0,0,4,0,1,0,0,3,3,2,3,2,1,0,0,2,0,8,0,0,0,0,0,0,0,0,0,0,0
2,3,0,14,7,12,8,0,1,3,14,8,3,6,0,0,2,10,15,20,8,7,0,5,51,5,46,58,18,51,4,1,1,14,1,2,0,1
1,0,0,1,1,2,2,1,5,1,2,5,1,0,0,1,0,3,2,6,1,3,1,1,12,0,5,12,4,12,2,0,0,0,0,1,0,0
0,0,3,15,3,16,17,3,2,5,6,7,9,3,5,1,11,18,31,11,7,20,6,7,49,8,49,24,12,70,4,3,3,6,4,1,0,1
1,2,0,3,5,5,3,0,3,2,5,3,1,0,1,0,0,6,3,4,2,1,1,2,22,6,23,32,4,44,1,3,0,14,5,3,0,0
0,0,0,11,2,0,9,0,2,0,1,0,2,0,0,0,3,1,2,2,4,4,0,0,8,1,9,9,5,31,0,0,0,2,3,3,0,2
0,1,4,3,7,23,5,2,0,3,5,6,2,2,0,0,4,8,10,2,6,12,0,0,24,6,61,25,18,121,6,6,3,9,1,0,0,2
0,1,0,0,4,0,0,0,0,0,1,0,0,0,0,2,2,0,0,1,0,1,0,0,0,0,1,1,0,11,2,0,1,3,0,1,0,0
0,2,0,0,1,3,0,1,0,1,0,0,1,0,0,0,0,0,0,1,0,0,0,0,2,0,2,0,0,5,0,0,3,0,1,0,0,0
0,0,0,0,0,2,0,0,2,0,3,0,4,1,0,0,0,1,2,1,0,1,0,0,2,0,3,2,2,8,1,0,0,3,3,1,0,0
2,1,0,10,5,3,2,3,1,3,4,0,0,3,0,2,1,6,4,4,0,0,0,0,7,2,9,11,3,16,8,2,3,8,2,5,0,2
0,1,1,3,1,3,1,1,0,0,0,0,0,0,0,1,2,0,1,0,0,0,0,0,2,0,1,5,2,3,0,0,0,1,1,0,0,3
0,0,0,0,1,2,0,0,1,0,2,0,0,0,0,0,0,0,2,0,0,0,0,0,1,0,1,8,2,5,1,0,1,4,0,0,0,1
0,0,0,1,2,0,0,0,0,0,0,0,0,0,0,0,0,0,0,1,0,0,0,0,0,0,2,0,0,0,0,0,0,0,0,0,0,0
0,0,0,1,0,1,0,0,0,0,2,0,0,1,0,0,0,2,0,0,0,0,0,0,0,1,0,3,1,4,1,0,1,0,0,2,0,0
