1.3775
2.0625
1.53642857143
1.83872611465
1.94055045872
1.92866242038
1.75227891156
1.9921969697
1.66661764706
1.78879310345
1.82823529412
1.98898832685
2.01595121951
2.03159663866
1.65355555556
2.05558139535
1.86230337079
1.80337278107
1.63269736842
1.96140350877
1.88209677419
1.75422360248
1.63575
1.77951219512
1.78118072289
1.67813186813
1.67798185941
18693.2894393
2.03304347826
1.71864864865
2.77366666667
3.80518518519
3.91725
2.675859375
3.69945945946
2.89166666667
3.97833333333
3.40947368421
