4,4,0,0,0,0,0,0,0,0,0,0,1,0,0,0,0,0,0,1,0,0,0,0,0,0,0,0,0,0,0,0,0,0,0,0,0,0
8,17,5,13,3,2,2,0,0,1,2,0,0,0,0,0,1,0,0,2,1,0,0,0,1,0,0,0,0,3,0,0,0,1,0,0,0,0
0,2,3,2,2,3,0,0,0,0,0,2,0,0,0,0,0,0,0,0,0,0,0,0,0,0,0,0,0,0,0,0,0,0,0,0,0,0
40,92,6,155,51,39,10,1,4,2,4,6,0,0,0,0,1,2,0,1,1,1,0,0,5,0,7,7,2,4,0,0,0,0,0,0,0,0
7,22,5,101,15,13,8,3,2,3,6,4,3,1,0,1,1,3,1,7,2,0,2,1,8,0,3,3,3,1,0,0,0,0,0,1,0,0
0,4,9,32,10,96,32,2,12,1,3,6,5,2,1,0,8,1,5,1,5,7,0,0,6,0,8,4,1,12,0,0,0,2,2,0,0,0
0,4,3,22,11,57,47,5,11,0,3,10,10,0,0,3,8,9,5,4,3,6,0,2,2,2,11,2,5,6,3,0,0,3,0,2,0,0
0,5,5,9,2,13,14,1,1,2,1,0,2,2,0,0,8,5,10,0,0,2,0,0,5,1,15,5,1,5,3,1,0,3,0,0,0,0
0,2,0,3,2,12,7,0,1,1,0,1,4,0,0,0,0,6,0,0,0,3,0,0,1,0,5,0,2,3,0,0,0,0,0,0,0,0
0,2,0,1,11,2,2,1,0,1,4,3,1,4,0,1,0,2,0,1,0,0,0,0,3,0,3,5,1,5,0,0,0,1,2,0,0,0
0,3,2,32,11,14,5,5,0,4,8,4,5,0,1,5,4,8,9,6,0,5,0,1,5,2,11,13,0,13,0,0,0,5,2,0,0,1
0,2,1,24,21,34,14,4,8,3,10,2,10,8,0,9,9,8,8,9,8,14,0,3,8,2,19,10,6,7,1,4,1,4,0,2,0,1
1,2,1,7,6,28,19,3,0,0,8,4,3,1,0,1,6,3,11,5,1,8,2,2,8,3,22,4,7,6,4,2,4,0,0,2,0,3
0,0,2,19,11,18,9,1,1,3,6,9,0,1,0,1,4,4,1,5,6,6,0,2,4,0,6,4,0,6,1,0,0,5,0,2,0,0
0,0,0,3,2,0,0,0,0,0,0,0,3,0,0,1,1,0,1,2,3,2,0,0,2,0,4,0,0,1,0,0,0,0,0,0,0,0
0,0,0,8,0,3,10,1,0,0,2,4,2,1,0,0,0,0,2,0,2,5,0,0,0,0,5,2,0,1,0,0,0,0,0,0,0,0
0,1,0,11,1,27,17,2,4,1,4,2,6,3,0,0,6,2,5,8,0,15,0,4,7,0,18,1,1,21,0,3,0,0,3,1,0,0
0,1,1,11,3,25,15,1,6,1,11,10,4,3,0,2,3,4,9,6,3,17,0,0,6,2,22,3,2,8,1,2,0,1,0,0,0,0
1,0,0,3,8,20,7,1,2,2,1,4,5,1,0,0,4,12,4,4,3,12,0,3,8,1,15,4,4,18,0,0,0,4,2,0,0,0
1,3,1,4,6,8,2,0,0,6,10,6,3,6,1,0,10,5,1,10,5,3,0,1,7,4,8,6,3,13,0,0,0,1,2,0,0,0
0,1,0,5,4,0,2,0,1,4,2,4,3,0,0,1,2,5,0,7,1,6,1,1,2,4,6,1,0,0,0,0,0,0,2,2,0,0
1,1,1,5,4,11,8,1,0,5,4,4,3,4,0,0,6,8,6,6,0,3,2,0,10,0,14,5,0,17,0,0,0,1,3,3,0,1
0,0,0,1,1,3,4,0,0,0,1,1,6,0,0,0,0,0,2,0,0,1,1,0,4,0,4,2,0,1,0,0,0,2,0,0,0,0
0,0,0,0,4,7,4,1,0,0,2,0,0,1,0,0,1,2,2,0,1,0,0,4,7,0,5,1,0,6,0,0,1,3,0,0,0,2
3,9,6,19,9,12,7,0,0,10,9,12,1,0,0,1,5,8,12,32,5,13,0,8,37,9,36,28,13,36,1,0,2,6,1,8,0,1
0,0,0,7,2,2,1,0,1,4,4,1,2,1,0,0,0,7,3,5,1,2,1,0,7,0,9,9,2,13,0,0,1,1,1,0,0,0
3,2,1,13,9,25,27,3,7,4,12,6,16,1,0,1,5,29,22,7,3,26,1,8,27,4,40,23,9,71,5,5,1,5,0,7,0,0
0,3,3,5,3,4,5,1,5,1,4,0,3,1,0,1,1,8,2,11,2,7,1,1,19,3,23,27,6,36,1,0,0,9,4,4,0,3
1,0,0,3,3,1,1,0,0,2,2,0,0,0,0,0,1,2,2,2,0,1,1,1,15,1,5,14,4,19,0,0,0,6,2,3,0,0
3,0,1,9,4,23,7,2,3,6,2,7,8,2,1,0,5,20,14,4,7,3,1,0,28,2,37,30,13,97,3,7,0,12,4,1,0,3
0,0,1,0,0,0,0,0,0,0,0,0,0,1,0,0,0,2,2,1,1,0,0,0,4,1,2,4,0,8,1,0,1,4,0,0,0,0
0,1,0,0,0,1,0,0,0,0,1,0,0,0,0,0,0,2,0,2,0,0,0,1,1,0,1,1,0,6,0,0,0,0,0,1,0,0
0,0,1,0,0,3,2,0,0,1,0,1,0,0,1,0,0,4,4,0,0,0,0,0,4,2,3,7,3,11,4,1,0,3,2,0,0,0
0,0,0,4,1,3,2,0,0,3,1,2,0,2,0,1,0,3,2,3,1,0,0,0,5,2,10,17,6,21,2,2,0,4,3,3,0,2
0,0,0,2,0,0,0,0,0,0,2,0,0,1,0,0,0,2,1,3,0,0,0,0,4,0,4,6,3,3,2,0,0,1,0,1,0,0
0,0,0,0,0,0,0,0,0,1,2,0,0,0,0,0,3,0,0,0,0,1,0,0,5,2,0,4,0,6,0,0,0,1,0,3,0,0
0,0,0,1,0,0,1,0,0,0,0,0,0,0,0,1,0,0,0,0,0,0,0,0,1,0,0,1,0,2,0,0,0,0,0,0,0,0
0,0,1,3,0,1,0,0,0,0,2,0,0,0,0,0,2,0,0,0,0,0,0,0,2,0,2,2,1,0,1,0,0,3,0,0,0,0
