3,1,0,0,0,0,0,0,0,0,0,0,0,0,0,0,0,0,0,0,0,0,0,0,0,0,0,0,0,0,0,0,0,0,0,0,0,0
8,15,4,24,4,3,2,0,0,1,1,1,0,0,0,0,0,0,0,2,0,0,0,1,2,0,1,0,0,1,0,0,0,0,0,0,0,0
2,3,6,1,0,2,0,0,1,0,0,1,0,0,0,0,0,0,0,0,0,0,0,0,0,1,0,0,0,0,0,0,0,0,0,0,0,0
32,79,14,109,24,35,11,0,0,6,3,2,4,0,0,0,3,1,0,2,2,4,1,0,5,0,3,6,2,6,0,0,0,0,0,0,0,0
2,12,4,61,15,9,13,2,3,3,14,5,4,1,0,1,3,3,2,10,4,1,1,0,4,0,5,3,3,0,0,0,0,2,1,0,0,0
4,5,14,23,10,93,41,6,7,1,4,7,5,0,1,0,2,4,3,1,2,6,1,1,5,2,6,6,1,5,0,0,0,1,2,0,0,0
4,0,2,17,17,57,66,3,7,5,3,9,3,4,0,1,9,6,6,3,3,8,3,1,3,0,20,3,1,9,0,2,2,3,0,3,0,1
2,1,4,12,9,14,8,2,2,1,5,2,4,1,0,4,11,2,9,3,2,4,0,3,5,2,7,7,5,5,0,0,0,2,0,1,0,0
0,1,1,4,1,13,10,0,0,0,2,0,0,2,0,0,4,0,1,3,2,3,0,0,0,0,8,0,0,5,0,0,0,0,0,1,0,0
0,1,0,1,4,2,1,1,3,2,5,0,0,0,0,0,0,1,1,2,3,2,0,0,3,0,4,6,0,8,0,0,0,0,1,0,0,0
3,3,1,21,7,13,5,0,2,1,6,4,2,3,1,11,1,3,2,8,5,7,2,2,14,5,10,10,1,5,0,0,0,1,0,0,0,0
1,3,3,24,18,19,25,2,1,2,4,4,3,2,0,6,3,10,7,0,6,10,3,2,11,1,15,7,4,12,1,2,0,6,1,3,0,0
1,3,2,15,6,20,19,0,3,1,4,3,3,3,0,0,5,8,22,2,0,6,2,0,6,0,21,6,0,23,0,1,1,1,1,0,0,0
0,1,2,11,5,9,10,2,0,0,3,0,1,0,0,0,14,1,0,3,2,4,1,1,2,3,4,7,2,3,0,0,1,0,0,0,0,1
1,0,1,2,4,0,3,0,0,0,0,0,2,0,0,2,2,1,0,0,0,3,0,2,0,0,4,0,0,2,0,0,0,2,2,0,0,0
0,1,0,1,1,5,2,0,1,1,5,2,0,1,0,3,2,0,4,4,1,2,0,1,4,0,6,0,3,0,0,1,0,0,0,1,0,1
0,3,1,10,5,30,18,2,3,1,4,6,5,1,0,1,5,11,13,2,2,16,2,5,7,2,30,7,3,15,2,1,1,1,0,0,0,0
0,1,3,16,3,17,20,2,7,3,7,1,7,0,0,1,5,2,7,1,3,5,0,1,3,3,15,15,2,13,0,0,0,2,0,5,0,0
1,0,0,4,1,11,11,0,2,1,1,4,9,1,0,2,5,13,4,9,2,14,0,0,9,1,14,4,1,17,1,1,0,0,2,0,0,0
0,0,0,11,5,9,4,0,2,6,8,2,4,2,0,0,2,7,2,2,2,4,0,0,3,0,9,5,0,2,1,0,1,1,0,1,0,1
1,1,0,4,6,0,1,0,0,0,4,0,1,0,0,0,2,3,0,3,2,4,1,0,5,2,3,3,2,3,0,0,0,5,0,2,0,0
0,4,0,7,3,13,7,0,6,5,6,4,1,3,0,0,10,9,6,2,6,1,0,1,15,1,10,12,0,5,0,2,1,0,0,2,0,0
0,2,0,2,0,3,1,0,0,0,0,0,3,0,0,0,0,0,2,3,0,1,1,0,1,0,3,3,0,1,0,0,0,0,0,0,0,0
0,0,0,3,2,2,6,0,0,4,2,0,1,1,0,0,1,3,1,0,4,2,0,0,5,0,7,2,3,5,0,0,0,0,0,0,0,0
0,7,4,13,7,13,11,1,3,7,19,2,3,6,0,1,2,13,15,28,5,12,1,4,39,9,30,46,4,30,2,1,1,3,1,4,0,0
1,0,0,5,1,3,8,1,0,2,1,2,0,5,0,0,0,2,1,9,5,1,0,2,6,1,5,8,3,5,0,0,1,4,1,1,0,0
3,1,4,11,7,16,20,1,5,13,3,5,8,3,0,1,5,23,18,14,10,28,4,2,36,6,42,26,19,61,4,0,4,3,1,2,0,1
0,2,4,3,2,3,0,3,2,9,1,3,2,1,0,0,0,2,4,6,3,8,0,1,32,1,20,24,10,31,3,0,2,10,5,1,1,0
2,0,0,2,0,3,3,0,0,0,1,0,1,2,0,0,4,2,3,4,2,3,0,0,6,2,16,11,6,32,4,1,0,0,1,1,0,0
0,0,0,6,2,7,10,0,3,1,7,0,4,1,0,2,2,10,11,3,1,13,0,0,26,2,35,37,14,104,10,1,6,16,2,3,1,3
0,0,0,0,0,0,0,0,0,0,0,0,0,0,0,0,1,0,1,0,0,1,0,0,2,0,1,3,0,8,1,1,0,1,2,0,0,2
0,0,0,0,1,2,0,0,0,0,0,0,0,0,0,0,0,1,1,3,0,1,0,1,1,0,0,0,0,5,0,0,1,6,1,0,0,0
0,0,0,1,0,3,8,0,1,0,2,0,2,0,0,1,0,0,0,4,1,2,0,0,1,0,3,1,0,13,2,0,0,1,0,4,1,3
0,0,0,5,2,2,1,0,0,0,0,2,0,0,0,0,1,2,2,1,0,1,0,0,11,0,16,14,5,12,4,1,0,7,6,3,0,4
0,3,0,2,3,0,0,0,0,0,1,0,0,0,0,0,0,2,0,0,3,0,1,0,3,3,4,4,0,6,2,2,2,3,0,0,0,1
0,0,0,3,0,1,1,0,0,0,1,0,3,0,0,0,0,2,0,0,0,0,0,0,5,0,0,2,4,10,0,1,0,4,0,2,0,1
0,0,0,0,0,0,0,0,0,0,0,1,0,0,0,0,0,0,0,0,0,0,0,0,1,0,2,0,0,1,0,2,0,1,0,1,0,0
2,0,0,1,0,1,3,0,0,0,0,0,0,0,0,1,2,6,0,0,1,0,0,0,2,0,4,3,0,1,0,0,0,1,0,1,1,2
