4.38428571429
2.20590163934
1.64
1.94663120567
2.09653846154
1.86953191489
1.80264705882
2.02129032258
1.67139534884
2.36537037037
1.89922155689
1.83526315789
1.99233009709
1.93342857143
2.28933333333
2.00117647059
1.92732919255
1.61549450549
1.82198529412
1.90778688525
1.48553846154
1.9079389313
1.87432432432
1.7543902439
1.84747800587
1.96109375
1.8456281407
1.89924242424
1.7613592233
1.98152631579
3.58514285714
3.02294117647
4.39170731707
2.46207207207
3.16215686275
3.60977272727
2.33666666667
3.49529411765
