7,2,0,0,0,0,0,0,0,0,0,0,0,0,0,0,0,0,0,0,0,0,0,0,0,0,0,0,0,0,0,0,0,0,0,0,0,0
3,12,3,13,3,4,1,1,0,0,0,0,0,0,0,0,0,0,0,0,0,0,0,0,2,0,1,0,2,3,0,0,1,0,0,0,0,0
2,5,5,3,0,7,0,0,0,0,0,0,0,0,0,0,0,0,0,0,0,0,0,0,0,0,0,0,0,1,0,0,0,0,0,0,0,0
11,11,5,98,24,34,20,3,7,5,10,5,1,2,0,3,2,3,2,0,3,1,0,1,4,2,5,3,0,0,0,0,0,0,2,0,0,1
1,9,5,42,13,12,15,1,2,5,3,3,3,1,1,1,1,2,3,5,6,2,1,1,2,0,11,1,0,3,0,0,1,2,1,0,0,0
2,3,18,38,10,59,42,2,7,1,2,4,8,2,0,0,6,3,5,2,2,2,3,1,1,0,5,3,1,9,0,0,0,0,0,0,0,0
0,2,2,37,5,64,45,0,3,2,4,8,13,3,3,1,10,5,6,2,1,7,0,1,8,0,15,5,2,15,1,1,1,1,0,0,0,0
0,1,1,13,4,19,11,0,1,0,6,7,2,0,1,1,2,8,3,3,1,4,0,0,4,1,6,3,2,2,1,0,0,0,1,0,0,0
2,0,0,3,2,9,11,0,0,0,1,1,3,1,0,1,1,1,1,0,0,3,2,0,1,1,3,0,0,0,0,0,0,0,0,0,0,0
1,0,0,7,1,2,3,1,0,2,1,1,0,1,1,0,1,0,1,2,0,1,1,1,3,0,5,2,0,4,0,0,0,1,1,0,0,0
4,6,0,15,6,10,9,1,0,11,7,2,5,1,2,8,3,7,8,7,1,6,0,2,14,1,11,12,1,6,0,0,2,3,2,0,0,2
4,2,1,20,8,16,12,3,0,0,8,3,2,3,2,3,7,4,6,7,12,7,1,3,14,2,19,11,1,9,0,0,0,1,0,1,0,1
0,0,1,2,18,29,19,0,4,2,3,3,3,2,0,4,5,4,8,0,4,2,3,2,17,4,27,9,4,11,1,0,0,1,0,1,0,1
0,4,1,18,3,5,9,1,3,8,2,3,0,2,0,2,8,2,4,0,3,8,1,2,5,0,10,5,2,5,0,1,0,0,0,2,0,1
0,0,0,2,0,0,2,0,1,0,1,1,2,0,0,2,0,0,0,0,0,1,1,0,0,0,0,0,0,2,0,0,0,2,0,0,0,0
0,1,0,3,3,16,4,0,0,0,1,1,1,0,0,1,1,0,4,0,0,1,0,4,0,0,6,2,0,9,0,0,1,0,1,0,0,1
1,3,1,7,11,21,21,1,3,1,3,0,5,7,0,0,2,2,4,1,3,5,0,2,11,1,17,5,3,9,1,1,0,0,1,2,0,0
0,4,2,5,5,11,19,0,4,1,11,3,5,0,0,0,3,3,6,8,1,5,2,3,6,0,14,4,4,17,0,3,1,2,0,0,0,0
0,0,1,3,1,18,11,2,2,2,6,2,2,1,0,0,3,7,3,3,2,3,0,2,4,1,16,1,2,12,0,0,0,0,0,2,0,0
1,1,2,6,3,14,6,0,0,6,10,2,0,3,0,0,6,13,3,6,7,1,1,1,9,0,13,10,1,7,0,0,0,4,0,0,0,0
0,0,0,5,1,7,0,1,1,4,2,6,1,0,0,0,0,0,2,5,0,0,2,3,2,0,4,8,0,1,0,0,0,0,0,1,0,0
0,2,2,6,4,6,8,0,0,3,7,4,4,4,0,2,5,8,4,8,1,1,0,0,1,0,9,7,0,14,0,0,0,0,0,0,0,0
0,0,0,3,2,3,1,0,0,0,0,2,0,0,0,0,2,2,4,2,0,0,0,0,3,0,5,3,1,3,0,0,0,1,0,0,0,0
0,0,0,1,1,9,2,0,3,0,0,1,1,4,0,0,6,0,1,3,2,1,0,1,5,1,4,0,2,7,3,0,0,5,0,0,0,0
0,7,2,12,5,9,12,0,0,12,15,8,1,5,0,0,11,11,7,16,6,6,2,1,44,7,35,25,14,37,3,3,2,13,0,4,0,3
0,2,1,7,1,2,5,0,0,1,7,3,0,0,0,0,0,2,2,2,0,1,1,0,9,0,10,3,1,7,0,0,0,0,0,0,0,4
1,6,1,9,6,33,17,2,7,3,4,11,9,4,0,2,8,14,29,5,7,22,6,5,28,2,29,33,18,58,3,3,3,6,3,4,0,2
0,0,1,11,3,8,8,2,2,0,7,16,6,2,0,0,1,3,6,11,3,0,0,1,15,5,20,21,5,45,5,0,1,9,1,2,0,2
0,0,0,4,1,3,4,0,0,0,5,1,1,0,0,0,5,1,4,4,0,0,0,0,7,2,10,6,2,28,1,1,0,1,1,2,0,5
0,2,3,6,3,15,11,1,0,1,9,3,2,5,0,0,5,21,11,7,4,15,2,0,28,4,44,23,13,82,8,3,4,9,10,2,0,1
0,2,0,0,1,0,1,0,0,1,1,0,2,0,0,0,0,0,0,1,0,0,0,1,2,1,3,1,0,3,0,2,1,1,1,1,2,4
0,0,0,3,0,0,0,0,0,0,1,1,0,0,0,0,0,0,1,0,0,1,0,0,1,0,1,1,1,2,0,1,0,1,0,0,0,1
1,1,0,2,1,1,3,1,1,0,2,1,0,0,0,0,1,4,0,0,0,0,0,0,2,1,5,4,1,2,2,1,0,0,1,1,0,2
1,0,0,1,2,3,2,0,0,1,4,0,1,1,0,0,1,5,1,5,0,1,2,0,8,0,8,13,0,13,2,0,0,6,0,4,0,3
0,0,0,3,0,0,0,0,0,0,0,0,0,0,0,0,0,0,1,1,1,0,0,1,3,0,1,2,1,13,2,0,0,1,0,0,0,1
0,1,0,0,1,0,3,0,0,2,1,0,0,0,0,0,0,0,4,1,1,0,0,0,2,0,2,2,0,7,0,1,1,2,0,2,0,3
0,2,0,0,0,2,0,0,0,0,0,0,0,0,0,0,0,0,0,0,0,0,0,0,0,0,0,0,0,0,0,0,0,0,0,0,0,0
0,1,0,0,0,3,0,0,1,0,0,0,0,0,0,0,0,0,1,2,0,0,0,0,0,0,1,3,1,0,1,0,0,1,1,0,0,0
