1.8775
2.67255319149
1.88625
1.85813953488
1.95812121212
1.80450980392
1.93276595745
1.8762037037
1.62063829787
2.25720930233
2.08658682635
1.95271794872
1.82487684729
1.94975
1.55866666667
2.14770491803
2.08091891892
1.8504109589
1.87490384615
1.97189781022
1.94528301887
1.96738317757
1.67945945946
1.92056603774
1.84045317221
1.91617647059
1.81069825436
2.14441025641
1.9912745098
1.94226519337
2.71903225806
3.74058823529
4.58069767442
2.56311827957
2.56166666667
3.26555555556
7.59333333333
4.73833333333
