4,4,0,0,0,0,0,0,0,0,0,0,0,0,0,0,0,0,0,0,0,0,0,0,0,0,0,0,0,0,0,0,0,0,0,0,0,0
2,9,7,14,6,2,0,0,1,0,0,1,0,2,0,0,1,0,0,0,0,0,0,0,0,0,0,0,0,0,0,0,0,0,0,1,0,0
0,1,5,1,0,4,3,0,0,0,0,0,0,0,0,0,0,0,0,0,1,0,0,0,0,0,2,2,0,1,0,0,0,0,0,0,0,0
11,18,12,75,19,42,12,2,2,5,13,1,0,0,0,1,2,1,6,1,3,2,1,2,6,1,11,6,2,3,0,0,0,0,1,0,0,0
1,5,2,51,16,18,20,1,7,6,13,4,4,4,0,7,2,2,3,3,2,4,0,0,6,1,10,8,3,4,0,1,0,0,1,0,0,0
5,7,13,30,7,70,38,4,3,2,4,4,13,2,0,0,6,6,8,2,2,3,2,2,2,0,9,3,0,1,0,0,1,4,1,0,0,0
1,3,3,17,9,53,39,4,9,1,6,1,14,4,0,0,13,3,8,3,2,5,0,4,2,0,11,1,2,13,1,2,0,0,2,0,0,0
0,2,1,13,4,19,13,1,1,3,2,3,1,3,0,1,8,4,4,3,3,2,2,0,2,0,2,4,5,7,0,0,2,2,1,0,0,0
0,1,0,3,1,12,14,0,0,0,3,0,1,0,0,0,5,4,2,0,0,3,0,0,0,0,3,0,1,2,0,0,3,0,0,0,0,0
1,1,2,6,6,2,4,0,1,3,2,1,1,1,0,0,2,0,1,1,6,0,0,0,2,0,3,0,0,2,0,0,0,0,0,0,0,0
2,3,4,15,12,10,5,0,5,2,5,4,6,1,0,6,5,4,4,10,2,7,1,4,9,6,9,16,2,8,0,2,1,0,6,0,0,0
2,4,2,17,18,22,15,1,1,5,9,1,4,2,0,8,9,6,13,6,6,13,1,4,12,2,19,5,2,17,0,2,0,6,1,3,0,0
0,3,1,19,12,21,23,0,2,1,5,2,5,0,0,1,5,10,12,6,0,3,2,1,11,2,21,1,2,12,1,0,2,2,2,0,0,0
0,0,0,6,2,10,5,1,1,0,3,6,1,2,0,1,2,3,1,3,8,6,1,1,5,0,0,7,1,7,0,0,0,0,0,2,0,0
0,1,1,0,0,1,0,0,0,0,1,0,0,0,0,0,1,0,3,1,0,1,0,0,1,0,4,2,0,0,1,0,0,0,0,0,0,0
2,2,1,5,0,16,2,2,0,0,0,1,6,0,0,0,0,0,1,1,4,2,1,1,2,1,4,6,3,3,0,0,0,4,1,0,0,1
0,2,4,7,4,17,13,0,6,1,3,1,4,1,0,3,4,9,11,3,0,11,2,0,3,3,31,6,4,6,1,0,0,1,1,1,0,0
0,1,0,5,5,22,14,2,4,2,3,7,1,1,0,0,1,3,3,3,6,16,0,3,10,2,33,5,1,20,0,0,1,0,0,3,0,1
0,1,2,5,3,9,9,0,1,0,1,0,1,0,0,4,3,12,5,3,2,2,0,1,9,6,13,7,1,18,0,1,2,1,0,0,0,0
0,3,0,8,9,9,8,0,1,7,11,7,2,5,2,0,4,8,5,7,7,3,1,2,12,0,6,8,1,6,0,1,2,3,0,2,0,1
0,1,0,4,7,2,4,0,0,2,4,1,0,1,0,0,1,4,4,6,2,4,0,0,4,1,0,2,2,1,0,0,0,0,0,0,0,0
2,0,3,7,4,7,3,0,2,3,2,5,6,1,2,4,6,12,6,2,4,0,0,0,9,0,12,2,1,11,0,1,1,1,0,1,0,3
0,0,0,2,1,5,1,1,0,0,2,0,1,0,0,0,0,0,0,0,0,0,0,0,4,1,8,4,2,4,0,0,0,2,0,0,0,0
1,0,0,0,0,4,3,1,2,0,1,4,0,0,0,0,4,4,0,0,0,0,0,1,2,1,5,3,2,7,2,0,2,2,2,0,0,0
3,2,3,12,16,22,5,0,0,10,5,2,3,1,0,0,6,9,4,15,11,12,3,11,41,6,37,23,10,21,6,1,1,5,3,7,0,2
4,0,3,4,3,5,2,1,0,4,3,1,0,0,0,0,1,1,0,0,3,5,0,0,4,2,3,4,0,6,0,0,0,1,0,1,0,0
2,2,4,12,7,24,24,0,1,4,9,7,7,3,0,4,9,21,21,10,11,14,1,4,21,1,37,22,11,47,2,1,3,7,5,5,0,2
0,1,1,6,4,6,11,0,1,3,6,2,0,1,0,0,5,6,4,10,4,3,0,2,18,7,19,18,7,34,4,1,3,7,3,2,0,0
0,0,0,3,1,3,6,0,0,0,3,0,4,0,0,0,2,1,6,0,2,3,0,1,12,0,16,10,5,18,3,3,0,2,0,1,0,1
1,4,2,7,9,24,16,0,4,4,5,8,6,3,0,4,4,15,19,8,2,6,1,5,24,3,47,41,15,96,9,7,1,8,6,0,0,2
0,0,0,2,0,2,0,0,0,1,1,0,0,0,0,0,0,0,1,0,0,0,0,0,3,0,3,0,3,4,4,0,2,1,0,0,0,2
0,0,0,0,2,5,1,0,0,0,0,0,0,0,0,0,1,1,0,0,0,1,0,0,0,0,3,2,0,1,0,0,0,0,0,1,0,0
0,0,0,1,1,7,2,0,0,1,1,0,0,0,0,0,2,5,4,1,0,0,0,0,6,0,5,0,0,9,0,0,1,1,1,1,0,0
0,1,0,1,3,6,1,0,0,0,6,3,0,1,0,0,1,1,4,4,1,0,0,0,10,2,4,13,2,17,2,5,4,4,2,3,0,5
1,0,0,5,0,0,0,0,0,0,0,1,0,0,0,0,0,0,1,4,1,0,0,0,5,0,0,3,1,10,4,0,0,3,0,1,0,1
0,0,0,2,2,1,0,0,3,1,1,0,0,0,0,0,0,3,0,0,1,0,1,2,7,0,3,1,0,5,0,2,2,0,2,0,0,0
0,0,0,0,0,3,0,0,0,1,0,0,2,0,0,0,0,0,0,0,0,0,1,0,0,0,0,0,0,0,0,0,0,0,0,0,0,0
0,0,0,0,0,0,1,0,0,0,3,0,0,0,0,0,0,0,2,2,0,0,0,0,0,0,2,1,0,7,0,1,0,1,0,1,0,1
