4,0,0,1,0,0,0,0,0,1,1,0,0,0,0,0,0,0,0,0,0,0,0,0,0,0,0,0,0,0,0,0,0,0,0,0,0,0
1,11,7,19,2,5,2,0,0,0,0,0,1,0,0,0,1,0,0,2,0,0,0,0,1,0,0,0,0,1,0,0,0,0,0,0,0,0
0,4,8,4,0,3,0,0,0,1,0,0,0,0,0,0,0,0,0,0,0,0,0,0,0,0,0,0,0,0,0,0,0,0,0,0,0,0
6,18,9,66,19,55,24,0,2,0,6,7,1,2,0,3,3,1,0,5,3,4,0,0,2,1,7,0,1,1,0,0,0,3,0,0,0,0
4,6,2,56,9,24,16,0,2,6,10,15,4,2,0,2,2,4,3,5,4,3,0,1,7,3,9,6,1,10,0,0,0,0,2,0,0,0
4,7,13,48,14,77,56,0,7,0,4,2,7,6,0,0,9,5,4,2,1,3,1,1,4,3,7,8,0,7,1,0,0,1,0,1,0,0
1,4,6,16,14,71,32,1,11,2,6,2,8,0,0,2,15,5,6,3,8,3,2,0,3,3,11,5,3,6,1,0,2,2,0,0,0,0
0,0,0,7,6,9,6,0,0,1,1,6,0,0,0,2,6,4,3,0,1,2,0,1,4,0,6,3,4,7,0,3,2,3,0,0,0,0
2,0,0,1,2,12,2,0,0,0,1,0,2,0,0,0,6,0,3,4,1,1,0,0,1,0,4,0,0,4,0,0,0,0,0,2,0,0
0,1,1,14,5,0,0,0,0,5,1,1,0,0,0,3,0,2,0,5,2,2,1,1,0,0,1,2,0,0,0,0,0,1,0,0,2,1
2,6,1,30,19,14,14,2,1,3,7,3,2,4,0,4,5,11,6,7,2,4,3,7,6,7,9,8,2,4,0,1,0,0,4,0,0,1
0,1,7,27,13,9,11,0,2,8,12,4,7,1,0,5,7,7,4,3,5,13,4,4,13,2,17,15,5,11,0,2,2,3,2,0,0,1
1,6,3,15,4,18,17,0,4,2,8,4,1,2,0,2,4,6,17,5,4,6,4,1,5,1,14,11,5,13,3,0,4,5,0,1,0,1
1,5,1,7,3,12,5,0,0,1,4,4,3,4,0,1,1,3,6,6,1,5,1,1,4,3,4,3,2,3,0,0,0,2,0,1,0,3
0,0,1,1,2,1,2,0,1,0,0,0,0,0,0,0,1,1,0,0,0,1,0,0,0,0,1,0,0,1,3,0,0,0,0,1,0,0
0,0,2,4,2,14,5,0,8,0,5,1,0,0,0,2,2,0,0,1,1,1,0,0,1,1,6,0,1,4,0,0,0,0,1,0,0,0
2,2,5,8,4,35,10,1,3,0,6,2,2,3,0,2,0,3,8,5,2,11,0,1,5,1,16,4,2,10,0,2,2,4,0,0,0,0
0,1,2,7,8,32,15,0,1,4,3,0,6,5,0,0,0,3,9,8,7,15,0,2,5,2,19,12,1,14,1,0,1,0,0,4,0,4
1,1,4,2,4,9,3,0,0,0,8,1,2,1,0,0,3,3,2,2,4,6,0,6,3,0,17,2,2,15,2,1,0,0,0,0,0,1
1,1,0,10,13,14,6,1,0,0,5,3,2,1,0,0,4,10,1,6,3,1,0,2,10,0,6,7,2,2,1,0,2,0,0,2,0,0
2,2,0,4,3,5,3,2,0,1,5,1,0,0,0,0,1,4,5,2,3,3,0,0,8,1,4,2,0,4,0,0,2,0,2,0,0,0
0,0,2,5,3,18,10,2,1,3,12,4,1,1,0,3,3,21,7,8,0,0,1,3,17,2,16,0,7,17,1,0,4,3,3,0,0,2
0,0,0,0,0,1,7,0,0,0,0,1,0,0,0,0,4,3,4,0,1,2,0,0,1,0,1,1,0,1,0,0,0,0,0,0,0,2
0,1,0,0,0,3,3,0,0,0,3,2,3,0,0,4,2,1,0,3,0,0,0,0,0,1,5,5,1,7,0,2,0,1,0,0,0,0
1,2,0,23,10,5,13,1,2,14,22,8,1,2,2,4,2,11,10,16,9,9,1,1,29,7,32,29,8,29,2,0,1,10,1,6,0,0
0,2,0,6,1,5,3,0,0,0,1,3,1,1,0,1,0,4,3,2,0,0,0,0,4,2,4,3,0,8,1,2,1,3,1,0,0,1
1,2,2,13,8,26,20,0,5,1,9,6,9,5,0,0,14,26,18,6,7,7,2,9,21,6,33,26,11,49,4,0,0,4,6,2,0,3
2,1,3,2,8,13,6,0,1,1,7,3,2,1,0,1,3,6,9,7,2,4,0,2,19,2,15,18,2,29,2,5,0,8,2,7,0,3
0,0,0,2,7,2,4,0,0,0,0,3,0,0,0,2,0,2,1,2,2,3,0,0,9,3,10,13,3,18,1,0,0,3,1,3,0,2
2,8,3,14,6,20,6,2,1,5,6,4,7,8,0,1,9,20,12,3,1,9,0,0,25,6,46,29,8,86,19,2,1,16,4,2,0,6
0,0,0,1,0,1,2,0,0,0,0,0,1,0,0,0,0,0,0,0,0,0,1,0,1,0,5,4,1,5,1,2,0,1,2,2,0,0
1,0,1,0,0,2,1,0,0,0,0,0,1,0,0,0,0,0,3,0,0,1,0,1,0,0,1,3,0,7,0,0,0,1,1,0,0,0
0,0,0,0,0,1,1,0,0,1,1,0,3,0,0,0,0,1,0,3,2,1,1,0,2,2,3,1,0,10,0,0,0,0,1,1,0,0
1,0,0,3,0,1,3,2,2,0,0,0,0,0,0,0,0,4,2,1,2,2,0,0,6,1,9,13,2,9,1,2,1,4,4,2,0,3
0,0,0,5,3,2,0,0,0,0,0,0,2,0,0,0,0,1,0,0,0,0,0,0,6,3,1,3,0,7,1,0,0,2,0,0,0,3
0,0,0,2,1,0,2,0,0,0,0,0,0,0,0,0,1,0,0,1,2,0,0,0,4,0,1,1,0,7,0,1,3,0,2,0,0,0
0,0,1,0,0,0,0,0,0,0,0,0,0,0,0,1,0,0,0,0,0,0,0,0,0,0,1,0,0,0,0,0,1,0,0,0,0,0
0,4,0,0,0,1,0,0,0,0,0,0,0,0,0,0,0,0,1,1,1,0,0,0,1,0,0,1,0,2,0,0,0,2,0,0,0,0
