2,3,0,0,0,0,0,0,0,0,0,0,0,0,0,0,0,0,0,0,0,0,0,0,0,0,0,0,0,0,0,0,0,0,0,0,0,0
3,6,6,16,3,2,0,0,0,0,1,2,0,0,0,0,0,2,1,3,2,0,0,0,0,0,1,0,2,3,0,0,1,0,0,0,0,0
1,0,3,2,0,7,3,0,0,0,0,0,2,0,0,0,0,0,0,0,0,0,0,0,0,0,0,0,0,1,0,0,0,0,0,0,0,0
4,20,9,58,18,31,13,1,0,5,7,4,1,1,0,0,4,2,1,4,0,2,1,1,3,0,3,3,2,1,0,0,0,2,0,0,0,0
5,4,4,50,13,19,19,2,3,3,13,6,4,5,1,5,5,1,7,2,2,10,1,0,6,1,10,5,0,6,0,1,0,1,1,1,0,2
1,5,16,41,8,59,37,1,4,0,0,4,3,1,0,0,0,1,1,5,2,2,0,5,5,2,6,3,0,7,0,0,0,0,1,0,0,0
3,5,4,23,12,54,38,6,7,0,4,6,14,1,0,1,8,8,10,3,4,5,1,0,5,0,11,8,3,15,0,0,0,1,0,0,0,1
0,1,2,14,1,10,8,0,1,1,7,0,1,0,0,0,7,1,11,0,3,1,0,0,2,0,3,5,1,6,0,1,0,2,2,0,0,0
0,0,0,1,1,11,7,0,0,3,1,7,3,0,0,0,0,2,3,5,0,5,0,1,0,0,9,3,0,2,1,0,0,2,0,0,0,0
0,2,0,3,2,1,2,0,0,0,5,0,0,0,2,1,2,0,1,2,2,0,3,2,2,0,0,1,2,0,0,0,0,0,0,0,0,0
0,2,1,17,13,13,8,2,2,3,4,5,3,3,0,3,6,4,4,12,7,7,2,5,12,3,8,7,3,10,0,2,0,0,3,2,0,1
0,3,4,23,15,17,18,2,9,8,7,4,8,1,1,0,7,7,8,5,8,10,0,1,9,5,14,13,1,14,2,0,2,4,1,0,0,0
4,2,2,17,3,32,18,1,1,0,5,0,2,2,0,1,2,8,9,7,3,3,2,2,8,1,28,5,3,15,3,3,4,1,0,0,0,1
0,0,1,6,6,7,3,0,4,0,2,2,3,0,0,1,3,4,0,1,0,9,1,3,6,1,2,1,1,5,1,1,0,3,2,0,0,0
0,0,0,0,0,1,2,0,2,0,0,0,0,0,0,0,0,0,0,2,0,0,0,0,2,0,1,0,0,0,0,1,0,0,0,0,0,0
0,0,0,4,1,4,3,1,0,1,2,2,1,0,0,0,0,2,9,0,0,1,0,0,0,0,2,0,0,3,0,0,0,0,0,1,0,0
0,2,0,7,6,23,8,1,4,0,6,4,3,1,0,2,5,6,12,5,3,6,0,2,5,3,25,2,1,7,0,0,0,2,3,2,0,1
2,0,3,10,7,21,6,0,0,0,6,7,3,1,2,0,9,3,10,3,1,12,0,4,12,0,19,8,3,10,1,4,1,5,0,3,0,2
0,0,3,3,3,4,8,0,1,0,2,2,4,0,0,0,1,4,3,1,5,5,0,1,3,0,13,5,2,8,1,1,3,1,0,2,0,0
0,1,2,9,11,13,6,0,1,5,11,1,1,3,0,1,8,10,1,2,2,1,1,2,7,3,4,13,1,5,0,2,0,0,1,0,0,1
2,0,0,9,5,8,4,1,2,0,3,0,0,1,0,1,2,2,0,1,0,6,0,0,3,1,2,5,0,1,0,0,0,4,2,0,0,0
2,4,0,5,3,15,14,2,1,5,8,7,2,4,2,5,4,14,10,6,3,1,3,1,6,2,12,10,4,13,1,0,1,2,0,1,0,2
1,1,2,1,3,1,3,0,0,0,0,0,3,1,0,0,2,0,4,0,0,0,0,1,0,0,1,2,0,2,1,0,2,0,1,0,0,2
0,0,2,0,0,3,4,0,1,0,2,6,1,2,0,0,3,6,3,0,0,1,0,0,1,0,9,6,1,2,0,0,0,0,0,0,0,0
3,1,5,18,11,19,6,3,5,11,10,2,10,5,0,3,2,9,10,21,12,5,1,3,16,4,35,34,3,25,1,5,4,7,1,2,0,0
0,0,0,1,4,8,7,0,0,0,2,0,0,0,0,0,0,1,0,6,1,0,0,0,7,2,5,4,1,8,3,0,1,1,0,0,0,0
3,5,3,11,18,25,21,4,7,5,8,8,7,1,0,1,8,20,29,16,6,4,1,2,24,9,48,22,11,40,3,1,3,4,1,2,0,1
2,1,1,7,8,11,5,0,0,1,13,1,2,3,0,0,3,16,6,10,5,2,0,2,24,5,22,13,6,29,5,4,2,8,2,2,0,2
0,0,0,8,1,9,6,0,1,0,1,4,0,0,1,0,0,0,1,3,1,1,0,0,8,0,9,6,0,10,0,3,1,1,0,1,0,0
0,3,1,5,4,25,19,1,3,1,10,12,0,3,0,3,7,10,19,4,3,5,3,4,20,5,49,39,17,58,5,4,5,7,4,3,0,5
1,0,0,1,0,0,0,0,0,0,2,0,0,0,0,0,0,1,0,0,0,0,1,0,2,0,2,1,0,9,1,1,0,3,1,0,0,2
0,1,0,0,0,2,1,0,1,0,0,0,0,0,0,0,1,1,0,0,0,0,0,0,1,0,2,1,0,2,0,0,1,0,1,0,0,2
0,0,0,2,0,4,1,0,0,0,0,3,0,0,0,0,0,0,1,0,0,0,0,0,1,0,1,2,1,3,0,1,1,1,2,2,0,0
0,1,0,6,1,8,5,0,0,0,6,0,0,1,2,2,0,3,7,4,1,0,0,1,15,0,8,10,5,9,1,1,1,3,0,2,0,5
0,0,0,3,2,1,1,0,0,0,0,0,1,1,0,0,0,2,0,0,1,0,0,0,1,1,3,4,2,5,0,1,1,2,0,3,0,0
0,0,0,2,0,2,0,0,0,0,1,0,0,0,0,0,1,0,1,2,0,0,0,0,3,2,1,2,1,2,3,0,1,0,2,0,0,0
0,0,0,0,0,0,0,0,0,0,0,0,1,0,0,0,0,0,0,0,0,0,0,0,0,0,0,0,0,1,0,0,0,0,0,0,0,1
0,0,1,1,1,0,2,0,0,0,0,0,1,0,0,0,4,4,0,0,0,0,1,0,1,0,2,2,0,2,0,0,0,1,1,0,0,1
