3,2,0,0,0,0,0,0,0,0,0,0,0,0,0,0,0,0,0,0,0,0,0,0,0,0,0,0,0,0,0,0,0,0,0,2,0,0
3,14,7,10,4,3,1,0,0,0,0,0,0,0,0,0,0,0,0,0,0,0,0,0,0,0,1,0,0,1,0,0,0,0,0,0,0,1
0,2,3,1,1,5,0,0,0,0,0,0,0,0,0,0,1,0,0,0,0,0,0,0,0,0,0,0,0,0,0,0,0,0,0,1,0,0
6,24,7,61,19,36,5,0,0,4,6,7,1,2,0,0,6,4,3,1,0,3,0,0,7,0,1,2,1,6,0,2,0,1,0,0,0,0
4,2,1,31,8,26,8,0,3,7,15,10,1,5,0,5,3,3,7,4,2,7,1,0,5,0,8,4,0,4,1,1,0,3,2,1,0,3
3,4,16,29,4,72,40,5,5,0,4,2,3,1,0,0,12,3,5,0,0,5,0,2,4,1,8,3,0,6,0,0,0,1,0,0,0,2
3,2,8,24,9,62,26,1,7,2,2,6,3,0,0,0,8,8,5,1,5,3,0,0,3,3,11,2,4,2,0,1,0,1,0,0,0,1
1,1,1,8,4,14,13,3,2,0,3,2,5,2,0,1,1,0,3,2,1,3,0,0,2,1,8,3,2,8,0,1,0,0,1,1,0,0
0,0,3,4,1,11,11,0,0,0,1,1,0,0,0,1,5,8,0,1,0,3,0,2,1,0,1,1,1,0,0,0,0,1,1,0,0,1
2,4,0,6,3,3,0,0,1,0,3,0,0,0,0,1,1,3,0,0,1,1,0,2,2,0,0,1,1,5,1,0,0,0,0,0,0,0
3,7,1,22,8,16,6,1,2,10,5,2,6,2,0,3,5,7,8,9,0,13,1,4,9,3,17,9,1,11,0,0,1,0,0,1,2,1
1,2,5,20,17,24,16,2,5,9,6,3,3,3,0,2,1,7,10,5,0,11,3,0,7,2,26,5,5,10,3,1,1,3,1,1,0,0
5,2,2,18,8,33,21,1,6,6,13,2,2,2,3,1,6,0,13,4,1,1,0,0,10,0,16,7,2,16,3,0,1,0,3,0,0,2
0,2,3,17,5,9,2,1,0,1,4,1,2,0,0,2,2,1,11,8,0,2,0,1,2,2,3,4,1,6,1,0,1,0,0,1,0,0
1,0,0,0,1,0,0,0,0,0,0,0,0,0,0,0,0,2,0,1,0,4,0,1,2,0,2,0,0,0,0,1,0,0,0,1,0,0
0,0,0,4,0,13,3,3,0,3,0,2,3,0,0,3,0,1,2,1,1,0,0,0,1,3,4,7,0,3,0,0,1,0,0,0,0,0
0,2,1,14,3,24,16,1,4,0,4,4,0,0,1,0,1,3,7,1,0,2,0,2,6,1,15,11,0,15,1,1,0,1,0,0,0,0
1,1,2,11,3,19,9,0,3,2,5,4,4,0,0,1,3,3,3,2,2,12,0,12,5,4,24,10,6,19,1,3,1,1,2,0,0,1
2,4,3,6,4,12,10,1,3,3,0,1,1,0,0,0,5,3,4,1,0,6,0,2,10,0,12,3,2,9,1,0,2,0,0,1,0,0
2,1,2,6,5,5,1,0,1,5,8,2,1,3,0,0,4,7,0,5,2,2,6,0,6,0,7,8,0,11,0,3,0,3,0,1,0,1
3,0,0,1,4,3,5,1,0,0,5,2,0,3,2,4,1,5,2,6,0,4,0,0,1,1,1,0,0,1,0,0,0,1,0,1,0,0
0,3,0,5,11,20,20,1,3,1,5,8,4,1,1,1,5,11,4,6,3,2,0,0,12,3,14,6,3,19,1,0,0,3,1,2,0,1
0,0,0,5,0,0,3,0,0,0,0,0,2,0,0,3,2,1,2,0,0,3,0,0,3,0,4,1,0,2,0,0,0,0,0,0,0,0
0,1,0,0,3,3,4,2,1,0,3,0,2,0,0,0,0,2,2,0,0,0,0,0,2,2,14,1,1,2,0,0,0,1,0,0,0,0
3,4,1,14,8,8,8,0,2,4,23,5,3,2,0,1,9,19,4,24,7,7,2,6,30,6,31,27,6,27,1,2,5,14,2,4,0,2
3,0,0,2,1,3,3,0,0,2,2,0,2,1,0,0,1,4,1,3,6,0,0,0,5,1,1,3,0,8,0,0,0,1,0,1,0,1
1,5,3,13,3,30,19,6,2,0,8,9,4,3,0,1,13,26,15,7,5,18,3,10,35,4,40,27,8,57,4,6,5,6,2,1,0,3
0,1,0,9,6,9,4,0,4,5,3,7,6,2,1,0,4,5,7,4,5,3,1,0,24,6,24,21,5,17,3,1,4,8,5,8,1,3
0,0,0,3,3,6,6,1,0,1,1,4,1,1,0,0,2,3,1,4,0,1,0,1,5,1,13,3,3,28,1,0,0,4,0,1,0,0
0,6,2,8,6,10,11,3,2,4,9,4,2,0,0,2,6,10,12,10,3,10,0,4,27,4,46,36,24,60,3,7,0,11,5,5,0,1
0,0,0,1,0,0,1,0,0,0,0,0,0,0,0,0,0,1,1,1,0,0,0,0,0,0,3,3,0,10,4,0,0,0,0,1,0,0
0,0,0,0,0,0,1,1,0,0,1,1,0,0,0,0,2,0,0,0,0,0,0,0,0,1,0,3,0,4,1,0,0,0,0,1,0,2
1,1,0,1,0,5,0,0,0,1,0,1,0,0,0,0,1,0,3,0,1,2,0,0,5,1,3,0,1,5,0,3,0,2,0,3,0,4
1,4,0,6,5,2,2,1,1,5,3,3,0,1,0,0,1,3,1,4,0,0,0,0,8,2,6,11,6,12,0,0,4,5,1,4,0,5
0,0,0,2,0,1,2,0,0,0,0,0,1,0,0,0,0,3,1,1,0,0,0,0,1,0,8,4,0,3,1,1,2,1,0,0,0,0
0,0,0,2,0,1,3,0,1,0,1,0,0,2,0,0,1,1,0,0,0,0,0,0,0,2,3,3,0,2,0,0,5,2,0,0,0,0
0,0,0,1,0,0,0,0,0,0,0,0,0,0,0,0,0,0,0,0,0,1,0,0,0,1,0,0,0,0,0,0,0,0,0,0,0,0
0,0,0,3,1,1,0,0,4,0,0,0,1,0,0,0,2,0,1,0,0,1,0,0,1,0,0,0,3,0,0,0,3,2,0,0,0,0
