4,0,0,0,0,0,0,0,0,0,0,0,0,0,0,0,0,0,0,0,0,0,0,0,0,0,0,0,0,0,0,0,0,0,0,0,0,0
1,20,9,12,1,10,0,0,0,1,1,0,1,0,0,0,0,0,0,2,0,1,0,0,0,0,0,0,0,0,0,0,0,0,0,0,0,0
0,4,4,2,1,2,0,0,0,0,0,0,0,0,0,0,0,0,0,0,0,0,0,0,0,0,0,0,0,1,0,0,0,0,0,0,0,0
5,19,19,54,10,33,13,1,5,3,8,0,1,0,2,0,1,2,0,3,7,4,1,0,4,0,3,2,0,1,0,0,0,0,1,0,0,0
2,1,2,33,6,15,19,0,3,3,11,4,2,0,0,2,1,3,3,5,2,4,1,1,3,2,5,1,4,7,0,0,0,4,0,1,0,0
3,5,14,48,12,92,39,3,6,0,8,6,9,2,0,0,3,6,9,2,0,7,1,3,5,0,8,9,3,7,0,0,0,3,0,2,0,0
1,1,4,16,10,66,28,2,4,0,4,8,7,2,0,1,18,9,10,2,5,4,1,1,7,0,10,3,1,5,0,0,1,0,0,2,0,1
0,0,1,11,5,10,6,0,4,1,2,1,4,0,1,3,1,1,1,4,0,1,1,6,3,0,6,2,2,5,1,0,0,0,0,2,0,0
0,1,2,6,2,11,6,0,0,0,0,0,2,2,0,0,1,0,0,0,1,0,1,0,0,0,3,0,1,3,0,0,0,0,0,0,0,1
0,2,2,3,4,4,1,0,0,2,2,0,2,0,0,1,0,0,0,3,0,0,0,0,3,0,2,2,0,5,0,0,2,0,0,0,0,0
1,5,1,15,10,19,7,2,1,5,1,3,4,0,2,3,2,4,3,18,3,5,2,2,18,7,6,5,1,8,0,0,0,6,0,3,0,0
0,0,3,16,15,25,16,2,7,4,7,9,3,2,0,10,3,7,9,4,5,13,1,1,14,2,16,12,3,14,9,1,2,2,0,2,0,0
0,5,0,15,10,33,15,1,3,3,12,0,0,3,1,2,7,10,18,2,4,4,0,1,6,0,34,6,0,11,1,1,1,7,2,1,0,1
0,2,5,12,9,14,5,0,0,0,1,4,2,3,0,0,6,3,6,3,1,9,0,3,2,3,10,4,1,6,2,0,0,2,0,1,0,3
0,1,1,1,1,2,2,0,4,0,0,0,0,0,0,0,0,0,1,1,1,0,0,0,1,0,2,0,0,1,0,3,1,0,0,0,0,0
0,0,0,3,0,13,4,0,0,1,5,3,0,3,0,2,0,2,1,0,2,1,0,1,2,2,5,5,1,5,0,0,0,0,0,1,0,0
0,0,2,7,3,15,8,1,3,0,3,3,4,1,0,0,4,7,8,3,7,6,1,1,8,0,20,7,0,11,0,2,0,1,2,1,0,4
0,0,1,5,8,19,15,0,8,2,5,2,5,0,0,0,2,2,3,6,2,7,0,2,6,3,28,5,2,11,1,0,7,2,0,2,0,0
0,0,1,4,0,15,3,0,0,1,1,1,6,1,0,0,3,3,2,1,4,2,2,2,9,1,20,4,1,8,0,0,2,0,0,0,0,0
0,2,1,9,6,10,8,1,0,3,6,10,6,3,0,2,4,9,3,6,1,0,0,1,7,2,3,2,0,10,1,0,5,1,0,0,0,0
1,0,0,4,5,6,2,0,0,4,5,0,0,0,0,0,3,1,4,2,0,2,0,0,2,0,5,2,2,5,0,0,0,2,0,0,0,1
0,3,4,9,2,14,24,0,1,5,6,9,3,2,0,1,5,12,5,2,2,5,1,0,16,0,18,7,2,12,1,1,1,5,0,2,0,0
0,0,0,2,0,4,0,0,1,0,0,0,2,2,0,0,0,0,2,0,0,2,0,0,4,0,3,2,0,3,0,0,0,2,0,0,0,0
1,2,0,3,1,2,4,1,1,1,2,0,0,0,0,0,1,3,0,1,0,1,1,1,4,0,14,0,1,9,0,1,0,4,0,1,0,0
4,8,5,13,7,14,9,0,2,13,12,3,3,2,1,1,4,10,11,27,12,4,2,0,21,0,27,31,4,20,1,6,2,8,4,1,0,3
0,0,0,4,2,5,1,0,0,3,0,1,1,0,0,0,1,6,3,4,3,2,1,0,7,0,10,3,0,9,1,0,0,2,1,0,0,0
0,0,1,26,3,30,12,0,4,2,3,6,7,4,0,1,9,21,21,20,5,19,1,1,26,4,36,11,11,60,3,2,1,5,3,1,0,6
3,3,3,8,1,10,4,1,1,1,11,2,2,5,0,2,5,13,8,6,2,1,3,2,19,1,22,23,5,24,3,4,1,7,2,4,0,3
2,0,1,5,0,1,2,3,1,0,1,1,1,0,0,0,2,2,4,1,2,6,0,0,9,1,5,14,0,12,0,0,0,7,0,0,0,3
3,2,0,9,3,25,12,2,2,2,7,2,5,6,2,0,14,8,16,2,1,8,1,2,25,2,40,21,10,70,7,12,8,6,7,4,0,4
0,0,0,0,0,1,0,0,0,0,1,1,0,0,0,0,0,2,1,0,0,0,0,0,0,0,0,1,1,3,0,2,2,1,0,1,0,0
0,0,0,0,0,0,0,0,0,0,0,0,4,0,0,0,1,0,0,0,0,0,0,0,0,0,5,1,0,3,1,1,0,0,0,0,0,0
0,0,0,2,2,2,1,0,0,0,3,2,2,1,0,0,0,2,0,1,1,3,0,0,3,0,4,4,0,3,2,0,0,0,0,1,0,2
1,2,0,3,4,3,1,0,0,1,8,0,1,0,0,2,3,7,4,3,1,1,0,0,11,2,6,8,0,17,1,1,0,3,1,4,1,0
0,0,0,5,0,0,0,0,0,0,0,0,0,0,0,0,1,0,1,1,0,2,0,0,0,0,2,0,4,3,0,0,2,2,0,1,0,0
0,0,0,0,3,1,3,0,2,0,1,2,0,0,0,0,0,4,1,0,0,1,0,0,3,0,5,2,0,1,1,0,2,1,0,0,0,4
0,0,0,0,0,0,0,0,0,0,0,0,0,0,0,0,0,0,0,1,0,0,0,0,0,0,0,0,0,0,0,0,0,1,0,0,0,0
0,0,0,3,0,0,0,0,0,0,1,1,0,0,0,0,0,1,0,2,0,0,0,0,3,0,0,1,0,0,1,0,2,1,0,0,0,0
