2,1,0,0,0,0,0,0,0,0,0,0,0,0,0,0,0,0,0,0,0,1,0,0,0,0,0,0,0,0,0,0,0,0,0,0,0,0
2,8,1,12,1,3,3,0,0,0,2,1,0,0,0,0,0,0,3,0,0,0,0,0,1,0,1,0,0,0,0,0,0,0,0,0,0,0
0,4,5,0,0,3,0,0,0,0,0,0,0,0,0,0,0,0,0,0,0,0,0,0,0,0,0,0,0,0,0,0,0,0,0,0,0,0
8,26,8,60,13,29,12,1,0,0,8,3,1,2,0,1,0,1,1,3,3,0,0,0,2,1,9,0,2,3,0,0,0,1,0,1,0,0
2,3,2,42,10,15,13,0,3,4,9,3,3,2,0,3,2,0,3,2,2,7,0,0,4,1,6,0,3,3,0,1,0,0,1,1,0,0
2,9,12,34,8,59,47,3,8,0,6,1,3,0,0,3,4,1,5,0,0,2,0,2,6,1,11,3,0,7,2,0,1,2,0,0,0,0
1,4,7,18,15,43,26,2,9,0,6,1,7,0,0,0,6,5,6,7,2,9,2,0,6,3,12,5,6,12,0,0,1,1,0,0,0,0
0,0,0,12,3,7,14,0,0,0,0,0,1,2,2,2,3,2,6,2,2,2,0,0,1,0,8,0,1,8,1,0,0,0,1,1,0,0
0,0,4,2,0,5,13,0,2,0,2,4,0,2,0,0,2,3,2,1,0,3,0,2,1,0,4,0,1,1,0,0,1,0,0,0,0,2
1,1,1,4,2,3,0,0,0,1,6,0,0,0,0,0,0,0,2,2,1,3,0,0,0,0,0,1,0,2,0,0,0,0,0,0,0,0
3,10,4,17,13,9,11,0,3,2,9,3,1,4,0,2,7,5,3,11,3,6,0,2,8,0,15,11,0,7,0,0,5,3,0,1,0,1
1,7,1,14,10,27,9,1,3,0,7,5,9,2,0,7,2,5,9,2,2,15,1,1,9,1,15,9,4,17,0,1,1,2,2,1,0,2
0,0,7,7,7,20,13,0,1,2,8,2,2,0,0,2,6,3,9,3,0,0,2,1,7,2,18,15,4,16,2,0,0,0,0,0,0,2
1,3,4,5,2,13,7,1,3,1,0,8,3,4,0,5,2,5,3,2,2,7,1,2,8,3,15,6,2,13,2,0,0,4,0,0,0,0
0,0,0,1,1,1,2,0,0,2,1,1,0,1,0,0,0,0,1,4,0,0,0,0,0,2,6,1,0,0,0,0,0,0,0,0,0,0
0,3,0,7,4,11,7,0,3,2,1,0,0,5,0,0,2,3,1,2,1,3,0,2,4,0,4,0,1,1,3,0,0,2,0,1,0,0
1,4,1,10,4,19,8,2,3,1,3,2,5,1,0,0,0,2,10,5,3,8,6,1,4,2,13,4,1,12,0,0,0,1,0,3,0,1
2,3,1,9,1,11,9,2,2,1,4,5,7,2,0,0,4,3,5,6,5,5,1,1,8,0,24,5,3,20,0,2,0,3,1,0,0,0
0,2,0,9,0,14,6,0,3,2,3,0,3,0,0,1,4,10,7,1,4,3,0,2,2,1,15,2,1,12,0,1,2,2,0,1,0,2
4,4,3,10,3,5,4,4,0,1,11,3,2,0,0,0,5,8,4,2,1,4,0,1,7,0,5,1,4,7,0,0,0,2,0,1,0,0
0,0,1,6,1,5,1,0,1,0,1,0,1,2,0,0,1,1,4,0,0,0,0,0,2,0,8,1,0,7,0,0,1,0,1,0,0,0
0,0,6,2,7,14,15,5,1,2,11,7,2,2,0,4,4,5,13,1,3,6,2,1,11,1,14,6,4,14,5,2,0,1,1,1,0,0
0,0,0,1,2,2,2,0,1,0,0,1,0,1,0,1,0,0,4,1,1,0,0,0,2,0,4,2,3,2,0,0,0,0,0,0,0,0
0,0,0,2,1,10,3,1,0,0,1,1,6,0,0,0,1,2,0,1,3,0,0,1,2,1,8,0,0,12,0,2,0,1,0,0,0,0
2,1,0,27,13,15,10,3,2,9,15,0,2,1,0,0,6,12,5,8,4,11,3,2,36,8,29,25,6,25,1,3,1,3,1,1,0,0
0,0,0,6,2,3,0,0,1,2,1,1,1,2,1,0,3,3,0,0,1,0,0,1,3,2,16,5,2,4,2,0,0,2,0,1,0,0
0,1,6,8,5,25,20,2,3,2,8,13,2,4,0,1,11,19,23,9,5,14,1,5,11,2,43,9,18,51,1,0,0,1,1,1,0,1
1,2,4,11,6,8,16,0,0,5,7,10,0,1,0,2,0,6,9,7,3,0,1,0,14,2,16,15,6,23,3,4,2,12,1,1,0,2
0,0,0,1,1,4,2,0,0,0,1,0,0,1,0,0,2,1,1,1,1,4,0,1,6,0,12,2,2,18,2,0,2,2,2,0,0,1
3,9,2,13,2,26,12,0,1,1,6,11,3,7,0,1,10,8,12,7,4,11,0,1,17,0,38,39,5,78,3,7,10,8,4,3,1,3
0,3,0,4,1,2,1,0,0,0,0,0,0,0,0,0,0,0,0,1,0,0,0,0,3,0,1,2,0,4,3,1,2,0,1,1,0,1
1,0,0,2,2,0,0,0,0,0,0,0,0,0,0,0,0,0,2,0,0,2,0,0,3,0,2,1,1,6,0,1,0,0,0,2,0,0
2,1,2,3,4,1,3,0,0,0,3,2,0,3,0,0,2,2,1,1,0,0,0,1,1,0,1,2,0,6,0,0,0,0,1,2,0,0
0,0,2,6,4,12,1,0,0,0,2,0,3,0,0,0,1,3,0,2,0,0,0,0,6,4,4,10,7,9,1,1,3,3,2,5,0,4
0,0,2,5,0,2,2,0,0,2,1,0,0,0,0,0,0,2,0,1,0,0,0,0,0,0,3,0,0,1,3,1,0,4,0,1,0,3
0,1,0,2,2,2,0,0,0,2,0,0,0,0,0,0,0,0,0,3,0,0,0,0,3,0,1,3,0,3,2,0,1,2,0,0,0,0
0,0,0,0,0,0,1,0,0,0,0,0,0,0,0,0,0,0,0,0,0,0,0,0,0,0,0,1,0,2,0,1,0,0,0,0,0,0
0,1,1,1,3,1,0,0,2,0,1,1,0,0,0,0,1,0,1,0,1,0,0,0,1,0,3,0,1,4,0,0,0,0,3,0,0,1
