1,1,0,3,0,0,0,0,0,0,0,0,0,0,0,0,0,0,0,0,0,0,0,0,0,0,0,0,0,0,0,0,0,0,0,0,0,0
1,12,8,7,2,2,0,1,0,0,1,0,0,0,0,0,0,1,1,0,0,0,0,0,1,0,4,0,0,3,0,0,0,0,0,1,0,0
0,1,1,2,0,1,0,0,0,0,0,0,0,0,0,0,0,0,0,0,0,0,0,0,0,0,2,0,0,0,0,0,1,1,0,0,0,0
8,13,9,64,17,27,14,1,1,4,4,1,0,1,0,0,2,2,4,7,4,0,3,0,4,2,11,1,0,0,0,0,2,0,1,0,0,0
2,2,3,38,3,27,18,2,1,6,3,6,2,0,0,6,4,7,0,5,1,4,1,0,5,5,4,4,0,8,0,0,0,1,0,0,0,0
7,4,21,31,3,48,24,0,3,0,3,2,5,0,0,0,6,5,2,3,0,3,0,3,2,0,13,3,0,2,3,0,0,3,1,0,0,0
0,4,4,24,1,35,25,1,3,0,3,8,10,3,0,1,6,3,11,0,1,4,0,1,9,0,9,0,2,9,0,0,3,3,0,0,0,0
1,2,3,4,6,8,9,0,1,2,0,5,2,2,0,1,4,4,1,1,2,2,0,2,2,0,8,2,0,5,0,0,1,0,0,0,0,0
0,0,1,7,2,11,2,0,0,0,0,1,5,0,0,0,0,2,4,0,0,1,0,1,2,5,2,2,0,2,0,0,0,1,0,0,0,0
0,4,2,4,1,0,4,0,0,0,3,1,0,0,0,0,0,1,1,2,0,1,0,0,5,0,2,1,1,7,0,0,0,0,0,0,0,0
2,7,4,25,14,8,5,2,2,5,8,7,3,2,0,9,5,11,7,7,2,8,2,2,11,3,10,11,4,4,2,2,1,2,0,0,0,1
1,2,0,43,8,11,12,0,2,2,5,5,3,5,1,2,8,2,6,9,2,7,2,1,6,1,14,10,5,15,1,1,4,4,0,0,0,3
1,0,2,10,1,38,16,0,3,0,3,6,8,5,0,1,6,8,13,4,1,10,1,1,4,0,14,10,2,12,2,0,3,1,1,6,0,0
1,3,3,14,3,7,5,2,2,1,2,0,1,1,0,3,3,0,5,9,2,3,1,0,5,3,10,8,0,11,3,1,1,2,1,0,0,0
0,0,1,3,1,2,2,1,0,0,0,0,1,1,0,0,0,0,1,0,2,0,0,0,0,1,3,1,1,1,1,0,0,0,0,0,0,0
0,3,0,6,3,3,3,0,0,0,2,0,1,1,0,0,4,1,2,0,2,1,0,1,1,1,7,2,1,5,0,1,0,1,0,0,0,0
0,0,0,8,3,18,16,1,3,0,5,2,3,0,1,0,6,3,9,4,15,12,0,2,1,2,14,9,2,16,0,0,1,8,0,1,0,0
1,1,3,8,4,9,26,0,5,0,4,4,3,1,2,1,3,3,3,3,3,9,0,5,5,2,18,8,1,4,1,3,2,3,0,0,0,1
0,1,3,2,1,18,11,0,1,0,5,3,4,1,0,0,8,4,5,5,6,6,0,0,5,2,17,6,0,15,0,0,0,1,0,3,0,1
0,5,2,8,7,11,8,0,0,6,7,4,5,4,2,0,5,6,0,14,1,2,0,1,5,0,4,13,1,5,0,2,0,0,0,1,0,2
0,2,1,2,2,6,3,0,1,0,1,0,0,1,0,1,5,0,0,1,0,0,1,0,3,0,3,4,0,4,0,0,0,1,0,0,0,0
5,1,3,1,4,11,10,2,3,0,2,6,0,0,0,6,3,6,6,2,0,1,0,1,2,0,6,10,1,9,0,2,0,5,3,1,0,0
0,0,0,1,0,3,2,0,1,0,0,0,1,0,0,0,0,0,3,0,0,1,0,0,1,1,0,3,0,6,0,1,0,1,0,0,0,0
0,0,1,0,1,5,2,0,0,1,1,1,2,0,0,2,3,5,1,0,0,0,0,0,2,1,3,1,1,2,1,0,2,1,0,0,0,0
2,8,3,19,5,9,3,0,4,5,13,6,5,1,0,1,8,8,8,22,3,6,2,2,11,1,21,19,3,24,4,3,0,7,2,0,0,2
0,1,0,5,3,2,5,0,0,3,2,2,2,0,0,0,7,1,0,0,1,0,0,0,1,0,6,1,0,7,4,1,1,2,0,0,0,0
1,2,5,20,2,30,17,0,8,1,6,8,7,3,0,2,9,23,16,14,5,17,5,3,25,7,35,22,5,61,7,4,5,8,6,1,0,0
3,5,0,7,6,7,1,0,0,5,11,1,2,1,0,1,6,8,13,8,2,2,1,1,21,4,31,14,2,18,0,1,2,8,4,1,0,2
0,1,0,4,3,2,2,2,0,4,7,2,1,0,0,2,0,1,2,2,0,2,0,0,6,0,6,9,2,15,2,0,0,2,2,1,0,1
0,5,4,15,7,27,12,1,5,4,7,1,5,3,1,1,3,9,11,6,1,11,1,4,26,6,54,25,18,74,4,4,5,10,5,3,0,8
1,0,1,2,1,2,4,0,0,0,4,1,0,0,0,0,0,0,3,1,0,0,0,1,3,0,2,2,0,5,0,0,1,3,0,0,0,0
0,0,0,1,0,3,1,0,0,0,0,0,0,0,0,0,0,1,2,0,0,0,0,0,1,0,6,2,0,5,1,0,0,2,0,0,0,0
0,0,0,3,1,1,0,0,0,0,1,2,0,4,0,0,4,2,2,1,0,2,0,2,3,0,3,1,3,6,2,0,0,0,2,0,0,0
0,2,0,5,3,5,1,0,2,1,5,3,1,1,0,0,0,0,3,2,0,2,0,1,8,0,8,14,2,11,2,2,4,4,0,1,1,3
0,0,0,0,4,2,2,0,0,1,2,4,1,0,0,1,2,0,1,0,1,0,0,0,1,0,4,0,4,1,0,0,1,1,3,7,0,1
0,0,1,0,0,0,0,0,0,0,1,0,0,0,0,0,0,0,0,1,1,0,0,0,2,0,1,1,0,2,0,0,0,0,1,1,0,1
0,0,0,0,0,0,0,0,0,0,0,0,0,0,0,0,0,0,0,0,0,0,0,0,0,0,0,0,0,0,0,1,0,0,0,0,0,0
0,0,0,0,0,1,0,0,0,0,0,0,0,0,0,0,0,1,0,1,0,0,0,0,1,0,0,1,1,1,1,0,0,0,2,0,0,0
