1,0,1,1,0,0,0,0,0,0,0,1,0,0,0,0,0,0,0,0,0,0,0,0,0,0,0,0,0,0,0,0,0,0,0,0,0,0
1,12,6,8,2,1,1,0,0,1,1,0,0,0,0,0,0,0,0,0,0,0,0,0,2,0,1,0,0,0,0,0,0,0,0,0,0,0
2,2,1,3,0,1,0,0,0,0,0,0,0,0,0,0,0,1,0,0,0,0,0,0,0,0,0,0,0,0,0,0,0,1,0,0,0,0
10,28,8,52,14,41,7,0,1,4,3,2,2,2,0,0,3,0,0,2,0,0,0,0,5,0,5,1,3,5,1,0,1,1,0,0,0,0
9,4,3,22,5,21,16,5,5,4,12,4,1,2,0,1,7,0,2,2,2,3,0,1,11,3,7,9,1,0,1,0,0,0,0,2,0,0
3,6,13,22,12,51,23,1,3,1,5,7,2,0,2,1,5,1,4,2,2,1,0,1,9,0,11,1,1,6,0,0,1,2,0,0,0,1
2,5,3,21,15,48,26,0,2,3,3,16,6,2,0,2,9,7,3,3,0,5,1,3,1,0,15,4,4,11,0,0,0,2,0,0,0,0
0,1,1,5,5,9,11,0,2,0,5,1,3,0,0,1,4,0,4,0,2,1,0,1,4,0,4,2,1,3,2,0,0,1,0,3,0,0
0,2,0,1,1,8,6,2,1,1,2,0,1,2,0,0,3,2,3,0,2,1,0,0,1,0,8,1,1,1,0,0,0,0,0,1,0,0
0,4,1,4,3,1,3,0,0,2,2,2,0,3,0,2,0,1,0,2,1,4,0,3,9,0,1,3,0,4,0,0,0,1,1,0,0,1
5,6,1,35,8,19,10,2,0,8,3,5,2,0,2,0,8,8,10,11,2,12,2,0,9,6,15,11,3,4,1,0,3,0,0,3,0,1
4,2,0,25,15,14,15,4,1,1,7,2,3,6,0,7,3,8,9,4,1,11,9,5,17,0,10,4,6,16,1,3,0,3,0,4,0,1
2,1,1,11,6,23,20,2,2,3,2,4,9,1,0,1,4,8,10,6,1,1,3,2,10,1,9,8,5,12,1,4,0,3,1,1,0,2
1,1,7,17,5,7,4,1,0,2,4,5,2,2,0,1,2,4,5,3,1,1,1,0,2,1,18,3,2,6,1,0,0,2,0,0,0,0
0,2,0,1,1,8,0,0,2,0,1,1,0,0,0,0,0,1,0,0,1,0,0,4,0,0,5,0,1,0,0,0,0,0,2,0,0,0
0,1,0,3,0,7,5,0,2,0,4,2,2,1,0,0,4,2,3,0,1,2,0,1,1,0,4,2,1,6,0,0,1,0,0,0,0,1
0,3,3,8,6,17,16,2,1,6,4,2,6,1,0,0,2,2,7,3,2,4,0,6,4,0,7,2,2,4,1,1,0,3,3,2,0,0
0,2,5,8,3,15,11,0,4,0,5,2,4,6,0,0,5,0,8,7,3,6,0,1,9,0,18,2,0,12,1,2,1,0,0,2,0,1
0,0,3,7,2,10,13,0,1,0,3,1,1,0,0,0,4,4,3,1,0,6,2,0,5,3,5,0,2,6,2,0,0,1,0,1,0,2
0,2,3,5,6,3,5,2,0,2,2,0,0,2,0,1,2,4,2,4,1,2,0,1,7,3,1,4,1,9,2,0,2,1,1,0,0,1
1,1,3,1,7,4,1,0,0,2,3,0,2,1,0,0,3,3,3,5,0,1,3,1,3,0,0,3,0,1,0,0,0,0,0,0,0,1
0,3,1,0,2,6,6,1,0,5,5,1,2,2,0,0,2,2,4,9,0,0,0,0,10,0,8,4,1,4,0,0,0,1,0,2,0,2
0,0,1,0,1,3,0,0,0,0,0,0,0,0,0,0,0,1,2,5,0,0,0,0,1,0,8,1,1,6,2,0,0,0,0,0,0,0
0,1,0,2,1,2,4,0,0,2,2,3,0,1,0,1,3,3,0,4,0,0,0,0,2,1,7,2,1,3,0,1,1,3,0,0,0,2
5,9,0,11,16,13,6,1,1,10,12,8,4,1,0,1,3,4,6,21,2,7,2,1,23,4,26,12,6,16,4,4,3,5,0,4,0,2
0,0,1,4,0,1,1,0,1,0,0,2,1,0,0,1,0,0,5,1,0,1,0,0,6,2,4,3,3,9,0,1,0,4,0,0,0,0
1,1,1,14,4,27,21,1,6,6,6,8,4,4,2,0,8,12,26,12,8,11,5,0,24,6,39,19,9,60,5,3,4,4,4,1,0,2
4,6,2,10,4,6,5,0,0,3,10,3,2,2,0,1,2,7,4,12,4,1,3,0,22,1,21,24,9,45,2,0,0,12,3,3,0,1
0,0,0,3,5,0,6,0,1,1,2,2,0,0,0,0,1,2,1,2,0,0,3,0,4,1,11,16,0,12,1,0,0,2,1,1,0,4
5,1,7,19,11,17,15,0,3,6,13,7,8,2,2,2,7,8,9,5,2,14,1,2,38,2,44,32,10,82,8,8,5,10,4,9,0,3
0,0,0,0,0,3,0,0,0,0,0,0,0,1,0,0,0,0,1,0,0,0,0,0,0,0,0,2,1,1,1,0,0,1,1,2,0,0
0,0,0,0,0,0,2,0,0,0,1,0,0,0,0,0,1,1,0,2,0,0,0,0,3,0,2,0,1,5,0,0,1,1,2,0,0,0
0,1,0,6,0,2,1,0,2,0,0,1,0,0,0,0,1,2,0,2,1,0,0,1,1,1,5,2,1,11,0,0,0,0,1,0,0,1
0,0,0,7,4,6,4,0,1,2,3,5,2,0,0,0,2,2,0,6,1,0,0,0,4,1,9,18,2,11,4,3,0,6,1,1,0,1
0,0,1,0,0,0,0,0,0,0,1,2,0,0,0,0,0,1,0,1,0,0,0,0,1,2,3,2,3,1,0,1,2,1,0,0,0,0
1,2,1,3,0,1,1,0,0,0,0,0,1,0,0,0,0,0,0,1,0,0,0,0,0,0,1,3,0,1,0,1,1,1,1,0,0,3
0,0,0,0,0,0,0,0,0,0,0,0,0,0,0,0,0,0,0,0,0,0,0,0,0,0,0,0,0,0,0,1,0,0,0,0,0,1
0,1,1,1,0,2,0,0,0,0,1,0,0,0,0,0,3,0,0,2,0,0,0,0,0,0,2,2,0,4,0,0,0,3,0,1,0,0
