1,1,0,0,1,0,0,0,0,0,1,0,0,0,0,0,0,0,0,0,0,0,0,0,2,0,0,0,0,0,0,0,0,0,0,0,0,0
2,8,4,5,0,3,1,2,0,0,2,0,0,1,0,0,0,0,1,1,0,0,0,0,0,0,1,1,0,0,0,0,0,0,0,0,0,0
0,7,2,0,1,3,1,0,0,0,0,0,0,0,0,0,0,0,1,1,0,0,0,0,1,0,2,1,0,0,0,0,0,0,0,0,0,0
5,18,6,57,21,23,12,2,2,0,5,8,0,0,0,0,2,1,2,1,0,2,0,1,1,0,6,4,2,3,0,0,0,0,0,0,0,0
1,10,1,32,6,16,14,1,2,1,5,6,1,5,2,0,8,4,4,1,3,3,0,1,5,0,9,6,0,1,2,0,0,4,1,1,0,0
2,5,11,22,5,53,29,1,3,0,1,3,2,0,0,3,4,3,3,0,1,1,0,1,3,0,10,2,0,9,0,0,0,0,0,0,0,0
3,3,4,18,4,38,28,4,7,2,1,9,6,2,0,0,4,6,3,0,0,3,1,1,2,0,8,5,1,2,0,1,3,0,3,0,0,1
0,0,0,6,2,11,9,0,0,1,2,1,0,0,0,0,6,1,2,0,4,2,0,0,2,3,7,3,0,2,0,0,1,0,0,0,0,0
0,1,3,3,2,14,11,1,0,0,1,0,1,0,0,0,1,5,2,0,0,1,0,1,0,1,0,0,1,6,0,0,0,0,0,0,0,0
0,1,0,9,7,4,1,0,2,0,2,0,0,1,0,0,0,1,1,5,1,4,0,0,6,1,6,6,2,7,1,0,0,0,1,0,0,0
1,6,5,37,18,21,10,4,4,1,6,6,2,1,0,1,4,5,7,8,3,10,2,1,7,0,3,8,3,5,0,0,1,2,1,5,0,0
0,1,1,20,16,15,15,2,3,5,7,10,2,3,0,3,8,6,7,3,2,9,3,3,12,0,8,2,2,12,0,1,0,3,0,3,0,2
1,4,0,11,2,19,24,2,5,0,2,2,2,0,0,1,1,9,9,3,1,4,1,1,2,0,22,13,1,17,2,0,0,0,0,2,0,0
1,3,3,19,7,12,5,1,0,0,4,3,1,1,0,1,5,6,3,5,1,8,2,2,5,0,9,10,4,5,2,0,1,4,0,2,0,1
0,0,1,1,0,5,3,1,0,0,1,2,0,0,0,0,0,0,0,2,0,0,0,3,0,1,3,0,1,1,0,0,0,0,1,0,0,0
0,1,0,0,2,17,4,2,2,0,4,2,0,1,0,2,4,4,3,0,1,0,0,1,2,0,12,2,0,6,0,1,0,0,0,0,0,0
0,2,4,9,6,25,10,1,4,0,4,3,3,1,0,0,4,6,13,3,2,4,3,4,5,2,15,3,2,14,0,1,0,1,1,2,0,1
2,0,0,6,5,20,14,0,0,0,3,3,2,0,0,1,1,0,6,4,1,3,0,2,5,1,17,3,0,7,0,0,1,2,0,0,0,1
1,1,1,4,2,8,6,0,0,0,3,1,3,0,0,1,1,3,3,2,0,7,0,1,2,0,14,6,1,15,1,0,1,0,0,0,0,0
1,3,1,5,0,2,1,3,0,2,8,4,0,0,0,1,2,2,1,3,2,1,0,0,4,1,4,3,2,8,0,0,0,0,0,0,0,0
0,0,0,2,1,8,0,0,0,0,0,3,2,0,0,0,6,4,0,3,1,5,0,0,6,0,4,0,1,1,0,0,0,1,0,2,0,0
1,1,2,5,10,4,5,0,0,0,3,2,2,4,0,1,0,5,5,6,1,1,2,2,11,2,5,3,0,5,1,0,0,0,2,0,0,1
0,1,0,1,1,5,2,0,0,0,0,1,0,0,0,2,0,2,3,1,0,0,0,0,5,0,1,0,0,2,0,0,0,1,0,0,0,0
1,0,0,1,2,5,1,1,2,1,3,3,1,2,0,0,5,3,3,2,0,1,1,0,2,1,6,3,3,8,0,0,0,0,1,1,0,0
5,2,4,16,7,5,8,0,2,6,9,6,6,10,0,2,6,15,9,14,5,6,1,4,27,4,36,23,4,40,4,0,4,7,1,1,0,3
0,0,4,4,1,1,1,1,6,1,3,4,1,3,0,0,2,3,1,3,0,3,1,0,6,0,3,1,2,5,0,0,0,2,1,0,0,1
0,7,3,9,4,27,21,0,8,2,10,6,4,1,0,2,21,19,19,7,4,13,3,4,22,3,33,17,7,52,7,3,10,7,4,2,0,3
3,5,3,11,6,10,5,1,5,2,3,6,0,2,0,0,3,4,1,9,3,4,0,3,9,7,25,14,2,31,5,1,0,11,3,5,0,2
1,1,2,1,4,3,2,0,1,0,1,1,1,0,0,0,0,4,4,2,1,1,0,4,10,2,2,3,3,10,0,0,2,5,2,0,0,4
0,6,2,20,7,12,14,0,1,7,15,12,4,3,0,0,12,7,8,8,2,7,3,0,23,9,49,39,11,65,8,12,3,9,5,2,0,5
0,0,0,3,0,1,1,1,0,0,1,0,0,0,0,0,0,1,1,0,0,0,0,0,0,0,1,2,0,5,1,0,1,2,0,0,0,0
0,0,0,0,0,1,0,0,0,1,0,0,0,0,0,0,0,0,0,0,0,1,0,0,2,0,4,1,0,2,0,0,0,0,1,0,0,0
0,1,0,1,1,1,1,0,0,0,0,1,1,0,0,0,0,0,2,3,1,0,0,0,3,0,3,4,0,9,1,4,0,1,2,0,2,1
0,0,1,9,0,4,5,0,1,0,3,5,1,0,0,0,1,1,4,1,2,0,0,3,2,1,6,11,4,11,0,1,4,4,5,2,0,6
0,0,0,0,0,4,0,0,0,0,1,0,0,6,0,0,1,2,1,0,1,1,0,0,1,0,0,0,0,2,1,0,0,0,0,0,0,0
0,0,1,1,0,2,0,0,0,0,0,1,0,0,0,0,2,1,0,0,0,2,0,3,3,0,3,1,2,3,1,0,2,5,2,1,0,0
0,0,0,0,0,0,2,0,0,0,0,0,0,0,0,0,0,0,0,0,0,0,0,0,1,0,0,0,0,0,0,0,0,0,1,0,0,0
0,0,0,3,0,3,0,0,0,1,0,0,0,1,0,0,0,1,0,0,0,0,0,0,0,0,1,4,1,2,0,0,1,0,1,0,0,0
