3,1,0,0,0,0,0,0,0,0,0,0,0,0,0,0,0,0,0,0,0,0,0,0,0,0,0,0,0,0,0,0,0,0,0,0,0,0
2,9,6,6,1,3,1,0,0,1,0,0,1,2,0,0,0,0,1,1,0,1,0,0,0,0,0,0,2,0,1,0,0,0,0,0,0,0
0,2,1,2,1,0,3,0,0,0,0,0,0,0,0,0,0,0,3,0,0,0,0,0,0,0,0,0,0,1,0,0,0,0,0,0,0,0
15,9,10,43,11,34,10,0,1,0,3,0,1,1,1,0,3,1,1,0,0,1,0,0,4,0,3,4,0,4,0,0,0,1,0,2,0,0
6,12,0,37,12,22,19,5,4,3,3,9,2,3,0,2,4,2,4,8,3,5,1,1,6,1,4,3,1,6,0,0,0,0,0,0,0,2
7,6,15,24,2,34,26,0,0,2,1,3,4,0,0,2,7,9,3,4,1,4,0,0,5,0,6,5,0,5,1,0,0,2,2,1,0,0
1,0,6,10,3,42,24,3,10,2,0,6,6,1,0,0,2,1,2,0,5,3,0,0,5,3,9,9,2,4,1,0,0,0,0,1,0,1
0,0,3,3,9,19,15,2,0,0,1,0,3,3,0,0,0,5,3,1,2,2,1,1,4,0,6,1,2,4,0,0,0,0,0,0,0,0
1,0,1,2,1,12,3,1,1,2,0,2,1,0,0,0,2,1,1,0,0,0,2,0,0,2,1,0,0,1,0,0,0,0,0,0,0,0
2,2,1,8,2,5,2,1,0,1,3,4,0,3,0,1,4,5,3,4,3,5,0,1,11,1,7,5,0,9,0,0,0,0,0,0,0,0
1,4,2,22,21,16,10,2,1,9,7,4,5,3,0,4,7,7,4,11,9,5,0,1,20,2,12,12,2,17,0,0,1,1,3,2,0,5
1,1,4,14,11,12,6,2,5,1,11,6,7,4,2,4,9,3,9,6,3,9,2,3,9,3,8,9,6,13,1,1,1,1,1,1,0,2
1,1,1,11,4,28,11,1,0,2,5,4,1,2,0,3,5,2,13,1,1,0,1,1,5,2,7,6,4,9,0,5,0,4,1,0,0,4
0,4,2,11,8,12,18,0,4,0,3,4,5,0,0,1,7,1,4,3,0,4,0,1,3,0,7,4,2,9,4,0,1,1,0,3,0,3
0,0,0,1,2,0,1,0,0,0,0,1,0,0,0,0,0,0,1,3,0,3,0,0,0,0,3,2,0,0,0,0,0,0,0,0,0,0
0,0,0,1,1,8,3,0,2,0,1,1,0,0,0,0,1,0,0,3,1,1,0,1,3,0,0,2,0,8,2,2,1,0,0,0,0,0
2,1,0,7,5,22,7,0,2,4,3,7,2,0,0,0,9,5,5,5,7,5,1,1,10,1,20,9,3,16,0,2,1,0,0,0,1,0
2,0,3,6,2,14,9,0,2,0,2,3,7,2,0,0,5,4,9,7,0,3,0,4,2,0,13,1,2,8,0,0,1,4,3,0,0,0
0,1,0,3,0,12,4,0,2,0,3,1,4,1,0,0,3,1,10,0,0,1,0,0,6,0,9,2,3,6,0,0,0,0,0,0,0,2
0,2,0,12,5,10,1,0,1,5,10,0,1,1,0,0,2,4,2,7,3,2,0,0,4,1,8,2,5,3,0,0,1,0,2,1,0,0
1,2,0,9,2,1,3,2,0,2,2,0,5,0,1,0,1,3,3,1,2,1,1,0,1,0,4,3,0,2,1,0,0,0,0,1,0,1
3,0,0,3,1,12,3,0,3,2,0,3,1,4,0,3,1,2,6,6,3,5,0,0,4,3,15,4,2,7,1,2,0,0,0,0,0,0
0,0,1,1,0,0,0,0,0,1,3,3,3,0,0,0,1,0,1,1,2,0,0,0,2,0,4,0,1,2,1,0,0,1,2,0,0,0
0,0,1,3,3,1,5,0,0,1,5,1,4,1,0,0,0,0,0,3,2,0,1,0,1,0,6,5,2,3,0,0,0,0,0,3,0,0
2,1,1,10,8,17,8,0,0,10,13,7,0,3,0,0,4,9,2,12,4,6,1,2,22,2,18,18,3,20,0,1,0,2,1,1,0,4
2,0,0,1,4,2,0,0,3,0,2,1,1,0,0,0,2,2,3,9,2,0,0,3,5,1,2,2,0,3,0,0,0,2,2,0,0,1
0,1,5,13,7,21,28,3,1,1,9,4,8,3,1,1,9,15,20,15,8,8,3,3,28,7,25,18,1,49,4,4,3,8,2,0,1,2
2,1,7,7,9,12,6,2,0,3,4,7,10,1,0,0,1,5,7,17,2,4,1,3,21,2,14,15,1,33,5,5,1,10,7,5,0,3
1,0,0,3,1,3,1,0,0,2,3,2,0,4,0,0,0,1,2,0,0,1,0,0,4,1,3,10,1,11,1,0,0,5,0,0,0,3
0,4,7,19,4,14,17,0,2,4,9,7,0,2,0,0,10,14,25,9,2,8,1,4,37,6,48,37,13,80,15,9,6,17,5,4,0,6
0,0,0,0,0,6,0,0,0,2,0,0,0,0,0,0,0,0,1,1,0,0,0,0,0,0,0,2,1,5,0,0,1,3,0,1,0,1
0,0,0,1,0,2,0,0,0,0,0,0,0,0,0,0,0,0,1,0,0,0,0,0,0,0,4,0,2,3,0,0,0,0,1,0,0,1
1,0,0,0,0,3,0,0,0,0,0,0,0,0,0,2,3,2,0,1,0,0,1,0,2,0,2,1,2,9,1,0,0,0,0,0,1,0
2,1,0,9,3,3,2,0,0,3,3,2,1,3,0,0,0,0,5,3,3,0,0,1,6,0,8,17,2,20,4,2,0,1,1,6,0,1
0,0,0,0,0,0,0,1,0,1,1,0,0,0,0,0,2,1,0,0,0,0,0,1,4,0,3,3,1,2,1,0,0,0,0,2,0,0
0,1,1,0,0,0,3,0,0,0,0,0,0,0,0,0,0,1,0,0,0,0,0,0,1,0,2,3,0,0,0,0,1,0,0,1,0,0
0,0,0,0,0,1,0,0,0,0,1,1,0,0,0,0,0,0,0,0,0,0,0,0,1,0,0,0,0,0,0,0,0,0,0,0,0,0
0,0,0,0,0,1,0,0,0,0,4,0,0,0,0,1,0,1,0,2,0,0,1,0,2,0,1,2,3,2,0,0,0,0,0,0,0,0
