2.27142857143
2.75727272727
3.56428571429
2.514
2.03770491803
2.43676136364
2.12608433735
1.60902439024
1.71404761905
2.62225490196
1.92308411215
1.85504901961
2.22777777778
2.33282258065
1.50666666667
2.05302325581
1.96668965517
1.7494017094
1.95810126582
2.08273584906
2.27916666667
1.86257142857
1.83029411765
2.01212765957
2.12977272727
2.08592592593
2.01616314199
2.44927966102
2.31606557377
2.2293442623
3.90791666667
3.466
4.361
2.66846774194
3.20833333333
4.79545454545
4.55285714286
4.04714285714
