2,2,0,3,0,0,0,0,0,0,0,0,0,1,0,0,0,0,0,0,0,0,0,0,0,0,0,0,0,0,0,0,0,0,0,0,0,0
9,9,5,11,2,0,1,0,0,0,0,2,1,0,0,0,0,0,0,2,0,0,0,0,0,0,0,0,0,0,0,0,0,0,0,0,0,0
0,5,8,2,0,6,0,0,0,0,0,0,1,0,0,0,0,0,0,0,0,0,0,0,0,2,0,0,0,0,0,0,0,0,0,0,0,0
3,18,14,46,12,31,15,0,2,0,4,1,5,1,0,1,0,0,0,3,2,2,0,1,4,0,1,3,1,2,1,0,1,2,0,0,0,0
2,6,6,21,14,29,10,0,3,4,2,2,5,3,0,4,2,1,1,6,4,0,0,1,8,0,7,8,0,8,0,1,0,0,0,1,0,1
2,3,6,27,4,58,19,1,2,0,8,3,3,0,0,0,7,1,2,4,1,2,0,0,8,0,3,1,2,4,0,1,0,0,0,1,0,0
1,3,1,11,10,42,19,3,3,0,6,4,3,1,0,0,2,2,6,3,0,6,2,4,6,0,6,3,2,8,1,0,0,1,0,1,0,2
0,0,0,2,2,13,7,2,0,0,1,2,3,2,0,0,3,0,5,0,0,1,0,0,2,0,4,1,0,3,1,0,0,3,0,0,0,0
0,1,0,2,0,10,3,0,5,0,1,6,0,2,0,0,0,0,1,0,0,3,1,0,0,0,3,0,0,2,0,0,2,0,0,0,0,0
3,3,2,9,4,3,0,0,0,2,6,4,2,2,0,0,2,3,0,3,3,6,1,2,9,1,4,1,0,9,0,3,0,3,0,0,0,0
6,4,2,43,21,18,7,1,3,1,4,7,1,1,0,1,2,2,3,14,1,4,0,2,12,0,8,9,2,15,4,0,0,1,1,0,0,1
0,1,2,16,9,18,26,0,3,1,2,2,4,6,0,2,5,3,8,3,0,10,5,2,9,1,16,10,0,9,4,0,1,2,0,0,0,0
4,3,3,6,2,27,12,0,3,0,14,3,1,1,0,0,2,5,10,5,2,9,2,2,12,1,13,9,0,13,0,1,4,0,2,2,0,1
1,5,0,8,0,18,11,1,1,3,1,2,6,4,0,2,3,2,7,2,1,5,0,0,6,0,9,7,1,5,2,0,1,2,0,1,0,2
1,0,0,1,0,1,2,0,1,0,0,0,0,0,0,0,0,0,1,0,3,1,0,0,1,0,1,2,0,3,0,0,0,2,0,0,0,0
0,0,0,3,1,20,6,1,2,0,1,0,2,0,0,0,1,3,5,0,1,0,0,2,2,0,9,4,0,1,0,0,0,0,0,0,0,0
4,0,1,6,2,27,16,1,5,1,8,5,0,3,0,1,3,7,6,8,3,9,2,3,1,2,17,2,1,3,2,1,0,0,1,0,0,0
1,4,1,6,4,16,13,0,3,0,6,5,1,1,0,2,2,1,4,0,4,0,1,2,4,2,12,7,0,13,0,1,4,3,0,2,0,0
0,1,0,3,4,12,9,0,4,0,1,2,2,3,0,0,3,7,4,3,1,8,2,0,4,1,18,0,1,4,0,0,1,0,0,0,0,0
2,0,0,7,4,8,1,0,1,1,8,2,2,1,1,1,6,7,1,2,3,4,4,1,5,1,3,2,1,5,0,0,2,0,0,1,0,1
0,1,3,5,2,7,3,0,0,1,3,3,0,1,0,0,4,4,1,4,0,0,0,0,1,0,3,0,0,0,0,0,0,3,0,0,0,0
0,5,0,3,4,11,2,0,0,0,10,9,1,1,0,1,1,1,5,4,1,1,1,2,7,1,5,6,0,12,2,0,1,2,1,0,0,1
0,0,0,1,0,0,0,0,2,1,1,0,0,2,0,0,0,1,4,0,0,0,0,0,3,0,2,0,0,1,0,0,0,0,0,0,0,0
0,0,4,4,3,4,6,0,0,0,1,1,6,0,0,0,0,3,1,0,0,0,0,0,0,0,6,2,0,5,0,0,1,0,0,0,0,0
0,2,3,9,2,11,7,0,1,11,8,7,2,1,2,1,5,9,6,14,6,4,1,3,18,4,24,16,4,36,1,4,1,3,3,4,0,3
0,0,0,3,2,5,1,0,0,0,6,4,3,2,0,0,0,0,3,4,4,1,3,0,5,4,3,2,1,2,1,0,0,3,0,1,0,0
0,1,4,7,6,21,23,2,3,1,8,7,4,2,0,0,7,9,26,15,2,7,1,5,16,3,24,24,1,42,3,0,5,8,3,1,0,4
2,2,3,8,5,6,5,1,0,5,7,7,2,3,0,0,4,1,3,8,1,0,1,1,24,2,14,19,8,25,2,2,0,9,8,2,0,1
0,0,0,4,0,4,0,0,0,1,0,2,0,0,0,1,1,6,2,0,0,1,2,0,2,2,11,6,2,12,3,1,0,1,1,0,0,0
4,1,5,13,11,24,14,1,7,0,17,6,3,2,0,1,9,7,12,6,3,9,2,1,20,0,43,34,16,98,6,9,6,17,6,4,0,3
0,1,0,3,0,2,1,0,0,0,0,0,0,0,0,0,3,2,0,0,0,2,0,0,0,0,5,2,2,4,1,2,0,0,1,0,0,1
0,0,2,0,1,1,0,0,0,0,0,0,2,0,0,0,0,0,1,0,0,0,0,0,1,0,1,0,1,1,0,0,0,0,1,0,0,1
0,1,0,2,1,2,2,0,3,1,0,0,0,0,0,0,0,0,0,0,0,0,0,0,1,0,2,6,0,6,5,1,1,3,0,1,0,4
0,2,0,6,7,7,0,0,1,0,5,0,0,0,0,0,1,3,2,3,2,1,3,0,9,0,5,6,2,10,3,2,2,5,3,2,0,2
1,0,0,4,0,0,0,0,2,0,0,0,0,0,0,0,1,3,3,3,0,0,2,0,0,0,5,0,1,3,2,0,0,0,0,1,0,3
0,0,0,0,0,0,1,0,0,0,0,0,0,2,0,0,0,0,0,0,0,0,0,0,4,0,0,3,0,0,0,0,0,0,1,3,0,1
0,0,0,0,0,0,0,0,0,0,1,0,0,0,0,0,0,0,0,0,0,1,0,0,0,0,1,0,0,0,0,0,1,0,0,0,0,0
0,0,0,1,0,2,4,0,0,0,1,0,1,0,0,0,0,1,1,5,0,0,1,0,2,0,1,0,0,3,1,0,3,0,0,0,0,2
