1,0,0,0,0,0,0,0,0,0,0,0,0,0,0,0,0,0,0,0,0,0,0,0,0,0,0,0,0,0,0,0,0,0,0,0,0,0
3,7,18,8,0,3,1,0,0,0,0,0,0,0,0,0,0,0,1,2,1,0,0,0,1,0,2,0,0,1,1,0,0,1,0,0,0,0
1,4,3,2,0,5,0,2,0,0,0,0,0,0,0,0,0,0,0,1,0,0,0,0,2,0,0,1,0,0,0,0,0,0,0,0,0,0
11,8,31,33,9,23,7,0,1,1,4,7,0,2,0,2,2,0,0,1,0,0,1,2,2,0,5,1,0,1,0,0,0,0,0,0,0,0
2,2,4,34,6,37,23,0,1,6,14,4,3,4,0,0,2,7,12,4,7,4,0,1,7,1,5,9,3,0,0,1,0,3,0,0,0,1
3,3,6,11,4,34,22,1,1,0,1,3,1,0,0,0,5,1,1,3,1,2,1,2,3,0,6,1,0,6,0,0,0,0,2,0,0,0
0,6,4,5,3,34,14,4,2,0,9,6,7,3,0,0,3,0,8,0,4,3,2,6,0,3,11,3,0,8,1,0,0,1,0,0,0,0
1,1,0,4,4,5,6,0,1,0,2,1,3,0,0,0,3,4,0,0,0,0,0,0,2,0,3,1,0,2,0,0,0,1,0,0,0,0
0,4,1,1,0,5,1,0,2,0,0,0,1,0,0,0,1,3,0,0,0,0,0,0,1,0,1,1,0,1,0,0,0,0,0,1,0,0
0,3,0,5,4,1,1,0,0,2,0,3,0,0,0,0,0,0,0,1,2,1,0,3,2,0,2,3,0,3,0,0,0,0,3,0,0,0
9,8,9,27,16,10,6,0,0,7,5,5,5,2,0,2,4,5,7,8,3,12,2,2,10,5,7,14,0,11,1,0,2,3,2,2,0,1
2,3,1,18,10,19,4,1,3,6,11,5,1,2,0,3,4,9,4,1,3,2,1,3,9,0,11,2,3,12,1,2,0,2,0,3,2,0
0,3,2,13,6,22,16,0,1,1,5,3,1,1,0,0,1,4,3,2,2,2,2,0,5,0,13,8,5,7,1,0,1,1,0,1,0,1
1,4,2,14,1,15,17,0,3,3,4,2,2,1,0,2,5,3,6,4,0,4,2,1,6,1,9,2,2,10,1,0,0,0,0,1,0,1
1,0,1,1,1,2,0,0,0,0,1,0,0,0,0,0,2,0,0,0,0,0,0,0,2,0,2,1,0,0,0,0,0,0,0,0,0,0
0,0,0,0,1,10,5,0,3,0,1,2,3,1,0,0,4,2,4,2,1,1,0,4,1,0,9,0,2,3,0,0,1,0,0,0,0,0
2,0,1,6,3,14,15,0,1,0,3,3,0,2,0,0,3,1,4,5,6,7,4,0,10,2,9,7,0,12,0,3,1,2,0,0,0,0
0,0,1,9,0,19,15,0,2,2,9,3,2,0,0,0,3,5,3,2,4,5,1,2,5,4,24,4,4,7,0,0,1,1,0,1,0,1
0,1,1,1,0,6,7,1,4,0,2,2,5,0,0,0,2,7,3,1,1,1,1,2,1,0,11,3,0,8,2,1,0,1,1,1,0,0
4,1,0,9,3,3,7,0,0,1,6,2,1,1,0,0,1,2,3,1,1,3,0,1,4,0,3,3,0,9,0,1,0,1,0,1,0,0
2,1,1,5,0,9,1,1,0,1,7,0,1,1,0,0,0,4,0,1,0,2,2,1,3,0,1,2,0,3,2,2,0,0,0,1,0,0
0,3,2,6,3,9,7,0,0,3,3,1,1,5,0,0,5,11,2,3,2,2,1,4,6,0,5,5,1,6,0,0,1,5,0,1,0,2
0,2,0,0,0,3,1,0,0,0,0,0,0,0,0,0,0,1,1,1,0,0,0,0,0,0,3,0,0,1,0,0,2,0,0,2,0,0
1,0,0,0,2,1,7,1,0,0,1,1,1,0,0,0,1,3,3,3,1,0,0,0,1,0,2,0,1,4,0,0,0,1,0,0,0,1
3,11,0,10,4,19,7,0,2,3,9,6,0,0,0,1,4,9,7,12,5,4,0,1,14,5,12,11,5,38,1,1,2,6,2,0,0,1
0,1,4,2,2,1,4,0,0,0,4,1,0,2,0,0,0,0,0,2,0,3,0,0,6,0,3,3,1,4,0,0,1,0,0,0,0,1
2,6,6,12,0,25,9,1,2,4,4,3,9,0,0,0,9,11,13,8,2,8,5,4,20,3,37,17,5,45,3,4,1,4,1,4,0,4
1,4,4,6,5,9,9,0,1,2,10,9,2,7,0,1,0,4,11,8,4,3,1,3,21,4,17,15,5,28,4,3,0,12,2,8,0,1
0,0,1,5,6,0,5,0,0,0,2,3,3,0,0,0,1,2,5,3,2,1,0,1,12,3,15,3,1,13,0,0,0,3,0,0,0,2
1,6,1,13,7,23,27,0,2,4,10,7,7,9,0,0,5,13,17,4,2,7,2,1,31,5,53,26,8,54,10,2,11,7,5,1,1,7
2,0,0,0,0,0,0,0,0,1,0,1,0,0,0,0,0,0,0,1,0,2,0,2,4,0,2,2,1,4,0,0,0,2,1,0,2,1
0,0,0,0,0,1,0,0,0,0,0,0,0,0,0,0,1,0,1,1,0,0,0,0,0,0,1,1,0,2,0,0,0,0,0,0,0,0
0,0,0,3,0,4,1,0,0,0,0,0,0,0,0,0,1,0,0,0,0,0,0,0,1,0,1,2,0,4,0,0,4,1,2,0,1,2
4,0,3,4,1,5,2,1,0,1,3,3,0,2,0,0,2,2,0,3,1,3,0,0,7,0,5,4,1,9,0,1,1,4,1,0,0,3
1,0,0,2,1,0,0,0,0,1,2,3,1,0,0,0,1,0,0,3,0,0,0,0,3,0,0,0,0,5,0,0,0,1,0,0,0,3
0,0,0,0,0,1,1,0,0,0,0,0,0,0,0,0,0,0,0,0,0,4,0,0,1,0,0,2,0,1,0,0,0,2,0,4,0,6
0,0,0,0,0,0,0,0,0,0,0,0,0,0,0,0,0,0,0,0,0,0,0,0,0,0,0,0,0,0,0,0,0,0,0,0,0,0
0,2,1,0,0,0,0,0,0,0,0,0,2,0,0,0,0,0,0,0,0,0,0,0,0,0,1,0,0,1,0,0,0,0,0,0,0,1
