2,1,0,0,0,0,0,0,0,0,0,0,0,0,2,0,0,1,0,0,0,0,0,0,0,0,0,0,0,0,0,0,0,0,0,0,0,0
2,8,11,3,1,3,0,0,0,0,0,0,0,0,0,0,0,0,1,0,0,0,0,0,0,0,2,0,1,1,0,0,0,0,0,0,0,0
1,6,1,1,0,0,2,0,0,1,0,0,0,0,0,1,0,0,0,0,3,0,0,0,0,0,0,0,0,1,0,0,0,0,0,0,0,0
15,13,27,32,9,21,6,0,0,2,7,2,1,0,0,0,0,3,1,2,1,1,0,0,3,0,7,0,0,3,0,0,0,1,0,0,0,0
3,7,4,35,9,16,21,1,2,2,13,13,1,7,0,2,1,1,3,3,5,0,0,3,10,0,3,5,0,0,0,0,0,2,0,0,0,0
0,3,14,27,1,36,11,0,1,0,1,3,2,1,0,2,2,1,0,3,1,3,0,0,1,1,10,1,2,5,0,0,0,0,0,0,0,0
0,2,3,11,5,22,13,4,1,0,3,3,5,1,0,0,1,3,1,4,0,3,1,0,4,0,3,1,0,7,2,0,1,1,0,0,0,0
0,0,1,6,0,5,3,0,1,0,2,3,0,4,0,1,6,0,2,1,1,0,1,0,3,0,3,0,2,4,3,0,0,0,0,0,0,0
0,0,0,4,1,10,4,0,1,0,4,0,1,0,0,0,0,1,1,0,1,0,0,0,0,0,2,0,0,2,0,0,0,0,0,0,0,0
0,3,1,6,6,2,0,0,0,2,1,2,0,0,2,0,0,0,1,3,0,1,1,0,1,0,5,1,0,0,0,0,0,0,0,0,0,0
10,3,2,32,11,14,5,0,0,3,6,3,3,0,0,0,4,6,5,11,2,11,1,1,7,1,8,13,2,14,0,2,2,3,1,1,0,3
1,1,2,9,9,11,1,0,2,2,8,4,2,1,0,4,10,8,2,4,0,6,6,3,7,0,10,13,2,10,0,0,1,0,2,2,0,1
3,1,1,9,3,5,17,3,1,1,4,0,0,4,0,1,6,7,4,2,1,2,0,1,6,2,7,8,2,5,0,0,1,3,0,3,0,1
1,1,4,6,3,14,5,0,0,0,0,3,3,4,0,1,3,1,3,8,0,7,0,1,6,1,7,6,0,2,1,0,0,1,0,2,0,0
0,0,1,1,0,0,0,1,0,0,0,0,0,0,0,0,1,0,2,1,0,0,0,1,0,0,0,0,0,1,0,0,0,0,0,0,0,0
0,1,0,2,1,2,6,0,0,2,2,1,5,0,0,0,0,0,0,1,0,2,1,2,0,0,4,3,2,0,0,0,0,0,0,0,0,0
0,3,0,9,3,14,7,4,1,0,3,2,2,4,0,0,5,4,9,1,5,3,2,2,3,0,23,0,4,5,2,1,3,0,1,0,0,0
0,4,1,4,3,7,12,0,1,1,3,1,3,1,0,1,0,2,5,4,6,3,4,1,4,1,9,2,3,6,2,6,0,2,2,0,0,0
0,2,0,4,1,5,4,0,0,0,4,1,1,0,0,0,0,3,2,2,2,1,1,3,3,0,12,0,1,6,0,0,0,0,0,0,0,1
5,6,1,7,5,5,3,0,0,2,2,4,1,0,0,0,1,3,3,5,1,1,1,0,6,0,2,2,0,6,0,0,1,0,0,1,0,0
1,0,3,5,2,4,2,0,0,0,4,0,1,0,0,0,4,0,1,1,0,2,0,3,2,2,6,4,0,2,0,3,0,0,0,0,0,0
0,3,3,7,0,13,4,1,0,0,8,3,1,2,0,0,7,3,6,3,3,0,0,2,5,0,9,4,4,11,0,0,0,2,1,1,0,0
0,0,0,0,1,3,0,0,0,0,0,0,0,0,0,0,1,0,1,2,0,1,0,0,2,0,3,0,0,2,0,0,0,1,0,0,0,2
0,0,1,4,1,4,0,0,0,0,1,1,0,1,0,1,1,0,3,0,0,3,0,0,1,0,7,3,1,2,0,0,0,0,0,0,0,0
0,5,3,8,5,11,8,0,1,4,16,7,1,5,0,1,2,4,5,5,4,4,0,0,10,8,17,11,6,20,3,2,2,4,0,1,0,1
0,1,0,0,2,3,2,0,0,0,1,1,0,0,0,0,0,2,0,1,0,1,1,1,1,2,7,4,2,4,0,1,2,1,0,0,0,0
4,3,2,14,9,23,10,1,2,2,15,4,4,7,0,0,14,12,12,4,5,10,3,1,27,3,29,12,7,61,2,2,4,6,4,2,1,0
0,1,5,6,3,10,6,0,1,5,13,4,4,0,0,1,2,7,7,8,3,2,0,0,13,2,23,9,2,27,5,0,1,9,1,1,0,1
0,4,1,3,2,2,3,0,0,0,5,0,0,0,0,1,0,1,3,0,0,2,0,0,8,0,6,2,0,14,0,0,4,4,0,0,0,0
5,8,2,15,3,18,12,1,2,1,8,8,9,3,0,0,6,6,19,7,5,3,1,5,21,4,42,40,10,68,5,4,11,9,2,4,0,4
0,0,0,1,0,0,0,0,3,0,0,0,2,0,0,0,0,0,0,0,0,0,0,0,2,0,1,2,1,3,0,0,0,0,0,1,0,0
1,0,0,0,0,2,0,1,0,0,0,2,0,0,0,1,0,0,0,0,0,0,0,0,0,0,2,0,0,3,0,0,0,0,0,0,0,2
0,1,0,1,0,1,0,0,0,0,0,1,2,0,0,0,2,0,1,1,0,0,0,0,0,0,1,1,0,1,0,0,0,1,3,0,0,0
0,2,0,4,7,4,3,0,3,0,5,6,0,3,0,0,0,1,2,0,1,1,0,1,4,2,9,5,1,12,2,2,3,1,2,0,0,2
0,0,0,1,0,0,2,0,0,0,0,0,0,0,0,0,0,0,0,0,0,0,1,0,3,0,1,0,2,4,0,0,1,0,0,2,0,1
0,0,0,1,0,0,1,0,0,0,0,0,0,0,0,0,0,1,0,0,0,0,0,0,0,1,0,1,0,0,1,0,0,1,0,1,0,0
0,0,0,0,0,0,0,0,0,0,0,0,0,0,0,0,0,0,0,0,0,0,0,0,0,0,0,0,0,0,0,0,0,0,0,0,0,0
0,0,0,1,0,0,2,0,0,0,0,1,0,0,0,0,0,0,0,0,0,0,0,0,0,0,0,0,0,0,0,0,0,1,0,2,0,0
