3,3,3,1,0,1,0,0,0,0,0,0,0,0,0,0,0,0,0,0,0,0,0,0,0,0,0,0,0,0,0,0,0,0,0,0,0,0
2,7,2,5,2,5,0,0,0,0,1,0,0,0,0,0,0,0,1,0,1,1,1,0,1,0,0,1,0,1,0,0,0,0,0,0,0,0
1,6,11,0,0,7,0,0,0,0,0,0,0,0,0,0,0,0,0,2,0,0,0,0,2,0,2,0,0,0,0,0,0,0,0,0,0,0
1,11,20,37,10,18,9,1,0,4,11,3,0,0,0,0,0,1,3,0,0,0,0,0,3,1,2,0,0,1,0,0,0,0,0,0,0,0
1,4,5,18,3,12,3,1,2,2,7,2,3,1,0,4,5,1,1,6,2,9,0,0,2,1,3,3,3,9,2,0,0,1,0,0,0,0
3,3,16,20,8,34,16,0,4,0,2,1,1,1,0,1,0,2,2,0,2,1,2,0,0,0,3,0,0,10,0,0,0,1,1,0,0,0
1,0,3,4,4,15,17,0,2,3,0,2,0,0,0,0,4,4,2,0,0,1,0,2,1,1,5,1,0,3,0,0,0,0,0,0,0,1
0,0,0,3,6,9,7,0,1,0,1,0,0,0,0,1,0,1,0,0,2,3,0,0,1,0,4,3,0,2,0,0,0,0,0,0,0,0
0,0,1,2,1,3,3,0,0,0,1,1,0,0,0,0,3,1,5,0,0,0,0,0,1,0,1,0,0,0,0,1,0,0,0,0,0,0
1,2,1,6,2,0,0,0,1,2,0,2,2,0,0,0,0,2,0,4,0,2,0,1,3,0,0,0,0,1,0,0,0,1,0,0,0,0
3,2,7,9,10,13,9,2,3,8,6,4,1,3,0,1,1,4,8,8,4,6,0,1,11,0,10,5,2,10,1,0,1,2,1,0,0,0
3,1,3,3,9,11,10,0,3,6,2,2,4,2,0,3,4,0,4,5,0,3,2,0,5,3,9,3,0,11,1,1,5,2,2,1,0,0
0,1,2,3,2,10,14,0,1,2,3,1,4,0,0,0,2,4,3,2,1,2,0,0,1,0,6,5,1,6,0,0,1,0,1,1,0,0
0,3,3,10,1,5,3,0,0,0,4,2,2,2,0,4,7,6,3,3,1,4,1,3,6,0,10,5,0,6,1,2,0,5,0,0,0,2
0,0,0,1,2,2,1,0,1,0,1,0,0,0,0,0,0,0,0,0,0,2,0,0,2,0,0,0,2,1,0,0,1,0,0,0,0,0
0,1,0,0,0,6,1,0,0,0,1,0,3,0,0,1,0,0,2,0,2,0,0,0,2,0,7,1,1,4,1,0,0,0,0,0,0,0
0,3,3,4,3,13,3,0,0,0,5,4,0,0,0,0,0,2,4,0,2,3,0,2,2,0,9,7,4,9,2,0,2,3,0,1,0,0
1,1,1,6,2,13,11,2,3,0,7,1,1,1,0,0,1,2,2,7,0,4,0,0,2,1,8,1,0,6,0,2,0,0,0,0,0,0
0,0,1,2,2,5,2,0,2,2,0,0,1,0,0,0,5,1,2,5,0,4,0,0,2,0,7,4,0,10,1,0,0,2,0,0,1,0
2,1,0,1,2,1,4,2,2,6,0,1,0,1,0,0,0,4,0,4,4,1,0,0,3,0,7,0,0,5,0,1,0,0,0,0,0,0
1,1,0,2,3,5,2,0,1,2,6,1,1,0,0,3,1,3,0,1,1,0,0,0,6,0,3,4,2,9,0,0,1,0,0,0,0,0
0,1,2,1,0,0,4,1,0,1,2,2,4,3,0,1,3,0,6,4,0,1,2,0,8,1,4,3,0,4,0,1,0,0,0,0,0,0
0,0,0,1,0,1,1,0,0,0,0,0,0,0,0,0,0,2,1,1,0,0,0,0,1,1,5,0,0,0,0,1,0,0,0,0,0,0
0,0,0,0,0,3,1,2,0,1,2,1,0,0,0,0,3,0,2,4,0,0,0,0,2,2,8,0,0,3,0,0,0,0,2,0,0,1
4,11,3,11,7,7,5,0,1,4,6,0,2,2,0,0,3,9,12,15,3,5,1,2,21,4,24,19,2,23,4,1,1,3,1,0,0,1
0,1,2,2,4,2,5,0,0,0,3,3,0,2,0,0,2,0,3,1,0,1,0,1,6,1,9,2,2,7,0,1,1,1,0,0,0,0
5,3,1,7,1,18,18,0,2,1,11,3,3,7,0,1,15,8,15,4,1,8,0,4,15,3,22,18,7,44,3,6,2,5,2,1,0,0
2,1,5,9,8,16,7,0,0,2,10,6,1,2,0,0,3,6,2,3,4,6,1,0,17,1,14,14,5,29,4,5,1,11,1,1,0,2
0,3,0,3,0,7,0,0,2,0,1,1,1,1,0,0,1,1,1,1,2,0,0,0,2,0,5,11,1,15,1,0,0,5,0,0,0,0
4,7,1,16,7,27,11,0,0,5,10,3,3,4,0,0,10,15,16,10,9,13,1,2,21,7,36,44,8,80,6,5,11,8,4,1,0,3
0,0,0,0,0,0,0,0,0,0,0,0,0,0,0,0,1,0,0,0,0,0,0,0,0,0,1,1,0,2,0,0,0,0,0,0,0,0
0,0,0,0,0,0,1,0,0,0,0,0,0,0,0,0,0,0,0,1,0,0,0,0,2,0,3,0,0,2,0,0,2,0,0,0,0,0
0,0,2,0,0,3,1,0,0,0,0,0,0,0,0,0,0,0,2,1,0,0,0,0,1,0,5,1,0,0,0,0,3,2,1,0,0,0
0,1,0,5,5,4,1,0,0,0,4,5,0,0,0,0,0,7,0,3,0,1,1,0,3,1,8,6,1,12,2,6,5,3,6,0,0,2
0,0,0,3,0,0,0,0,0,0,0,1,0,0,0,0,1,0,0,0,0,0,0,0,2,1,3,2,1,0,0,0,0,0,0,1,0,1
0,0,0,1,0,1,0,0,0,2,0,0,0,0,0,0,0,1,0,3,0,0,0,0,1,0,1,0,1,3,0,0,0,2,7,0,0,0
0,0,0,0,0,1,0,0,0,0,0,0,0,0,0,0,0,0,0,0,0,0,0,0,0,0,0,0,0,0,0,0,0,0,0,0,0,0
0,0,0,0,0,2,0,0,0,0,0,0,0,0,0,0,0,0,1,0,0,0,0,0,0,0,0,0,0,1,0,1,0,0,0,0,0,0
