1,1,2,0,0,0,0,0,0,0,1,0,0,0,0,0,0,0,0,0,0,0,0,0,0,0,0,0,0,2,0,0,0,0,0,0,0,0
5,4,7,4,0,3,0,0,0,0,2,0,0,0,0,0,0,0,0,2,0,0,0,0,2,0,0,0,0,0,0,0,0,0,0,0,0,0
0,2,1,2,0,4,1,0,0,0,0,0,0,0,0,0,0,0,0,1,0,0,0,0,1,0,0,0,0,0,0,0,0,0,0,0,0,0
7,13,32,26,9,11,5,0,0,1,1,2,0,0,0,1,3,0,3,0,2,0,0,0,5,1,1,1,0,5,0,0,0,0,0,0,0,0
5,4,1,29,4,14,14,0,5,1,7,8,1,5,0,2,6,5,2,5,4,1,0,0,6,1,7,10,0,7,0,0,0,3,1,0,0,0
7,1,7,10,1,22,13,0,0,0,2,0,4,0,0,0,3,0,3,0,0,0,1,0,6,0,4,3,3,0,0,0,0,0,0,0,0,1
1,2,0,1,2,25,11,2,0,0,1,3,4,0,0,0,2,3,2,0,4,3,3,0,1,0,4,7,0,0,0,0,0,0,0,0,0,0
0,0,0,2,0,7,3,1,1,0,3,1,0,0,0,0,1,0,1,0,0,2,1,1,0,0,1,0,0,2,0,0,0,1,0,0,0,0
0,0,0,0,1,1,2,0,0,0,0,0,0,1,0,0,1,2,0,0,0,0,0,0,0,0,2,0,0,3,0,0,0,0,0,0,0,0
2,1,3,3,2,0,1,0,0,1,5,2,0,0,0,0,0,1,0,0,0,1,0,0,2,0,0,1,0,2,0,2,0,0,0,0,0,1
3,7,5,10,6,14,10,0,0,6,2,3,2,0,0,1,7,3,2,7,2,2,1,3,18,0,9,7,2,9,0,5,0,0,0,1,0,4
0,2,0,9,5,10,9,0,0,4,2,2,2,0,0,5,4,5,5,4,2,5,0,3,4,0,8,4,1,6,2,0,0,3,0,0,0,0
3,1,1,5,2,12,9,0,1,1,2,4,1,0,0,0,2,1,4,3,4,1,0,0,2,1,7,5,0,13,1,0,0,1,0,0,0,0
0,4,5,6,6,6,4,0,0,4,8,1,1,2,0,3,7,0,3,5,3,7,0,0,5,3,1,2,1,4,0,1,3,1,1,0,0,1
0,0,0,0,1,0,1,0,0,0,2,0,0,0,0,0,2,0,0,1,0,4,0,0,0,0,3,1,0,3,1,1,0,0,0,0,0,0
0,0,0,4,2,3,0,0,1,0,0,0,2,0,0,0,0,0,2,0,0,1,0,0,6,0,0,2,0,4,0,0,0,0,0,0,0,1
2,3,1,1,4,12,7,2,2,1,0,3,1,1,0,1,0,1,2,0,1,4,0,1,4,1,10,0,0,4,0,0,0,1,0,1,0,0
0,0,2,1,0,8,13,0,2,1,3,5,0,1,0,0,2,0,4,3,0,5,3,3,6,0,8,5,0,4,0,0,0,0,1,2,0,0
0,0,1,3,0,8,9,0,0,4,1,0,0,0,0,0,3,0,0,0,0,2,0,1,1,0,4,3,0,3,1,0,0,0,0,0,0,1
1,2,0,4,5,0,0,0,1,1,4,0,0,0,0,0,1,4,1,6,0,0,0,0,6,0,6,1,0,3,0,0,0,0,0,2,0,0
0,1,1,4,0,6,0,0,2,0,1,0,2,0,0,0,0,2,0,5,0,4,0,0,4,1,5,0,0,5,0,0,0,2,1,1,0,1
0,0,1,3,3,2,2,0,1,0,7,5,2,2,0,0,0,4,0,1,1,1,0,1,1,0,8,1,0,2,0,0,1,0,0,2,0,0
0,0,0,1,0,3,0,0,0,0,0,0,0,0,0,0,2,3,0,0,0,2,0,0,1,0,2,0,2,2,0,0,0,1,0,0,0,0
0,0,1,5,0,3,2,0,0,0,1,1,0,0,0,0,2,1,3,0,1,3,0,1,3,1,2,2,1,3,0,0,0,1,0,0,0,0
3,6,0,4,5,7,6,0,0,4,13,2,2,5,0,1,2,2,5,9,6,3,1,0,19,5,20,17,1,17,2,0,0,3,0,0,0,2
0,0,0,0,0,4,4,0,2,1,3,3,0,0,0,0,3,1,1,2,0,0,0,0,2,2,3,2,0,4,0,1,0,0,0,0,0,1
1,2,3,8,3,8,8,2,0,2,6,6,3,2,0,1,4,4,9,5,1,8,2,4,20,3,26,8,2,41,3,1,4,6,2,0,0,3
0,3,1,3,3,7,6,1,2,4,6,2,1,2,0,0,4,6,1,8,1,2,2,0,16,2,19,7,1,23,1,3,3,14,1,1,0,5
1,0,1,4,1,5,0,1,0,0,0,3,0,3,0,0,2,1,0,1,0,0,0,0,5,0,3,6,2,9,2,0,1,2,2,0,0,0
0,4,3,11,7,26,7,0,3,0,11,4,4,4,0,0,14,5,13,5,3,3,0,5,15,3,40,19,8,61,9,2,4,11,7,8,0,3
0,0,0,0,0,1,0,0,0,0,0,2,0,0,0,0,0,3,2,0,0,0,0,0,2,1,1,1,0,3,0,0,0,0,0,1,0,0
0,0,0,1,0,1,2,0,0,0,1,0,0,0,0,0,0,0,0,0,0,0,0,0,0,1,1,1,0,1,0,0,1,0,0,1,0,2
0,0,0,2,0,0,0,0,0,0,1,3,0,0,0,1,0,0,0,0,2,0,1,0,1,0,1,0,2,1,1,0,0,2,0,0,0,2
1,1,0,2,0,8,1,0,0,0,0,1,1,0,0,0,0,3,3,2,2,0,0,0,6,1,1,4,1,12,3,0,0,1,1,0,0,1
0,1,0,0,1,2,1,0,0,0,0,2,0,0,0,0,0,0,0,1,0,0,0,0,4,0,4,1,0,1,0,1,1,0,0,1,0,0
0,0,1,0,0,0,0,0,0,0,0,0,0,0,0,0,0,1,1,2,0,0,0,0,0,0,0,0,0,1,0,0,1,0,0,1,0,1
0,0,0,0,0,0,0,0,0,0,0,0,0,0,0,0,0,0,0,0,0,0,0,0,0,0,0,0,0,0,0,0,0,0,0,0,0,0
0,0,0,0,0,0,0,0,0,0,0,0,0,1,0,0,0,0,0,0,0,2,0,0,2,0,0,0,0,0,0,1,1,0,0,0,2,3
