2,3,0,0,0,0,1,0,0,0,0,0,0,0,0,0,0,0,0,0,0,0,0,0,0,0,0,0,0,0,0,0,0,0,0,0,0,0
2,6,4,4,3,3,0,0,0,0,0,0,0,0,0,0,0,0,0,0,0,0,0,0,0,0,0,0,0,0,0,0,0,0,0,0,0,0
0,6,7,0,0,9,1,0,0,0,0,0,0,0,0,0,0,0,0,0,0,0,1,0,0,0,1,0,0,0,0,0,0,0,0,0,0,0
6,10,16,20,3,17,1,1,0,0,3,1,3,1,0,1,0,0,1,0,1,0,0,0,2,0,2,2,0,1,0,0,1,0,0,0,0,0
2,4,1,19,3,12,5,0,1,1,4,1,2,1,0,2,2,0,2,0,2,2,2,1,3,0,2,3,0,1,1,3,0,0,0,0,0,0
0,3,10,8,1,23,17,0,0,1,1,1,0,0,0,0,4,0,0,0,0,5,1,0,2,1,8,0,0,4,0,0,0,0,2,0,0,0
1,6,3,9,1,12,16,1,0,1,0,0,1,0,2,0,6,2,4,2,1,0,0,0,3,1,7,2,0,3,1,0,0,0,0,1,0,0
0,0,0,7,1,8,6,0,5,1,1,3,0,0,0,0,1,3,2,0,0,0,0,1,1,0,4,0,0,0,1,0,0,0,0,0,0,0
0,1,0,2,1,3,4,0,0,0,2,0,0,2,0,0,0,0,1,0,0,0,0,0,1,0,0,0,2,0,0,0,0,0,0,2,0,0
0,0,0,1,1,0,0,0,1,4,0,1,0,0,0,0,0,0,0,0,1,0,0,0,5,0,1,1,0,3,0,0,0,0,0,0,0,0
2,4,4,31,8,8,7,3,2,2,7,3,3,2,0,4,10,2,3,4,3,3,0,6,13,2,7,8,1,9,0,1,1,2,0,0,0,0
1,1,0,4,5,11,7,0,0,0,4,2,3,2,0,1,2,0,5,1,3,4,2,0,7,4,2,0,3,3,0,0,1,4,0,0,0,0
1,0,2,4,3,17,7,0,0,0,2,7,0,0,0,0,3,2,3,1,3,1,0,0,3,0,9,4,1,9,1,0,2,0,0,0,0,0
2,3,0,13,8,5,4,0,2,1,6,6,0,1,0,2,4,1,8,4,1,7,1,0,3,0,12,2,1,3,0,0,1,1,0,0,0,3
0,0,0,1,0,0,0,0,0,0,1,0,0,0,0,0,0,0,0,0,0,0,0,0,0,0,0,0,0,2,0,0,0,0,0,0,0,0
0,1,0,0,0,2,4,0,0,0,1,0,0,0,0,0,0,2,1,0,0,0,0,0,2,0,4,1,0,1,0,0,0,1,0,0,0,0
3,0,0,3,0,5,3,0,0,0,2,2,2,0,0,1,3,2,1,3,2,2,0,0,0,2,5,3,0,10,2,0,0,0,0,1,0,3
1,0,0,2,1,11,8,2,0,2,1,1,1,0,1,0,0,0,2,3,1,3,0,2,4,0,4,7,3,4,1,0,3,0,1,1,0,0
0,0,3,0,0,4,6,0,0,0,2,2,4,0,0,0,0,4,0,2,0,1,0,2,0,0,5,1,0,9,0,1,1,0,0,0,0,1
1,1,1,5,2,2,0,0,0,1,6,0,2,0,0,0,0,0,0,5,1,0,0,0,1,0,3,4,2,1,0,0,1,0,0,0,0,0
0,3,4,6,1,0,2,0,0,6,1,1,0,0,0,0,0,1,4,2,0,0,0,0,5,2,0,0,0,2,0,1,0,0,0,2,0,0
0,0,5,2,0,1,2,0,1,0,3,0,0,0,0,0,1,2,7,0,2,1,0,1,4,1,3,3,2,2,1,0,0,0,2,0,0,0
1,0,0,0,0,2,0,0,0,0,0,1,0,1,0,0,0,0,1,2,0,1,0,0,4,0,0,0,1,0,0,1,0,0,0,0,0,0
1,0,0,1,1,3,0,0,0,2,3,0,0,0,0,0,0,1,2,3,0,0,0,0,2,1,13,1,3,4,0,0,0,2,0,1,0,0
1,2,1,11,5,5,3,0,1,4,6,2,4,6,1,1,2,0,5,7,6,1,2,5,16,4,19,7,4,25,1,0,1,6,2,2,0,3
0,0,0,3,0,1,1,0,1,0,4,0,0,0,0,0,0,2,0,2,3,1,0,1,3,3,4,5,1,2,0,0,1,0,0,3,0,3
2,3,0,13,1,16,9,0,1,2,6,1,3,5,0,2,2,4,5,5,2,10,0,0,21,1,17,9,1,25,4,3,0,3,2,0,0,1
3,2,0,13,3,14,8,0,0,4,4,8,0,6,0,1,3,4,2,10,4,1,1,3,8,0,15,11,5,22,3,1,1,8,3,0,0,3
0,2,1,8,0,2,0,0,0,3,3,1,1,0,0,0,0,0,0,0,0,0,1,2,2,1,3,10,0,9,0,0,0,0,0,0,0,0
1,4,9,12,6,14,15,2,1,3,3,4,2,2,0,1,7,5,12,11,1,14,0,2,18,4,33,17,1,48,7,10,1,7,1,8,0,3
0,0,0,0,0,2,0,0,0,1,2,1,0,0,0,0,0,1,1,0,0,0,0,0,2,0,3,1,0,6,0,0,0,0,0,1,0,0
0,0,0,0,0,0,1,0,0,0,0,0,0,0,0,0,0,0,0,0,0,0,0,0,1,0,4,0,0,1,0,1,0,0,0,1,0,0
2,0,0,2,0,4,1,0,0,0,0,0,0,0,0,0,0,0,1,0,0,0,0,0,4,0,0,1,2,4,0,0,0,0,0,0,0,1
0,0,0,2,0,1,2,0,0,0,4,3,3,1,0,1,1,0,0,0,0,1,0,0,1,3,3,7,0,4,1,0,0,0,2,0,0,4
1,0,0,0,0,1,0,0,0,1,0,1,2,0,0,0,1,1,1,1,0,0,0,0,0,3,1,1,1,1,1,0,0,0,0,0,0,1
0,0,0,0,0,0,1,0,0,0,0,0,0,0,0,0,0,0,0,0,0,0,0,0,1,0,0,0,0,0,0,0,2,1,0,0,0,0
0,0,0,0,0,0,0,0,0,0,0,0,0,0,0,0,0,0,0,0,0,0,0,0,0,0,0,0,0,0,0,0,0,0,0,0,0,0
0,0,0,1,0,2,0,0,0,0,0,0,0,1,0,0,0,0,0,0,0,0,0,0,0,0,0,1,0,0,0,0,1,0,0,3,0,0
