0,0,0,0,0,0,1,0,0,0,0,0,0,0,0,0,0,0,0,0,0,0,0,0,0,0,0,0,0,0,0,0,0,0,0,0,0,0
1,3,1,9,1,1,1,0,0,0,0,0,0,0,0,0,0,0,0,0,0,0,0,0,0,0,0,0,0,1,0,0,3,0,0,0,0,0
0,3,5,1,0,2,0,0,0,0,0,0,0,0,0,0,0,0,0,0,1,0,0,0,0,0,0,0,0,0,0,0,0,0,0,0,0,0
4,24,8,70,27,34,17,7,2,2,12,12,0,7,0,0,5,4,2,4,0,3,0,0,2,0,2,4,1,1,0,1,0,2,0,0,0,0
0,5,1,23,13,4,13,2,2,2,9,11,4,5,1,0,2,4,1,8,1,2,2,0,5,0,4,0,0,7,0,0,0,6,0,0,0,0
2,12,11,27,10,74,85,14,3,1,7,10,5,4,0,0,7,6,5,1,1,1,0,0,1,2,7,1,5,2,3,3,0,0,1,0,1,0
1,4,7,19,15,60,47,13,4,1,6,10,16,13,4,1,11,12,8,2,3,5,2,1,1,1,9,0,2,4,0,0,3,0,1,1,1,0
0,1,0,1,6,5,19,1,1,0,8,3,2,9,0,3,8,2,5,3,0,4,0,1,0,0,4,2,1,2,1,0,0,0,0,0,0,0
0,0,0,4,0,12,4,2,4,0,0,3,3,1,0,1,1,1,1,2,1,0,0,0,0,0,0,1,0,2,0,0,0,0,0,0,0,0
1,0,0,0,3,0,2,2,1,2,4,1,2,2,0,0,0,1,0,3,0,6,0,0,2,0,3,0,0,1,0,0,0,1,0,0,0,0
0,0,0,1,5,4,4,0,0,3,10,3,3,1,0,3,1,0,4,3,1,6,2,4,9,3,2,1,2,2,0,0,1,2,0,0,0,1
0,1,0,10,1,4,6,3,0,1,11,10,3,13,0,5,3,3,0,6,0,9,4,2,7,0,15,2,5,3,0,0,2,0,0,1,0,1
0,0,1,1,4,7,19,2,4,0,4,2,5,5,0,0,3,4,4,0,0,6,0,1,4,0,10,0,4,3,0,2,0,0,0,0,0,2
1,0,1,4,0,3,5,1,0,0,4,3,3,1,0,1,5,2,3,5,2,6,0,4,5,3,9,3,2,2,7,0,0,4,1,0,0,0
0,0,0,0,0,2,0,2,0,0,0,1,0,0,0,1,0,0,2,3,1,2,1,0,1,0,3,3,0,0,0,0,0,0,0,0,0,0
0,0,0,0,2,5,8,2,2,0,3,2,2,4,0,3,0,0,1,0,0,1,0,0,3,0,4,0,1,0,0,0,0,1,0,0,0,0
0,0,0,7,0,14,6,5,1,0,2,2,1,7,0,1,1,1,4,3,1,4,1,5,3,0,7,1,2,5,0,2,0,0,0,4,0,2
0,1,0,6,2,2,11,3,1,0,12,14,10,7,3,1,3,4,3,4,0,9,2,6,3,2,9,1,2,0,0,2,3,2,0,0,0,1
2,0,0,1,0,5,16,2,5,1,3,4,5,4,0,6,10,6,9,0,0,5,2,2,5,1,10,6,1,5,0,0,0,0,0,0,0,0
2,3,0,2,4,3,2,2,0,4,17,9,1,7,0,0,2,5,6,3,2,5,0,2,7,5,1,2,2,2,2,0,1,1,0,2,0,2
0,0,0,1,4,1,1,1,0,0,4,1,0,6,0,1,1,5,2,0,2,3,0,3,3,0,3,1,0,0,0,0,1,0,0,0,0,0
2,1,0,2,3,0,1,4,0,1,8,12,5,6,4,0,8,21,8,1,3,1,1,4,7,2,7,5,3,4,5,0,0,3,1,3,0,0
0,0,0,0,0,2,0,1,0,0,0,1,0,1,0,0,2,0,0,0,0,2,0,0,0,0,5,2,1,0,0,0,0,0,1,0,0,0
0,0,0,3,0,0,3,0,0,0,1,1,0,1,0,0,0,0,0,0,0,0,0,0,0,0,4,3,4,2,0,0,1,0,1,0,0,0
0,0,0,4,8,1,12,2,2,0,14,1,3,9,1,1,5,5,5,20,1,7,0,4,31,6,22,7,3,12,3,0,0,5,1,1,0,3
0,0,0,0,0,1,1,2,0,0,4,1,1,2,0,0,0,1,0,1,0,0,0,0,1,0,4,0,1,7,0,0,0,2,0,0,0,0
0,0,1,0,0,12,9,8,1,1,4,11,6,9,0,4,3,16,13,7,4,18,3,1,27,2,25,10,8,29,7,2,1,7,1,4,0,2
0,2,0,1,3,2,2,1,1,0,3,1,1,0,0,1,3,4,8,6,0,6,1,0,20,4,9,8,4,3,0,0,0,2,3,1,0,2
0,0,0,0,0,0,0,2,0,0,3,0,0,3,0,1,0,0,2,2,0,1,0,0,6,1,12,3,9,4,4,0,0,7,0,0,0,0
0,0,0,2,0,5,4,1,0,2,0,4,5,2,0,0,3,0,4,1,0,3,1,1,3,3,27,7,13,27,7,2,2,4,0,0,0,0
0,0,0,2,0,1,0,0,2,0,0,3,0,0,0,1,1,1,0,0,0,0,0,0,2,0,6,1,0,2,1,3,0,3,0,2,0,0
0,0,0,0,0,2,0,1,0,0,0,2,0,0,0,0,2,0,1,0,0,0,0,0,3,0,1,0,0,2,2,1,1,0,0,0,0,0
0,0,0,0,0,1,0,0,1,0,4,0,0,0,1,0,2,5,0,1,0,4,0,0,0,0,4,0,0,2,0,1,0,2,0,0,0,1
0,0,0,2,1,0,0,0,0,2,0,4,2,6,0,0,2,2,0,2,0,3,0,2,6,1,7,8,6,4,4,0,0,5,1,2,0,1
0,0,0,0,0,0,0,1,0,0,0,0,0,0,0,0,1,0,0,2,0,1,0,0,2,0,0,3,3,1,1,0,0,3,0,0,0,1
0,0,0,0,0,0,1,0,1,0,2,2,0,2,0,0,2,1,0,4,0,0,0,0,3,0,2,2,2,2,0,0,1,0,2,0,0,0
0,0,0,0,0,0,0,0,0,0,0,0,0,0,0,0,0,0,0,0,0,1,0,0,0,0,0,0,0,1,0,0,0,1,0,0,0,0
0,0,0,0,0,0,0,0,0,0,2,2,1,0,0,0,0,0,0,2,0,1,0,0,4,2,0,0,3,2,1,0,1,6,0,0,2,1
