0,0,0,0,0,0,0,0,2,0,0,0,0,0,0,0,0,0,0,0,0,0,0,0,0,0,0,0,0,0,0,0,0,0,0,0,0,0
0,10,0,9,0,3,0,0,0,0,0,2,1,0,0,0,0,0,0,0,0,1,0,0,0,0,0,0,0,0,0,0,0,1,0,0,0,0
4,0,4,0,0,8,0,0,0,0,0,0,0,0,0,0,0,0,0,0,0,0,0,0,0,0,0,0,0,0,0,0,0,0,0,0,0,0
3,13,6,68,21,39,20,4,1,2,6,11,3,13,0,0,0,2,1,1,2,2,0,1,3,1,4,3,0,0,0,1,0,0,0,0,0,0
0,5,0,25,8,11,14,3,0,2,16,9,2,8,2,1,2,0,4,11,2,3,1,1,1,0,0,0,1,1,0,0,0,1,0,1,0,0
1,3,7,32,15,81,55,15,5,1,1,3,13,5,0,6,3,9,9,3,0,0,0,1,5,1,7,5,2,5,2,0,2,2,0,1,0,0
4,2,3,28,5,83,53,14,4,0,3,11,18,4,1,6,4,9,5,0,1,1,2,2,3,6,14,4,4,2,3,1,1,3,0,1,0,0
0,0,0,6,5,13,5,1,1,1,0,4,3,6,0,1,10,4,1,0,1,4,3,0,5,1,4,1,1,1,1,0,1,4,0,1,0,0
0,0,0,2,0,10,11,1,0,0,0,0,0,0,0,1,4,1,3,0,1,0,0,0,0,0,1,0,0,0,1,1,0,0,0,0,0,0
0,4,0,2,3,3,4,0,0,1,3,2,0,2,0,0,0,2,0,3,1,0,0,0,3,0,0,1,0,2,0,0,0,0,1,0,1,0
0,2,1,4,6,1,2,2,0,5,9,2,0,4,1,2,2,4,1,4,2,5,0,3,5,0,4,3,0,1,0,0,0,0,1,1,0,3
0,0,0,3,5,5,13,7,1,2,16,5,6,17,0,3,5,12,5,3,2,5,3,5,5,2,10,3,3,7,3,0,1,4,0,2,0,1
0,1,1,0,0,14,9,3,1,1,5,1,9,13,0,3,2,5,5,1,0,9,3,6,0,0,5,3,0,0,1,1,0,1,2,2,0,0
0,0,0,7,3,2,3,3,4,1,2,5,2,10,1,0,5,4,1,5,2,7,0,0,0,2,9,0,0,4,3,2,0,2,0,0,2,0
0,1,0,1,0,0,5,0,1,0,4,1,0,0,0,0,0,1,0,0,0,5,0,0,5,0,4,0,2,1,1,1,0,0,0,0,0,0
0,0,0,0,1,3,6,6,0,0,1,1,1,4,0,0,2,0,0,1,0,3,1,1,2,0,4,0,0,1,0,0,3,3,0,0,0,0
0,0,0,4,2,7,3,5,1,0,2,5,4,4,3,2,4,3,3,2,2,3,1,0,1,5,5,0,1,3,1,0,1,0,0,0,0,1
0,0,0,3,1,2,14,6,0,0,3,9,3,4,0,5,9,2,3,6,3,15,5,1,2,3,18,0,4,4,2,0,0,3,0,2,0,0
1,1,1,2,2,5,9,2,6,0,0,3,6,9,1,4,6,12,5,0,0,1,4,2,7,4,15,3,2,4,0,0,1,2,0,0,0,0
0,0,1,5,6,6,4,3,1,1,8,8,3,6,1,2,0,16,1,3,4,3,1,2,6,1,8,6,0,3,1,0,0,1,2,1,0,2
0,0,0,1,4,4,1,0,0,0,3,5,0,1,0,0,2,0,3,0,0,7,0,0,4,0,2,0,0,3,1,0,0,1,1,1,0,0
0,2,0,5,3,4,0,3,1,2,6,7,2,11,4,0,5,11,2,3,1,4,0,2,8,1,13,4,10,10,0,2,2,1,1,0,0,0
0,1,0,2,1,2,0,3,1,0,1,2,1,0,2,0,0,1,0,1,0,3,0,0,5,0,2,0,0,1,1,2,0,2,0,0,0,0
0,0,0,0,0,5,0,1,0,1,0,7,2,1,0,1,4,8,1,2,0,0,0,3,4,0,4,3,0,3,0,1,0,1,0,0,0,0
0,2,0,1,2,4,4,1,0,2,8,3,4,9,1,1,2,4,7,17,3,6,2,3,25,9,26,29,6,15,0,3,0,6,2,1,0,0
0,0,0,0,0,1,2,1,0,1,4,3,0,4,0,0,3,3,0,2,1,1,2,0,9,1,5,2,0,5,0,0,2,2,0,0,0,0
1,3,1,0,5,7,15,11,2,2,5,2,12,11,7,5,7,16,17,8,1,20,1,3,20,8,27,4,13,31,2,4,4,8,4,4,2,3
0,0,0,0,4,2,0,4,1,0,2,2,0,3,0,0,0,2,4,2,0,2,0,2,24,5,13,14,6,7,3,0,0,6,0,3,0,5
0,1,0,5,1,2,0,0,1,0,1,0,0,3,0,1,0,2,1,5,0,4,3,0,15,2,6,7,7,9,0,0,0,4,0,1,0,0
0,0,0,0,3,4,3,0,1,1,3,2,8,2,0,1,5,8,13,3,3,5,1,1,11,4,30,6,6,36,5,1,1,8,1,1,0,0
0,0,0,0,0,0,1,0,0,0,2,0,0,1,0,0,2,4,1,1,0,0,0,0,0,1,2,0,0,0,1,0,3,1,1,1,0,0
0,0,0,0,0,0,2,0,1,1,0,2,0,0,0,0,0,0,2,1,0,0,0,0,0,0,2,0,1,6,1,0,0,0,0,0,0,0
0,0,0,0,0,0,2,1,0,0,0,2,2,2,0,4,2,1,2,1,0,2,0,0,1,0,2,0,0,0,4,0,5,2,0,2,0,0
0,0,0,0,0,0,3,1,1,1,10,0,1,4,1,2,2,2,2,1,1,1,1,5,9,1,5,6,9,5,5,0,0,4,1,2,0,2
0,0,0,0,3,0,0,0,0,0,1,0,0,1,0,0,1,0,0,1,1,0,0,0,1,2,0,0,5,5,2,0,0,0,1,0,0,0
0,0,0,2,1,0,0,0,1,0,2,0,3,0,0,3,0,0,0,1,1,0,0,0,1,0,2,1,1,2,1,0,1,11,1,0,0,1
0,0,0,0,0,0,0,1,0,0,0,1,0,0,0,0,0,0,0,0,0,0,0,0,0,0,0,0,0,2,0,0,0,1,0,0,0,0
0,0,0,0,0,0,2,0,0,0,2,0,0,1,0,0,0,1,0,3,0,1,0,0,0,1,0,0,0,2,3,0,0,1,1,0,0,1
