1,0,0,0,0,2,0,0,0,0,0,0,0,0,0,0,0,0,0,0,0,0,0,0,0,0,0,0,0,0,0,0,0,0,0,0,0,0
1,4,8,6,3,0,0,0,0,0,1,2,0,0,0,0,0,0,0,1,0,1,0,0,0,0,0,0,0,0,0,0,0,0,0,0,0,0
0,0,8,3,1,5,1,0,0,0,0,1,0,0,0,0,0,0,0,0,0,0,0,0,0,0,0,0,0,0,0,0,0,0,0,0,0,0
3,23,4,83,35,32,12,4,6,4,9,9,3,2,1,2,3,1,2,7,5,3,2,0,4,0,2,3,1,0,1,0,0,3,0,0,0,0
0,4,1,23,8,8,13,4,0,6,6,7,2,4,4,2,2,2,2,4,2,3,1,0,2,1,3,0,1,1,0,0,0,2,0,0,0,1
2,10,13,26,9,94,58,9,3,0,4,9,7,0,0,3,10,7,2,4,0,0,0,0,8,1,6,0,0,1,0,0,0,0,0,0,0,0
1,1,2,26,9,73,56,13,10,0,1,6,17,6,2,4,12,8,13,1,1,5,0,2,2,0,12,0,0,8,0,0,0,1,0,2,0,1
0,0,0,3,1,12,10,2,2,0,1,9,2,4,4,4,6,3,10,0,0,1,4,2,4,3,4,2,0,3,1,2,0,1,0,0,0,0
0,0,0,5,0,10,10,0,0,0,3,2,1,0,0,1,2,5,2,0,2,0,0,1,0,0,3,3,0,0,0,0,0,0,0,0,0,1
0,1,0,0,3,2,1,0,0,0,4,1,0,0,0,0,0,0,0,1,4,0,0,0,3,0,1,1,0,1,0,0,0,0,1,0,0,1
0,0,0,8,8,3,1,0,0,0,11,8,2,4,2,2,2,6,0,6,4,3,1,0,4,0,2,4,4,3,0,0,0,3,0,1,0,1
0,0,0,3,13,8,11,3,4,1,12,16,3,19,1,7,9,11,5,4,1,7,5,1,5,1,9,2,4,4,0,3,0,6,2,3,0,0
0,1,0,7,4,9,18,3,0,0,1,2,1,3,2,0,13,8,6,0,0,2,1,2,3,0,6,1,4,0,1,1,2,4,0,0,0,0
0,0,0,1,3,4,4,3,3,1,4,8,4,4,1,3,2,0,3,4,3,5,0,6,5,1,7,2,1,2,2,0,2,1,2,1,0,0
0,0,0,0,0,0,0,1,2,0,0,0,0,2,0,0,1,2,2,1,0,1,1,2,1,0,1,0,0,0,0,2,0,0,0,2,0,1
0,0,0,1,2,5,8,4,0,0,0,6,1,3,0,1,0,2,3,1,1,3,2,3,1,0,3,1,0,2,0,0,0,0,0,1,0,0
0,0,0,2,0,17,5,4,4,0,1,8,7,2,0,2,1,4,8,2,1,6,2,1,2,0,10,1,3,1,1,1,3,0,0,3,0,0
0,1,0,7,4,9,12,4,1,4,3,7,11,10,2,0,8,3,2,9,2,7,1,2,3,2,20,0,2,4,0,0,0,2,1,1,0,0
0,0,0,0,3,4,9,1,2,3,0,3,7,10,2,1,10,13,6,5,0,4,1,0,4,0,23,3,3,2,3,0,1,3,0,1,0,2
0,2,3,4,3,7,4,1,0,3,6,3,1,4,1,1,6,3,4,10,2,4,3,3,8,2,5,6,0,5,0,2,0,2,1,0,0,4
0,0,1,4,0,1,0,1,0,3,4,3,2,1,0,1,0,5,1,0,0,1,0,0,2,0,0,3,0,2,7,0,0,1,1,0,0,0
0,0,0,2,2,6,1,2,2,1,13,11,3,9,0,2,5,6,11,0,2,5,1,1,14,3,8,1,0,3,3,0,2,0,2,1,0,0
0,0,0,0,0,0,3,0,1,0,1,1,1,3,0,0,1,0,0,1,0,1,1,0,0,2,2,1,1,0,1,0,0,1,0,0,0,1
0,0,1,2,2,1,4,4,1,0,1,3,0,2,2,2,0,0,1,2,0,0,0,0,1,1,4,1,2,1,0,0,0,2,1,0,0,0
0,0,2,2,6,0,6,3,0,6,11,5,8,9,6,5,1,10,8,15,0,9,4,3,26,7,25,18,8,11,1,1,2,5,3,2,0,1
0,0,0,1,0,0,7,0,0,0,4,2,2,2,0,1,3,2,3,3,1,3,2,0,4,1,7,1,4,1,0,0,0,1,0,0,0,0
0,0,0,3,1,13,10,4,2,0,4,6,6,8,0,8,8,24,16,5,3,9,3,4,16,5,25,5,17,25,2,1,6,9,1,5,1,1
0,1,0,1,2,1,2,0,1,2,1,2,0,4,0,0,1,3,2,7,0,3,1,1,16,3,7,20,11,13,1,1,1,16,3,1,1,2
0,0,1,0,0,0,2,0,0,0,1,4,0,0,1,0,0,2,4,2,0,1,0,0,8,1,3,6,2,3,0,1,0,6,2,3,0,0
0,0,1,0,2,14,1,4,0,0,0,0,5,5,0,0,9,16,20,7,5,4,1,6,16,2,41,10,3,27,2,0,0,5,2,2,0,3
0,0,0,0,0,0,0,0,0,0,3,0,0,3,0,0,2,0,0,1,0,0,0,0,7,0,5,4,5,4,3,1,1,0,3,0,0,1
0,0,0,0,0,1,0,1,0,0,1,0,1,2,0,1,0,0,0,0,0,3,0,0,1,0,0,1,0,1,0,0,0,3,0,0,0,1
0,0,0,0,1,0,1,0,0,0,0,0,3,1,1,0,5,2,1,5,0,1,0,2,4,0,1,0,0,1,7,1,1,0,2,3,0,1
0,0,0,2,0,0,1,2,0,1,2,2,4,5,0,0,1,2,2,5,1,5,0,0,6,2,5,6,7,11,2,3,0,0,3,7,0,4
0,0,0,2,0,0,0,2,0,0,0,0,0,0,0,0,0,1,0,3,0,0,0,1,1,1,0,0,1,5,3,0,0,0,1,0,0,2
0,0,0,0,0,0,2,0,0,1,1,1,0,0,0,2,2,2,0,4,0,2,0,0,2,0,0,1,0,0,1,0,0,3,0,1,0,1
0,0,0,0,0,0,0,0,0,0,2,0,0,0,0,0,0,0,0,1,0,0,0,0,0,0,0,0,0,0,0,0,0,0,0,0,0,0
0,0,0,0,0,0,1,0,0,2,3,0,1,2,0,1,0,2,0,2,1,0,0,0,0,0,1,0,3,1,0,0,0,1,1,0,0,0
