1,0,0,0,0,0,0,0,0,0,0,0,0,0,0,0,0,0,0,0,0,0,0,0,0,0,0,0,0,0,0,0,0,0,0,0,0,0
2,14,4,8,1,6,2,0,0,0,1,0,0,0,0,0,0,0,0,0,0,0,0,0,2,0,0,0,1,0,0,0,0,0,0,0,0,0
0,2,0,1,0,0,1,0,0,0,0,0,0,0,0,0,0,0,0,0,0,0,0,0,0,0,0,0,0,0,0,0,0,0,0,0,0,0
7,26,5,93,31,30,20,8,2,4,3,3,0,3,2,4,1,2,6,3,0,0,5,0,6,1,1,0,0,0,0,0,0,2,0,0,0,1
0,2,4,26,13,8,12,3,2,0,8,10,4,4,2,5,5,1,2,3,1,1,1,0,6,2,3,0,4,0,0,0,2,0,0,0,0,1
0,4,12,34,12,75,56,4,2,1,1,7,11,2,0,2,12,9,10,2,2,3,0,1,5,0,9,3,2,7,0,0,2,1,0,0,1,0
1,2,1,28,10,55,54,12,7,1,2,9,15,4,4,1,12,8,4,0,3,10,3,3,8,2,13,0,0,2,0,0,0,1,0,1,0,0
0,0,0,6,5,11,10,0,1,0,1,2,3,6,1,2,8,6,3,1,0,3,0,2,1,0,5,0,2,0,0,0,0,2,1,0,0,2
0,1,1,3,1,15,15,1,0,0,0,2,0,0,2,0,3,2,1,0,0,0,0,0,3,0,1,2,0,2,0,0,0,0,0,0,0,0
0,4,0,3,3,1,2,0,0,0,3,1,2,0,0,0,0,2,0,0,2,1,0,2,5,0,0,0,0,2,0,0,0,0,0,0,1,1
0,4,0,5,4,3,1,5,0,1,5,5,0,3,1,0,0,2,2,8,1,9,1,0,8,1,3,1,0,1,1,0,0,1,0,0,1,1
1,2,0,6,8,8,12,1,2,2,2,5,3,10,1,9,7,3,3,6,5,19,1,5,7,0,10,6,0,5,0,1,1,3,1,0,0,0
0,0,0,2,3,13,16,5,4,0,2,3,6,3,0,1,13,10,5,0,3,2,0,1,2,2,9,2,2,2,1,0,1,2,0,2,1,0
0,1,0,6,6,6,12,5,0,4,2,9,5,3,0,0,7,5,4,1,2,7,2,3,4,0,7,3,3,0,0,0,2,2,0,1,0,1
0,0,0,2,2,0,3,1,0,0,1,0,1,0,2,0,0,2,0,0,0,5,0,0,3,0,3,0,0,1,1,0,0,0,0,0,0,0
0,0,2,1,0,3,8,9,0,2,0,9,0,2,1,1,0,7,0,0,0,1,0,0,0,0,3,1,1,0,0,3,2,1,0,0,0,0
0,0,0,0,5,6,5,8,4,0,1,11,1,1,0,2,4,5,1,4,0,9,0,3,6,0,10,2,2,4,1,1,1,1,0,1,0,0
0,0,0,4,2,6,4,6,1,1,7,7,8,4,0,1,4,2,2,5,8,11,1,1,7,0,16,3,2,0,1,0,1,0,1,0,0,0
0,0,0,7,0,9,9,3,1,2,1,1,7,0,2,4,7,2,9,1,1,14,0,1,7,1,6,3,3,0,1,1,1,1,0,2,1,1
3,0,0,2,6,3,5,7,5,1,10,11,2,9,2,3,6,7,2,7,0,3,5,3,7,3,9,0,0,6,0,0,0,5,0,0,0,0
0,0,0,0,1,0,1,0,0,2,3,1,1,4,1,0,1,2,0,1,0,1,0,0,1,1,2,0,0,3,1,0,2,0,0,2,1,0
0,0,0,0,7,1,4,0,1,2,4,5,3,13,1,3,6,11,7,7,2,6,1,0,11,1,7,4,1,5,0,0,0,3,0,1,0,0
0,0,0,0,0,2,2,0,0,0,0,0,0,2,0,0,0,0,0,1,0,0,0,1,0,4,4,0,0,0,0,0,0,0,0,0,0,2
0,0,0,2,0,6,4,4,0,1,1,1,0,1,0,0,0,3,1,2,0,0,0,2,1,0,2,0,4,1,0,0,0,2,0,0,0,0
0,1,1,2,1,1,8,3,0,1,4,4,3,4,1,2,4,5,7,16,5,13,1,0,32,5,30,20,11,19,3,0,0,2,0,1,0,0
0,1,0,0,0,0,0,3,0,0,1,1,0,2,0,0,1,2,1,1,0,5,0,0,3,1,2,6,0,3,0,1,0,0,1,1,0,0
0,1,0,2,3,13,10,5,2,0,1,8,8,4,0,5,5,16,18,6,1,21,2,5,29,4,53,14,17,21,6,0,4,8,0,1,0,0
0,0,0,5,3,0,1,1,2,1,0,1,2,3,0,2,0,3,3,4,5,4,0,0,20,6,9,11,10,10,2,0,0,5,5,3,0,0
0,0,0,3,0,3,2,2,1,1,0,2,3,0,0,0,0,1,3,2,3,3,2,0,4,1,11,9,1,3,2,2,1,4,1,2,0,1
0,0,0,1,1,5,7,0,4,1,0,0,1,1,0,0,2,7,14,6,1,7,2,2,19,6,38,9,2,50,3,0,0,9,2,1,0,0
0,0,1,0,0,1,1,0,0,0,0,0,1,2,0,0,0,5,0,0,0,1,0,0,2,0,2,0,5,9,1,2,1,3,0,0,0,5
0,0,0,0,0,0,2,0,0,0,0,0,0,0,0,0,0,0,0,0,0,0,0,0,0,0,0,1,2,2,3,1,0,2,0,0,0,1
0,0,0,2,0,0,4,2,0,0,1,0,0,1,0,0,1,3,1,0,0,1,0,0,0,0,1,0,0,3,3,0,0,0,0,1,0,1
0,0,0,0,1,1,0,0,0,1,4,0,0,2,0,0,2,5,2,1,2,2,0,2,5,1,5,10,8,2,6,1,0,0,3,1,0,1
0,0,0,0,0,0,3,0,0,0,3,0,0,0,0,2,0,0,1,0,0,3,0,0,1,0,0,2,1,6,1,0,0,1,2,2,0,4
0,1,0,0,0,0,4,0,0,0,1,0,0,0,0,0,2,1,0,2,0,5,0,0,2,0,1,0,2,0,1,1,1,1,0,0,0,1
0,0,0,0,1,0,0,0,0,0,1,1,0,0,0,0,0,1,0,1,0,1,0,0,1,0,0,2,0,1,0,0,0,0,0,0,1,0
0,0,0,0,0,1,0,1,0,0,0,0,0,1,1,0,0,6,0,2,1,1,0,0,2,0,1,1,0,1,2,0,0,1,0,0,0,0
