0,1,0,0,0,0,0,0,0,0,0,0,0,0,0,0,0,0,0,0,0,0,0,0,0,0,0,0,0,0,0,0,0,0,0,0,0,0
0,15,6,10,1,1,2,0,0,0,2,3,0,0,0,0,0,0,0,0,0,0,0,0,0,0,0,0,0,0,0,0,0,0,0,0,0,0
0,3,6,0,0,7,1,0,0,0,0,0,0,0,0,0,0,0,0,0,0,0,0,0,0,0,0,0,0,0,0,0,0,0,0,0,0,0
5,22,10,74,32,39,18,6,1,2,11,6,1,2,2,1,4,0,0,2,1,1,1,1,4,0,4,1,0,2,0,0,1,0,0,0,0,0
0,1,0,28,14,18,12,7,1,10,7,7,1,5,2,5,2,5,3,6,1,6,0,2,7,2,4,2,0,0,3,0,0,1,1,0,0,0
0,6,6,41,15,101,58,11,6,0,0,3,11,0,0,1,8,9,1,5,3,3,1,1,9,1,7,1,0,3,0,0,0,0,2,0,0,4
4,1,4,28,11,70,51,18,4,0,5,6,16,4,2,2,3,11,6,3,2,9,4,0,3,0,4,1,1,1,0,0,1,5,0,0,0,0
0,0,0,13,2,11,12,2,3,1,3,4,1,5,1,1,6,2,0,5,1,1,1,3,5,3,5,3,4,3,1,0,2,2,0,0,0,0
0,0,0,2,0,5,13,0,1,0,3,1,0,2,0,0,4,1,0,0,1,0,0,1,0,0,5,0,0,0,0,0,0,0,0,0,0,0
0,0,0,1,3,0,3,1,0,1,1,2,0,2,0,2,0,1,0,2,2,2,1,0,1,0,3,1,1,1,0,0,1,1,0,0,0,0
0,2,0,6,10,6,2,2,0,2,4,9,6,5,3,0,4,4,2,2,2,6,0,0,7,5,6,0,1,5,1,1,0,2,0,1,0,1
0,2,0,8,14,13,7,1,5,4,7,2,4,8,1,4,1,15,6,0,5,22,1,2,11,2,17,2,0,5,1,1,1,2,0,4,0,1
0,1,0,4,0,8,32,0,4,0,2,2,4,6,1,4,5,10,6,2,1,2,0,3,2,0,9,1,1,2,0,1,2,3,0,3,0,0
0,1,0,8,2,6,5,2,1,0,4,2,5,3,0,0,7,4,5,2,4,14,0,1,5,0,4,0,0,2,2,0,1,3,0,3,1,0
0,0,0,0,0,1,7,0,0,0,0,1,0,0,2,0,0,0,1,0,0,4,0,0,0,0,1,0,0,0,0,0,0,3,0,0,0,0
0,0,0,3,1,2,10,0,1,3,3,2,1,1,0,0,0,0,6,0,1,3,2,3,1,9,3,0,0,1,0,0,0,1,0,1,0,0
1,0,0,1,3,5,22,4,3,1,3,4,12,1,2,0,1,6,13,2,1,11,3,1,2,0,7,0,2,0,0,0,1,1,0,0,0,0
0,0,0,3,4,7,5,1,2,0,12,6,8,4,1,2,3,4,2,5,3,14,2,3,10,3,11,2,0,1,1,1,1,4,0,0,0,0
0,0,0,2,1,8,11,2,5,1,1,4,6,2,0,2,5,4,11,3,2,3,2,0,4,1,16,2,4,6,0,0,1,2,1,1,0,0
0,2,1,14,9,1,3,2,0,5,10,2,6,5,1,3,8,8,3,9,2,0,2,1,13,2,2,3,3,2,1,0,1,5,0,1,0,1
0,0,0,3,3,8,2,0,0,1,3,4,0,1,0,1,2,3,0,8,0,0,0,0,2,1,1,2,1,6,0,0,0,5,0,1,0,1
1,0,0,4,4,8,2,1,1,4,6,4,5,8,0,1,4,6,8,3,0,3,0,1,7,1,9,4,2,9,2,0,1,0,1,0,0,2
0,0,0,1,1,0,4,0,1,0,0,0,2,0,0,1,0,0,0,0,0,3,1,1,0,0,1,6,0,1,0,0,3,4,0,0,0,0
0,0,0,1,2,1,1,1,0,1,0,3,4,1,0,3,1,5,0,1,0,1,0,0,2,0,5,1,0,0,0,0,0,2,0,0,0,2
1,0,0,4,2,6,4,4,2,4,10,3,0,6,0,3,3,2,10,21,2,10,3,3,34,7,11,19,9,16,0,0,2,9,1,8,3,0
0,0,0,0,3,3,0,0,0,2,0,3,0,2,0,1,0,4,0,1,0,4,1,0,5,0,9,3,0,6,0,0,0,3,0,0,0,1
0,1,1,5,5,9,9,11,3,0,1,11,10,6,1,2,9,17,7,7,1,9,7,1,25,2,22,27,6,33,2,2,2,9,2,0,0,0
0,1,0,1,1,1,0,1,0,0,2,2,3,1,0,1,2,5,3,16,3,1,0,0,8,3,8,18,3,11,5,0,1,4,1,2,0,2
0,0,0,1,0,2,1,4,0,1,0,2,0,0,0,0,0,1,1,1,1,3,2,2,4,0,13,9,3,9,1,0,0,2,1,0,0,0
0,1,0,3,1,1,3,0,8,2,0,1,1,2,0,6,1,8,4,1,0,1,1,1,13,3,17,10,9,25,6,2,1,12,2,3,0,4
0,0,0,0,0,1,1,0,0,0,0,1,0,1,0,1,2,0,2,1,0,0,0,0,2,0,4,1,0,2,2,2,1,4,0,0,0,0
0,0,0,0,0,0,0,0,0,0,1,0,1,2,0,0,0,2,0,0,0,1,0,0,0,0,1,0,0,1,0,0,1,1,1,0,2,0
0,0,0,0,0,1,1,0,0,0,2,0,1,2,4,0,0,2,6,3,1,0,0,0,0,0,3,0,1,3,3,0,0,0,0,4,0,1
0,0,0,0,0,0,0,0,0,0,1,3,1,0,1,0,0,0,0,3,2,2,0,0,11,2,6,5,2,10,2,0,2,7,2,3,0,1
0,0,0,0,1,1,0,0,0,1,0,0,1,3,0,0,2,0,0,0,0,0,0,0,3,1,1,0,2,6,0,0,2,4,0,2,0,1
0,0,0,0,0,2,2,0,0,1,0,0,0,3,0,0,1,5,0,1,0,1,0,0,1,0,2,1,0,1,0,2,0,1,1,1,0,2
0,0,0,0,0,0,0,0,0,0,0,1,0,0,0,1,0,1,0,0,0,1,0,1,4,0,0,0,0,3,0,0,0,0,0,0,0,0
0,0,0,3,0,1,1,2,0,2,1,0,2,4,0,1,3,0,0,2,1,2,0,0,0,0,1,2,0,5,1,0,0,1,0,2,0,0
