0,0,0,0,0,0,0,0,0,0,0,0,0,0,0,0,0,0,0,0,0,0,0,0,0,0,0,0,0,0,0,0,0,0,0,0,0,0
0,2,1,3,6,4,1,0,0,0,0,0,0,0,0,0,0,0,0,0,0,0,0,0,2,0,0,0,0,2,1,0,0,0,0,0,0,0
0,2,5,3,0,1,0,0,0,0,0,0,0,0,0,0,0,0,0,1,0,2,0,0,0,0,0,0,0,0,0,0,0,0,0,0,0,0
0,19,13,78,29,49,15,7,2,2,7,8,1,3,0,0,1,0,0,7,1,0,0,1,3,2,3,1,0,0,0,0,0,0,0,0,0,0
2,0,1,36,16,8,11,8,1,6,6,11,3,4,0,2,6,2,0,6,5,5,1,0,3,2,7,1,3,8,0,0,0,3,3,1,0,3
0,4,8,52,17,111,77,12,3,1,3,12,12,0,3,2,2,3,5,7,1,1,1,1,3,0,3,1,3,7,0,0,0,2,0,0,0,0
0,2,6,33,12,77,69,14,11,1,2,12,20,3,0,3,8,11,11,6,1,13,1,2,2,2,13,6,2,10,0,1,0,2,0,2,0,0
1,0,0,2,3,12,16,1,2,0,1,5,2,3,2,2,7,7,2,2,2,2,1,8,1,4,5,2,0,1,0,0,1,1,2,0,0,1
0,0,0,3,4,12,13,0,5,0,0,4,0,0,1,1,2,0,0,0,0,0,0,0,2,0,2,0,0,0,0,0,0,0,0,0,0,0
0,0,0,0,10,3,0,0,0,0,1,0,0,2,0,0,0,0,2,3,1,2,0,1,1,1,5,0,0,1,0,0,0,1,0,0,0,0
0,1,1,3,8,1,3,0,0,0,7,7,4,0,2,6,2,0,2,3,1,9,1,0,10,5,11,1,1,1,1,0,0,0,0,0,0,2
0,5,1,10,12,12,11,4,2,3,10,5,4,4,1,4,11,9,9,2,9,8,3,3,6,1,5,4,1,0,0,0,1,1,1,3,0,2
0,1,0,3,5,13,21,2,2,1,2,7,2,1,0,3,8,5,9,2,0,6,4,1,1,3,7,2,0,3,2,0,0,2,0,5,0,0
2,0,0,6,8,2,2,7,1,2,1,0,5,0,0,2,1,2,0,4,1,17,2,2,8,2,7,4,2,4,1,0,1,0,0,2,0,3
0,0,0,1,1,2,4,1,0,2,0,4,0,1,0,0,0,5,0,0,0,7,2,2,0,1,6,1,0,1,0,0,0,1,0,0,0,0
0,1,0,3,0,6,6,7,1,0,1,3,3,0,0,0,0,6,1,0,2,6,2,0,2,0,8,6,0,3,0,0,0,0,0,0,0,0
0,0,0,1,7,9,11,2,3,0,4,6,3,3,1,1,2,2,4,1,1,8,2,1,3,1,9,3,1,1,0,0,1,2,0,0,0,2
0,0,0,8,2,6,12,3,2,7,5,4,11,4,0,0,7,3,7,10,1,14,0,7,4,5,9,2,1,7,0,2,1,1,1,0,0,0
0,1,0,4,1,5,10,1,1,0,1,4,5,3,0,5,9,4,3,3,1,5,0,0,5,1,18,1,5,11,0,0,0,5,0,0,1,0
3,1,0,7,12,8,7,1,1,3,9,16,3,8,0,3,3,9,1,9,2,1,0,1,15,2,10,2,2,5,2,1,2,2,0,3,0,0
0,0,0,0,0,2,0,0,0,1,3,0,2,0,3,1,2,4,0,0,1,1,0,1,2,0,2,3,2,3,0,0,0,0,0,0,0,0
0,0,0,3,2,6,6,3,1,0,8,7,2,4,2,4,3,14,5,4,0,1,0,4,9,2,17,2,2,1,3,2,1,6,0,1,0,0
0,0,0,0,0,2,1,1,2,0,0,0,1,0,0,0,0,4,2,1,0,3,0,0,2,0,3,0,0,3,0,1,0,1,0,0,0,1
0,0,0,0,0,2,0,1,0,0,0,2,3,1,0,0,1,3,3,1,0,1,0,2,1,1,6,2,7,0,1,0,1,0,0,0,1,0
1,2,0,2,5,7,6,2,1,7,11,4,2,5,1,1,6,6,7,20,3,15,0,6,27,7,20,7,5,7,3,1,1,8,0,6,0,2
0,1,0,1,2,0,2,1,0,1,3,5,2,1,0,1,3,4,2,4,2,2,1,1,3,0,4,3,1,1,0,0,0,1,0,0,0,0
1,2,4,2,7,12,12,10,0,4,1,10,3,5,2,10,13,21,16,2,2,14,0,4,30,6,30,14,10,27,8,2,1,10,3,3,0,2
0,0,0,1,3,2,0,0,0,0,1,1,1,5,1,0,3,4,1,4,1,5,0,2,25,7,10,8,6,15,2,2,1,6,7,1,0,4
0,0,0,4,2,7,2,0,2,0,1,0,3,0,0,2,1,4,1,2,0,6,0,0,9,1,13,4,2,8,3,0,0,3,0,0,0,1
2,1,1,3,0,2,6,1,1,1,0,6,3,7,3,2,1,3,7,7,1,5,2,1,19,6,36,15,8,30,5,1,1,6,5,0,0,1
0,0,0,1,0,0,0,1,0,0,1,0,0,0,0,0,0,0,0,0,0,3,0,1,4,0,1,1,0,5,5,0,1,1,0,3,0,1
0,0,1,0,1,1,0,0,0,0,0,3,1,3,0,0,0,1,0,1,0,0,0,0,1,1,1,0,0,4,0,0,0,1,0,4,0,0
0,0,0,0,0,0,0,0,0,0,0,0,0,0,0,2,1,3,0,1,0,0,0,2,0,0,1,2,1,6,0,0,0,0,2,1,0,2
0,0,0,0,0,1,1,1,0,0,1,2,5,0,0,1,2,6,0,4,2,1,0,3,5,2,6,3,6,10,5,2,1,6,1,4,0,3
0,0,0,0,0,1,0,0,0,0,2,0,1,0,0,2,1,1,1,2,0,2,0,1,5,0,2,4,0,1,0,1,1,1,0,1,0,1
0,0,0,0,1,0,1,0,0,0,1,0,1,2,0,0,0,2,2,3,1,0,0,0,5,0,0,0,3,0,3,0,8,1,0,1,0,1
0,0,0,0,0,0,0,0,0,0,2,1,0,0,0,0,0,0,0,0,0,0,0,0,0,0,1,5,1,1,0,0,0,0,0,0,0,0
0,0,0,0,0,0,1,1,0,1,0,0,0,2,0,2,0,1,0,1,1,0,0,1,6,0,0,0,1,7,2,1,0,3,0,2,0,0
