5,1,1,0,0,0,0,0,0,0,0,0,0,0,0,0,0,0,0,0,0,0,0,0,0,0,0,0,0,0,0,0,0,0,0,0,0,0
1,13,2,20,2,2,0,2,0,1,0,4,0,0,0,0,0,0,0,2,0,0,0,0,0,0,0,0,0,0,0,0,0,0,0,0,0,0
0,4,8,1,0,2,2,0,0,0,2,1,4,0,0,0,0,0,0,0,0,0,0,0,0,0,0,0,0,0,0,0,0,0,0,0,0,0
0,17,8,151,40,52,26,5,1,5,3,9,2,3,3,0,5,2,2,2,0,0,0,1,1,5,1,1,0,3,2,0,0,1,0,0,0,0
2,4,1,45,10,12,14,9,5,5,9,17,2,1,0,2,3,1,0,11,2,4,0,2,5,6,4,2,2,3,0,0,4,0,1,0,0,2
1,10,14,50,13,155,70,6,9,0,3,14,10,6,0,3,10,9,5,6,2,2,2,4,4,0,11,7,1,3,0,3,0,2,0,0,0,0
1,8,3,25,9,100,73,9,13,3,7,14,16,5,1,4,13,7,13,2,0,13,0,0,3,0,5,6,2,4,0,2,0,0,0,0,0,0
0,0,0,12,3,13,13,3,3,2,6,7,5,1,0,4,7,12,5,2,4,5,5,3,1,0,3,3,4,2,0,0,0,0,0,0,0,1
0,4,0,0,1,9,19,1,0,0,0,3,0,2,0,0,1,0,1,0,0,1,1,0,0,0,5,0,0,2,0,0,0,0,0,0,0,0
0,0,0,3,8,3,2,0,0,3,3,2,0,1,1,1,0,1,0,3,1,2,0,0,1,0,1,0,0,0,2,0,0,1,0,0,0,0
0,2,0,9,11,6,6,4,1,3,9,14,3,4,5,5,5,9,2,9,3,3,0,4,7,5,3,3,1,5,4,0,1,0,1,0,0,0
0,2,0,15,15,9,21,5,6,5,8,9,1,6,4,7,11,11,5,7,3,12,2,1,10,3,7,1,0,4,2,0,1,2,0,2,0,3
0,2,0,5,2,12,8,5,1,5,1,3,3,4,0,1,3,2,6,2,0,6,1,1,1,0,7,0,3,6,1,0,2,1,0,2,0,2
0,1,0,3,2,4,2,0,2,2,6,5,3,3,0,3,9,2,6,3,4,14,1,3,5,1,6,4,1,4,0,0,1,4,0,0,0,0
0,0,0,1,1,2,2,0,0,0,2,2,1,1,0,2,1,4,0,0,0,2,0,0,0,1,2,0,0,1,0,0,0,1,0,0,0,1
0,0,0,3,0,8,7,4,0,0,2,3,3,1,0,1,1,4,4,2,0,4,2,4,2,0,8,2,0,1,2,0,0,0,0,0,0,0
0,0,0,7,6,4,17,1,9,1,2,5,11,3,0,4,0,5,5,3,2,9,1,0,4,1,15,1,0,6,1,0,2,2,0,0,0,0
0,1,0,8,0,0,12,9,0,3,6,6,9,8,1,2,5,2,7,5,2,15,0,0,8,2,21,2,1,11,0,2,0,2,0,0,1,0
0,2,0,0,0,9,8,5,1,0,1,0,2,3,0,5,4,7,10,0,1,7,0,2,3,3,12,4,1,9,0,2,3,0,0,0,0,0
0,1,1,8,3,4,5,2,1,3,4,6,0,11,2,1,12,4,3,13,1,2,0,0,17,1,8,6,1,4,1,0,0,3,0,0,0,0
3,2,0,2,2,0,7,2,0,0,3,7,3,2,2,0,0,3,0,1,1,0,1,0,2,0,3,3,0,0,0,0,0,1,0,0,0,2
1,0,0,2,2,4,1,2,1,5,2,10,4,6,0,4,0,8,8,2,1,5,1,3,13,3,11,2,5,4,0,1,0,2,1,2,0,1
0,0,0,3,0,0,0,0,0,0,1,2,0,1,1,1,0,3,0,0,0,6,2,0,2,0,0,0,0,0,0,0,1,0,2,0,0,0
0,0,1,0,3,0,6,1,1,0,0,7,3,0,0,5,5,5,2,0,4,3,0,0,2,0,6,1,1,3,0,1,0,1,0,0,0,0
0,2,2,7,6,6,5,3,0,4,6,6,3,13,1,3,3,12,4,11,2,15,0,2,31,3,38,22,8,20,1,1,1,6,8,2,0,0
0,0,0,1,0,0,1,0,1,2,3,7,0,1,3,1,0,4,4,3,1,4,2,0,5,1,3,3,5,2,0,0,0,1,0,2,0,0
0,0,0,4,1,5,5,7,2,3,6,8,16,3,0,7,7,20,27,9,2,21,3,11,36,7,30,14,10,63,4,1,1,8,2,0,0,2
0,0,0,1,4,1,3,0,0,0,2,0,1,4,0,0,2,0,5,8,0,0,0,0,11,4,9,8,11,30,2,0,2,12,5,5,0,3
0,0,0,0,2,0,0,0,0,0,0,2,0,1,1,2,1,1,1,1,1,3,2,2,11,0,7,4,3,9,1,0,1,6,2,5,0,0
0,0,1,3,2,8,4,1,1,2,1,4,3,2,1,1,5,5,7,4,0,8,3,4,21,1,33,16,8,50,6,2,1,8,0,2,0,0
0,0,0,0,0,0,3,1,0,0,0,2,0,0,0,0,0,0,0,0,0,0,0,0,7,0,1,1,1,2,1,2,0,5,0,0,0,1
0,0,0,0,0,0,1,0,0,0,0,0,1,1,0,0,0,0,1,0,0,0,0,0,0,0,2,1,2,0,1,0,0,0,0,1,0,1
0,0,0,0,1,0,0,0,0,0,0,0,4,0,0,0,1,0,0,3,0,3,0,0,3,1,0,1,1,1,1,0,1,4,0,1,1,5
0,0,0,0,1,0,3,0,0,0,0,0,2,2,0,1,2,7,1,2,1,3,0,0,9,2,9,11,2,8,3,4,4,7,5,5,0,0
0,0,0,0,0,0,4,0,0,0,3,0,0,1,0,0,1,1,0,2,0,0,0,0,2,0,0,1,0,2,3,0,2,2,0,0,0,0
0,0,0,0,0,1,1,2,0,0,0,0,0,1,0,0,1,4,2,3,2,4,0,1,0,0,2,0,1,3,5,1,1,4,1,0,0,1
0,0,0,0,0,0,0,0,0,0,0,0,0,0,0,0,0,0,0,0,0,0,0,0,2,0,1,0,0,0,1,0,0,1,0,0,0,0
0,0,0,2,0,0,2,0,0,2,6,0,1,0,0,0,3,0,1,2,0,3,0,0,0,1,0,0,1,2,0,0,1,1,0,0,0,1
