0,0,0,0,0,0,0,0,0,0,0,0,0,0,0,0,0,0,0,0,0,0,0,0,3,0,0,0,0,0,0,0,0,0,0,0,0,0
0,16,1,7,0,2,1,0,0,0,2,2,0,0,0,0,0,0,0,3,0,0,0,0,0,0,0,2,0,0,0,0,0,0,0,0,0,0
0,2,8,2,1,8,0,0,0,0,0,0,0,0,0,0,0,0,0,0,0,0,0,0,0,0,0,0,0,0,0,0,0,0,0,0,0,0
4,17,5,133,40,46,14,5,0,1,3,9,5,2,1,2,3,3,2,7,0,5,4,1,4,0,2,2,3,3,0,1,0,2,1,1,0,0
1,6,3,31,7,6,20,8,0,1,6,18,4,3,0,3,2,3,2,9,5,4,0,1,2,3,5,3,3,1,0,0,0,0,1,0,0,0
2,8,15,44,10,132,85,10,2,0,6,3,9,1,1,1,5,7,2,4,0,2,2,3,3,1,4,1,0,7,0,0,0,0,0,0,0,0
0,0,2,21,16,74,79,15,3,0,2,10,12,3,0,9,7,11,7,2,2,2,2,3,6,1,8,4,5,2,0,0,0,2,0,0,0,0
0,0,0,6,7,15,16,0,0,1,0,0,2,4,1,4,5,6,4,0,1,7,1,7,2,2,4,1,4,1,0,0,1,1,0,0,0,0
1,0,0,3,2,13,6,1,1,0,2,0,3,0,0,0,1,3,0,0,0,1,0,0,0,0,0,2,0,5,0,0,0,0,0,0,0,0
0,3,0,4,10,1,2,0,0,0,6,2,2,0,0,0,0,1,0,5,3,2,1,0,3,1,0,3,0,3,0,0,0,1,0,0,0,0
2,0,0,10,9,1,3,3,1,8,11,3,1,2,1,0,1,5,2,3,2,10,0,0,6,5,3,4,0,3,0,0,0,2,0,1,0,0
0,3,0,11,8,7,4,2,0,5,3,13,3,6,1,9,2,9,4,5,3,11,4,4,12,0,9,2,3,3,1,0,0,0,0,1,0,3
1,0,0,4,7,17,21,2,2,0,1,6,8,3,0,1,2,2,5,2,3,10,4,4,3,1,6,3,1,1,0,1,1,3,0,0,0,1
0,0,1,3,8,3,2,0,0,2,2,7,2,0,1,0,4,2,5,8,0,7,1,0,4,1,8,2,0,5,0,0,2,0,1,2,0,1
0,0,0,0,0,2,1,0,0,0,2,0,0,0,0,0,0,2,0,1,0,3,0,0,0,1,2,1,0,0,0,0,0,1,1,0,0,0
0,0,0,4,0,3,8,4,0,0,1,1,3,2,0,2,0,0,3,3,2,5,0,1,1,1,7,1,2,0,0,0,0,0,0,0,0,0
0,0,1,2,5,4,15,3,2,0,1,13,5,2,0,2,3,2,6,2,3,8,0,5,0,1,11,3,2,4,0,0,0,0,0,0,0,0
0,0,1,0,3,8,7,5,3,2,2,5,8,8,0,1,6,8,6,5,1,18,1,6,7,1,24,1,1,7,1,1,0,2,0,1,3,0
0,0,0,0,3,7,5,0,7,0,0,1,14,1,0,5,5,6,2,3,1,9,2,4,7,2,23,2,6,14,0,2,0,0,0,2,0,0
0,0,2,0,4,4,3,2,1,3,6,6,3,11,1,3,3,10,1,2,2,3,1,0,12,7,5,3,4,5,0,1,4,2,0,1,0,2
0,0,0,0,2,1,2,0,0,0,4,2,1,2,0,1,0,0,3,3,1,2,0,2,2,2,2,3,0,4,0,0,0,2,0,0,0,0
0,2,2,2,3,12,3,1,0,4,6,16,5,2,4,0,5,11,4,4,3,3,1,1,11,3,9,7,3,10,1,3,0,8,0,3,0,0
0,0,0,0,2,1,1,3,0,0,1,0,1,0,0,0,3,4,1,1,1,0,1,0,3,1,3,1,1,3,0,0,0,0,0,0,0,0
0,0,0,0,1,1,0,3,0,0,1,3,0,0,0,2,0,4,0,5,3,2,0,3,3,0,4,1,0,6,0,0,0,0,0,0,0,1
2,1,0,2,3,5,3,3,0,2,4,5,2,9,2,1,1,15,16,11,2,9,4,1,50,13,27,19,4,15,4,0,1,6,1,3,1,3
0,0,0,1,1,2,1,0,0,0,2,6,0,6,0,0,1,3,1,2,3,6,1,0,4,0,1,4,1,0,2,0,0,2,0,0,0,0
0,0,0,1,1,8,16,11,4,1,6,5,8,3,2,3,9,24,24,7,1,20,4,6,19,4,49,13,14,32,1,0,1,4,3,0,0,5
0,0,0,4,3,7,0,1,1,0,1,2,2,0,0,1,1,1,4,4,2,3,1,1,18,1,8,13,10,18,1,0,0,3,0,3,0,1
0,0,0,0,2,2,1,0,0,0,2,2,1,0,0,1,1,2,2,1,1,4,0,2,10,0,3,6,4,5,0,0,0,4,1,1,0,0
2,0,2,2,0,7,3,3,0,0,5,4,0,0,0,1,2,9,4,3,0,5,2,1,12,7,35,18,10,40,5,4,2,3,3,0,0,6
0,0,0,2,0,1,1,0,1,0,0,1,1,0,0,1,2,0,0,2,0,2,0,0,1,0,1,0,0,4,2,0,1,2,2,0,0,0
0,0,0,0,0,0,0,0,0,0,0,2,0,2,0,0,0,3,0,0,1,0,0,0,1,0,0,0,0,2,1,0,0,0,0,2,0,0
0,0,0,0,0,1,0,0,0,0,0,1,2,0,0,1,0,2,0,2,2,1,2,1,1,1,2,0,1,0,3,0,1,0,2,0,0,0
0,0,0,0,2,0,2,0,0,3,1,3,1,1,0,2,0,2,0,2,1,0,0,0,12,2,2,8,2,10,3,0,0,6,1,4,0,4
0,0,0,0,1,0,0,0,0,0,1,0,0,0,0,0,1,0,3,1,0,1,0,1,5,0,1,2,2,6,1,1,1,3,0,0,0,1
0,0,0,0,0,2,0,0,0,0,0,0,0,0,0,0,0,1,1,0,3,3,0,1,1,1,0,4,1,1,0,0,0,2,2,0,0,0
0,0,0,0,0,0,0,0,0,0,1,0,0,0,0,0,0,1,0,1,0,0,0,0,2,0,2,1,0,0,0,0,0,0,0,0,0,0
0,0,0,1,0,0,0,0,0,0,2,1,0,0,0,0,0,1,1,1,0,2,0,0,0,0,0,1,2,2,2,0,0,2,0,0,0,1
