1,2,0,0,0,2,0,0,0,0,0,0,0,0,0,0,0,0,0,0,0,0,0,0,0,0,0,0,0,0,0,0,0,0,0,0,0,0
1,4,0,7,0,2,3,0,0,0,0,0,0,0,0,1,0,0,0,1,0,0,0,0,0,1,0,0,0,0,0,0,0,0,0,0,0,0
0,1,1,0,0,5,2,0,0,0,0,0,0,0,0,0,0,0,0,0,0,0,0,0,0,0,0,0,0,1,0,0,0,1,0,0,0,0
2,32,12,108,37,43,18,3,4,6,3,4,1,5,0,5,2,0,5,7,0,2,1,0,7,1,1,1,0,1,1,0,0,0,0,1,0,0
1,3,1,52,14,10,24,5,1,2,8,3,3,4,0,2,4,7,0,5,0,4,0,2,3,1,9,1,1,3,0,0,0,1,0,3,0,0
1,10,19,45,16,136,83,9,7,0,3,4,6,2,1,1,10,5,5,3,2,4,0,2,2,0,1,0,3,4,0,1,0,0,0,2,0,0
0,5,3,21,5,91,75,13,2,2,8,19,16,6,3,4,4,4,11,4,0,9,0,2,5,4,11,7,1,3,0,0,0,2,0,1,0,0
0,2,0,8,6,7,8,2,0,0,2,0,6,3,2,2,8,5,2,2,0,3,0,5,4,0,4,1,0,3,0,0,1,3,0,0,0,0
0,0,1,7,4,6,3,1,4,0,0,0,1,0,0,1,3,2,3,1,0,1,0,0,1,0,1,1,0,0,0,0,0,1,0,0,0,0
0,0,1,4,7,1,3,2,0,0,4,2,0,2,0,1,0,1,0,1,7,0,0,1,3,0,0,0,0,0,0,0,0,1,0,0,0,0
0,0,0,6,11,1,4,0,1,6,8,3,1,3,0,0,6,2,1,3,1,7,1,3,9,3,1,2,0,4,0,0,0,0,0,2,0,0
0,0,0,8,9,11,11,3,4,4,5,5,3,1,0,4,9,3,0,11,7,25,1,1,4,4,7,2,2,0,0,0,1,1,0,0,0,1
0,0,0,2,0,13,17,8,0,0,1,1,1,1,0,0,8,3,9,4,1,5,1,4,8,2,14,1,1,2,0,1,0,6,0,0,1,0
0,0,0,3,3,2,8,1,3,0,3,6,4,1,1,2,6,5,7,4,3,10,0,1,8,5,5,0,1,3,0,0,1,0,0,1,0,3
0,0,0,0,0,3,2,0,0,0,0,1,0,0,0,0,2,0,1,2,1,2,0,0,0,0,2,0,0,2,2,0,0,0,0,0,0,0
0,0,0,3,0,3,2,3,5,1,0,2,1,0,0,1,0,2,1,1,0,7,0,3,0,0,3,1,0,6,0,0,0,0,0,0,0,0
1,2,0,1,8,7,10,7,2,0,1,12,1,3,1,0,5,1,4,2,3,9,0,0,4,4,6,1,0,4,0,0,0,3,0,1,0,4
0,0,0,3,6,9,15,11,2,1,2,12,4,3,1,0,2,7,3,5,5,16,3,7,6,0,15,4,1,13,1,0,0,1,1,1,0,0
0,0,1,5,2,5,6,1,1,0,2,4,7,6,4,1,5,6,9,7,1,3,0,1,5,1,15,5,2,12,1,0,0,1,0,1,1,0
1,0,0,9,8,4,7,1,0,3,4,5,3,2,4,3,5,4,1,8,0,5,0,0,9,8,1,4,4,7,0,0,0,4,0,1,0,3
0,0,0,1,1,1,1,0,0,0,0,4,0,1,0,1,1,1,5,3,0,1,0,2,4,1,2,1,0,0,0,0,0,0,0,0,0,0
0,0,0,5,3,4,4,1,2,3,8,3,6,7,6,1,10,8,7,3,0,6,1,3,10,2,6,2,8,7,0,0,3,1,0,0,0,0
0,0,0,0,0,0,1,2,0,0,0,0,0,0,0,0,1,2,2,1,0,1,0,0,2,1,2,1,0,0,1,0,0,0,0,0,0,0
0,0,0,2,1,1,0,0,0,0,1,1,3,3,1,0,3,3,1,3,0,1,0,0,6,0,3,3,0,1,1,0,0,0,0,0,0,1
0,3,2,10,7,4,5,4,0,3,9,8,1,13,1,0,1,13,3,24,5,5,1,7,46,7,31,16,12,11,1,0,0,10,1,0,0,0
0,1,0,1,1,0,0,0,2,0,2,1,4,4,0,1,0,0,4,0,0,1,4,1,7,2,9,3,0,2,1,0,0,2,2,0,0,2
0,0,0,5,4,5,14,3,0,0,7,7,5,13,1,3,6,27,19,21,4,12,4,6,35,4,44,14,11,40,1,0,0,13,2,1,0,0
0,0,0,3,3,0,0,1,1,2,5,7,0,2,2,0,2,2,0,7,2,7,0,1,24,6,10,22,12,16,3,0,0,6,4,1,0,0
0,0,1,1,1,1,0,3,0,0,1,1,0,1,0,1,1,0,1,2,1,2,0,1,12,2,14,8,1,20,1,0,1,1,0,0,0,1
0,0,0,1,3,5,2,2,1,0,3,3,1,1,0,3,2,7,9,2,2,9,0,5,15,3,32,16,7,51,2,2,0,8,3,0,1,3
0,0,0,2,2,1,0,0,0,0,0,1,0,2,0,0,2,1,1,1,0,0,0,1,0,0,0,4,1,3,2,2,1,2,0,0,0,0
0,0,0,0,0,1,0,0,0,0,2,0,0,1,0,0,0,1,2,0,1,2,0,2,1,0,2,3,2,6,0,0,0,1,1,3,0,0
0,0,0,0,0,0,0,0,0,0,1,4,3,0,0,1,2,1,1,2,0,2,0,0,1,1,5,0,0,6,0,0,0,0,0,0,0,1
0,0,0,4,0,2,1,0,0,0,2,0,1,0,0,0,0,0,2,7,3,5,1,0,6,1,2,13,1,6,4,2,0,8,4,4,0,0
0,0,0,0,1,0,3,0,0,0,2,0,1,0,0,0,0,0,0,1,0,0,0,0,5,0,0,2,0,7,1,2,1,3,0,1,0,2
0,0,0,0,0,0,0,0,0,0,2,0,1,2,0,0,2,1,0,5,2,0,0,0,2,0,0,3,1,4,6,0,3,8,2,2,0,0
0,0,0,0,0,0,1,0,0,0,1,0,0,0,0,0,0,0,0,0,0,0,0,0,1,0,0,0,1,1,0,1,0,0,0,0,0,0
0,0,0,0,0,0,0,0,0,0,2,2,1,2,0,0,0,3,1,2,0,0,0,1,1,0,0,3,0,1,3,0,0,5,1,4,0,0
