0,1,0,0,0,0,0,0,0,0,0,0,0,0,0,0,0,0,0,0,0,0,0,0,0,0,0,0,0,0,0,0,0,0,0,0,0,0
1,8,3,5,0,5,0,0,2,0,0,2,0,0,0,0,0,0,0,1,0,0,0,0,1,0,0,0,0,0,0,0,0,0,0,0,0,0
0,4,11,4,0,5,3,0,0,0,0,0,0,0,0,0,0,0,0,0,0,0,0,0,2,0,0,0,0,0,0,0,0,0,0,0,0,0
3,13,12,130,42,40,25,3,0,0,5,9,5,7,2,1,2,1,0,6,0,1,0,1,5,0,6,3,0,5,0,0,0,0,0,0,0,0
1,3,0,43,16,17,17,3,0,4,17,19,6,9,1,3,4,9,4,5,0,2,1,2,3,0,4,0,0,8,0,1,0,0,2,0,0,0
0,9,13,43,5,163,101,7,6,0,3,5,8,0,1,3,10,6,1,4,3,6,0,0,1,1,7,2,3,2,0,0,0,0,1,0,0,2
1,0,3,22,19,88,77,9,13,0,2,5,16,4,1,3,14,12,5,0,1,4,0,1,0,2,8,3,5,0,2,0,0,0,0,0,1,0
0,0,0,8,3,14,14,2,2,0,0,1,5,3,0,7,5,2,7,0,0,6,0,0,0,2,4,1,1,1,0,1,0,3,0,0,0,0
0,0,0,5,0,14,6,1,0,0,0,0,0,0,0,2,0,4,2,1,0,1,0,0,0,0,2,0,1,0,1,0,0,0,0,0,0,0
0,0,0,6,4,1,2,0,0,2,2,1,0,4,0,0,1,2,0,2,1,0,2,0,2,1,0,1,1,2,0,0,0,2,1,0,0,0
3,1,0,2,7,2,1,1,1,6,6,8,2,3,0,4,1,0,3,11,1,2,0,0,11,1,5,2,1,3,0,0,0,0,1,0,2,0
0,2,0,8,16,8,14,8,1,1,4,4,4,7,1,14,6,10,6,5,2,8,1,2,3,0,6,3,0,5,0,0,0,3,0,1,0,1
0,0,0,1,1,8,14,1,2,0,0,5,11,2,0,0,8,11,5,3,2,2,1,4,1,1,7,0,0,2,0,0,1,0,0,0,0,0
0,2,0,4,5,7,3,5,0,3,1,8,2,6,0,0,9,3,1,4,2,6,0,1,8,2,6,2,3,3,0,0,3,3,0,0,0,1
0,0,0,0,1,0,2,3,0,0,0,0,0,0,0,1,1,1,1,1,0,4,0,0,1,0,0,0,0,1,0,0,0,0,0,0,0,0
0,0,0,2,1,3,4,6,2,0,2,5,1,3,0,1,2,5,2,0,0,6,2,0,1,0,3,1,2,0,0,0,0,0,0,1,0,1
0,1,1,1,9,3,8,2,9,0,2,20,0,1,2,1,1,10,7,4,5,17,0,5,3,1,6,0,2,2,0,0,2,1,0,0,0,0
0,0,0,3,2,4,10,5,2,2,2,5,10,4,1,5,5,5,7,2,4,9,0,1,7,2,13,0,2,4,2,0,4,5,1,0,0,0
1,0,1,0,1,5,7,0,3,0,1,2,6,3,1,3,2,8,7,3,2,7,0,3,14,0,23,6,2,7,0,0,5,4,0,1,0,0
1,0,0,3,3,0,5,0,0,3,8,3,1,2,0,4,4,5,2,7,5,3,2,4,5,5,16,0,1,2,0,0,0,3,0,5,0,1
0,2,0,4,1,0,0,2,0,0,1,2,0,4,0,0,1,3,0,1,0,0,0,0,2,3,2,0,2,1,0,0,0,1,0,2,0,0
0,1,0,3,3,6,4,0,3,0,8,5,5,9,2,4,5,8,1,2,2,11,1,1,13,7,13,3,1,2,1,1,0,1,0,3,0,1
0,0,0,0,0,0,2,0,0,0,2,0,0,1,0,0,1,1,0,1,1,3,1,0,0,0,4,1,1,1,0,0,0,0,0,1,1,0
0,0,0,1,1,3,0,0,0,0,4,1,0,2,2,0,1,0,3,0,1,4,0,1,3,1,3,0,1,3,0,0,3,0,0,0,0,1
1,1,2,5,5,4,7,2,2,4,9,8,0,2,0,0,1,9,5,24,10,6,3,1,65,10,31,12,5,19,1,1,0,9,0,0,0,1
0,1,0,0,0,2,0,0,0,1,4,0,0,2,0,0,2,0,3,4,0,4,0,3,5,0,1,1,1,0,1,0,0,0,0,0,0,0
0,2,0,1,2,9,11,0,1,0,1,1,4,4,1,2,6,18,17,15,3,9,6,6,26,7,40,23,21,40,4,0,2,7,2,5,0,2
0,0,0,2,4,0,1,0,1,1,3,4,2,0,0,0,0,2,3,6,1,5,0,0,32,4,15,16,9,10,0,0,2,2,1,1,0,0
0,0,0,1,2,0,0,0,0,1,2,0,0,1,0,1,0,1,4,1,1,6,0,2,12,1,6,5,3,8,1,0,0,3,4,1,0,0
0,0,1,7,0,3,5,0,0,2,1,4,4,2,0,6,1,5,6,2,3,6,1,3,24,3,19,23,14,47,2,4,3,6,2,1,0,0
0,0,0,0,0,1,0,2,0,0,0,0,0,0,0,1,0,1,2,0,1,1,2,0,0,0,4,4,0,6,3,3,0,1,1,0,0,2
0,0,0,0,0,0,1,3,1,1,0,0,1,0,0,0,1,1,0,0,0,0,0,1,2,0,0,0,1,4,0,0,1,0,2,0,0,0
0,0,0,0,0,0,1,0,0,0,2,0,2,1,0,0,2,3,0,0,0,0,0,0,2,3,1,0,0,1,3,0,1,1,0,2,0,2
0,0,0,0,2,3,2,1,0,0,4,3,2,4,1,0,0,2,2,5,1,5,0,0,6,3,1,8,1,8,0,1,1,4,0,9,0,2
0,0,0,1,0,0,0,0,0,1,1,3,0,0,0,0,1,2,0,0,0,1,0,0,1,0,2,2,0,0,3,0,0,4,3,0,0,2
0,0,0,2,2,0,0,0,0,0,4,0,1,2,0,0,0,4,2,2,1,1,0,0,3,2,5,1,0,0,0,0,4,1,1,1,0,0
0,0,0,0,0,0,0,0,0,0,0,3,0,2,0,0,0,0,0,0,1,0,0,0,0,0,0,1,0,0,0,0,0,0,0,0,0,0
0,0,0,0,0,0,0,0,0,1,1,0,0,2,0,0,1,0,2,7,0,0,3,0,0,0,1,1,0,2,0,2,0,1,2,3,0,1
