0,0,0,0,0,1,0,0,0,0,0,0,0,0,0,0,0,0,0,0,0,0,0,0,0,0,0,0,0,0,0,0,0,0,0,0,0,0
0,12,5,7,1,6,0,0,0,2,0,0,0,0,0,0,0,0,0,0,0,0,0,0,0,1,0,0,0,0,0,0,0,0,0,0,0,0
2,3,5,4,0,7,0,0,0,0,0,0,0,0,0,0,0,0,0,0,0,0,0,0,0,0,0,0,0,1,0,0,0,0,0,0,0,0
0,28,7,119,38,42,17,5,2,0,13,8,1,1,0,2,3,3,3,0,1,1,0,1,3,0,1,5,0,2,0,0,0,0,0,1,0,0
1,6,0,35,11,11,8,4,1,7,7,18,2,2,0,2,4,6,1,8,1,4,0,0,5,1,5,1,0,2,0,0,0,0,0,0,0,0
1,6,14,46,14,142,79,7,2,0,1,5,15,2,0,2,7,3,5,0,1,5,0,3,2,0,2,3,0,5,1,0,0,1,0,0,0,0
0,1,3,24,13,73,50,3,5,3,6,8,6,0,0,1,9,6,3,2,3,3,0,1,3,0,3,1,1,4,0,0,0,2,0,2,0,1
0,0,0,4,0,3,16,1,1,0,1,5,0,4,0,1,4,2,2,3,1,0,2,0,1,0,2,2,0,5,0,0,0,2,0,1,0,0
0,0,0,4,0,14,10,0,1,0,0,2,1,0,0,1,2,0,3,0,0,0,0,0,0,1,1,0,0,0,0,0,0,2,0,0,0,0
0,0,0,1,9,2,2,0,1,3,5,2,1,1,1,1,2,1,0,2,1,2,0,0,1,0,0,1,0,0,0,0,0,1,0,0,0,0
0,2,0,17,10,4,0,2,0,3,4,4,1,4,0,1,2,0,1,4,4,9,0,2,3,0,2,3,0,1,0,0,1,1,1,0,1,1
1,1,0,4,5,8,9,1,0,3,5,2,0,4,1,2,8,5,3,1,2,18,0,2,8,2,2,2,1,5,0,1,0,3,0,0,0,0
0,1,0,7,3,6,10,1,4,0,1,2,2,2,0,3,7,11,2,0,0,2,1,0,1,0,8,1,0,1,0,0,0,0,0,0,0,0
0,1,0,2,7,5,6,2,1,3,3,3,1,3,0,2,3,1,2,4,1,12,0,3,1,2,7,2,0,2,0,0,1,0,0,2,0,0
0,0,0,2,0,0,3,0,0,0,1,0,0,0,1,0,0,1,0,1,0,4,0,0,0,0,1,0,1,1,0,0,0,0,0,0,0,0
0,1,0,2,4,8,4,4,3,1,1,2,3,0,0,2,0,3,1,1,0,3,0,1,1,0,2,1,0,3,0,0,0,0,0,2,0,1
0,0,0,3,7,8,8,0,3,0,3,9,3,0,0,3,2,5,5,1,0,11,0,2,0,1,3,3,1,2,1,0,0,1,0,2,0,0
0,0,0,2,1,3,12,5,7,0,1,2,9,5,4,2,7,6,11,4,1,8,0,4,5,3,14,2,0,6,2,0,0,1,4,1,0,1
0,0,0,3,2,2,6,3,0,1,1,2,6,3,0,1,4,5,8,6,1,3,2,1,5,1,12,1,3,5,0,0,0,1,0,0,0,0
0,0,2,9,5,0,3,1,0,4,6,6,2,2,2,3,6,7,6,7,4,5,0,0,5,3,4,3,0,5,3,4,0,2,1,0,0,0
0,0,0,1,1,5,1,0,0,0,3,4,0,0,0,1,2,3,0,3,0,2,0,0,6,0,3,0,0,1,0,0,0,1,2,0,0,0
0,0,1,1,2,2,3,1,1,2,5,14,3,9,2,2,4,8,5,2,0,5,0,0,14,4,13,2,4,5,1,0,0,1,0,0,0,0
0,0,0,0,0,0,1,0,0,0,1,0,2,1,0,0,0,3,0,6,0,4,0,0,0,1,0,2,0,1,0,0,0,0,0,0,0,0
0,0,0,1,0,0,0,1,0,1,0,1,4,2,0,0,1,4,3,1,0,3,1,1,2,3,1,0,2,1,0,0,0,0,0,0,0,0
1,0,4,2,6,3,2,1,0,2,9,6,0,1,0,0,3,9,9,16,5,14,0,0,35,8,18,17,12,14,2,0,0,8,4,2,0,1
0,0,0,7,0,1,0,0,0,4,1,2,0,0,0,3,0,4,2,2,1,0,0,2,0,1,9,5,2,8,0,0,2,1,0,1,0,1
0,0,1,0,7,6,10,2,1,0,2,5,4,6,2,4,9,17,27,7,3,14,5,8,23,3,38,15,12,37,2,2,0,5,0,1,0,1
0,0,0,0,2,2,1,2,1,1,0,1,0,0,0,2,0,3,4,7,0,1,0,0,20,5,10,14,3,14,2,0,4,4,0,1,0,1
0,0,0,0,0,5,1,1,0,1,1,1,0,0,0,0,1,1,0,4,0,2,0,0,3,0,1,16,9,16,3,1,0,4,0,0,0,0
0,1,0,1,3,1,3,1,2,0,2,0,2,1,1,2,1,2,0,5,1,9,0,3,13,1,18,13,9,48,8,3,3,10,5,1,0,1
0,0,0,0,1,1,2,0,0,1,1,1,1,0,0,0,0,4,0,0,0,2,0,0,0,0,1,0,0,6,0,0,1,1,0,1,0,2
0,0,0,0,1,0,0,0,0,2,1,0,0,1,0,0,0,0,0,0,0,1,0,0,1,0,0,0,0,5,2,0,0,0,0,0,0,0
0,0,0,0,0,1,0,0,0,0,0,0,0,0,0,0,1,1,0,0,0,1,0,0,0,0,1,0,0,6,0,1,1,1,1,1,0,0
0,0,0,0,0,0,2,0,0,0,1,2,0,0,0,0,1,3,2,5,0,3,0,0,9,2,1,4,4,5,2,0,2,4,2,4,0,3
0,0,0,0,0,0,0,0,0,0,0,0,0,1,0,0,0,0,1,0,1,1,0,0,2,0,0,1,0,3,2,0,0,1,1,0,0,0
0,0,0,0,0,0,0,0,0,2,0,0,0,1,0,0,0,2,1,1,1,0,0,0,3,1,0,1,2,2,1,4,4,2,0,0,0,0
0,0,0,0,0,0,0,0,0,1,1,0,0,0,0,0,0,1,0,0,1,0,0,0,4,0,0,0,0,0,0,0,0,0,0,0,0,0
0,0,0,0,0,0,0,0,0,0,1,1,0,1,0,0,2,1,2,1,2,1,1,0,1,0,1,1,0,1,0,0,0,2,0,0,0,1
