4.88666666667
1.77916666667
1.56111111111
1.61671974522
1.51234899329
1.50435435435
1.65137546468
1.52178571429
1.429375
1.61685714286
1.71325581395
1.31731092437
1.44655172414
1.54436619718
1.45833333333
1.53340909091
1.49554216867
1.48992481203
1.81325842697
1.78313953488
1.40322580645
1.72545454545
1.214
1.62022222222
1.66097674419
1.25941176471
1.46958801498
1.56563106796
1.59945945946
1.57782608696
2.480625
3.83583333333
3.76708333333
1.88580645161
2.60631578947
3.09736842105
4.35666666667
4.57923076923
