0,0,0,0,0,0,0,0,0,0,0,0,0,0,0,0,0,0,0,0,0,0,0,0,0,0,0,0,0,0,0,0,0,0,0,0,0,0
0,9,5,10,2,2,4,0,0,0,0,2,0,0,0,0,0,0,0,0,1,0,0,0,0,0,0,0,0,0,0,0,0,0,0,0,0,0
0,0,6,0,0,3,0,0,0,0,0,0,0,0,0,0,0,0,0,0,0,1,0,0,0,0,0,0,0,0,0,0,0,0,0,0,0,0
2,21,4,98,28,43,11,0,0,3,7,5,0,2,0,0,1,0,2,0,1,2,0,1,4,0,2,5,1,1,0,0,0,2,0,0,0,0
2,4,0,32,17,12,14,9,1,2,7,9,4,2,0,2,3,2,2,5,0,2,1,0,5,0,5,2,0,3,0,0,0,0,0,0,0,0
0,3,19,40,11,129,62,11,4,0,6,4,13,2,0,0,4,3,1,4,0,5,0,2,0,0,3,0,0,3,1,0,0,0,0,0,0,1
0,3,3,16,14,64,46,12,3,2,6,4,15,1,2,0,11,4,7,0,1,12,2,2,3,0,5,0,2,3,0,0,0,0,0,1,0,0
0,0,0,9,1,8,12,3,3,0,0,4,4,4,0,2,1,8,2,2,0,1,0,2,3,0,3,0,0,1,0,0,0,0,0,0,0,0
1,0,0,1,0,10,5,0,2,0,0,0,0,0,0,0,1,0,2,1,0,1,0,0,0,0,3,0,1,0,0,0,0,0,0,0,0,0
0,0,0,1,7,1,3,1,0,2,6,5,0,1,2,0,2,0,2,1,0,4,0,0,6,0,3,1,0,0,0,0,0,0,2,0,0,0
0,3,1,8,6,5,5,0,0,3,11,8,2,0,0,2,3,2,3,6,2,11,2,1,6,1,1,1,2,3,0,0,0,0,0,1,0,0
0,3,2,12,4,6,3,2,3,3,4,4,0,2,0,6,3,0,4,6,1,9,1,0,3,1,4,3,0,5,0,0,0,1,2,0,1,1
0,0,0,3,2,5,17,1,0,0,6,1,1,4,0,2,9,8,6,0,3,1,3,0,1,1,3,2,2,11,0,0,1,0,0,0,0,0
1,1,2,4,4,3,2,3,2,1,2,2,0,6,1,2,0,3,1,1,4,12,0,2,4,2,1,3,0,3,0,0,0,1,0,1,0,0
0,0,0,0,0,0,0,0,0,0,0,0,0,0,0,0,0,0,0,2,0,1,0,0,0,2,2,0,0,0,0,0,0,0,0,0,0,0
0,0,1,1,2,2,5,2,0,0,0,3,3,0,0,0,2,0,2,0,1,1,1,4,0,0,1,0,0,0,0,0,0,0,1,0,0,0
0,0,2,0,3,3,5,2,2,0,2,4,3,2,0,2,1,2,2,5,1,5,0,1,1,0,9,0,0,6,2,0,0,0,0,0,0,0
0,2,0,2,1,5,2,1,7,3,5,17,5,4,1,2,2,2,4,2,1,13,1,1,3,4,9,3,1,1,0,0,3,0,0,0,0,1
0,0,0,1,2,9,12,5,0,0,1,2,5,0,0,2,12,2,2,0,0,5,0,0,5,2,9,8,0,6,0,0,0,0,0,0,0,0
0,0,0,4,5,3,4,0,1,0,11,4,5,6,1,2,6,5,2,5,2,0,5,0,3,0,3,7,0,3,2,2,2,3,0,0,0,1
0,1,0,2,1,0,1,0,0,0,1,5,0,1,0,0,1,0,0,1,0,4,0,0,0,0,1,0,0,1,0,0,1,0,0,0,0,1
0,1,0,1,4,6,1,4,1,3,6,12,6,1,0,2,5,5,3,1,1,6,1,4,7,2,8,5,2,2,1,0,0,2,0,1,0,1
0,0,0,0,0,1,0,0,0,0,0,0,0,1,0,2,0,1,0,0,0,2,0,1,3,0,2,0,0,0,0,0,0,0,0,0,0,0
0,0,0,1,0,0,0,0,0,1,4,3,0,0,0,0,3,5,0,2,0,1,1,0,1,3,9,0,2,0,0,0,0,0,0,0,0,0
0,0,0,7,3,2,9,2,0,2,3,4,4,7,0,4,1,6,5,22,5,11,0,4,38,3,25,15,2,22,0,0,0,10,1,1,0,2
0,0,0,0,2,2,0,0,0,0,2,1,1,0,0,0,1,1,0,6,2,4,0,0,8,0,6,3,2,3,2,0,0,1,0,1,0,2
0,0,2,2,2,10,2,4,2,5,3,5,9,5,3,5,6,13,8,5,0,15,0,1,24,6,29,11,3,28,2,0,1,8,1,1,0,0
0,0,1,2,0,0,1,0,3,0,2,3,0,1,0,0,1,0,3,2,0,2,0,1,13,9,11,15,16,11,0,1,0,4,0,1,0,0
0,0,0,1,0,3,0,0,0,0,0,1,0,0,0,2,2,0,1,1,0,2,0,1,3,4,5,10,0,13,2,2,0,2,0,0,0,2
0,0,0,2,2,6,3,2,0,0,8,4,1,2,0,3,2,2,6,5,1,4,1,0,17,4,29,16,2,45,3,1,0,3,0,0,0,2
0,0,0,2,0,0,3,0,0,0,0,1,0,4,0,0,1,0,0,0,1,0,0,0,0,0,2,0,1,1,0,0,2,2,1,1,0,0
0,0,0,0,0,2,1,0,0,0,0,1,0,0,0,0,1,1,0,0,0,2,0,0,0,0,0,0,0,1,1,0,2,0,0,1,0,1
0,0,0,0,0,1,0,0,0,0,0,1,0,0,0,0,2,5,1,2,0,1,0,2,0,0,0,1,0,0,0,0,0,0,0,1,0,0
0,0,0,1,2,0,2,0,4,1,2,0,0,1,0,1,1,4,0,0,0,0,1,1,11,3,2,4,3,4,1,1,0,5,2,3,0,4
0,0,0,0,0,0,1,0,0,1,0,0,0,2,0,0,0,1,0,0,0,0,0,0,3,0,2,1,0,1,1,0,0,0,0,0,0,0
0,0,0,0,0,0,0,0,0,0,4,2,0,0,0,0,1,0,0,6,0,1,0,2,2,0,1,1,0,2,0,1,2,5,1,0,0,1
0,0,0,0,0,0,0,0,0,0,1,0,0,0,0,0,0,0,0,0,0,0,0,0,0,2,0,0,0,0,0,0,0,0,0,0,0,1
0,0,0,0,0,0,1,0,0,0,2,0,0,1,0,0,0,3,0,3,2,1,0,0,0,1,1,3,0,1,3,0,0,0,0,0,1,0
