0,2,0,0,0,0,0,0,0,0,0,0,0,0,0,0,0,0,0,0,0,0,0,0,0,0,0,0,0,0,0,0,0,0,0,0,0,0
0,6,2,10,0,7,2,1,0,1,0,0,0,0,0,0,0,0,0,2,0,0,0,2,1,0,0,0,0,0,0,0,0,1,0,0,0,0
0,6,4,0,0,8,0,0,0,0,0,0,0,0,0,0,0,0,0,1,0,0,0,0,0,0,0,0,0,0,0,0,0,0,0,0,0,0
2,26,6,94,30,24,23,0,1,6,6,5,2,4,0,1,1,1,0,3,0,3,0,0,1,0,3,0,3,0,0,0,0,0,0,1,0,0
0,7,0,31,5,10,13,5,5,0,12,7,8,2,0,2,1,0,1,3,2,3,0,0,1,0,1,2,0,0,0,0,0,0,0,0,0,0
0,11,17,48,9,128,62,7,2,0,5,5,2,1,1,1,3,1,3,2,0,0,0,0,4,0,7,3,2,2,1,1,0,1,1,0,0,1
0,2,2,20,8,62,51,5,6,2,1,4,8,1,1,1,3,6,5,2,2,4,1,1,3,0,4,1,2,2,0,0,0,1,0,0,0,0
0,0,0,6,10,7,6,1,1,0,1,0,1,0,0,0,1,1,4,0,1,0,0,2,1,0,4,0,0,0,0,1,0,1,0,0,0,0
0,0,0,1,0,10,8,1,0,0,1,3,0,0,0,0,5,2,0,0,1,1,0,0,0,0,1,0,0,0,0,0,0,0,0,0,0,0
0,0,0,2,6,0,1,1,1,1,4,0,0,2,0,0,0,1,0,3,2,0,0,0,2,0,0,0,2,1,0,0,0,0,0,0,0,0
0,0,0,4,10,8,9,3,1,3,4,8,3,3,0,2,0,1,0,6,2,9,2,0,7,2,2,1,1,5,0,0,0,0,1,0,0,1
0,0,0,14,4,13,4,3,0,0,7,4,1,4,0,2,4,3,6,2,3,8,1,0,3,0,2,0,4,0,0,0,0,2,0,1,0,1
0,0,0,6,0,15,15,0,3,0,4,0,0,4,0,0,1,4,2,1,0,1,1,1,1,1,2,4,0,1,2,0,1,0,0,1,0,0
0,0,0,1,1,7,0,3,0,0,0,1,4,3,0,0,2,1,1,1,1,8,2,4,0,0,2,1,0,0,1,0,0,0,2,1,0,0
0,0,0,0,0,1,0,0,1,0,0,0,0,0,0,0,0,1,0,1,0,0,0,2,0,1,0,0,0,0,0,0,0,0,0,0,0,0
0,0,0,1,0,3,5,0,2,1,2,0,0,1,0,0,4,1,1,0,1,4,0,2,1,0,1,0,1,3,0,1,0,0,0,0,0,0
0,2,0,6,0,4,2,1,3,0,1,3,3,2,1,0,4,1,1,3,3,7,0,2,1,0,5,3,1,0,0,0,0,1,0,0,0,0
0,0,0,2,1,11,3,1,2,4,4,2,8,0,1,4,4,3,4,3,2,5,2,2,2,1,18,1,0,6,1,0,0,0,0,1,0,1
0,0,0,1,1,10,15,0,1,0,2,1,6,1,3,0,4,3,1,0,0,6,0,2,3,2,10,2,5,1,0,0,0,2,0,1,0,3
0,0,1,0,3,6,2,0,0,8,15,7,1,2,0,2,5,2,2,4,2,1,0,1,10,1,4,5,3,5,1,0,0,2,0,0,0,0
0,2,0,0,2,0,4,0,1,1,1,1,0,0,0,0,1,3,3,1,0,2,0,0,1,1,0,2,0,0,0,0,0,0,0,0,0,0
0,0,0,5,0,7,6,0,0,2,3,4,0,3,0,1,5,3,1,4,1,2,1,1,8,1,9,7,0,2,0,0,0,2,0,3,0,4
0,0,0,0,0,0,0,0,0,0,0,1,2,0,0,0,1,0,0,3,0,0,0,2,1,1,1,1,0,0,0,1,0,0,0,0,0,0
1,0,0,0,1,3,1,2,0,2,1,0,0,0,0,0,1,2,2,0,1,0,0,0,0,0,1,0,1,2,0,0,0,0,0,0,0,0
0,1,0,7,3,1,0,0,5,3,6,9,2,2,2,1,4,11,4,18,3,6,0,2,35,8,21,18,9,13,1,0,2,8,6,4,0,0
0,0,0,1,2,1,1,0,0,0,1,1,2,0,0,0,2,0,5,0,0,2,1,0,3,2,1,5,1,0,3,0,2,0,0,0,0,0
0,2,1,1,0,1,3,4,3,0,1,4,4,0,1,7,6,12,13,8,7,10,2,0,18,4,41,11,3,14,0,0,1,5,2,4,0,0
0,0,1,0,0,0,2,0,0,0,0,2,0,0,0,2,0,0,1,4,0,0,0,0,25,1,11,15,7,6,2,0,1,8,2,3,0,3
0,0,0,0,0,0,2,0,0,0,0,2,0,1,0,0,0,0,0,0,0,1,0,0,6,2,2,2,1,13,0,0,0,1,2,1,0,0
0,0,1,1,2,2,3,2,0,2,4,3,5,2,2,1,1,7,5,1,0,6,0,1,6,1,22,7,4,43,0,0,0,4,1,2,0,1
0,0,0,0,0,0,1,0,0,0,0,2,0,0,0,0,1,1,0,0,0,2,0,0,0,0,0,1,0,2,0,0,0,1,0,1,0,2
0,0,0,0,0,0,0,0,0,0,0,0,0,0,0,0,0,0,0,2,0,0,0,0,2,0,2,0,1,1,0,0,0,0,0,1,0,0
0,0,1,0,2,1,2,0,0,0,0,0,0,1,0,0,1,3,0,0,0,0,1,0,3,0,1,1,0,2,0,0,4,1,0,1,0,0
0,0,0,3,0,0,1,3,0,0,1,2,0,1,0,0,0,1,0,2,0,1,0,0,8,0,0,1,2,6,0,0,1,2,4,2,0,0
0,0,0,0,1,0,0,0,0,0,0,0,0,0,0,2,0,1,0,2,0,0,0,0,0,2,2,4,0,3,0,1,2,3,0,1,0,1
0,0,0,0,1,2,0,0,0,1,0,1,0,0,0,0,1,3,0,2,0,0,0,0,0,0,1,0,1,1,4,0,0,3,0,0,0,1
0,0,0,0,0,0,2,0,0,0,0,0,0,0,1,0,0,0,0,0,0,0,0,0,0,0,0,2,0,1,0,0,0,1,0,0,0,0
0,0,0,0,0,2,0,0,0,1,1,1,0,0,0,0,0,3,0,0,0,0,0,0,1,0,1,2,0,0,0,0,1,2,1,0,0,1
