0,0,0,0,1,2,0,0,0,0,0,0,0,0,0,0,0,0,0,0,0,0,0,0,0,0,0,0,0,0,0,0,0,0,0,0,0,0
0,4,2,9,2,6,1,0,0,0,0,0,0,0,0,0,0,0,1,0,0,0,0,0,2,0,0,0,0,2,0,0,0,0,0,0,0,0
0,1,6,0,0,3,0,0,0,0,0,0,0,1,0,0,0,0,0,0,0,0,0,0,0,0,0,0,0,0,0,0,0,0,0,0,0,0
3,27,9,118,36,46,25,1,0,2,5,3,0,1,0,1,3,0,2,0,0,1,1,0,2,1,1,2,3,2,0,0,0,1,0,0,0,0
0,8,5,36,12,13,15,6,2,1,5,7,0,4,0,2,2,0,4,3,5,5,0,2,0,3,4,6,0,2,1,0,0,0,0,0,0,0
3,5,14,76,14,116,76,7,4,2,2,4,2,0,1,1,1,3,7,3,0,2,0,0,4,0,5,6,0,1,0,0,0,3,0,1,0,1
0,5,3,28,6,73,71,7,5,0,3,4,1,0,0,5,7,3,6,1,2,1,1,1,3,1,8,0,0,4,2,0,5,1,0,0,0,0
0,0,0,4,1,8,4,0,0,0,3,3,0,1,0,1,4,2,0,1,0,2,0,0,1,0,5,0,0,4,0,1,0,1,0,0,0,0
0,0,0,1,0,8,5,0,0,0,0,0,1,0,0,0,1,0,3,0,0,1,0,0,0,0,6,0,0,0,0,0,0,0,0,0,0,0
0,1,0,4,8,3,2,0,0,1,5,2,2,0,0,0,0,0,1,2,2,1,0,0,1,2,1,2,0,0,0,0,0,1,0,0,0,0
0,0,0,10,7,4,2,1,0,4,3,3,1,4,0,2,0,2,2,2,0,6,0,0,3,1,2,5,2,1,0,0,0,0,0,0,0,0
0,0,0,9,5,4,6,1,0,1,6,6,0,3,0,1,3,3,1,1,1,8,2,1,3,2,3,2,1,0,0,0,0,1,0,1,0,1
0,1,1,6,5,16,8,2,0,0,2,0,6,0,0,1,6,0,8,1,0,0,1,0,1,0,10,0,0,1,0,0,0,0,0,0,1,0
0,0,1,0,1,8,5,1,1,1,1,1,2,0,0,1,0,4,2,0,2,13,0,0,4,0,2,0,0,2,0,0,2,2,0,0,0,0
0,0,0,0,0,0,0,0,0,0,0,0,0,0,0,0,1,4,0,0,0,0,0,0,1,0,1,2,0,0,1,0,0,0,0,0,0,0
0,0,0,1,2,3,5,0,0,0,0,1,3,1,0,2,0,0,1,0,0,2,0,0,1,1,2,1,0,2,0,0,0,0,0,0,0,0
0,1,2,0,8,9,12,1,4,0,1,2,3,4,0,1,1,3,4,0,1,1,3,3,2,1,11,5,2,1,2,0,0,2,0,1,0,0
0,0,0,4,1,11,6,1,1,0,2,4,0,3,0,0,0,1,3,0,0,11,1,2,3,1,4,3,0,8,1,1,1,3,0,0,0,0
0,1,1,1,3,7,2,3,1,3,0,3,10,2,1,0,2,3,4,0,0,2,0,2,6,0,17,0,1,4,0,0,1,1,0,2,0,0
0,0,1,6,6,4,5,0,0,4,9,5,1,2,1,1,2,3,2,6,2,0,0,0,11,2,7,1,1,5,1,0,1,4,0,1,0,1
0,0,0,1,1,0,2,3,0,0,4,2,1,4,0,2,2,0,1,0,0,0,0,0,6,0,0,0,0,2,1,0,0,0,0,0,0,0
0,0,0,1,2,2,4,1,0,2,2,4,0,4,0,0,5,4,3,5,3,0,0,0,11,3,7,1,0,6,0,0,0,1,0,0,0,0
0,0,0,0,0,0,0,0,0,0,1,0,0,2,0,0,0,1,0,0,0,0,0,0,0,0,6,0,1,1,0,0,0,0,0,0,0,0
0,0,0,0,0,0,0,0,2,1,0,0,0,0,0,2,0,2,0,0,1,0,0,0,6,0,5,0,2,0,0,0,0,0,0,0,0,0
0,0,0,3,4,2,1,0,4,1,10,5,3,4,0,0,2,8,3,7,6,8,1,1,22,6,18,18,7,15,1,0,0,5,0,4,0,0
1,0,0,1,0,0,0,0,0,1,2,0,0,0,0,1,0,1,0,2,1,2,0,3,7,3,6,3,2,6,0,0,0,0,0,0,0,0
0,0,0,5,4,6,6,2,3,0,2,7,4,8,0,4,6,18,7,6,0,11,0,3,15,8,18,11,14,26,2,0,0,6,2,3,0,0
1,2,0,1,0,1,1,1,0,0,2,0,0,0,0,1,0,1,3,1,0,1,0,0,12,7,7,15,7,8,3,0,0,5,4,2,0,0
0,0,0,1,0,1,0,2,0,1,4,0,0,1,0,0,1,0,0,1,0,2,0,0,4,0,4,9,5,4,0,0,0,4,0,0,0,0
0,1,0,0,0,5,0,0,1,2,3,11,0,4,0,3,4,3,0,2,0,12,1,2,15,5,17,14,16,28,2,1,1,11,1,0,0,0
0,0,4,0,0,1,0,0,1,0,1,1,2,0,0,1,1,1,1,1,0,2,0,1,2,0,0,3,0,2,0,0,0,0,0,0,0,0
0,0,0,0,0,0,0,0,0,0,3,1,1,1,0,1,0,1,1,0,0,0,2,0,0,0,1,0,0,2,3,0,2,0,0,0,0,0
0,2,0,0,0,4,1,0,0,0,2,0,2,0,0,0,0,1,0,1,0,0,0,0,2,0,0,0,1,1,1,0,1,1,0,0,0,0
0,0,0,2,0,1,1,2,1,0,0,1,1,3,0,1,2,1,0,2,2,3,0,0,7,0,4,4,4,5,2,0,2,2,0,1,0,0
0,0,0,0,1,0,3,0,0,0,0,0,0,0,0,0,0,0,0,0,0,0,0,0,2,0,5,1,0,0,0,0,1,4,0,0,0,0
0,0,0,1,1,0,0,0,0,1,0,0,1,0,0,1,2,0,0,0,1,0,0,0,4,1,0,6,0,1,1,0,0,5,1,0,0,0
0,0,0,0,0,0,0,0,0,0,0,0,0,0,0,0,0,0,0,0,0,0,1,0,0,0,1,0,0,0,2,0,0,1,0,0,0,0
0,3,0,0,0,0,0,0,0,0,0,0,0,2,0,0,2,1,0,0,0,1,0,0,0,0,0,1,0,0,0,0,0,4,0,1,0,0
