0,1,0,1,0,0,0,0,0,0,0,0,0,1,0,0,0,0,0,2,0,0,0,0,0,0,0,0,0,0,0,0,0,0,0,0,0,0
0,12,1,8,6,1,1,0,0,0,2,0,0,0,0,0,1,0,0,1,0,0,0,0,0,0,0,0,0,0,0,0,0,0,0,0,0,0
0,4,5,4,1,10,1,0,0,0,0,0,1,0,0,0,0,0,0,0,0,0,0,0,0,0,1,0,0,0,0,0,0,0,0,0,0,0
3,32,12,143,27,44,22,1,4,0,8,5,0,2,0,1,0,1,3,4,1,0,0,0,4,0,3,1,1,0,1,0,0,0,0,0,0,0
1,0,0,36,18,14,15,3,0,4,4,5,3,1,0,1,2,3,0,6,2,2,0,4,6,1,2,5,1,3,0,0,0,1,0,1,0,0
2,9,13,42,17,119,64,11,5,0,0,3,6,3,0,2,5,4,3,0,1,4,1,0,2,1,2,0,0,5,1,0,0,0,2,0,0,0
0,2,6,33,9,83,43,9,4,0,6,2,16,7,3,3,5,3,7,0,1,2,3,0,4,0,11,0,0,4,2,0,0,0,1,0,0,0
0,0,0,6,1,9,4,1,0,1,0,0,0,0,1,2,3,7,2,1,2,1,0,1,2,0,4,1,1,1,0,0,0,0,0,1,0,0
0,0,0,2,4,6,13,0,0,0,1,2,0,0,0,0,1,0,1,0,0,1,0,0,0,0,2,0,0,0,0,0,0,0,0,0,0,0
0,0,1,4,3,6,2,1,0,4,1,3,0,0,0,1,0,0,0,12,1,2,0,0,1,0,0,0,0,0,0,0,0,0,0,0,0,0
0,0,0,5,5,2,1,0,0,2,4,2,0,2,1,0,5,1,2,2,0,4,0,0,6,2,3,5,0,2,1,0,0,2,0,2,0,0
1,1,1,7,5,6,8,1,1,1,2,4,11,7,0,2,2,4,3,2,1,12,1,0,1,0,8,1,3,2,0,0,0,2,2,0,0,1
0,1,0,1,5,15,11,2,0,0,0,2,1,0,0,1,3,7,6,2,0,5,2,1,0,0,6,1,0,0,0,0,0,0,0,0,0,0
0,0,0,3,1,6,5,1,0,1,2,5,0,3,1,0,2,1,0,2,0,8,0,0,1,1,4,2,0,1,0,0,0,2,1,1,0,0
0,0,0,1,0,2,0,0,0,0,0,0,1,0,0,0,0,0,1,0,1,3,0,0,1,0,0,0,0,0,0,0,0,0,0,0,0,0
0,0,0,2,4,3,1,0,0,1,0,2,1,2,0,0,0,0,1,0,1,1,0,1,0,0,2,1,0,0,0,0,0,0,0,0,0,0
0,0,0,4,4,5,8,2,1,0,0,4,2,3,1,0,3,0,8,0,1,5,1,1,6,0,15,0,2,4,0,0,0,1,1,0,0,0
0,0,0,1,0,5,9,0,2,4,2,3,6,0,0,0,3,2,10,6,0,4,1,0,6,0,15,1,3,4,1,1,1,1,0,1,0,0
0,0,0,3,3,3,5,1,1,0,0,0,8,0,0,2,0,4,10,0,2,4,2,0,4,0,7,3,1,6,0,0,1,2,0,0,0,0
1,0,0,8,1,1,3,2,0,4,6,4,0,5,0,1,3,1,0,6,4,5,3,0,3,0,5,2,1,7,0,0,0,3,0,0,0,1
0,1,0,0,0,0,1,1,0,0,0,2,0,0,0,0,1,1,1,1,1,0,1,0,1,3,1,1,0,0,0,0,0,1,0,0,0,0
0,0,0,1,5,0,4,0,0,1,5,5,5,1,0,0,2,4,0,1,1,0,0,0,11,1,5,2,0,5,0,1,0,2,0,0,0,0
0,0,0,0,2,1,1,0,0,0,0,0,0,1,0,0,0,0,1,2,1,0,0,1,0,1,1,0,0,3,0,0,0,0,0,0,0,0
0,0,0,0,0,0,1,0,0,1,1,0,0,0,0,0,2,2,2,0,1,3,0,0,1,0,0,0,2,1,0,0,0,0,0,0,0,0
2,1,0,8,1,3,0,0,1,2,2,7,0,2,0,0,1,4,5,28,3,6,2,0,19,10,7,8,9,15,1,0,1,5,0,0,0,0
0,0,0,0,0,0,0,0,0,0,0,0,0,2,0,0,0,3,0,0,3,1,0,0,7,1,2,7,0,5,0,0,1,0,0,1,0,0
1,1,1,4,2,9,9,1,0,1,5,3,2,0,0,1,4,22,11,3,2,24,0,0,18,5,17,15,7,22,0,0,2,3,1,3,0,0
0,0,0,5,2,2,1,2,0,0,5,1,1,1,1,1,1,5,0,11,0,5,2,0,21,6,10,12,5,14,0,0,0,9,3,1,0,0
0,0,0,3,0,3,2,0,0,0,0,0,0,1,0,0,0,1,0,2,0,3,1,2,8,0,5,2,3,3,0,0,0,2,2,0,0,0
1,1,0,0,3,1,5,1,1,6,2,1,4,5,0,0,0,4,2,9,0,9,0,1,12,1,15,4,6,30,1,0,2,2,1,1,0,0
0,0,0,0,0,1,0,0,0,0,1,0,0,0,1,2,1,2,0,0,0,1,1,1,2,0,1,0,2,3,3,0,0,0,0,0,0,0
0,0,0,0,0,0,0,0,0,0,0,1,0,0,0,0,1,0,1,0,0,0,0,0,1,0,1,1,0,1,0,0,0,2,0,0,0,0
0,3,0,0,0,2,0,1,0,0,1,0,0,1,0,0,3,1,0,0,0,0,0,0,1,0,2,1,0,4,0,0,0,4,1,0,0,0
1,0,0,1,2,0,1,0,0,0,2,0,0,0,0,0,3,0,0,0,3,4,0,0,5,1,6,11,3,5,1,1,2,3,1,1,0,3
2,0,0,1,0,0,0,0,0,0,0,0,1,0,0,0,2,0,1,1,0,2,0,0,3,0,2,1,3,0,0,0,0,0,1,0,0,0
0,0,0,1,0,0,0,0,0,1,3,0,1,0,0,0,3,1,0,0,0,0,0,0,4,1,1,1,4,1,0,0,0,6,1,1,0,1
0,0,0,0,0,0,0,0,0,0,0,0,0,0,0,0,1,0,0,0,0,0,0,0,0,0,0,0,0,0,0,0,0,0,0,0,0,0
0,0,0,0,0,0,0,0,0,1,1,2,0,2,0,0,0,0,0,3,0,1,0,0,0,0,1,4,0,0,0,0,0,1,0,0,0,0
