2,2,0,0,0,0,0,0,0,0,0,0,0,0,0,0,0,0,0,0,0,0,0,0,0,0,0,0,0,0,0,0,0,0,0,0,0,0
1,4,3,21,1,2,4,2,0,0,0,1,0,0,0,1,1,0,0,0,0,0,2,0,0,0,0,0,0,0,0,0,0,0,0,0,0,0
0,6,8,2,1,7,5,0,0,1,0,0,0,0,0,0,0,0,0,0,0,0,0,0,0,0,3,0,0,0,0,0,0,0,0,0,0,0
5,21,10,104,33,38,19,2,0,0,6,7,2,1,0,0,1,0,1,0,3,3,0,0,2,0,3,0,1,3,0,1,0,1,0,1,0,0
1,7,1,40,7,19,22,0,0,4,8,5,2,1,0,3,5,3,4,13,5,4,0,0,7,0,4,0,0,0,1,0,0,0,0,0,0,0
1,4,15,51,13,120,84,3,1,1,4,1,2,5,0,1,6,2,2,2,2,3,1,1,5,0,12,2,2,4,0,2,0,2,0,0,0,0
0,2,7,27,19,101,58,14,11,1,5,4,13,1,1,1,5,10,1,0,0,2,2,2,3,0,7,5,0,3,1,3,1,0,0,4,0,1
0,1,0,3,9,18,10,1,0,0,1,5,0,0,0,0,4,3,2,0,3,4,1,1,0,1,6,2,3,4,0,0,1,1,0,0,0,0
0,0,1,3,0,7,8,3,0,3,2,3,0,0,0,1,5,0,4,0,0,0,0,0,1,0,2,0,0,2,0,0,0,0,0,0,0,0
0,1,0,1,6,0,1,0,0,0,4,1,1,1,0,0,3,3,0,4,2,1,0,0,2,0,2,1,0,1,0,1,0,0,1,0,0,0
0,1,1,10,12,2,6,0,0,2,5,3,1,3,0,0,0,2,0,5,0,6,0,0,5,1,3,3,2,1,0,0,0,2,0,1,0,1
0,0,0,13,1,4,9,1,0,0,9,6,0,4,2,1,4,6,4,0,0,8,0,1,7,3,7,4,6,4,0,0,4,1,0,1,0,0
0,0,2,0,4,12,16,0,1,0,3,0,4,1,0,2,2,5,7,2,0,3,0,0,2,0,9,0,1,4,1,0,0,1,0,0,0,0
0,0,0,1,3,2,5,0,2,0,0,3,4,3,0,2,2,3,2,0,2,8,0,0,0,1,1,4,0,1,2,0,0,1,0,0,0,0
0,0,0,0,0,1,0,0,0,0,0,0,1,1,0,0,0,0,0,0,0,0,0,1,0,0,1,1,0,0,0,0,0,0,0,0,0,0
0,0,0,0,1,2,4,0,1,0,1,0,1,2,0,0,1,0,0,1,0,3,1,0,2,1,6,0,0,0,0,0,0,0,0,0,0,0
0,0,0,1,4,9,9,0,3,0,3,4,2,3,1,0,0,3,12,1,4,8,2,2,4,3,15,2,0,3,0,0,2,0,0,2,0,0
0,2,0,0,2,6,4,3,5,0,1,1,5,3,0,0,3,4,9,1,1,3,0,2,3,2,15,6,0,6,2,0,0,0,2,0,0,0
0,0,0,2,3,6,3,1,1,0,0,2,3,3,2,1,4,4,4,0,0,3,1,0,8,2,9,6,7,4,0,1,2,0,0,0,0,0
0,0,1,1,10,1,7,3,1,0,6,5,1,3,0,1,7,6,5,8,3,5,1,1,10,0,8,3,0,3,0,0,0,1,0,0,0,0
0,0,0,5,1,0,1,0,1,1,2,2,0,3,0,0,1,0,2,2,0,1,2,0,5,0,2,1,0,0,0,0,0,0,0,0,0,1
1,1,0,4,1,3,8,1,0,2,3,6,2,1,0,1,2,9,0,2,1,7,0,0,8,0,3,9,4,6,1,0,0,1,0,0,0,0
0,0,0,0,0,0,0,0,0,0,0,1,0,0,0,1,0,0,1,0,0,3,0,0,2,0,1,0,0,0,0,0,0,0,2,0,0,0
0,0,0,0,0,0,1,0,1,0,3,1,1,0,0,1,5,0,1,4,0,1,0,0,0,0,2,0,1,2,0,0,0,0,0,0,0,0
0,2,0,6,4,1,3,2,1,5,8,6,4,3,0,0,0,8,2,14,2,6,4,0,35,8,26,9,13,9,2,0,0,5,1,1,0,1
0,0,0,0,0,1,1,3,0,0,5,2,0,1,0,0,0,1,3,1,2,2,0,0,4,0,8,3,4,2,0,0,0,4,0,0,0,0
0,1,1,2,4,5,4,0,0,0,4,1,6,3,0,6,1,15,12,10,10,12,3,2,22,6,27,10,10,23,2,2,2,6,2,2,0,0
0,2,2,3,4,3,1,0,0,3,0,2,0,0,0,0,0,8,0,7,0,1,0,1,17,4,9,19,2,12,0,0,1,6,2,1,0,1
0,0,0,1,0,0,0,1,0,0,0,3,1,0,0,0,0,0,0,1,2,1,0,0,5,0,5,8,7,9,0,0,1,0,0,1,0,1
1,0,0,0,4,6,4,1,0,0,5,4,1,2,0,1,5,1,2,2,0,5,1,1,16,5,21,14,3,37,1,3,3,10,2,1,0,2
0,0,0,1,0,3,1,0,0,0,1,0,0,2,0,0,0,3,0,0,0,0,0,0,2,0,3,1,0,2,3,2,0,0,1,0,0,0
0,0,0,0,0,2,3,0,0,0,0,0,0,0,0,0,2,3,0,0,0,0,0,0,2,0,2,1,0,0,0,1,0,1,2,0,0,1
0,0,0,0,0,0,2,0,0,0,0,0,0,0,0,0,0,2,0,2,0,0,0,5,1,1,2,1,0,4,0,0,0,2,4,1,0,0
0,0,0,1,0,0,0,0,0,1,0,3,1,3,0,0,0,2,0,0,1,2,0,0,5,2,4,5,6,6,1,0,0,3,2,3,0,0
0,0,0,0,0,0,0,0,1,0,0,1,0,0,0,0,0,0,1,1,0,2,0,0,1,1,1,0,0,8,0,0,0,3,0,0,0,0
0,0,0,0,0,0,0,0,1,0,0,2,0,1,0,0,1,1,2,4,0,0,0,2,5,0,1,0,0,1,0,1,0,1,1,0,0,1
0,0,0,0,0,0,0,0,0,0,0,0,0,0,0,0,0,0,0,2,0,0,0,0,0,0,0,1,0,0,0,0,0,0,0,0,0,0
0,0,0,0,0,0,0,0,0,0,3,0,0,0,0,0,1,0,0,4,0,0,0,0,0,0,0,0,3,1,0,0,0,0,2,3,0,2
