2,3,0,2,0,1,0,0,0,1,0,0,0,0,0,0,0,0,0,0,0,0,0,0,0,0,0,0,0,0,0,0,0,0,0,0,0,0
1,12,5,9,2,5,5,0,0,0,3,0,0,0,0,1,0,0,0,0,0,0,0,0,0,0,0,0,0,1,0,0,0,0,0,0,0,0
0,3,12,3,1,6,0,0,0,0,0,2,0,0,0,0,0,0,0,0,0,0,0,0,0,0,2,0,0,0,0,0,0,0,0,0,0,0
0,18,16,103,30,40,23,5,0,1,4,9,2,3,0,6,4,5,1,6,0,1,0,0,0,0,1,3,0,1,0,0,0,1,0,0,0,0
1,7,0,52,27,14,15,6,1,1,6,10,1,2,1,1,1,2,2,1,2,3,0,4,4,0,2,4,0,2,0,0,0,3,0,0,0,0
3,15,14,75,26,141,68,8,8,1,4,5,5,3,0,0,3,3,2,1,1,6,1,2,6,1,8,1,1,7,0,0,0,1,0,0,0,0
1,4,5,31,21,100,57,8,9,2,1,7,13,5,0,3,13,10,5,2,1,10,0,2,7,1,7,7,3,6,1,1,0,1,1,0,0,0
0,3,0,4,3,9,7,0,3,0,1,4,2,7,0,9,6,1,9,0,2,3,0,0,4,0,8,0,2,3,0,0,1,0,0,0,0,0
0,0,1,3,3,9,8,1,0,0,1,3,0,0,1,3,2,3,2,0,0,0,0,0,1,0,6,0,0,2,0,0,0,0,0,0,0,0
0,5,0,6,5,0,3,1,2,1,2,4,0,0,1,0,0,0,0,8,3,1,0,0,4,0,0,0,0,1,0,0,0,0,0,0,0,0
1,2,2,9,5,7,6,4,2,0,1,1,2,1,0,0,2,0,4,5,0,7,0,3,9,0,2,5,1,2,1,0,0,1,0,0,1,0
0,2,0,13,9,6,6,0,0,2,2,1,1,2,0,1,2,5,4,6,1,9,0,0,5,1,3,5,0,2,0,2,0,0,0,1,0,0
1,0,3,4,4,12,16,1,0,1,2,2,2,4,0,1,6,3,12,0,0,9,0,5,3,2,9,3,0,7,0,0,0,4,0,0,2,0
0,1,0,5,3,1,4,1,0,0,3,3,1,1,0,2,4,1,2,2,3,4,0,1,4,2,4,0,1,0,0,0,0,2,0,0,0,0
0,0,0,0,2,0,0,0,0,2,2,0,0,1,0,0,0,0,0,2,0,0,0,0,0,0,0,0,0,0,0,0,0,1,0,0,0,0
0,0,0,1,2,2,3,0,0,0,0,4,1,3,0,1,0,0,2,0,1,2,1,0,1,0,5,0,0,1,0,0,0,1,0,0,0,0
0,0,0,4,3,2,12,1,5,2,3,1,4,5,0,0,3,1,8,0,0,5,1,1,13,0,4,5,0,7,0,0,0,1,0,2,0,0
1,0,1,5,4,6,15,2,1,1,2,3,14,6,1,0,3,0,6,5,1,8,0,1,10,3,13,3,0,8,1,0,1,2,0,0,0,0
0,1,0,6,0,4,5,1,3,0,3,3,4,2,0,0,3,5,3,0,1,3,1,0,3,2,12,4,5,8,0,0,0,3,0,0,0,0
0,0,1,3,0,5,6,0,0,1,7,1,4,6,0,1,5,4,6,6,8,0,2,0,3,0,4,6,2,3,2,1,0,1,1,2,0,1
0,0,1,1,4,2,5,0,0,1,2,1,0,0,0,0,2,2,0,1,0,2,0,0,3,1,0,0,2,0,0,0,0,0,0,0,0,0
0,0,0,0,2,2,3,1,0,0,3,11,1,8,0,2,4,7,3,4,0,3,0,0,15,1,4,9,1,4,0,0,1,3,1,3,0,0
0,0,0,0,2,0,2,0,0,0,3,0,3,0,0,0,3,0,0,0,0,0,0,0,2,0,3,1,1,0,0,0,0,0,0,0,0,0
0,0,0,0,0,1,1,1,0,0,0,0,0,3,0,1,0,0,0,1,0,1,0,0,5,0,1,1,0,4,0,0,0,0,0,0,0,0
0,1,3,3,5,6,3,0,1,4,9,9,1,4,0,1,0,5,1,19,3,10,0,4,30,13,18,23,9,22,0,0,0,7,1,1,0,0
1,0,0,1,1,0,1,2,0,1,2,0,0,2,0,1,1,0,0,0,2,0,0,2,11,0,4,1,0,2,0,0,0,2,1,0,0,0
0,1,2,6,4,23,13,6,9,1,7,3,4,11,0,3,4,27,17,6,3,14,2,5,14,12,32,9,9,33,4,0,1,5,1,2,0,2
0,1,0,1,2,4,4,0,0,1,2,4,0,1,0,0,0,6,5,11,0,2,1,2,19,3,7,18,6,29,0,1,0,10,1,2,0,0
0,0,0,1,0,0,0,0,0,0,3,2,0,0,0,0,0,0,2,1,0,7,0,0,4,6,3,13,5,6,2,0,0,3,1,0,0,0
0,0,0,3,1,2,4,0,1,0,2,0,2,4,0,0,6,5,5,7,1,5,1,3,11,2,32,15,1,32,2,3,0,9,3,1,0,0
0,0,0,0,0,1,2,0,1,1,1,0,0,0,0,0,2,2,0,0,0,2,0,0,1,2,1,3,3,4,3,0,1,1,1,1,0,1
0,0,0,0,0,1,3,0,0,0,2,0,1,0,0,1,0,0,1,1,0,0,0,0,0,0,0,0,0,2,1,0,0,0,0,0,0,0
0,0,0,0,0,1,1,0,1,0,0,0,0,0,1,0,2,3,1,0,0,1,0,2,0,0,2,1,2,2,3,0,1,1,1,1,0,0
0,0,0,3,3,0,2,0,0,0,4,3,0,0,0,1,0,1,1,1,0,2,0,1,8,1,5,5,4,2,0,0,1,4,0,0,0,0
0,0,0,0,0,2,1,0,0,1,0,0,0,0,0,0,2,0,0,0,1,0,0,0,1,0,0,5,4,4,2,0,2,1,0,0,0,0
0,0,0,1,1,1,0,1,0,1,2,2,0,0,0,0,0,0,0,0,0,2,0,0,6,1,0,0,1,1,0,1,3,0,0,0,0,0
0,0,0,0,0,0,0,0,0,0,0,0,0,0,0,0,0,0,0,0,0,1,1,0,2,0,0,0,0,0,1,0,0,0,0,0,0,0
0,0,0,0,0,0,0,0,0,0,0,1,0,2,0,0,0,2,0,0,0,0,0,0,1,0,0,0,0,1,1,0,0,1,2,0,0,0
