3,1,0,3,3,0,0,0,0,2,0,0,0,0,0,0,0,0,0,0,0,0,0,0,0,0,0,1,0,1,0,0,0,0,0,0,0,0
0,17,10,18,2,11,4,0,0,1,0,0,3,0,0,0,0,3,0,0,0,0,0,0,2,0,1,0,0,0,0,0,0,0,0,0,0,0
1,7,3,1,3,7,1,0,0,0,1,0,1,0,0,0,0,0,0,0,0,0,0,0,0,0,0,0,0,0,0,0,0,0,0,0,0,0
2,23,6,138,27,69,25,5,1,2,9,5,1,1,3,2,3,0,2,2,1,3,0,0,5,1,2,1,0,1,0,0,0,1,0,0,0,0
1,10,1,47,10,10,11,2,3,3,11,16,2,4,1,3,2,0,3,3,5,2,1,0,6,0,1,0,3,4,0,0,1,0,0,0,0,1
0,5,12,57,25,124,78,4,7,1,8,3,4,2,2,0,6,6,0,1,1,2,0,0,4,0,8,1,3,2,0,0,0,3,0,2,0,0
2,0,6,39,33,117,69,6,4,0,4,7,4,1,1,0,6,4,7,1,1,12,0,1,2,1,11,2,7,1,2,0,0,1,0,1,0,0
0,2,0,4,4,18,13,1,3,0,1,3,1,1,0,8,4,5,3,2,1,0,0,0,1,0,4,1,0,1,0,0,0,1,0,0,0,0
0,0,0,3,2,9,11,0,0,0,1,0,0,0,0,0,10,0,0,2,0,2,0,0,1,0,5,0,0,1,0,1,0,1,0,0,0,0
0,0,0,7,4,0,3,1,0,2,2,3,1,0,0,1,0,5,0,3,1,1,1,0,3,0,4,3,0,2,0,0,0,0,0,0,0,0
0,0,1,9,16,6,8,2,0,0,8,7,6,3,0,3,2,3,1,7,5,5,0,0,11,3,5,10,2,1,0,0,0,0,1,0,0,1
0,1,1,7,9,14,6,1,5,0,14,4,0,6,1,2,8,4,4,2,0,16,0,1,11,1,1,4,1,2,1,0,0,2,0,1,0,1
1,1,2,3,5,21,16,2,0,0,4,3,2,0,0,0,4,9,6,0,0,2,3,0,0,3,6,0,1,7,0,0,0,2,0,0,0,0
0,0,0,7,1,1,9,1,1,2,1,4,0,0,0,1,3,0,1,1,1,5,1,1,4,0,6,1,2,0,0,0,0,3,0,1,0,0
0,0,0,0,0,0,0,0,0,1,1,1,0,2,2,0,0,1,0,0,0,1,0,0,0,0,1,0,0,0,0,0,0,1,0,0,0,0
0,0,0,2,2,4,6,0,0,1,1,0,1,2,1,1,0,3,2,2,1,3,0,2,1,0,5,1,0,0,0,0,0,4,0,0,0,0
0,0,2,4,5,12,17,2,4,1,1,2,4,2,0,3,2,2,5,5,2,4,3,0,4,0,11,2,0,7,0,0,0,0,1,0,0,1
0,0,0,1,6,12,5,4,7,0,0,3,3,3,0,0,0,5,4,4,0,5,0,3,8,2,12,7,2,5,0,0,0,1,0,2,0,0
0,0,0,1,2,11,4,2,4,0,1,1,3,1,0,1,1,4,11,2,1,0,1,2,7,0,10,0,3,9,3,1,0,2,0,2,0,0
1,1,0,2,4,5,2,2,1,4,6,3,1,2,0,2,3,1,0,8,2,2,1,0,8,0,6,5,1,5,1,0,0,5,0,0,0,1
0,1,1,3,1,1,1,0,0,0,2,4,0,0,0,0,1,0,0,4,0,2,1,1,4,1,2,1,0,1,0,0,0,0,0,1,0,0
1,0,0,2,0,3,5,4,2,0,6,3,0,2,0,5,1,3,2,0,1,1,0,0,8,0,3,1,1,2,0,0,0,3,0,0,0,0
0,1,0,0,0,0,1,0,0,0,0,0,0,0,0,0,0,3,0,0,0,1,4,0,1,0,0,0,1,1,0,1,0,0,0,0,0,0
0,0,0,1,0,1,0,0,1,0,1,2,2,8,0,0,2,3,0,0,0,1,0,0,3,1,1,1,2,2,0,0,0,4,0,1,0,0
0,2,0,10,1,3,11,3,1,3,4,5,0,4,0,4,2,6,5,11,2,5,3,4,50,16,24,19,14,17,1,2,0,9,0,2,0,2
0,0,0,1,3,1,3,0,2,2,0,3,1,0,0,0,0,1,3,1,1,0,2,0,8,0,4,3,2,3,0,0,0,2,2,0,0,0
0,1,6,6,4,6,7,5,1,0,3,7,2,5,0,3,7,17,16,5,2,16,0,9,18,6,30,13,15,46,1,0,0,0,5,3,0,0
0,3,0,1,4,3,2,0,0,1,1,0,0,2,0,1,2,2,4,7,0,0,0,0,14,6,7,14,3,17,0,0,0,8,0,2,0,0
0,0,0,2,1,0,1,1,0,0,0,0,0,0,0,0,0,2,0,2,0,1,1,0,6,1,9,15,2,7,4,0,0,5,1,1,0,0
0,0,1,5,0,1,12,0,1,1,0,0,2,0,1,1,0,5,5,0,0,6,2,0,17,2,26,17,3,42,2,2,0,8,7,0,0,0
0,0,0,1,0,1,1,0,2,0,0,0,1,0,0,0,0,0,0,2,0,0,2,0,3,0,1,2,1,9,1,0,0,0,0,0,0,0
0,0,0,0,0,3,0,0,0,0,0,0,0,0,0,0,0,0,0,0,0,0,0,0,1,1,0,1,0,0,1,0,0,4,1,0,0,0
0,0,0,0,2,1,2,0,0,0,1,0,0,0,0,0,0,2,3,1,0,0,0,0,4,0,2,1,0,8,0,0,2,2,1,1,1,0
0,0,0,2,1,0,1,0,0,2,0,3,0,2,0,0,3,3,2,5,0,0,0,0,8,1,14,8,4,8,0,0,1,12,0,2,0,1
0,0,2,0,0,0,1,0,0,1,2,1,0,1,0,0,0,0,0,0,0,1,0,0,3,1,2,3,1,1,2,0,2,0,0,1,0,0
0,0,0,0,0,0,0,1,0,0,3,2,0,1,0,1,0,0,0,1,0,1,0,0,6,0,1,4,0,1,0,0,0,2,1,0,0,2
0,0,0,1,0,0,0,0,0,0,0,1,0,0,0,0,0,0,0,0,0,0,0,0,0,1,0,2,0,0,0,0,0,0,0,1,0,0
0,0,0,0,1,0,0,1,0,0,1,0,0,5,0,2,0,0,0,0,0,1,0,0,2,0,2,0,0,0,2,1,0,0,0,1,0,1
