2,0,0,0,0,0,0,0,0,0,0,2,0,0,0,0,0,0,0,0,0,0,0,0,0,0,0,0,0,0,0,0,0,0,0,0,0,0
1,17,4,25,1,11,1,0,0,1,2,1,0,0,0,0,1,0,2,0,0,1,0,0,0,0,0,0,0,2,0,0,0,0,0,0,0,0
0,3,4,2,0,9,0,0,0,0,0,0,0,0,0,0,0,1,0,0,0,0,0,0,0,1,1,0,0,0,0,0,0,0,0,0,0,0
3,17,5,115,36,45,21,4,1,1,6,2,4,1,1,1,7,1,2,0,0,2,0,0,5,0,0,5,1,4,0,0,0,1,1,0,0,0
2,3,3,39,14,16,11,2,4,0,8,7,4,8,0,0,2,0,1,3,4,4,1,0,5,0,7,1,2,4,0,0,0,1,0,0,0,0
0,11,25,53,33,169,78,3,3,1,8,6,8,3,0,3,8,3,6,0,4,4,2,7,0,0,6,2,0,3,0,1,0,0,0,1,0,0
0,4,10,38,29,104,59,13,6,2,7,9,15,6,1,3,13,9,7,0,3,8,2,3,7,5,10,6,5,10,1,1,0,3,0,1,0,0
0,0,1,8,7,13,15,0,0,0,2,4,2,2,0,2,4,4,8,0,0,1,1,3,1,1,4,3,3,4,0,0,0,0,0,0,0,0
0,0,0,5,2,17,9,0,2,1,1,1,2,2,1,1,2,2,1,0,0,1,0,0,1,0,5,0,0,1,0,0,0,0,0,0,0,0
0,1,0,4,8,1,0,3,0,0,4,1,1,0,0,0,0,1,2,2,1,1,0,2,4,0,1,1,1,3,0,0,0,0,1,0,0,0
0,1,0,16,12,4,1,0,1,1,1,5,2,7,0,5,5,0,1,4,5,2,0,0,8,0,5,6,1,7,0,0,0,0,2,0,0,1
0,3,0,9,17,17,6,3,2,6,3,7,2,1,3,1,4,2,3,7,5,10,1,2,6,0,1,3,1,2,0,0,1,6,0,2,0,0
0,1,0,6,8,20,19,1,0,2,5,2,2,6,0,0,2,3,9,1,0,1,0,1,1,0,11,2,0,2,1,0,0,1,0,0,0,0
0,1,0,4,3,4,4,2,1,0,0,1,4,3,0,3,2,3,0,0,3,9,0,1,5,0,6,4,0,2,0,0,0,0,0,0,0,0
0,0,0,0,0,0,0,0,0,0,0,0,0,0,0,2,0,0,0,0,0,0,0,0,2,0,0,0,0,0,0,0,0,0,0,0,0,0
0,0,0,2,2,4,5,1,2,0,4,3,2,0,0,0,1,0,1,0,1,2,0,0,1,0,2,1,0,3,0,0,0,0,0,1,0,0
0,2,1,6,4,20,13,0,3,5,4,10,2,3,0,1,4,2,2,0,1,3,0,0,8,0,17,7,1,11,0,0,0,0,0,1,0,0
0,3,0,1,3,14,7,3,2,0,5,4,11,2,0,0,2,2,5,3,1,3,1,1,4,1,20,5,1,4,0,2,4,1,0,1,0,0
0,0,1,0,2,7,8,2,0,0,4,3,8,3,0,1,1,3,5,1,1,2,0,2,8,0,17,7,3,9,0,1,0,2,0,0,0,0
0,1,0,2,2,4,0,0,0,1,6,1,2,3,1,6,0,6,5,10,4,1,1,1,7,0,9,4,2,1,0,0,0,2,1,0,0,0
0,0,0,4,3,0,0,0,0,2,0,0,0,0,0,0,0,1,1,2,1,2,0,0,4,0,4,0,0,0,0,0,0,0,1,0,0,0
0,3,0,2,1,5,4,1,1,3,4,3,4,2,1,2,8,3,1,0,0,5,0,0,7,0,12,1,2,3,0,0,0,0,0,0,0,0
0,1,0,0,0,1,0,0,0,0,0,0,0,0,0,0,0,4,0,0,0,0,0,0,2,0,5,0,0,6,0,0,0,0,0,0,0,0
0,0,0,0,1,0,0,1,0,1,4,1,0,0,0,2,0,3,1,1,5,0,0,3,2,0,2,2,4,0,1,0,0,0,0,0,0,1
4,0,0,10,10,10,8,0,0,4,6,8,1,6,0,1,3,7,4,16,1,7,0,1,27,9,27,21,11,28,1,0,3,9,0,1,0,0
0,0,0,3,1,1,1,0,1,0,1,1,0,2,0,0,0,2,1,2,1,1,0,0,12,0,5,5,0,4,0,0,0,0,0,0,0,0
2,0,0,3,5,11,16,5,1,0,5,5,7,4,2,1,2,12,22,5,1,17,2,4,25,9,32,12,10,35,5,0,0,13,1,6,2,0
0,0,0,1,3,8,1,2,0,0,1,2,2,1,0,3,2,0,1,4,4,3,0,0,25,5,13,13,3,18,3,0,0,13,1,2,0,2
0,0,0,0,0,0,0,1,0,0,2,3,1,2,0,0,1,2,2,0,0,1,2,0,9,3,5,10,2,8,1,0,0,4,0,2,0,1
0,1,0,0,0,3,6,1,1,1,3,1,2,7,0,2,1,4,10,1,1,3,0,1,14,0,19,25,8,43,2,1,2,3,1,3,0,1
0,0,0,0,1,4,1,0,0,0,0,1,0,1,0,0,0,1,0,1,0,2,0,0,2,0,4,2,0,3,0,0,2,1,2,0,0,0
0,0,0,0,0,2,0,0,0,1,0,0,2,1,0,0,1,0,0,0,0,0,0,0,0,0,3,0,0,4,2,1,1,2,1,0,0,0
0,0,0,0,0,3,0,0,1,1,0,0,1,1,0,0,0,1,1,1,2,1,0,0,2,1,2,2,0,10,0,0,3,1,0,2,0,1
0,0,0,0,2,0,1,0,0,0,1,4,0,0,0,1,0,6,1,2,4,2,0,0,3,0,8,16,3,9,1,1,1,1,0,7,0,0
0,0,0,0,1,0,0,0,0,0,2,0,0,0,0,0,0,0,0,0,0,0,0,0,3,0,0,3,0,0,1,0,1,1,0,1,0,0
0,0,0,4,1,0,0,2,0,1,0,1,0,2,0,0,0,2,0,2,2,0,0,0,4,1,0,3,1,5,0,2,1,4,1,2,0,0
0,0,0,1,0,0,0,0,0,0,0,0,0,0,0,0,2,0,0,0,0,0,0,0,0,0,0,1,1,0,0,0,0,1,0,0,0,0
0,0,0,0,0,0,0,0,0,0,1,0,0,0,0,0,0,1,1,0,0,0,0,0,2,0,3,1,1,0,0,0,0,3,1,2,0,0
