4.79714285714
2.53471698113
1.36416666667
1.73275659824
1.67090909091
1.45610599078
1.71139726027
1.80102362205
1.87984848485
1.75888888889
1.58570093458
1.67948387097
1.76296875
1.56464788732
2.14266666667
2.11727272727
1.87952755906
1.88124087591
1.67509433962
1.88971962617
1.1225
1.62711340206
1.52083333333
1.60243243243
1.65375
1.332
1.56361774744
1.57927152318
1.58385964912
1.74237113402
3.07709677419
4.12235294118
3.73793103448
2.22602409639
2.88774193548
2.97818181818
3.05666666667
3.15761904762
