0,4,0,1,0,0,1,0,0,0,0,0,0,0,0,0,0,0,0,0,0,0,0,0,0,0,0,0,0,0,0,0,0,0,0,0,0,1
1,10,6,24,3,5,3,0,0,0,0,0,0,0,2,0,0,0,0,0,0,0,0,0,2,0,1,0,0,0,0,0,2,0,0,0,0,0
0,7,11,1,0,15,0,0,0,0,0,0,0,0,0,0,0,1,0,0,0,0,0,0,2,0,0,0,0,0,0,0,0,0,0,0,0,0
5,20,7,116,42,64,24,3,0,4,5,6,5,4,0,1,1,1,2,4,1,0,0,0,5,0,9,1,0,1,0,0,0,1,0,0,2,0
2,2,1,51,15,10,23,1,3,4,12,9,1,4,1,3,2,0,2,2,6,1,0,0,3,4,5,2,1,6,0,0,0,2,0,0,0,0
1,13,25,59,12,158,99,7,6,2,5,7,4,6,1,3,9,6,1,0,0,1,0,4,1,1,8,0,2,7,1,0,0,0,0,0,0,0
0,3,9,37,15,105,61,9,9,1,3,9,16,7,1,4,18,10,10,3,0,2,0,5,9,0,8,2,0,17,3,0,1,5,0,0,0,0
0,0,0,9,14,20,13,0,1,2,0,0,5,6,0,3,16,5,8,0,0,2,0,0,4,2,3,0,3,3,2,0,0,1,0,1,0,1
0,0,0,5,3,7,14,1,1,0,5,0,1,2,0,0,2,1,2,1,0,1,0,0,1,0,1,2,1,6,1,0,1,1,0,0,0,0
0,0,0,9,5,0,0,1,0,0,0,5,0,2,0,2,1,0,0,8,3,1,0,0,8,1,1,4,0,3,0,0,0,0,0,0,0,0
0,2,0,3,8,11,4,0,0,2,6,4,7,6,0,0,4,7,4,2,2,3,1,1,11,1,4,6,0,1,0,0,1,0,0,0,0,0
0,1,1,15,11,9,12,2,1,5,8,6,0,7,0,7,3,5,5,2,5,14,2,6,10,0,4,6,6,4,1,0,0,4,0,0,0,0
0,0,1,9,11,15,26,0,0,2,2,5,2,4,2,0,1,5,8,2,1,3,1,3,6,3,14,1,3,5,0,0,0,0,0,1,0,0
0,0,0,2,4,6,3,0,1,0,5,8,3,0,0,1,1,0,1,0,2,2,0,0,8,0,4,6,0,2,0,0,1,0,0,0,0,0
0,1,0,1,0,1,1,2,0,0,0,0,0,0,0,0,0,0,4,2,0,0,0,1,0,0,1,0,0,1,0,0,0,0,0,0,0,1
0,0,0,5,3,3,3,1,0,2,5,0,2,0,0,0,0,0,0,2,0,2,0,0,2,1,4,2,1,3,0,0,0,3,0,0,0,1
0,0,1,8,5,7,17,0,6,0,2,5,2,3,0,1,2,2,2,5,3,1,0,5,4,4,21,2,3,6,0,1,0,8,0,0,0,0
1,1,1,1,3,10,5,5,4,0,0,8,10,2,0,0,3,2,6,2,1,11,0,4,5,4,17,6,3,10,0,0,2,4,0,0,0,0
0,0,0,5,2,3,16,1,1,0,1,4,7,3,1,0,5,4,0,0,4,5,0,3,3,0,17,3,4,16,1,0,1,3,1,0,0,0
1,1,0,7,5,2,3,0,1,6,9,7,4,6,0,0,3,3,1,4,0,2,0,0,7,1,10,10,2,5,0,0,0,0,0,1,0,1
0,0,0,2,0,0,1,0,0,0,3,0,0,0,0,1,0,3,0,0,3,4,0,0,0,2,2,3,0,2,0,0,0,0,0,0,0,0
0,0,0,2,3,1,6,6,1,1,0,4,4,9,1,3,7,4,3,3,3,1,0,0,7,1,6,5,1,8,0,0,0,5,0,0,0,1
0,0,0,2,1,2,1,1,0,0,0,1,2,0,0,1,0,0,3,0,0,0,0,0,4,1,5,0,0,2,0,0,0,0,0,0,0,0
0,0,0,2,1,1,0,0,0,0,0,0,1,2,0,0,3,2,0,0,0,1,0,0,4,1,4,2,2,3,0,0,0,4,0,0,0,0
1,0,0,1,5,4,2,3,2,12,9,5,1,3,0,0,3,11,0,12,6,14,4,0,36,10,26,28,9,18,2,0,0,14,3,0,0,4
0,0,0,0,1,1,0,0,1,0,0,0,0,2,0,0,0,5,1,3,0,1,0,1,4,2,4,1,1,1,0,0,0,1,0,0,0,0
0,4,1,3,9,7,10,2,1,0,5,5,5,6,0,3,5,23,24,5,2,12,3,1,25,4,32,20,12,31,1,0,1,9,3,1,0,1
0,0,0,2,4,1,3,0,0,2,6,1,1,4,0,0,1,2,0,6,0,2,1,0,32,6,14,15,4,40,1,0,0,9,1,0,0,0
0,0,0,0,0,0,2,0,0,1,0,1,0,3,0,0,0,2,2,0,0,2,0,0,10,0,2,12,3,8,2,0,0,1,3,0,0,0
0,0,0,0,2,9,7,0,2,0,1,1,0,2,0,0,4,11,7,5,0,6,2,5,18,4,15,20,7,40,3,0,4,9,1,2,0,0
0,1,0,0,1,0,1,0,1,1,2,2,0,0,0,2,0,1,1,0,0,0,0,0,3,0,2,1,0,2,0,1,2,1,3,1,0,2
0,1,0,0,0,1,1,0,0,1,0,0,1,0,0,0,1,1,0,0,0,0,0,0,1,0,2,2,0,4,0,1,0,0,0,0,0,0
0,1,0,0,0,0,0,0,0,0,0,0,0,0,0,0,1,2,3,2,0,0,0,1,0,0,5,0,1,8,1,0,0,0,0,1,0,3
0,1,0,1,4,0,2,0,0,0,0,0,1,0,0,0,0,2,3,3,0,1,0,2,5,0,8,10,6,14,0,0,0,2,1,5,1,2
0,0,0,0,0,1,0,0,1,1,0,0,0,4,0,0,0,1,1,0,0,1,0,0,3,1,5,1,0,1,0,0,2,4,0,0,0,1
0,0,0,2,1,0,0,0,0,2,1,0,0,0,0,0,0,1,0,2,0,0,0,0,6,0,0,3,0,4,0,0,0,8,1,1,0,0
0,0,0,0,0,1,0,0,0,0,0,0,0,0,0,0,1,0,1,0,0,0,0,0,0,0,0,0,0,3,0,0,0,1,0,0,0,0
0,0,0,0,0,0,2,0,0,3,0,1,0,0,0,0,0,0,0,1,0,1,0,1,5,2,2,1,1,2,0,0,0,2,0,0,0,0
