0,0,0,1,0,1,0,0,0,1,1,0,0,0,0,0,0,0,0,0,0,0,0,0,0,0,0,0,0,0,0,0,0,0,0,0,0,0
1,16,5,21,0,1,2,0,0,0,2,1,2,2,0,0,0,0,0,1,0,0,0,0,0,0,0,0,0,0,0,0,0,0,0,0,0,0
0,6,12,5,0,18,1,0,0,0,0,0,0,0,0,0,0,0,0,0,0,0,0,0,1,0,0,0,0,0,0,0,0,1,0,0,0,0
1,30,19,113,44,54,25,3,2,2,11,7,2,4,0,4,4,5,3,3,2,0,0,0,4,1,2,7,0,2,0,0,0,0,0,0,0,0
2,5,2,49,11,17,22,5,3,10,10,14,3,6,0,2,6,1,2,5,0,2,2,0,8,0,4,3,0,5,2,0,0,1,0,3,0,0
4,7,24,79,41,136,80,5,7,0,10,4,18,4,0,2,6,7,7,3,1,10,1,2,3,0,7,2,3,3,1,0,3,0,0,1,0,1
0,5,4,38,2,116,81,8,6,4,10,8,19,10,2,8,17,10,13,2,2,5,0,4,7,0,13,5,4,7,0,0,0,5,0,0,0,0
0,2,5,4,8,12,13,0,6,0,1,7,2,4,2,4,11,4,3,1,1,4,2,4,10,0,5,4,5,4,0,0,0,1,1,0,0,0
0,0,0,6,3,8,9,1,0,2,0,2,7,2,0,0,1,4,4,0,0,1,0,0,2,0,2,2,0,4,0,0,0,1,0,0,0,0
0,0,0,6,11,1,4,0,0,0,3,4,2,3,0,0,1,0,0,4,1,1,0,0,10,1,1,0,2,1,0,0,0,1,0,0,0,2
0,4,1,7,18,9,5,2,1,4,5,3,2,3,1,1,4,4,1,2,3,10,2,2,12,1,4,6,0,6,0,0,1,2,0,1,0,0
0,0,0,7,10,9,28,3,9,3,8,6,3,7,0,3,4,8,1,3,4,2,2,0,5,1,10,8,2,1,0,0,0,5,0,0,0,0
0,0,2,3,9,14,16,3,1,0,1,2,1,3,0,0,3,4,13,0,0,2,0,2,4,0,12,1,2,11,1,1,1,0,0,0,0,0
0,0,0,3,11,3,8,3,1,2,1,5,0,2,0,0,5,1,4,3,2,3,1,0,8,3,5,3,2,1,0,0,4,0,0,0,0,0
0,0,1,0,0,0,1,0,0,0,0,0,0,0,0,0,0,0,0,1,1,2,0,0,0,3,1,1,0,1,0,0,0,0,0,0,0,0
0,0,0,4,2,5,6,0,1,0,3,1,2,0,0,0,0,0,2,0,0,3,0,0,0,0,6,1,0,0,0,0,0,0,1,0,0,0
0,1,1,5,4,5,12,4,5,4,9,2,2,0,0,1,1,2,5,1,1,5,0,2,1,0,11,7,1,7,2,0,0,1,0,0,0,1
0,0,1,3,2,9,14,0,1,0,3,9,9,6,0,0,2,2,9,4,2,8,0,8,7,1,24,2,1,6,0,0,4,4,0,0,0,1
0,0,0,4,9,7,7,0,4,1,1,6,2,2,0,3,2,3,5,3,1,3,0,3,10,1,10,5,2,7,1,0,0,1,1,0,0,1
1,2,0,6,8,0,10,1,2,3,7,6,1,6,0,0,3,2,1,6,2,1,0,3,12,1,6,3,4,6,1,0,0,1,0,0,0,3
0,0,0,1,6,2,3,0,2,1,0,0,2,0,0,0,0,0,3,1,3,2,0,0,6,0,0,3,0,3,0,0,0,0,0,0,0,0
0,2,0,0,6,6,0,0,3,0,4,4,3,6,0,0,8,4,4,4,2,4,0,0,8,3,6,5,1,12,0,0,0,2,0,0,0,2
0,0,0,1,2,1,0,0,0,0,0,1,2,2,0,0,0,0,0,0,0,0,1,0,3,0,1,0,2,2,0,0,0,0,0,0,0,0
0,0,0,0,0,2,6,0,0,0,0,1,2,0,0,0,1,2,0,0,0,1,0,0,2,0,5,1,0,0,0,1,0,1,0,0,0,0
0,0,0,7,3,10,7,0,0,4,4,5,3,6,0,0,4,13,10,12,2,23,1,1,48,10,32,34,10,23,0,0,0,6,0,5,0,3
0,1,0,1,0,0,1,0,0,0,2,2,1,0,0,0,2,2,1,2,1,1,0,2,3,1,5,2,7,6,0,0,0,2,0,1,0,0
0,0,0,4,4,16,12,4,0,0,2,3,10,9,0,1,13,16,16,7,1,18,2,7,25,6,33,30,15,54,4,5,0,8,1,3,0,1
0,1,0,4,2,9,3,0,0,5,5,1,2,0,0,2,1,4,1,1,2,5,0,0,28,4,14,23,10,22,0,0,0,6,5,0,0,1
1,0,0,0,0,2,3,0,3,0,0,7,0,3,0,0,0,2,2,1,0,3,0,0,5,3,6,12,4,15,0,0,0,6,0,0,0,1
0,0,0,2,1,7,2,0,4,1,1,2,1,1,1,0,1,5,4,2,3,6,0,0,12,5,20,24,13,58,4,0,0,8,1,0,0,0
0,0,0,0,2,0,0,0,0,1,1,2,2,0,0,0,0,0,0,0,0,1,0,0,0,3,1,2,1,4,0,1,0,1,0,1,0,2
0,0,0,1,0,0,1,0,0,0,0,1,0,0,0,0,0,0,2,0,2,0,0,0,0,0,1,0,0,4,0,1,0,2,0,2,0,0
0,0,0,0,2,1,1,0,1,0,3,0,3,0,0,0,0,3,0,0,0,5,0,0,1,0,2,2,0,2,2,0,0,0,3,1,0,2
0,0,0,1,0,0,2,0,0,0,0,1,1,1,1,1,7,3,0,1,1,1,2,1,9,3,11,11,9,14,0,2,0,6,2,5,0,0
1,0,0,1,1,0,0,0,0,1,0,1,1,1,0,0,0,0,0,0,0,0,0,0,0,0,1,3,1,2,0,0,0,3,0,0,0,1
0,0,0,0,1,0,0,0,0,0,0,0,0,0,0,0,0,1,1,0,0,1,1,0,4,0,5,2,0,1,0,0,1,4,1,1,1,0
0,0,0,0,0,0,0,0,0,0,0,1,1,0,0,0,1,0,0,0,0,0,0,0,0,0,1,3,2,0,0,0,0,0,0,0,0,0
0,0,0,0,0,0,0,0,0,0,0,0,0,0,0,0,1,0,0,1,0,0,2,0,0,0,0,2,1,2,0,0,5,3,0,1,0,0
