1,0,0,0,0,0,0,0,0,0,0,0,0,0,0,0,0,0,0,0,0,0,0,0,0,0,1,0,0,0,0,0,0,0,0,0,0,0
0,17,4,21,2,7,2,0,0,0,1,0,1,0,0,0,0,0,0,0,0,0,0,0,0,0,1,1,0,0,0,0,0,1,0,0,0,0
2,5,15,5,2,10,0,0,0,0,0,0,0,0,0,0,0,0,1,0,0,0,0,0,0,0,0,0,0,3,0,0,0,0,0,0,0,0
3,28,11,141,29,43,14,2,2,4,8,5,4,3,0,0,0,2,0,5,2,4,0,0,5,0,11,0,1,2,0,0,0,1,0,1,0,0
0,9,3,59,23,19,25,5,0,5,15,9,3,1,2,0,4,8,3,4,2,4,2,0,0,2,6,2,1,3,0,0,0,1,1,0,0,0
1,9,9,74,25,150,119,7,11,0,5,9,11,5,1,4,4,11,1,1,1,6,2,4,2,0,11,1,0,10,1,0,0,0,0,0,0,0
0,4,8,20,17,100,69,4,11,1,6,12,13,16,3,9,13,5,8,1,4,5,0,1,4,3,23,3,2,7,2,4,0,0,1,0,0,0
1,1,2,7,6,21,26,1,1,3,1,1,5,2,1,8,11,5,3,0,0,7,1,0,1,2,7,7,5,5,1,0,0,3,0,0,0,0
0,0,1,2,3,9,23,2,0,0,0,1,2,0,0,4,3,5,3,0,0,0,0,0,1,0,0,0,0,1,0,0,0,0,0,0,0,0
0,1,1,5,10,2,2,1,0,2,6,4,2,1,0,1,0,0,0,3,1,0,0,0,1,0,0,2,1,1,0,0,0,0,0,0,0,0
0,0,3,7,12,11,3,0,1,2,8,3,2,0,0,2,2,0,4,9,0,5,1,1,12,2,9,6,4,3,0,0,0,1,4,0,0,1
1,0,0,10,17,17,24,4,11,8,10,3,2,8,0,7,6,3,5,4,4,16,1,1,14,3,11,10,1,7,0,0,0,1,0,1,0,0
0,1,4,6,1,24,20,0,0,0,7,0,5,0,0,0,10,6,1,3,0,4,1,0,4,2,6,5,0,9,2,0,0,0,1,0,0,0
0,2,1,5,10,7,5,6,1,1,6,9,3,0,0,2,5,0,3,8,2,12,0,1,4,2,6,1,2,5,0,0,0,3,0,0,0,0
0,0,0,0,0,0,3,0,0,2,1,0,2,0,0,0,0,0,0,0,0,0,0,0,0,0,2,0,0,0,0,0,0,0,0,0,0,0
0,0,0,2,2,6,4,2,1,0,0,0,1,0,0,0,0,0,2,0,1,2,1,0,0,0,4,1,0,3,0,0,0,1,0,3,2,0
0,2,0,5,4,11,17,3,0,3,7,6,5,4,3,0,3,3,6,0,4,4,2,5,0,4,14,4,4,11,0,0,3,3,0,0,0,0
0,0,0,3,6,9,4,5,2,3,4,3,4,5,0,0,3,1,8,5,4,12,1,3,3,3,15,6,2,17,0,0,2,2,2,3,0,0
0,0,1,1,3,6,7,2,5,0,1,6,4,5,0,0,8,6,4,2,0,6,1,1,5,2,18,4,3,12,0,1,0,0,2,0,0,0
0,0,0,5,11,7,8,2,1,4,10,4,0,11,0,2,7,2,0,10,0,3,0,3,6,5,4,8,3,4,0,0,1,4,0,2,0,0
0,0,0,2,1,0,3,0,0,0,3,1,0,0,0,2,0,2,1,2,2,5,0,2,3,0,1,6,0,3,0,0,0,2,0,0,0,0
1,0,0,3,3,1,2,0,2,2,8,10,3,5,0,1,3,9,6,4,1,2,0,0,9,0,8,5,2,5,0,0,0,4,0,1,0,0
0,0,0,0,4,3,0,1,0,0,0,2,2,1,0,0,0,0,0,0,0,0,0,0,1,0,3,2,1,4,0,0,0,1,0,0,0,0
0,0,0,0,0,1,1,1,0,0,1,2,1,2,0,0,0,2,2,0,3,1,0,0,0,0,4,2,1,1,0,0,0,2,0,0,0,0
0,0,1,5,10,7,12,1,1,5,9,6,2,6,0,3,2,14,5,22,8,8,3,3,39,6,32,31,16,29,0,3,0,11,6,4,0,3
1,0,0,1,1,0,2,0,0,1,4,0,0,3,0,3,0,3,3,3,2,5,1,0,7,0,7,5,0,2,0,0,0,0,0,2,0,1
0,0,3,5,6,13,15,0,6,1,3,5,5,7,0,0,7,26,18,8,4,9,0,4,31,4,37,13,11,39,3,2,5,8,6,0,0,0
0,1,0,0,2,6,5,0,0,3,5,6,0,1,0,0,0,3,3,8,0,4,0,1,18,7,24,12,7,19,6,0,1,11,3,0,0,0
0,1,0,0,1,1,2,0,0,0,1,0,1,4,1,0,0,3,2,1,0,4,0,0,8,0,2,13,3,19,1,2,0,5,1,0,0,0
0,0,1,4,0,5,6,2,2,0,3,2,3,5,0,1,2,12,10,2,2,9,3,0,17,3,20,23,6,54,2,6,1,12,4,2,0,3
0,0,1,0,0,0,0,0,1,1,0,0,0,0,1,0,0,1,0,0,0,0,0,0,0,0,0,2,0,8,0,0,0,6,3,0,0,0
0,0,0,1,0,2,4,0,0,0,0,0,0,0,0,0,1,2,0,0,0,0,0,0,0,0,0,1,0,4,3,2,0,3,1,0,0,2
0,0,0,0,1,3,3,0,0,0,3,0,0,0,0,0,1,7,3,0,0,0,0,0,1,0,2,3,0,9,3,1,0,3,3,0,1,0
0,0,0,1,1,1,0,2,0,0,0,2,0,0,0,0,2,2,1,6,0,2,3,1,18,2,6,22,0,15,0,0,1,3,6,2,0,2
0,0,0,0,1,0,0,0,0,2,0,0,0,0,0,2,0,0,0,2,0,0,0,1,0,1,3,1,0,2,1,1,1,1,0,4,0,0
0,0,0,1,0,2,2,0,0,0,0,1,0,0,0,0,0,1,0,1,0,0,0,0,3,0,1,3,0,4,1,0,1,4,0,0,0,0
0,0,0,0,0,0,0,0,0,0,0,0,0,1,0,1,0,0,0,3,0,0,0,0,3,0,0,3,1,1,1,0,0,0,0,0,0,0
0,0,0,0,0,0,1,0,0,0,1,0,0,1,0,0,0,0,0,0,0,0,1,0,0,0,0,0,0,0,1,0,0,1,0,2,0,0
