5.02
2.03774193548
1.9231372549
1.72344512195
1.58923423423
1.58932301741
1.67319480519
1.64467105263
1.20719298246
1.62622222222
1.83613207547
1.70227722772
1.86273504274
1.61355140187
1.37333333333
2.35487179487
1.67918367347
1.83604651163
1.58051724138
1.79169354839
1.33238095238
1.58159574468
1.72227272727
1.4775
1.65638436482
1.49344827586
1.7512
1.6323030303
1.62948051948
1.85171052632
2.00791666667
3.41642857143
3.90195121951
1.90389473684
2.42192307692
3.89529411765
2.6825
4.06333333333
