1,1,0,0,0,0,0,0,0,0,0,0,0,0,0,0,0,0,0,0,0,0,0,0,0,0,0,0,0,0,0,0,0,0,0,0,0,0
2,8,12,21,3,7,3,0,0,1,0,0,0,1,0,0,1,0,0,2,0,1,0,0,1,0,0,0,0,0,0,0,0,0,0,0,0,0
0,5,5,1,0,12,2,1,0,0,0,1,0,0,0,0,0,0,0,0,0,0,0,0,1,0,0,0,0,0,0,0,0,0,0,0,0,0
6,29,12,163,51,74,44,4,2,3,6,10,6,4,0,0,6,14,1,4,2,0,0,0,3,0,5,3,2,4,0,0,0,1,0,3,0,0
1,4,2,60,22,24,24,7,4,6,20,15,2,5,3,6,5,2,3,3,2,3,2,0,6,1,5,9,2,5,0,0,0,1,0,0,0,0
3,19,21,66,17,128,87,6,4,3,12,7,12,4,0,0,6,10,10,2,1,4,5,0,4,0,8,2,1,7,0,0,0,0,0,0,0,0
1,5,4,45,13,113,81,11,12,0,8,9,19,3,2,1,17,11,8,4,5,14,1,2,3,0,16,3,2,2,0,0,0,2,2,1,1,0
0,0,2,7,6,32,17,0,0,0,2,1,3,5,2,5,4,2,5,1,1,0,0,2,3,1,11,4,1,6,3,0,0,0,1,0,0,0
0,0,3,6,4,19,15,0,1,0,1,7,1,4,0,0,3,4,3,0,0,0,0,0,0,1,5,0,0,1,0,0,0,0,0,0,0,0
0,0,0,1,3,2,1,0,2,4,1,0,3,1,0,2,1,0,2,7,1,0,0,0,12,2,6,2,3,2,0,0,0,3,0,0,0,0
1,1,0,10,15,5,3,0,1,4,4,12,2,2,0,5,3,10,3,6,4,3,2,0,12,0,8,2,2,5,0,0,1,5,0,0,0,0
0,3,0,16,11,15,24,1,0,2,9,2,4,0,0,0,4,10,4,0,3,6,1,1,6,1,10,6,0,5,0,0,0,8,0,2,0,0
0,0,2,5,11,13,23,0,1,2,1,3,2,2,0,5,4,5,10,2,0,2,0,0,3,0,14,1,0,4,1,0,0,1,1,3,0,0
0,0,0,5,6,9,5,2,2,2,0,1,4,1,1,0,3,1,5,1,2,9,4,2,10,0,6,5,1,6,0,0,0,3,0,0,0,0
0,0,0,1,0,1,0,0,0,0,2,1,0,0,0,0,0,0,0,0,1,0,1,0,0,0,2,0,0,1,0,0,0,0,0,0,0,0
0,0,1,6,2,1,4,2,0,1,3,3,3,0,0,0,0,1,2,0,0,1,0,0,0,7,4,1,3,1,0,0,0,0,1,0,0,0
0,2,0,3,10,23,20,3,4,0,5,3,0,3,1,0,0,2,8,4,3,6,0,1,6,1,14,6,2,20,0,1,0,2,0,1,0,0
0,1,0,4,3,7,19,1,3,1,6,0,5,2,0,0,5,3,9,7,0,15,0,1,6,2,20,6,2,17,0,0,0,0,2,2,0,0
0,0,3,1,3,7,9,0,3,0,7,3,3,3,0,0,7,7,2,5,4,0,1,0,8,0,20,5,6,10,0,0,1,0,0,0,0,0
0,0,0,3,8,2,11,3,2,3,6,8,0,3,0,3,3,6,3,7,5,3,2,3,9,2,2,5,4,1,0,2,0,3,0,0,0,0
0,0,0,2,3,2,4,1,0,2,3,2,1,1,0,0,0,1,0,3,0,2,1,0,4,1,0,3,2,1,0,0,1,0,0,0,0,0
0,1,0,2,6,7,9,1,4,2,11,4,2,3,0,1,6,8,2,1,3,5,1,3,10,0,13,5,1,8,0,1,0,4,0,0,0,0
0,0,0,1,1,0,1,1,1,0,2,0,1,0,0,0,2,0,4,0,0,1,0,0,1,0,1,2,0,1,0,0,0,1,0,0,0,0
0,0,0,2,0,1,1,0,0,0,3,1,2,1,0,0,0,3,1,0,0,0,0,0,0,0,5,3,0,2,1,0,0,1,0,0,0,0
0,2,0,6,8,8,7,3,3,3,10,1,3,1,0,2,1,5,9,30,5,8,0,1,46,13,28,32,15,27,0,2,0,6,1,3,0,0
0,0,0,2,1,4,1,0,0,0,2,1,0,3,0,0,0,3,1,3,1,0,0,0,3,0,7,1,1,4,0,0,0,0,0,0,0,0
0,1,0,5,6,17,14,1,1,0,7,4,13,9,0,2,5,26,11,6,3,11,4,5,33,4,31,40,23,57,1,0,3,2,3,0,0,0
0,0,0,7,1,0,0,0,0,1,8,2,1,5,1,0,3,5,6,5,1,3,1,0,22,6,22,28,3,20,4,0,0,17,2,6,0,1
0,0,0,1,1,0,3,0,0,0,0,3,3,1,0,0,1,0,3,2,2,1,0,3,14,1,8,7,1,19,2,0,0,6,0,0,0,0
1,0,0,0,2,5,5,0,1,0,2,1,5,4,0,1,5,4,4,8,1,3,0,2,19,8,32,24,10,71,0,1,4,8,4,1,0,0
0,0,0,0,0,1,0,0,0,0,1,0,0,0,0,0,0,0,1,0,0,0,1,0,2,1,1,6,0,10,2,0,1,5,0,0,0,0
0,0,0,0,0,1,0,0,0,0,2,1,0,3,0,0,0,3,0,0,0,0,0,0,2,0,1,2,2,4,2,0,0,1,0,0,0,1
0,0,1,0,1,1,5,0,0,0,3,1,0,0,0,0,0,0,1,1,0,0,0,0,1,2,3,5,0,1,0,0,0,1,2,0,0,0
0,0,0,0,1,2,4,0,0,0,0,2,0,0,0,0,1,3,3,3,0,1,0,0,12,2,9,9,3,11,2,1,0,4,0,3,0,5
0,0,0,1,0,1,0,0,0,0,0,0,0,0,0,0,2,1,2,3,0,4,0,0,8,4,1,5,2,1,0,0,0,4,2,0,0,0
0,0,0,2,0,4,0,0,0,0,0,1,2,1,0,0,0,2,0,1,0,0,0,0,3,0,2,1,0,2,0,0,1,4,1,1,0,0
0,0,0,0,0,0,0,0,0,0,2,0,0,0,0,0,2,0,0,0,0,0,0,0,0,0,0,0,0,0,0,0,0,1,0,0,0,0
0,0,0,1,0,1,1,0,0,0,0,2,0,1,0,0,1,1,0,0,0,0,0,0,2,0,0,2,0,1,0,0,2,0,2,1,0,4
