4.91
2.50901639344
2.00916666667
1.61317535545
1.9003196347
1.90462365591
1.76238663484
1.55551724138
1.56984848485
1.84979591837
1.68032051282
1.56721698113
1.76320610687
1.83588888889
1.20071428571
1.70538461538
2.09045045045
1.61459459459
1.501875
1.74048275862
1.45361702128
1.56857142857
1.50590909091
1.68943396226
1.78963525836
1.50925925926
1.55564102564
1.68010810811
1.9087654321
1.89923371648
2.65483870968
4.0162962963
3.60925925926
2.38730769231
2.59027777778
2.80631578947
5.676
3.32130434783
