0,1,0,3,1,0,0,0,0,0,0,0,0,0,0,0,0,0,0,0,0,0,0,0,0,0,0,0,0,0,0,0,0,0,0,0,0,0
3,10,8,16,3,4,5,0,1,1,0,0,1,0,0,0,0,0,0,1,0,0,0,0,1,0,0,1,0,2,0,0,0,0,0,0,0,0
0,7,3,1,0,7,0,0,0,0,1,0,0,0,0,0,0,1,0,0,0,0,0,1,0,0,0,0,1,0,0,0,0,0,0,0,0,0
5,28,18,151,48,78,21,5,2,2,8,13,5,3,0,0,1,4,0,5,2,6,0,0,5,1,3,3,1,3,0,0,0,1,0,0,0,0
2,3,2,48,25,13,11,4,4,4,21,7,4,8,2,2,5,5,1,6,4,5,1,1,11,0,13,2,4,3,1,0,1,4,0,4,0,0
3,9,13,65,22,143,93,4,4,3,5,4,11,7,0,1,13,7,1,2,2,2,0,1,3,0,12,5,0,12,1,0,2,3,0,0,0,1
0,4,10,36,26,105,65,5,6,1,8,7,6,6,1,4,12,6,3,0,3,7,6,3,5,2,18,4,4,15,1,0,1,3,0,0,0,0
0,0,0,11,10,17,16,0,1,1,5,2,6,4,0,3,8,9,5,2,2,4,0,1,5,0,7,0,2,2,1,1,0,0,1,0,0,0
0,4,0,1,11,11,17,1,2,0,0,1,1,1,0,0,1,2,5,0,0,2,2,0,2,0,1,0,0,4,0,0,0,0,0,2,0,0
0,3,0,7,9,0,1,0,0,1,5,2,0,0,0,1,1,0,0,9,2,0,0,0,4,0,4,1,0,1,0,0,0,0,0,0,0,0
1,3,4,16,19,10,3,1,3,4,9,7,10,3,0,3,1,2,0,7,3,12,0,0,6,5,11,10,1,7,0,0,0,0,0,1,0,0
0,0,1,22,16,19,25,5,3,3,12,4,7,6,0,9,7,10,2,4,4,7,0,2,8,1,10,5,6,11,0,0,1,0,0,0,0,0
0,1,0,8,6,13,20,1,4,0,1,2,3,2,0,0,3,1,6,1,1,3,1,1,6,0,11,3,2,11,0,0,3,3,0,1,0,1
0,2,0,7,4,10,7,0,1,1,2,5,4,6,0,1,1,3,2,3,4,9,0,0,4,7,5,1,1,5,0,0,0,6,0,0,0,2
0,0,0,0,1,0,2,0,0,1,0,0,1,0,0,0,0,0,0,0,1,4,0,1,0,3,1,0,0,0,0,0,0,0,0,0,0,0
0,0,0,4,3,4,1,1,2,2,2,4,2,2,0,0,1,1,0,1,1,3,0,0,2,0,8,4,0,4,0,0,0,0,0,0,0,0
1,1,1,2,6,8,19,0,3,0,3,5,0,1,0,0,2,2,10,4,1,1,1,1,1,3,23,2,0,14,1,0,1,1,1,1,0,0
0,0,0,2,2,13,17,0,3,2,8,5,7,1,0,2,7,0,4,5,3,12,0,3,10,2,17,5,0,14,0,0,0,4,0,2,0,0
0,0,0,2,0,4,10,4,1,0,3,1,4,5,2,0,7,1,10,0,2,2,1,0,9,2,18,8,4,14,0,0,2,3,0,0,0,0
0,1,0,12,8,2,4,1,2,2,12,4,1,7,1,1,3,4,5,12,2,3,1,1,12,0,12,8,5,9,0,0,0,4,0,1,0,2
0,1,0,0,3,0,1,2,0,3,3,1,0,1,0,0,2,0,0,1,3,2,0,0,6,2,2,4,0,2,0,0,2,2,1,0,0,0
0,0,0,2,3,3,4,2,1,1,11,4,1,2,1,2,2,5,9,3,1,2,1,0,20,1,18,7,6,17,0,1,0,1,0,0,0,0
0,0,0,1,2,0,3,1,1,0,0,0,4,0,0,1,0,0,0,0,0,0,0,0,4,0,5,1,0,1,0,0,0,1,0,0,0,0
1,0,0,0,6,1,0,2,0,0,2,3,1,2,0,1,3,1,1,1,1,1,0,0,4,0,6,3,1,8,0,0,0,1,0,0,0,0
4,1,0,8,8,7,7,0,0,9,14,5,9,2,0,1,2,7,12,35,3,13,0,0,44,9,33,25,16,31,2,3,0,18,2,4,0,4
0,0,0,2,0,5,0,0,0,0,2,1,1,7,0,0,0,3,1,1,1,0,0,1,7,0,3,4,2,13,0,0,0,2,0,0,0,0
0,0,2,6,5,10,19,2,4,5,1,6,7,11,0,2,7,22,21,13,10,20,0,5,40,11,53,18,19,59,5,1,1,9,2,1,0,2
0,0,0,3,2,6,8,0,0,0,6,4,3,5,0,0,0,1,1,3,0,3,1,6,28,4,21,25,8,32,0,0,1,7,2,6,0,3
0,3,0,1,0,2,1,0,1,0,1,3,1,1,0,0,0,2,1,3,1,4,0,0,10,1,4,13,5,6,1,0,0,6,0,0,0,0
0,1,1,3,4,10,9,1,0,3,3,6,2,3,0,0,9,11,9,1,0,8,0,4,10,1,37,19,13,56,4,0,1,8,1,7,0,1
0,0,0,0,2,2,0,0,0,0,0,0,0,1,0,0,1,2,0,0,0,1,0,0,6,2,0,1,0,4,0,0,1,5,0,4,0,0
0,0,0,0,0,0,4,1,0,2,0,1,0,2,0,0,0,0,2,0,0,0,1,0,0,0,7,3,2,2,2,0,0,0,0,0,0,0
0,0,0,0,0,1,3,0,0,0,0,0,4,0,0,0,0,1,0,0,0,0,0,2,4,0,2,2,1,3,0,0,0,2,4,0,0,0
0,0,0,1,3,4,3,2,0,0,1,8,0,5,0,1,0,2,2,1,0,0,0,1,19,0,7,9,4,21,0,0,0,7,0,2,0,2
0,0,0,0,2,1,2,0,0,2,0,0,0,0,0,0,1,3,0,1,0,0,0,0,3,0,4,6,3,7,0,0,0,5,2,3,0,0
0,0,0,0,0,0,1,0,0,1,0,3,0,0,0,0,1,0,0,2,0,0,0,0,5,0,4,6,1,3,0,0,3,2,1,1,0,2
0,0,0,0,0,1,0,0,0,0,1,0,0,0,0,0,1,0,0,0,0,0,0,0,0,0,0,0,0,0,0,0,0,0,0,0,1,0
0,0,0,0,0,1,1,0,0,0,1,3,0,0,0,0,0,0,1,0,0,1,2,0,1,0,0,3,0,2,1,0,1,1,0,0,0,1
