1,2,0,0,0,0,0,0,0,0,0,0,0,0,0,0,0,0,0,0,0,0,0,0,0,0,0,0,0,0,0,0,0,0,0,0,0,0
0,17,5,16,1,8,3,0,1,0,0,0,0,0,0,0,0,0,0,1,0,0,0,1,2,1,0,0,0,3,0,0,0,0,0,0,0,0
1,8,7,1,0,10,0,0,0,0,0,0,0,0,0,0,0,0,2,1,0,0,0,0,0,0,0,0,0,0,0,0,0,0,0,0,0,0
4,30,12,119,65,75,27,2,2,7,13,4,2,3,0,0,5,6,4,0,1,0,2,0,6,1,8,7,1,3,0,0,0,2,0,1,0,1
2,4,3,47,17,27,16,1,0,1,11,9,3,4,0,0,3,2,3,6,0,3,0,2,11,2,2,4,2,5,0,0,0,0,0,0,0,0
1,12,16,79,28,139,71,5,7,0,5,7,7,2,0,2,15,8,2,5,0,2,1,2,1,0,7,6,1,5,1,1,0,1,0,0,0,0
0,7,3,31,29,98,57,5,7,1,2,11,22,0,0,4,20,8,3,0,0,11,0,0,13,2,17,5,3,7,0,0,0,3,3,0,0,1
1,0,1,10,11,19,26,0,0,1,1,3,2,2,1,1,5,7,7,0,0,6,1,0,2,1,11,2,1,1,1,0,0,2,0,1,0,0
0,2,0,0,8,24,7,3,5,0,1,1,2,1,0,0,6,1,3,1,2,0,0,0,1,0,2,2,0,4,0,0,0,0,0,0,0,0
0,1,0,10,8,0,3,0,0,4,2,1,0,1,1,1,0,1,0,4,2,3,0,0,7,2,3,0,2,4,0,0,0,1,0,0,0,0
1,0,2,17,16,3,12,5,1,5,12,2,3,1,1,1,1,2,0,10,5,4,0,3,14,4,7,1,1,10,1,2,1,4,0,0,0,0
3,3,4,22,19,22,20,0,1,1,10,4,3,6,1,3,4,6,9,5,0,6,3,2,9,3,9,3,4,10,0,0,3,4,0,2,0,0
0,2,0,4,8,34,13,4,2,0,4,1,3,1,0,2,9,7,9,0,1,3,0,1,4,0,11,4,3,9,0,0,1,1,1,0,0,0
3,2,2,6,9,6,2,2,1,3,5,2,1,1,0,1,3,3,1,4,0,10,1,0,7,2,8,10,0,3,0,0,3,5,1,0,0,2
0,0,0,0,0,1,1,0,3,1,0,0,0,0,0,0,0,1,1,0,0,0,0,0,1,0,0,0,2,0,0,0,0,0,0,0,0,0
0,0,0,1,1,5,6,2,0,0,1,1,3,0,0,4,2,0,1,0,1,3,1,0,5,1,2,0,0,0,0,0,0,1,1,0,0,0
0,1,0,4,7,10,17,2,4,0,4,11,6,2,0,0,2,4,5,4,1,3,2,7,2,2,17,4,1,10,0,0,0,3,0,0,0,0
0,0,0,7,3,8,18,4,3,0,4,7,4,0,0,0,2,7,2,3,3,13,1,1,11,0,31,7,6,18,0,1,2,4,1,2,0,0
0,1,0,5,1,8,7,2,3,0,5,3,4,3,0,0,5,7,7,0,1,2,1,2,11,0,18,7,2,17,2,1,0,0,0,0,0,0
1,0,0,4,7,2,2,1,1,2,8,2,4,1,1,1,1,3,2,5,3,2,0,2,20,0,5,6,1,12,0,0,0,5,1,2,0,0
0,0,1,5,2,2,1,1,0,2,1,3,1,2,0,0,0,1,2,1,0,5,1,1,2,1,5,2,1,0,0,0,2,1,0,2,0,0
0,0,0,2,3,11,9,1,1,0,7,8,0,2,2,1,1,2,1,1,0,2,0,0,11,0,17,8,0,4,0,2,0,1,0,4,0,1
0,0,0,4,1,0,0,0,0,0,0,0,0,0,0,0,1,1,0,0,1,0,1,0,1,2,0,1,3,1,0,0,0,0,0,0,0,0
0,0,2,5,3,1,0,3,0,0,2,0,1,3,0,1,0,1,0,1,1,1,0,0,1,2,3,3,1,6,0,0,2,0,0,0,0,0
0,1,2,10,9,2,8,2,1,8,14,10,3,1,1,0,2,8,4,23,6,12,3,1,60,13,31,28,11,40,5,1,1,9,0,8,0,4
0,2,0,4,3,3,3,0,0,0,2,2,2,3,0,0,0,2,4,2,0,3,0,0,6,0,9,4,6,3,0,0,0,2,0,0,0,0
0,0,0,7,14,22,9,6,1,1,4,10,9,4,3,3,9,24,13,9,7,9,3,0,37,6,38,20,13,42,3,0,0,12,1,3,0,0
0,1,0,2,3,2,1,0,1,0,4,5,0,2,0,1,0,4,1,6,4,2,0,3,20,2,15,31,14,37,2,0,0,4,3,0,0,2
0,0,0,0,3,1,1,1,0,1,1,2,2,2,0,0,0,0,0,0,1,0,0,2,11,2,10,15,6,21,1,0,1,5,0,0,0,0
1,1,0,3,3,5,5,1,1,4,5,2,0,5,0,0,5,17,5,8,3,12,0,1,19,5,37,21,8,61,5,2,0,5,1,1,0,3
0,0,1,0,0,0,0,0,0,0,0,0,0,0,0,0,0,0,0,0,0,1,0,0,3,0,1,2,0,4,0,0,3,2,0,0,0,1
0,0,0,0,0,6,2,0,0,0,1,0,0,0,0,0,0,0,1,0,0,0,0,0,4,0,1,3,0,3,0,6,0,0,0,0,0,3
0,0,0,0,1,6,0,0,0,0,4,0,3,0,0,0,3,0,3,0,0,0,0,0,0,0,6,1,2,1,0,0,0,4,2,1,0,1
0,0,2,3,0,5,0,0,0,1,0,2,0,1,0,0,4,0,1,2,2,3,1,0,18,0,9,11,14,16,1,0,2,9,1,2,0,1
0,0,0,1,1,1,0,0,0,1,0,1,0,0,0,0,1,0,1,1,0,1,0,0,3,0,5,5,8,5,0,0,0,4,1,5,0,0
0,0,0,0,0,2,1,0,0,1,2,0,0,0,0,0,0,2,0,3,0,0,0,0,6,4,4,1,0,4,1,0,0,1,0,2,0,0
0,0,0,0,0,0,0,0,0,0,1,0,0,0,0,0,0,0,0,1,2,0,0,0,1,0,0,1,0,0,0,0,0,0,2,0,0,0
0,0,0,0,0,0,2,1,0,0,3,1,0,0,0,0,1,2,0,0,0,0,0,0,5,1,0,1,0,3,0,0,1,0,0,0,0,0
