1,5,1,0,0,0,0,0,0,0,0,0,0,0,0,0,0,0,0,0,0,0,0,0,0,0,0,0,0,0,0,0,0,0,0,0,0,0
0,16,9,19,2,3,1,0,0,0,0,0,0,0,0,0,1,0,0,0,0,0,0,0,0,0,1,0,0,1,0,0,0,0,0,0,0,0
0,12,8,3,1,7,2,0,0,0,0,0,0,0,0,0,0,0,0,0,0,0,0,0,0,0,2,0,0,0,0,0,0,0,0,0,0,0
6,41,12,150,59,64,48,2,1,3,11,12,4,1,1,1,7,5,3,1,2,1,1,0,4,2,3,8,1,2,0,0,1,0,0,2,0,0
3,5,2,50,28,17,15,5,0,3,10,6,2,4,0,3,5,3,1,6,8,1,0,4,3,1,4,1,1,9,0,0,0,2,0,0,0,0
2,9,26,55,31,150,63,5,11,2,1,3,16,3,3,1,5,6,7,3,1,5,0,0,7,0,9,2,2,11,0,1,0,0,0,2,0,0
8,0,3,45,22,105,57,7,12,1,5,5,19,1,0,1,16,3,8,1,3,8,1,0,3,1,21,4,1,4,1,0,0,5,0,0,0,0
0,2,2,15,17,23,27,0,1,3,1,0,5,2,0,3,6,6,5,1,2,0,7,3,9,0,5,6,2,5,0,0,1,0,0,1,0,0
0,1,2,5,3,5,10,0,2,0,0,2,0,2,0,1,6,4,0,0,0,1,0,0,1,0,0,0,0,3,0,0,0,0,0,0,0,0
0,1,0,7,11,3,2,1,0,0,2,4,0,0,0,0,1,0,0,11,3,2,0,0,8,0,1,3,0,3,0,0,0,1,0,2,0,0
1,2,1,15,18,8,11,1,0,3,10,6,1,2,1,0,1,2,0,13,7,5,1,2,17,0,7,3,3,9,0,0,1,1,0,0,0,0
0,0,2,19,25,26,14,5,0,0,16,6,8,7,0,4,12,3,5,16,4,9,5,6,8,1,11,10,5,9,0,1,0,8,3,0,0,0
1,0,0,9,9,24,31,2,2,2,8,3,1,3,0,2,7,2,7,2,1,6,1,2,1,2,18,4,3,14,1,0,0,4,0,0,0,0
0,0,0,4,10,9,7,2,2,1,0,4,2,0,1,0,3,3,3,2,3,6,0,0,8,3,3,6,0,3,0,1,0,1,0,0,0,0
0,0,0,0,0,2,1,1,0,0,0,1,0,1,0,1,0,0,0,0,0,1,0,0,0,0,3,0,0,0,0,0,0,0,0,0,0,0
0,0,1,4,2,7,8,0,0,0,1,2,1,1,0,1,0,0,0,0,1,2,1,1,2,1,3,3,5,1,0,0,0,0,0,0,0,0
0,0,1,8,5,22,18,2,2,1,3,3,4,7,0,0,5,8,8,1,2,4,1,1,9,0,23,5,4,12,0,2,0,1,0,0,0,0
0,0,0,4,5,15,7,1,6,3,8,8,3,7,0,0,4,7,10,4,2,2,0,0,10,1,23,5,2,16,0,1,2,3,1,0,0,0
0,1,0,3,0,6,9,5,3,2,0,4,2,1,0,0,13,6,4,4,0,11,2,2,7,5,18,0,1,15,3,0,2,2,5,0,0,0
0,4,0,6,10,7,6,3,0,1,16,7,3,4,1,0,8,5,5,11,1,0,1,2,19,3,12,11,3,5,1,1,1,3,0,0,0,2
0,2,0,3,2,8,3,0,0,0,3,1,0,1,0,2,0,2,1,4,2,6,0,0,4,0,0,3,0,6,0,1,0,1,0,0,0,1
0,0,1,2,7,4,2,4,1,3,14,7,0,9,3,2,7,7,2,2,3,0,0,0,9,3,11,8,3,9,0,0,0,7,0,0,0,0
0,0,0,0,0,2,2,0,0,0,0,0,0,0,0,0,0,6,1,0,0,0,1,0,6,0,4,1,3,1,0,0,1,0,0,0,0,2
0,0,0,0,1,1,2,2,1,0,2,1,0,2,0,0,1,5,0,1,0,0,0,0,10,1,5,3,2,2,0,0,0,0,1,0,0,0
0,3,1,12,8,11,10,1,0,7,9,8,4,6,0,2,0,11,4,12,3,8,1,4,47,13,40,55,9,32,2,5,1,9,1,4,0,1
0,0,0,1,1,4,2,0,0,2,5,1,1,4,0,0,1,2,3,3,2,1,0,0,12,0,7,8,3,5,0,0,0,6,0,0,0,0
1,0,0,19,10,21,12,3,10,0,3,9,14,5,0,3,9,25,20,7,3,15,2,2,29,10,40,51,11,68,4,2,0,15,2,3,0,2
0,0,0,7,11,1,3,0,2,2,0,1,0,7,1,0,5,0,2,13,1,6,1,0,28,5,15,23,6,31,3,1,0,7,0,2,0,0
1,0,0,3,3,5,2,0,0,0,0,0,0,1,0,0,0,0,0,4,2,4,5,0,21,2,9,20,3,15,2,0,1,13,0,0,0,1
0,0,1,0,6,5,11,1,9,3,3,5,2,3,0,2,3,7,7,2,0,6,0,3,25,4,41,29,15,67,5,1,6,12,4,1,0,2
0,0,1,2,1,0,1,0,0,0,1,0,0,0,0,0,0,0,0,1,0,0,0,0,2,0,2,2,0,8,0,0,0,4,0,0,0,0
0,0,0,0,1,2,4,0,0,0,0,0,0,0,0,0,3,0,1,0,0,0,0,0,0,0,4,3,0,3,0,2,0,1,0,1,0,0
0,0,0,1,0,5,2,2,0,1,2,0,1,0,0,1,0,1,4,0,0,0,0,0,2,0,0,2,2,5,2,0,0,2,0,0,0,0
2,0,0,0,3,1,0,0,0,1,1,2,3,1,0,0,1,3,2,3,0,0,0,0,7,3,9,11,6,16,2,1,1,8,4,1,0,1
0,0,0,0,1,0,0,0,0,2,0,2,0,0,0,0,2,0,0,0,0,1,0,0,4,1,3,1,3,2,2,0,0,7,2,3,0,0
0,0,0,0,1,0,0,0,0,0,1,0,0,0,0,0,0,1,2,0,0,1,0,0,2,0,3,3,0,9,0,0,0,4,2,2,0,2
0,0,0,1,1,0,0,0,0,0,0,0,0,1,0,0,0,0,0,0,0,0,0,0,2,0,2,1,0,2,0,0,0,0,0,0,0,0
0,0,0,0,1,0,3,0,0,0,1,0,0,0,0,0,1,0,1,0,0,0,0,0,0,1,0,2,1,1,0,0,0,2,0,0,0,0
