3,1,0,3,0,0,0,0,0,0,0,0,0,0,0,0,0,0,0,0,0,0,0,0,0,0,1,0,0,0,0,0,0,0,0,0,0,0
2,20,10,23,5,5,1,0,0,0,0,2,0,0,0,0,0,3,0,0,0,0,0,0,1,0,1,0,0,0,0,0,0,0,0,0,0,2
0,7,12,4,1,7,2,0,0,0,0,0,0,0,0,0,0,0,0,0,0,0,0,0,0,0,1,0,0,0,0,0,0,0,0,0,0,0
5,38,8,124,58,62,28,3,1,6,9,4,5,4,0,1,0,2,2,3,0,0,0,0,4,0,0,2,1,9,1,0,0,2,0,0,0,0
3,4,0,41,29,18,29,2,2,3,11,10,0,2,0,3,5,3,1,5,5,1,0,1,9,0,8,6,1,2,0,0,0,1,0,0,0,0
1,9,7,66,28,162,86,5,6,3,4,3,6,6,0,1,9,2,4,1,2,10,0,3,2,0,2,4,1,5,0,0,0,1,0,0,0,0
0,4,5,45,35,105,66,6,9,4,0,8,15,6,3,4,18,8,10,0,1,4,1,1,5,0,7,10,0,13,4,0,3,1,0,0,0,0
0,0,1,8,8,18,25,1,2,2,8,3,2,2,0,4,5,4,6,2,3,2,1,1,2,0,9,3,1,4,0,0,0,0,0,4,0,0
0,0,0,1,5,15,11,0,0,0,1,1,3,0,0,2,1,2,1,1,2,2,0,1,0,0,3,0,0,2,0,0,0,0,0,0,0,0
0,1,0,13,6,4,2,1,0,3,3,5,0,1,0,1,3,2,2,0,2,0,4,0,4,0,3,2,1,1,0,0,0,1,0,0,0,0
1,3,0,12,17,9,8,2,1,8,8,5,6,10,2,6,5,1,0,7,1,12,2,3,15,1,11,7,1,6,1,1,2,2,1,0,0,1
0,5,0,27,23,32,12,8,6,4,21,3,5,3,0,7,2,5,3,3,9,17,2,3,8,2,18,8,0,11,0,0,2,0,0,0,0,2
0,3,1,7,8,23,16,0,3,3,9,4,1,0,1,0,3,6,5,0,0,4,0,0,4,1,12,5,2,11,1,0,1,0,1,0,0,0
1,1,0,8,4,5,7,2,11,1,3,3,6,2,0,0,2,0,2,4,4,4,2,0,3,2,16,7,1,8,0,0,0,1,0,0,0,0
0,0,0,1,0,1,1,1,0,0,0,0,0,0,0,1,1,0,0,0,0,0,0,0,0,0,1,0,0,1,0,0,0,0,0,0,0,0
0,0,0,1,3,5,4,2,0,0,0,1,2,0,0,0,0,0,3,0,0,0,0,1,1,2,3,3,1,3,0,0,0,0,1,1,0,0
0,1,1,7,4,33,13,0,3,0,1,0,2,4,1,2,3,2,4,0,2,12,3,2,2,3,10,5,2,13,2,3,0,1,0,2,0,0
0,4,0,8,1,9,17,1,0,0,5,7,6,0,0,0,7,8,8,1,6,8,2,1,18,3,17,16,2,17,0,0,1,3,0,0,0,0
0,1,0,12,3,6,12,1,2,0,2,2,5,1,0,1,9,7,3,1,0,12,1,3,9,1,21,4,2,10,2,1,0,1,0,1,0,0
0,0,2,6,10,6,10,0,2,3,16,6,3,3,1,1,7,7,1,1,3,6,1,4,12,2,7,4,0,9,0,0,0,6,1,5,0,3
0,0,1,1,3,0,3,0,1,0,5,1,1,0,0,1,0,1,1,2,3,3,1,0,9,0,2,5,1,3,0,0,0,1,2,0,0,0
2,0,0,5,1,7,7,2,2,2,7,12,3,2,0,2,7,11,6,2,2,6,0,0,21,1,9,9,1,11,1,0,0,4,0,0,0,0
0,0,0,2,1,2,3,0,0,0,0,1,1,1,0,0,0,2,0,1,0,1,0,0,2,0,6,0,1,4,0,0,1,0,0,0,0,0
0,0,0,2,4,2,0,0,2,0,2,1,2,3,0,1,4,11,2,0,0,1,0,0,4,1,4,4,1,4,0,0,0,1,0,0,0,0
0,4,1,7,8,6,4,0,3,4,5,6,2,6,0,1,5,7,5,25,6,12,2,6,46,4,32,43,5,29,5,0,1,23,0,6,0,2
0,0,0,4,4,2,3,0,0,0,2,4,1,0,0,0,0,1,0,4,2,2,1,0,11,0,3,7,3,14,2,0,0,3,0,2,0,2
0,3,1,3,11,14,19,3,10,0,7,13,7,1,0,0,3,22,14,12,7,24,4,7,32,4,47,27,16,86,4,0,3,7,0,0,0,2
0,1,2,1,4,1,3,0,1,5,2,0,1,1,0,0,4,8,4,6,3,1,2,0,25,9,17,24,8,46,1,0,2,19,3,2,0,0
0,0,0,1,5,2,3,2,0,1,2,3,0,0,0,0,0,1,0,0,0,0,0,1,5,1,4,10,5,24,2,0,0,6,0,2,0,0
1,0,0,3,0,7,4,0,0,2,7,6,7,4,3,2,4,6,12,7,1,5,0,2,22,2,30,26,12,83,6,0,0,9,6,2,0,1
0,0,0,0,1,3,1,0,0,0,0,2,0,2,0,0,0,1,1,0,0,0,0,0,2,0,0,2,1,9,1,0,0,4,0,2,0,0
0,0,0,0,1,0,1,0,0,0,0,0,0,0,0,0,0,6,0,0,0,0,0,0,1,0,1,2,0,6,0,0,1,0,0,0,0,0
0,0,0,0,1,5,1,1,1,0,0,0,0,0,0,0,0,0,7,1,0,0,0,0,1,0,2,2,0,5,4,0,3,1,0,0,0,1
0,0,0,2,1,4,1,0,0,1,5,1,3,1,2,0,0,1,2,1,1,0,1,1,23,1,6,11,4,23,0,4,0,3,5,3,0,0
0,0,0,1,3,1,0,0,0,0,0,0,0,1,0,0,1,0,0,0,0,0,0,0,2,0,1,3,3,4,0,1,0,6,1,0,0,0
0,0,0,2,0,0,0,0,0,0,0,0,0,0,0,0,0,0,0,2,0,0,0,0,3,0,1,3,0,9,0,0,0,1,0,0,0,1
1,2,0,0,0,0,0,0,0,0,0,0,0,0,0,0,0,0,0,0,0,0,0,0,1,0,0,1,0,0,0,0,0,0,0,0,0,0
0,0,0,0,1,0,0,0,1,0,1,0,0,0,0,0,2,0,0,1,0,0,0,0,1,0,2,0,0,1,1,0,1,0,2,0,0,0
