0,0,0,0,0,0,0,0,0,0,0,0,0,0,0,0,0,0,0,0,0,0,0,0,0,0,0,0,0,0,0,0,0,0,0,0,0,0
4,13,4,24,8,9,2,0,1,1,0,0,1,0,0,0,0,0,0,1,0,0,0,1,0,0,2,0,2,0,0,0,0,0,0,0,0,0
1,5,10,2,0,6,0,0,0,0,0,0,0,0,0,0,0,0,0,1,0,0,0,0,0,0,0,0,0,0,0,0,0,0,0,0,0,0
6,31,6,166,58,58,28,3,0,3,15,6,8,3,0,0,2,2,3,4,1,4,0,0,6,1,6,3,1,4,0,0,0,4,0,0,0,0
4,3,6,46,14,17,15,1,3,2,4,4,3,6,0,7,0,3,1,6,1,3,0,3,10,0,3,4,2,5,0,0,0,1,0,0,0,1
0,10,17,79,35,139,70,1,2,0,10,21,7,2,2,7,6,5,4,1,1,7,0,3,5,0,12,2,5,5,0,0,0,0,0,1,0,0
1,5,6,28,36,104,85,5,11,1,8,13,17,1,2,1,26,5,8,0,2,9,1,3,6,1,12,1,6,17,1,0,6,4,0,1,0,1
0,2,0,10,7,20,14,0,3,2,5,1,1,6,0,0,7,2,3,3,1,3,0,2,5,0,10,4,2,5,0,0,1,1,0,0,0,0
0,0,2,5,4,15,20,2,1,0,0,0,0,2,0,0,2,3,1,0,0,3,0,0,0,0,1,0,0,3,0,0,0,0,0,0,0,0
0,0,0,6,6,3,2,0,0,0,3,2,0,0,0,1,0,0,2,5,1,2,1,0,6,2,2,5,0,5,0,0,0,1,0,0,0,0
0,0,3,16,7,7,6,3,2,2,12,3,3,2,1,1,5,0,1,12,5,11,1,2,15,0,4,10,0,15,1,1,0,8,0,1,0,0
2,1,1,20,29,27,16,5,3,5,9,2,9,13,1,4,6,4,5,7,3,11,1,6,12,4,15,7,2,6,1,0,0,3,3,3,0,1
0,3,2,11,9,30,27,0,2,1,2,3,2,6,2,1,0,5,9,2,2,2,2,2,3,2,23,1,1,9,0,1,1,0,0,2,1,2
0,0,0,6,3,6,11,2,3,3,0,7,2,1,0,1,0,3,6,2,3,6,0,2,5,1,8,8,3,5,0,0,0,2,0,0,0,0
0,0,0,0,0,0,0,0,0,0,0,1,0,0,0,2,0,0,0,0,0,1,0,0,0,0,1,0,0,2,0,0,0,1,0,0,0,0
0,0,0,1,3,10,1,4,2,2,4,5,0,0,0,2,1,0,3,0,0,3,0,0,1,0,7,0,1,1,0,0,0,1,0,0,1,0
0,0,0,6,8,24,27,0,6,0,3,7,6,3,0,0,2,0,10,0,0,7,0,1,8,1,17,0,0,10,0,0,1,0,0,1,0,0
1,0,1,10,3,20,15,4,1,0,2,9,2,5,1,0,5,2,8,2,1,9,0,3,5,3,23,5,1,14,1,0,1,4,0,0,0,0
2,0,3,5,2,15,13,2,1,1,3,1,6,1,0,2,13,11,13,7,0,9,3,0,6,1,15,2,3,14,0,0,0,1,1,0,0,1
1,2,0,9,13,10,7,0,0,0,9,1,1,7,1,0,0,8,3,11,2,6,0,3,11,1,13,9,1,7,0,1,2,3,0,2,0,0
0,0,0,5,3,2,2,3,0,1,3,3,2,2,0,2,0,2,0,2,2,4,0,1,3,0,2,4,0,0,0,0,0,0,1,0,0,1
0,1,0,1,2,9,7,0,1,5,5,8,2,4,1,0,10,2,6,3,7,3,3,1,14,2,18,14,2,15,1,0,0,2,0,0,0,0
0,0,0,1,0,2,0,0,0,0,3,1,0,0,0,0,3,1,0,0,1,0,0,0,1,0,6,0,0,2,0,0,0,1,0,0,0,0
0,0,0,3,2,0,1,0,3,0,4,0,3,0,0,0,2,9,0,0,0,0,0,0,6,0,2,5,0,3,0,0,0,1,0,0,0,0
1,6,0,11,11,6,8,0,1,7,11,1,4,3,0,0,1,6,10,32,2,8,5,0,57,13,34,47,4,35,0,4,1,9,7,0,0,0
0,0,0,3,5,5,0,0,0,4,1,1,0,0,0,0,1,0,0,3,2,4,0,0,5,4,5,15,3,12,0,2,0,0,0,1,0,0
0,0,0,9,2,14,18,0,6,2,9,10,7,3,1,1,8,18,18,13,7,21,1,3,31,4,42,22,15,95,3,0,1,13,2,2,0,5
0,0,1,3,3,3,6,0,0,1,4,3,3,1,0,1,0,7,4,8,3,2,2,3,25,0,11,21,6,37,1,0,1,9,0,2,0,0
0,0,0,3,1,6,5,2,0,0,1,3,1,0,0,0,0,0,1,3,0,2,0,3,14,2,5,10,5,25,0,0,0,4,1,1,0,0
0,1,1,3,6,13,5,1,0,0,1,2,5,1,0,0,1,5,6,7,0,4,0,1,19,5,35,27,6,67,8,4,5,16,3,0,0,2
0,0,0,0,0,3,0,0,0,0,1,0,0,0,0,0,1,2,0,2,0,0,0,0,1,0,13,0,2,7,0,0,1,6,0,1,0,0
0,0,0,0,1,1,3,0,1,0,0,0,0,0,0,3,0,1,0,0,0,0,0,0,1,0,3,3,0,10,0,1,1,1,0,1,1,0
0,0,0,0,0,4,0,0,0,0,2,0,0,0,0,0,2,3,0,2,1,0,0,0,1,0,2,4,3,10,0,0,0,4,1,5,0,0
0,0,0,3,4,3,0,2,0,0,4,7,0,0,0,0,0,1,3,4,0,2,0,0,19,0,10,16,1,21,4,0,0,10,8,1,0,1
0,0,0,0,0,1,0,1,0,0,0,0,0,0,0,0,1,2,0,3,0,1,0,0,4,0,0,3,2,6,0,0,1,4,1,3,0,0
0,0,0,3,1,1,0,1,0,0,1,0,2,0,0,0,0,0,0,4,0,0,0,0,1,0,0,8,1,2,0,0,1,5,0,4,0,0
0,0,0,0,0,0,0,0,0,0,1,0,0,0,0,0,0,0,0,0,0,0,0,0,0,0,0,0,2,1,0,0,0,1,0,0,0,0
0,1,0,1,0,0,0,0,0,0,2,1,0,0,0,0,1,0,0,1,0,0,0,0,1,1,1,1,0,3,0,0,0,1,0,0,0,0
