1,0,0,2,0,0,0,0,0,0,0,0,0,0,0,0,0,0,0,1,1,0,0,0,0,0,0,0,0,0,0,0,0,0,0,0,0,0
4,12,8,24,6,5,1,0,2,1,0,0,0,1,0,0,0,0,0,0,0,0,0,0,0,0,0,0,0,1,0,0,0,0,0,0,0,0
5,6,11,6,4,5,1,0,1,0,0,0,0,0,0,0,0,0,0,0,0,0,0,0,0,0,0,0,0,0,0,0,0,0,0,0,0,0
6,26,12,112,41,68,17,1,4,8,15,8,5,8,0,4,4,2,3,2,6,2,1,0,9,0,6,0,2,4,0,0,0,1,0,0,0,0
3,10,4,35,26,22,9,7,3,3,12,9,3,3,1,1,4,2,4,5,0,1,0,0,8,7,4,6,0,5,1,0,0,0,0,0,0,1
2,7,22,57,16,147,83,1,6,1,6,6,6,5,0,2,6,4,7,1,1,10,2,0,9,0,17,3,3,3,0,0,0,2,0,0,0,0
0,5,6,29,35,93,58,2,9,1,2,8,16,2,0,3,15,8,7,3,1,8,3,3,13,0,15,7,1,14,2,0,0,8,0,0,1,0
0,1,2,18,6,21,21,0,4,0,5,5,0,4,0,3,11,4,5,0,5,2,1,2,2,1,15,2,0,7,0,0,0,3,0,1,0,1
0,0,5,5,0,16,11,0,0,0,1,1,1,1,0,0,2,4,4,0,1,2,0,1,2,0,8,0,0,1,0,0,0,0,0,0,0,0
2,1,1,6,7,0,4,1,0,1,3,1,0,0,1,4,0,0,3,6,1,2,0,0,11,0,1,4,0,2,1,0,1,0,1,0,0,0
2,1,4,13,18,5,4,3,1,2,3,14,4,1,2,3,5,3,5,14,1,3,2,1,11,0,8,8,0,8,0,0,0,6,1,2,0,0
0,3,0,24,19,16,16,3,2,5,18,9,4,1,0,3,5,3,4,0,4,8,7,0,9,1,11,10,0,16,0,0,0,4,3,0,0,0
2,0,5,24,3,33,24,1,2,1,3,2,6,3,0,0,5,5,8,1,6,8,3,0,8,0,20,5,7,10,0,0,0,0,0,0,0,0
1,0,0,9,7,8,10,1,0,0,3,2,2,3,1,2,8,1,2,3,4,9,1,0,14,1,11,3,0,5,0,0,0,4,1,0,0,0
0,0,0,0,2,0,2,0,0,0,2,1,0,0,0,0,1,1,0,2,1,0,0,0,0,1,1,1,0,0,0,0,0,1,0,0,0,0
0,0,1,5,1,11,6,0,0,0,0,2,2,2,0,1,3,0,0,2,0,5,0,1,1,0,6,0,2,1,0,2,0,0,1,0,0,0
0,0,3,7,5,22,17,1,4,0,7,8,5,8,0,0,7,2,6,4,7,2,0,2,12,1,28,5,0,12,0,0,1,2,1,1,1,0
0,1,0,3,6,18,21,2,4,1,3,8,5,1,1,0,3,1,8,4,4,15,3,1,9,4,18,10,3,18,0,0,1,7,0,1,0,2
1,3,1,6,1,11,12,1,2,0,6,3,5,3,0,0,1,14,4,1,1,7,2,3,10,0,13,2,3,25,4,0,0,0,0,0,0,0
0,2,0,9,9,4,3,0,0,6,14,8,0,3,0,0,5,6,7,10,2,3,1,2,21,0,8,10,2,2,0,0,0,0,0,2,0,3
0,0,0,4,2,2,5,1,1,5,2,6,1,1,0,0,2,11,0,4,1,2,1,1,5,0,5,0,0,2,0,2,0,0,0,0,0,0
2,0,0,4,5,9,8,2,0,1,10,5,3,4,1,0,1,6,2,3,1,3,1,0,13,0,24,3,7,8,1,1,0,2,2,0,0,0
0,0,0,2,0,4,0,0,0,0,1,1,3,0,1,0,0,0,1,1,0,0,0,0,0,0,1,0,1,6,0,0,0,0,0,0,0,0
0,0,1,0,0,3,3,0,1,3,2,2,0,0,0,0,0,2,1,2,1,3,0,1,3,0,6,0,1,3,0,0,1,0,0,2,0,0
4,1,2,10,7,3,6,0,0,7,12,2,0,8,1,1,1,10,11,26,6,9,3,6,56,11,39,36,11,31,0,1,1,12,3,2,0,1
0,0,0,2,0,1,3,0,1,6,0,1,3,6,0,0,0,2,5,9,2,1,0,0,10,0,5,10,2,4,0,0,1,1,1,0,0,0
1,3,1,12,7,16,19,7,3,1,8,14,10,0,0,3,6,22,18,8,6,10,1,2,44,4,51,24,12,60,2,0,0,10,0,0,0,1
1,2,0,10,4,6,4,3,3,2,4,6,2,1,0,0,0,3,4,5,1,6,0,1,36,2,32,26,6,35,8,1,0,10,3,0,0,0
0,0,1,2,0,1,0,0,0,0,2,0,2,6,0,1,1,0,2,2,1,5,0,2,10,1,6,8,1,11,4,0,0,2,1,0,0,1
0,0,2,3,5,4,5,0,2,3,4,3,1,4,0,2,4,16,8,7,5,8,0,2,22,3,40,41,15,102,3,8,0,7,2,0,0,2
0,0,0,0,0,1,2,0,0,0,1,0,0,0,0,0,1,1,1,0,0,0,0,0,3,0,0,3,0,10,2,0,0,2,0,0,0,1
0,0,0,0,0,4,0,0,0,0,1,0,1,0,0,0,1,2,0,0,0,0,0,0,3,0,0,0,2,1,0,0,1,0,3,0,0,0
0,0,0,1,0,2,4,0,0,0,0,0,1,2,0,0,2,7,0,0,2,2,0,0,4,0,3,4,1,3,1,3,0,2,5,5,2,2
0,0,0,1,3,1,2,0,0,4,3,1,1,4,0,1,3,0,1,2,2,1,1,2,14,2,7,27,3,14,3,0,0,4,5,4,0,2
0,0,0,0,1,0,0,0,0,0,0,0,0,0,1,0,0,0,0,3,1,0,0,0,1,0,2,4,3,7,0,0,0,3,0,0,0,0
2,0,0,0,1,0,0,0,0,0,3,0,0,0,0,0,0,1,2,0,0,0,0,0,4,1,6,4,0,6,0,0,0,10,5,0,0,0
0,0,0,0,0,0,0,0,0,0,0,0,0,0,0,0,0,0,0,0,0,0,0,0,2,0,0,2,0,0,0,0,0,1,0,0,0,0
0,0,0,0,0,1,0,0,1,0,1,1,0,1,0,0,0,0,0,3,1,0,0,0,1,0,1,0,1,1,0,1,0,1,0,0,0,0
