5.06166666667
1.94701492537
2.00868421053
1.71447802198
2.24407035176
1.74020361991
1.90233062331
1.77241610738
1.68897058824
2.27184615385
1.79701298701
1.75115555556
1.93733668342
1.69901785714
1.41263157895
1.84244897959
1.92627906977
1.72487684729
1.78620689655
1.59774647887
1.4365625
1.86293233083
1.835
1.63818181818
1.58883333333
1.66346153846
1.83526595745
1.71693965517
1.78968253968
1.60596273292
2.47933333333
4.09416666667
3.58609375
2.19449541284
2.20533333333
2.93631578947
1.315
3.61476190476
