2,0,0,0,0,0,0,0,0,0,0,0,0,0,0,0,0,0,0,0,0,0,0,0,0,0,0,1,0,0,0,0,0,0,0,0,0,0
2,10,8,19,3,2,2,0,0,0,1,0,0,0,0,0,0,0,0,1,4,0,0,0,0,0,0,1,0,0,1,0,0,0,0,0,0,0
0,5,10,4,0,9,0,0,0,0,0,0,0,0,0,0,0,0,0,0,0,0,0,0,0,0,1,0,0,0,0,0,0,0,0,0,0,0
1,30,13,124,50,49,23,0,1,0,14,7,1,3,0,4,5,2,1,0,2,3,0,0,1,3,4,3,0,1,0,0,2,0,0,1,0,0
2,0,2,70,11,19,15,5,7,8,15,13,4,6,0,3,0,3,1,4,5,5,0,0,3,0,9,4,3,4,0,0,0,2,0,0,0,0
0,7,19,57,10,133,58,6,11,1,3,8,14,13,0,2,4,2,3,2,0,2,1,1,2,1,15,4,2,10,0,0,0,4,0,1,1,0
0,5,2,27,8,100,60,17,12,0,11,9,13,7,0,1,19,10,7,4,2,3,0,1,8,4,11,4,2,13,1,0,2,5,0,0,0,0
1,1,0,7,9,14,24,0,1,1,5,2,1,3,0,7,5,4,6,1,0,1,3,1,3,0,12,1,2,13,0,0,0,3,0,0,0,0
0,1,2,2,1,14,16,0,0,0,3,1,0,0,0,0,2,0,6,0,0,0,0,0,0,0,2,3,0,1,0,0,0,0,0,0,0,0
0,2,1,10,8,0,0,0,1,1,4,4,0,3,0,0,0,1,0,4,4,4,0,2,6,0,0,4,1,4,0,0,0,0,0,0,0,0
0,4,2,11,9,10,8,3,2,4,6,4,1,3,0,3,5,3,1,11,0,9,0,5,15,0,5,11,1,14,0,1,0,0,0,0,0,0
0,3,0,23,17,24,13,4,6,1,17,5,4,4,0,4,3,5,6,3,7,20,2,3,12,4,11,10,6,9,0,0,5,3,0,0,0,0
0,1,2,14,5,17,17,1,3,0,0,2,0,0,2,0,2,3,6,1,3,3,4,1,2,2,11,6,1,14,3,0,2,2,1,0,0,2
0,1,1,14,8,7,2,1,2,4,4,8,1,2,0,0,3,2,1,5,2,5,2,1,6,0,7,8,1,3,0,0,0,5,2,0,0,1
0,0,0,1,0,0,1,0,0,0,1,1,0,0,0,0,1,0,0,0,0,3,0,0,1,0,3,2,0,0,0,0,0,0,0,0,0,0
0,0,0,5,1,8,5,3,0,0,3,2,2,0,0,0,0,0,2,1,1,1,0,1,0,0,2,1,1,1,0,0,0,2,0,0,0,0
0,2,0,1,0,21,16,0,4,0,9,3,15,4,1,3,1,5,3,0,3,8,0,1,12,1,19,6,0,17,1,1,0,3,0,1,0,0
0,0,1,10,8,15,14,2,1,2,11,4,6,2,0,6,1,0,3,4,3,12,0,1,13,4,23,6,0,15,2,0,2,0,0,0,0,1
0,0,1,3,6,6,11,0,3,2,3,2,11,1,0,1,4,4,11,6,1,8,0,4,3,2,26,6,6,20,3,0,0,3,0,1,0,1
1,2,0,8,9,18,8,1,3,3,19,11,3,4,1,0,1,12,3,10,4,7,0,5,16,8,20,2,3,17,0,2,0,0,1,0,0,2
2,1,0,2,2,6,2,2,0,1,0,10,0,2,0,1,6,4,0,0,0,3,0,0,3,0,7,2,1,2,0,0,0,0,0,1,0,0
0,1,0,1,5,1,2,1,2,1,6,8,0,3,0,2,3,5,8,8,4,3,0,0,2,0,11,14,3,10,2,0,0,5,2,0,0,1
0,0,0,2,0,0,5,0,0,0,2,0,0,0,0,0,1,1,2,1,0,0,0,3,2,1,2,0,1,2,0,0,0,0,0,0,0,0
0,0,0,3,2,7,0,0,1,3,1,1,0,0,0,0,1,0,1,0,0,0,0,0,3,2,14,3,0,1,2,0,0,0,0,1,0,0
0,2,1,16,9,15,15,1,1,6,15,6,2,4,0,3,3,4,6,18,8,16,4,2,55,9,30,43,17,49,2,1,0,15,1,2,0,1
0,0,0,5,1,3,3,1,3,2,3,4,4,6,0,0,1,0,2,4,5,2,0,1,8,3,6,8,3,6,0,0,0,2,3,0,0,0
0,2,2,9,7,15,18,3,8,1,10,4,13,6,0,7,7,13,12,10,5,28,1,3,31,3,47,35,16,80,2,3,0,12,0,0,0,0
0,2,0,2,7,2,7,0,0,3,5,4,0,3,0,0,2,2,0,6,4,4,1,1,35,3,29,28,8,30,1,2,1,13,3,2,0,1
1,0,0,1,0,2,1,0,0,0,0,2,1,3,0,0,2,3,2,1,2,3,1,0,13,4,10,15,7,18,0,0,0,2,1,0,0,0
0,2,1,5,4,5,7,2,1,0,6,2,3,3,0,1,3,10,9,3,3,6,3,0,24,2,37,51,27,88,3,2,0,5,1,2,0,1
0,0,0,0,0,0,1,0,0,0,1,3,1,0,0,0,1,2,0,1,0,1,0,0,1,0,3,3,0,6,0,1,1,3,0,0,0,1
0,0,0,2,0,0,1,0,0,0,1,0,1,0,0,0,0,1,3,0,0,0,0,0,3,0,2,4,0,12,0,0,0,3,0,0,0,0
0,0,0,0,0,4,0,0,0,0,0,0,1,1,0,0,2,0,2,3,0,0,0,0,0,0,0,4,1,13,1,1,1,6,1,2,0,0
0,0,0,9,3,1,3,3,2,0,1,1,0,1,0,2,0,0,3,5,2,5,0,0,17,0,4,15,3,30,1,1,2,9,3,2,0,6
1,0,0,1,0,1,3,0,1,0,0,2,0,0,0,0,0,1,0,2,0,0,0,0,5,0,0,8,1,8,0,0,1,4,0,1,0,2
0,0,0,0,0,0,0,0,0,0,0,0,0,0,0,0,0,5,1,0,0,1,0,0,1,0,2,6,2,6,0,0,0,3,3,0,0,1
0,0,0,0,0,0,1,0,0,0,0,0,0,0,0,0,1,0,1,1,0,0,0,0,2,0,1,1,0,0,0,0,0,0,0,1,0,0
0,0,0,0,0,2,2,0,0,0,1,1,0,0,0,0,0,0,0,0,0,1,0,0,0,1,1,1,0,3,0,1,0,3,0,1,0,1
