3,0,0,0,2,0,1,0,0,0,0,0,0,0,0,0,0,0,0,0,0,0,0,0,0,0,0,0,0,0,0,0,0,0,0,0,0,0
0,13,5,7,2,5,5,0,1,0,2,4,0,0,0,0,0,0,0,0,0,1,0,0,1,0,0,0,0,0,0,0,0,0,0,0,0,0
1,0,4,2,0,5,3,0,0,0,0,0,0,0,0,0,0,0,0,0,0,0,0,0,0,0,0,0,0,0,0,0,0,0,0,0,0,0
6,28,11,117,43,79,20,8,1,3,15,14,1,8,0,1,0,1,4,6,1,0,0,0,0,0,8,2,1,2,1,0,0,3,1,0,0,0
0,4,2,56,22,17,15,2,2,3,18,11,3,4,1,1,4,2,1,1,4,4,1,3,10,0,4,5,2,9,0,0,0,0,0,1,0,0
1,15,32,53,15,110,86,1,7,1,4,3,12,2,1,0,9,1,2,2,3,1,1,0,4,1,9,4,0,8,0,0,1,2,0,0,0,0
2,2,3,29,7,113,64,7,12,1,3,15,14,3,2,0,7,6,4,2,4,9,4,1,7,2,20,6,2,16,3,0,1,3,0,1,0,2
1,2,0,7,2,16,16,0,7,0,1,3,2,8,0,1,6,2,6,2,6,3,0,2,11,3,17,3,3,4,0,1,0,6,0,0,0,3
1,0,1,4,2,20,10,0,1,0,3,1,1,1,1,0,2,6,5,0,1,1,0,0,2,1,1,0,0,7,0,0,0,0,0,1,0,0
0,0,0,2,5,1,3,0,0,1,5,2,0,3,0,0,0,0,3,5,4,0,0,1,3,0,0,1,0,3,0,0,0,1,0,0,0,0
0,1,2,16,25,10,4,0,2,5,6,5,1,0,0,1,3,3,3,15,2,4,0,0,15,1,10,12,1,12,0,0,0,5,0,1,0,0
6,1,2,14,23,19,18,1,4,4,11,3,14,1,2,7,5,4,5,3,6,14,2,4,12,1,9,15,2,8,1,1,0,5,1,2,0,1
0,1,0,10,7,22,32,1,3,1,7,1,6,2,0,1,3,4,9,2,4,5,0,1,3,0,22,4,3,8,1,0,2,2,0,2,0,0
0,1,0,12,11,9,6,3,1,4,3,2,5,3,1,1,1,2,6,4,6,9,2,1,2,2,13,5,0,7,1,0,0,3,0,2,0,0
0,0,0,2,3,0,0,0,0,0,2,0,0,0,0,0,0,0,0,3,0,0,0,0,0,4,0,0,0,4,0,0,1,0,0,0,0,0
0,0,1,0,0,3,5,1,0,2,1,1,0,0,0,1,0,0,2,2,0,4,0,1,6,1,5,0,3,2,0,0,0,1,0,0,0,0
0,1,0,6,6,21,28,1,2,0,7,1,7,0,0,3,2,3,5,3,5,3,1,2,5,0,14,3,3,7,1,0,0,0,0,0,0,0
1,0,1,7,4,21,12,5,5,0,4,6,6,4,0,2,1,3,5,1,1,8,0,2,11,3,23,16,1,17,0,0,0,2,3,0,0,0
2,2,0,7,4,13,7,0,2,0,7,2,10,1,0,0,5,8,5,1,0,6,0,3,3,2,19,7,2,12,1,2,0,6,1,1,0,0
0,2,1,7,5,4,11,0,1,2,7,3,1,3,0,0,4,6,4,6,7,6,1,2,17,2,10,15,3,6,4,2,1,5,0,3,0,1
0,0,0,5,2,5,1,0,1,1,3,4,3,1,0,0,1,0,0,0,0,4,0,2,0,0,6,1,0,2,0,0,1,0,0,2,0,0
0,0,2,4,5,12,3,4,2,0,11,5,4,0,0,2,4,9,2,1,2,3,0,3,12,2,23,10,0,14,2,0,0,4,0,0,0,1
0,0,0,3,2,7,0,0,0,0,0,6,0,0,0,0,0,1,0,1,1,0,0,0,2,1,1,0,2,6,0,0,0,0,0,0,0,0
0,0,0,4,1,1,2,0,0,2,2,0,1,0,2,0,0,3,4,2,0,1,0,0,4,1,4,2,3,3,0,1,0,2,0,0,0,0
1,3,0,15,6,13,6,0,1,4,13,6,5,4,0,0,3,7,9,17,8,6,0,5,45,6,28,30,14,53,3,1,1,3,2,3,2,3
1,0,0,3,4,5,2,1,0,2,2,0,0,3,0,0,1,3,4,0,0,2,0,2,5,0,6,9,3,11,2,0,0,1,0,2,0,0
0,2,0,10,2,26,18,1,1,3,9,6,7,8,1,1,11,21,16,5,10,29,5,10,48,5,53,45,10,78,2,0,2,7,0,0,0,0
0,0,0,6,1,9,3,2,0,2,5,3,1,0,0,1,0,6,0,9,2,5,1,0,21,3,24,37,8,26,1,0,2,16,3,3,0,3
0,0,0,1,1,3,2,0,1,1,1,2,0,0,0,0,1,0,3,2,0,0,0,0,9,2,12,7,4,20,0,0,0,3,1,0,0,0
0,1,0,5,2,10,9,2,2,4,9,2,5,5,0,1,3,7,4,4,3,6,0,2,16,2,34,37,10,101,7,2,3,18,5,2,0,0
0,1,0,0,1,1,1,0,0,0,0,0,1,0,0,0,0,0,6,0,0,0,1,0,2,0,1,2,0,12,1,2,2,0,0,1,0,0
1,1,0,0,0,4,1,0,0,0,0,1,1,0,0,2,0,1,1,0,0,0,0,0,3,0,2,1,0,2,0,1,3,0,0,0,0,0
0,0,0,0,0,2,4,0,0,0,0,0,0,0,0,1,2,2,1,1,0,0,0,1,3,0,1,4,0,10,1,0,2,2,4,3,0,0
0,0,1,0,8,6,2,0,0,2,2,0,3,1,0,0,0,4,2,3,1,2,0,0,7,3,5,14,1,16,1,0,0,2,0,7,0,4
0,0,0,0,0,2,1,0,0,1,1,2,0,0,0,0,0,0,1,1,1,0,0,0,2,0,1,4,2,9,1,0,0,2,2,1,0,1
0,1,0,1,0,1,0,0,1,2,1,4,1,1,0,0,0,0,0,3,0,0,0,0,2,1,1,0,0,2,3,0,0,3,1,0,0,2
0,0,0,2,0,0,0,0,0,0,0,0,0,0,0,0,1,0,1,0,0,0,0,0,1,1,0,0,0,0,0,0,0,0,0,0,0,0
1,0,0,1,1,1,0,0,0,0,0,0,0,0,0,0,0,0,0,1,0,0,0,0,2,0,0,7,0,5,0,0,0,1,0,1,0,1
