1,0,0,0,0,0,0,0,0,0,0,0,0,0,0,0,0,0,0,0,0,0,0,0,0,0,0,0,0,0,0,0,0,0,0,0,0,0
3,14,9,7,3,5,0,0,0,0,0,0,0,3,0,0,1,0,0,0,0,1,0,0,1,0,1,0,0,2,0,0,0,1,0,0,0,0
0,2,13,3,0,3,1,0,0,1,0,0,1,0,0,0,0,0,0,0,0,0,0,0,0,0,1,0,1,1,0,0,0,0,0,0,0,0
9,24,11,103,44,56,12,5,2,3,9,4,5,4,0,3,5,6,2,1,6,1,0,1,6,0,2,4,1,4,1,0,2,0,0,0,0,0
7,2,1,36,18,15,22,4,1,2,6,8,7,4,0,4,4,5,3,6,4,1,0,1,5,1,4,4,1,3,0,0,0,1,0,1,0,0
3,6,22,65,12,108,57,8,8,0,3,2,5,1,0,0,10,2,6,0,1,0,0,1,3,2,5,4,1,4,1,0,1,1,0,1,0,0
0,4,3,38,15,113,69,11,9,1,2,10,15,1,1,2,4,8,8,2,3,5,1,1,10,1,10,3,1,12,1,0,1,1,2,1,0,0
0,0,2,10,14,23,11,1,2,1,0,2,2,1,0,3,7,5,5,2,4,1,0,2,6,1,12,2,9,8,4,0,0,0,0,2,0,0
0,0,1,2,1,16,9,0,0,1,0,0,1,2,0,0,6,0,3,1,2,2,0,0,0,0,3,0,1,5,0,0,0,0,0,0,0,0
0,0,2,7,2,0,2,0,0,1,8,0,0,2,0,1,0,1,1,1,1,1,1,0,3,1,0,0,1,3,1,0,1,0,0,0,0,0
1,3,0,17,15,3,6,4,3,8,3,10,4,2,1,1,7,4,5,7,6,8,1,1,10,6,10,7,2,6,1,0,1,3,0,1,0,0
0,6,0,11,13,24,12,2,1,2,7,5,10,8,0,11,5,7,3,7,11,2,1,3,13,8,6,7,4,12,0,0,0,4,0,0,0,2
1,1,1,13,9,37,21,1,3,1,1,4,2,6,0,2,7,6,5,5,5,5,2,2,13,2,11,9,1,12,0,0,1,3,0,2,0,0
0,2,1,25,10,13,14,2,0,2,3,1,3,3,0,0,5,2,9,4,6,8,0,3,13,0,4,2,3,6,0,0,2,0,0,0,0,0
0,0,0,0,1,0,1,0,0,1,0,1,1,1,0,0,1,0,0,1,0,2,0,1,3,0,1,2,0,0,0,0,0,3,0,0,0,0
0,1,0,2,2,8,7,1,0,0,4,0,1,1,0,0,2,2,2,1,2,3,1,2,2,1,5,6,2,1,0,1,0,3,0,0,0,0
0,1,2,12,9,23,25,0,2,2,9,11,9,2,1,1,4,4,12,4,6,3,2,4,5,3,12,9,4,11,0,0,1,0,3,0,0,2
2,0,2,10,5,29,17,0,1,0,8,4,4,3,0,0,6,3,5,1,3,9,1,6,14,1,21,13,7,14,0,0,3,2,1,2,0,0
0,0,0,8,6,16,12,2,6,1,5,2,8,1,0,0,0,6,6,2,2,13,0,2,8,1,23,9,0,25,1,2,0,4,2,1,0,0
1,0,1,14,9,7,2,0,1,4,9,4,2,2,0,0,3,6,1,12,5,1,2,0,15,1,7,7,4,12,0,1,0,2,0,0,0,0
0,2,0,7,3,8,3,0,1,2,5,0,2,2,1,0,0,2,2,1,3,4,1,0,3,0,1,1,0,2,1,0,2,0,0,1,0,1
0,2,3,5,2,9,8,1,0,3,9,9,4,6,0,2,2,9,5,1,2,10,0,2,10,0,9,14,6,14,0,0,2,5,0,1,0,0
0,0,0,0,2,2,0,0,1,0,6,0,0,0,0,0,2,1,0,1,1,0,0,1,1,1,0,3,1,4,0,0,0,1,0,0,0,0
0,0,0,0,1,2,0,1,0,0,1,1,0,0,0,0,1,3,0,0,2,1,0,0,2,0,6,4,2,7,0,0,0,1,0,0,0,0
2,1,0,20,8,14,8,3,4,5,8,1,1,6,3,0,1,17,9,22,10,8,3,2,38,9,28,33,12,32,3,0,0,14,3,5,0,1
1,0,1,2,2,2,3,1,0,2,2,2,0,1,0,0,4,5,3,3,5,1,0,1,10,1,6,11,5,0,0,0,0,3,0,0,0,0
0,2,3,13,5,16,14,0,2,3,6,11,5,2,0,3,9,29,15,8,7,19,5,0,33,6,43,20,13,73,7,1,3,8,1,3,0,0
1,1,0,5,5,7,3,0,0,0,7,3,0,4,0,1,4,1,2,9,5,4,0,2,24,3,12,23,17,37,0,1,1,15,1,6,0,1
4,0,0,0,2,2,1,0,0,1,2,1,0,0,0,0,0,1,1,0,2,1,0,0,15,5,5,10,6,20,0,0,1,2,0,0,0,1
0,0,0,4,3,10,10,1,2,1,4,5,6,1,0,0,6,8,14,12,3,10,1,5,32,4,42,35,17,82,9,3,4,5,6,1,0,0
0,0,0,1,1,0,0,0,0,0,1,0,0,0,0,0,1,2,2,2,0,0,0,0,1,0,9,5,0,17,1,0,0,2,0,1,0,0
0,0,1,1,0,1,0,0,0,1,0,1,0,0,0,0,0,1,0,0,0,0,0,0,0,0,2,1,0,4,0,1,0,3,0,0,0,0
2,0,1,2,1,2,2,0,0,0,1,0,0,0,0,0,1,4,0,3,0,2,0,2,4,0,6,0,1,3,1,0,0,3,0,1,3,0
0,0,0,7,3,1,1,1,0,0,0,0,1,0,0,0,0,4,5,1,1,0,0,3,6,0,2,17,8,19,4,1,1,8,3,5,0,2
0,0,0,1,1,0,0,0,0,0,0,0,0,0,0,0,1,0,0,1,0,0,0,2,1,0,1,2,5,9,1,0,0,5,0,7,0,0
0,0,0,3,0,0,0,0,0,0,1,1,0,0,0,0,0,0,0,0,0,0,1,0,4,0,3,2,0,7,0,0,0,1,1,0,0,1
0,0,0,3,0,0,0,0,0,0,0,0,0,1,0,0,0,0,0,0,0,0,0,0,0,0,0,0,1,0,0,0,0,0,0,0,0,0
0,0,0,0,0,0,0,0,0,0,0,0,0,0,0,1,0,1,0,0,0,0,0,0,4,0,6,1,0,4,0,0,0,2,0,0,0,3
