1,0,2,0,0,0,0,0,0,0,0,2,0,0,0,0,0,0,0,0,0,0,0,0,0,0,0,0,0,0,0,0,0,0,0,0,0,0
0,4,1,14,4,7,2,0,0,0,0,1,0,0,0,0,0,1,0,4,0,0,0,0,0,0,0,0,0,0,0,0,0,2,0,0,0,0
0,3,8,3,0,16,3,0,0,0,0,1,0,0,0,0,0,0,0,0,0,0,0,0,0,0,1,0,0,0,0,0,0,0,0,0,0,0
4,21,15,126,35,35,20,3,4,3,6,3,6,0,0,0,0,4,1,4,0,6,0,0,6,1,11,0,1,2,0,0,0,0,0,0,0,0
0,4,1,45,19,35,18,3,1,5,6,6,8,2,1,2,2,3,1,2,1,6,0,0,9,0,6,3,3,5,1,1,0,1,0,0,0,0
1,3,13,44,13,122,59,6,5,3,3,5,7,0,0,0,5,2,4,2,6,6,0,2,3,3,10,5,2,4,0,0,2,2,1,1,0,0
0,6,4,28,14,86,58,4,8,0,1,10,22,2,0,0,6,9,12,2,5,8,0,0,6,1,13,6,2,16,0,0,2,1,0,0,1,0
0,1,1,13,10,21,16,0,0,4,2,3,3,0,0,3,5,5,3,3,7,3,4,2,8,0,8,5,1,4,2,0,1,3,0,1,0,1
0,2,0,1,4,12,8,1,0,0,0,1,0,0,0,0,4,3,1,0,0,3,0,0,2,0,8,0,0,7,0,0,1,0,0,0,0,0
0,3,1,11,8,2,3,1,0,0,2,0,1,0,0,3,1,1,0,1,6,0,0,0,5,0,2,2,0,4,0,0,0,0,0,0,0,0
0,3,1,23,12,7,9,2,0,3,6,7,2,1,1,0,5,8,2,3,6,8,0,0,6,1,5,5,2,4,1,0,0,2,1,2,0,0
3,5,1,29,21,21,15,0,2,2,8,5,5,5,0,3,7,7,12,6,2,16,0,3,13,2,15,14,3,12,0,0,1,4,2,4,0,0
0,3,3,22,3,34,22,0,2,0,0,5,1,3,0,1,5,7,11,3,2,9,2,2,7,1,22,8,2,19,3,2,2,9,0,1,0,2
1,4,0,10,8,11,4,0,0,1,7,2,2,0,1,2,3,3,4,4,1,12,1,2,2,1,9,8,0,2,0,0,1,0,0,0,0,1
0,0,1,0,2,3,2,1,1,0,0,1,0,0,0,0,1,0,0,2,0,3,0,0,0,1,2,2,2,0,0,0,0,0,0,0,0,0
0,2,1,3,1,8,9,0,1,0,2,3,2,2,0,1,3,0,5,2,2,4,1,0,4,0,8,7,1,8,0,0,2,2,2,0,0,0
3,0,1,12,2,14,18,2,5,0,6,1,2,2,0,2,5,7,7,2,2,12,3,1,10,1,24,7,5,12,1,1,0,1,0,1,0,0
1,1,0,8,1,16,17,1,1,1,7,2,3,2,0,1,3,0,5,4,3,8,0,3,14,2,12,5,2,17,0,0,2,3,2,0,0,0
1,0,0,4,7,17,8,6,6,0,7,2,5,1,0,0,1,8,4,4,1,15,0,3,7,1,18,10,6,18,0,0,0,3,0,0,0,0
3,0,2,4,6,5,2,0,0,2,8,2,1,2,1,0,3,6,4,11,3,2,5,1,10,1,10,8,0,2,2,0,0,6,0,0,0,0
0,0,0,5,4,5,3,0,1,3,2,3,0,0,0,0,0,3,4,1,2,0,1,0,9,3,0,3,1,3,0,1,0,0,1,1,0,0
0,1,2,5,2,9,3,1,1,2,13,4,2,2,1,1,2,8,20,4,8,0,0,1,6,1,13,9,1,12,0,2,0,5,0,0,0,3
1,0,1,1,0,0,2,0,0,0,0,1,0,2,0,0,0,2,1,0,0,1,0,0,1,0,7,5,4,3,0,0,0,0,0,0,0,0
0,1,0,1,0,4,0,0,0,0,2,0,1,0,0,0,0,5,2,0,2,0,2,0,2,1,4,5,2,6,2,0,0,1,0,0,0,0
8,4,0,22,9,6,12,0,1,13,8,6,4,1,0,2,2,13,12,13,3,6,1,1,38,14,39,46,12,37,8,0,1,14,4,1,0,1
0,3,1,3,3,3,6,1,0,2,8,1,0,1,0,0,0,3,2,0,2,0,1,1,8,2,5,10,1,14,0,0,0,3,0,0,0,0
1,1,4,11,7,20,15,7,2,3,6,5,9,2,0,0,7,18,22,4,9,13,1,1,39,8,37,27,12,81,2,3,3,5,1,3,0,1
0,1,1,7,3,12,9,0,0,4,1,4,3,6,0,0,2,2,6,5,0,10,0,3,34,6,26,27,7,41,1,1,3,10,4,2,0,1
0,0,0,0,1,2,3,0,0,0,1,1,0,0,0,0,0,1,1,2,2,3,0,0,12,2,5,9,11,26,3,0,0,1,1,2,0,2
0,0,3,8,0,14,8,0,2,2,6,5,2,3,0,3,3,17,8,9,5,7,3,2,28,5,51,49,12,92,7,2,2,9,4,6,0,3
0,0,0,0,0,0,1,0,0,0,1,0,1,0,0,0,0,0,0,4,0,0,0,0,2,0,4,3,2,5,0,0,0,4,0,3,0,1
0,0,0,0,0,9,2,0,0,1,0,1,0,0,0,0,0,2,0,0,0,0,0,0,0,0,1,0,2,4,0,2,0,0,1,1,0,0
1,0,1,0,1,1,1,0,0,0,1,0,2,1,0,0,0,4,1,0,0,0,0,0,1,0,5,2,0,10,0,0,0,0,2,0,0,1
0,0,0,4,1,0,4,1,1,3,2,1,1,1,0,0,1,0,0,1,0,0,2,1,17,1,8,20,9,30,1,0,2,2,3,1,0,5
0,0,0,0,0,1,1,0,0,0,0,0,0,0,0,0,0,0,0,0,0,0,1,0,4,0,1,5,2,7,1,1,0,3,0,1,0,2
0,0,0,1,1,0,0,0,0,3,2,0,0,0,0,0,0,0,2,4,0,0,0,1,10,0,2,3,6,7,0,0,1,3,1,0,0,3
0,0,0,0,0,0,0,0,0,0,0,1,0,0,0,0,0,0,0,1,0,0,0,0,1,0,0,1,2,0,0,0,0,0,0,0,0,1
0,0,0,0,0,0,0,0,0,0,0,0,0,0,0,0,0,0,0,0,0,1,0,0,2,1,5,4,0,4,0,1,0,3,0,0,0,0
