0,0,0,0,0,0,0,0,0,0,0,0,0,0,0,0,0,0,0,0,0,0,0,0,0,0,0,0,0,0,0,0,0,0,0,0,0,0
1,10,9,9,6,2,0,0,1,1,1,1,0,0,0,0,0,0,0,2,1,0,0,0,0,0,0,0,0,1,0,0,0,0,0,0,0,0
0,2,12,0,0,4,3,0,1,1,0,0,1,0,0,0,0,0,0,0,0,0,0,0,0,0,0,0,0,0,0,0,0,0,0,0,0,0
14,26,13,107,20,47,8,1,2,1,10,9,1,1,1,2,4,0,0,2,0,0,0,0,2,1,0,1,1,6,2,0,0,0,1,0,0,0
3,5,3,40,13,25,18,2,5,4,9,8,4,2,0,2,5,2,3,7,3,7,1,0,12,2,4,6,1,4,1,0,0,0,1,0,0,2
1,11,18,48,12,120,42,3,6,0,7,4,5,0,0,0,7,6,4,2,1,9,0,5,2,2,11,5,3,8,4,0,0,1,1,3,0,0
3,4,8,23,19,87,47,6,3,4,7,5,15,0,0,1,10,6,7,1,8,8,0,0,1,2,19,10,4,15,0,0,2,4,1,0,0,2
2,1,3,18,9,24,15,2,1,1,11,0,3,0,0,4,7,2,3,3,3,9,0,2,5,1,7,2,0,7,0,0,0,1,0,1,0,0
0,0,3,1,3,18,8,1,3,2,1,1,0,0,0,0,4,4,0,2,0,0,0,0,2,0,6,0,0,3,0,0,1,0,2,0,0,0
0,0,1,20,3,5,1,0,0,1,1,2,0,1,0,0,1,0,0,7,2,0,0,0,6,0,1,3,0,8,0,0,0,1,0,0,0,0
0,3,3,14,3,15,6,2,3,6,8,1,3,0,0,1,7,3,5,6,0,8,2,1,11,2,6,9,0,13,0,0,1,2,2,0,0,0
0,3,0,22,14,28,14,0,7,4,5,6,4,0,0,3,3,7,7,5,8,3,0,2,9,4,10,19,5,18,0,0,1,4,1,1,0,1
1,3,4,16,6,25,23,0,1,2,1,4,2,0,0,1,6,7,16,1,2,5,0,2,6,0,31,6,1,18,1,0,4,0,0,3,0,1
1,0,1,8,4,17,8,0,2,1,5,3,3,0,0,1,3,5,1,6,0,7,0,3,6,1,4,8,0,5,0,1,0,1,1,5,0,0
1,0,0,2,0,3,2,0,2,0,1,0,0,0,0,0,1,0,0,0,0,0,0,0,0,0,4,0,0,1,0,0,0,0,0,0,0,0
0,1,0,4,4,7,2,3,0,0,4,0,1,0,0,0,1,2,0,2,2,4,1,0,3,0,4,0,1,0,0,0,0,0,0,0,0,0
0,3,3,15,1,17,17,3,2,1,7,1,3,2,1,1,1,2,10,4,0,4,0,2,9,0,34,6,3,17,0,0,1,0,1,1,0,2
1,2,2,7,4,19,7,1,1,2,4,6,8,0,0,0,6,3,9,8,7,4,0,0,9,1,27,10,6,10,4,0,2,3,0,0,0,0
1,0,2,1,4,10,10,0,1,0,6,2,6,0,1,0,3,7,7,1,5,8,2,1,3,2,19,6,1,23,0,0,0,2,3,0,0,0
1,0,1,3,4,9,3,0,0,0,14,6,1,5,3,0,7,5,6,7,0,7,2,0,9,2,14,5,6,10,4,0,0,3,0,1,0,0
2,1,1,3,4,2,5,0,0,1,3,2,0,1,1,2,0,1,1,3,0,2,0,0,7,1,10,6,3,6,2,0,0,0,0,0,0,0
1,1,0,4,8,6,8,1,1,2,10,2,0,5,0,1,3,11,6,4,5,6,0,1,10,3,19,10,1,10,7,0,0,1,2,2,0,0
0,0,0,2,0,0,0,0,0,0,3,1,1,0,0,0,6,3,2,3,1,1,0,0,2,0,4,2,0,1,0,0,1,0,0,0,0,0
0,0,1,4,0,2,2,0,0,0,5,0,3,0,0,0,3,3,0,1,2,1,0,0,7,1,8,4,1,5,1,0,0,1,1,0,0,0
0,3,3,15,11,8,5,0,2,16,8,1,2,4,0,0,5,7,7,26,6,11,2,3,37,4,36,28,13,41,5,1,2,7,2,3,0,3
0,0,1,2,3,4,7,0,0,0,2,1,0,1,0,0,3,0,5,1,0,1,0,2,5,1,8,13,2,7,1,0,1,1,1,0,0,0
0,6,0,6,9,22,16,1,5,6,4,5,10,2,1,1,13,32,23,14,8,22,2,1,29,11,47,31,11,80,6,1,4,6,6,1,0,1
1,3,2,7,5,13,3,0,1,3,3,3,3,0,0,0,0,11,5,6,3,1,0,1,31,1,10,30,9,39,6,2,3,13,3,3,0,0
0,1,0,1,4,0,4,0,0,1,2,0,1,0,0,1,1,1,3,1,0,2,1,1,11,0,4,13,4,22,0,2,0,4,0,2,0,1
0,2,2,8,7,9,10,0,1,2,3,2,1,3,0,0,3,9,14,10,6,7,1,3,13,5,41,31,12,76,10,3,6,12,1,5,0,0
0,1,0,2,0,6,4,0,0,0,0,0,0,1,0,0,0,0,2,0,0,2,0,1,0,0,5,3,1,4,2,0,1,3,6,0,0,2
0,0,0,0,0,0,3,0,1,0,0,0,1,1,0,0,0,0,0,1,2,5,0,0,0,0,1,4,0,8,0,0,1,0,0,0,0,0
1,0,0,0,0,3,1,0,0,0,0,0,2,0,0,1,0,4,4,0,0,0,0,0,4,2,7,3,0,6,0,3,0,1,1,0,2,1
0,1,0,5,1,1,3,0,0,0,2,3,0,0,0,0,1,1,2,1,0,5,1,0,10,1,9,18,2,25,2,4,1,7,3,3,0,4
0,0,0,3,0,1,2,0,1,0,0,0,0,0,0,0,0,1,2,0,0,0,0,0,1,1,3,4,1,1,0,0,3,3,0,0,0,0
0,0,0,2,1,1,2,0,0,0,2,0,0,0,0,0,0,0,0,1,1,0,0,0,4,0,8,4,0,6,1,1,1,5,1,1,0,1
0,0,0,0,0,0,0,0,0,0,0,1,0,0,0,0,0,0,0,0,0,0,0,0,0,0,2,0,0,0,0,0,0,1,0,0,0,0
0,0,0,2,0,1,2,0,0,0,2,0,0,0,0,0,1,2,0,0,1,0,2,0,0,0,3,2,2,1,0,0,0,1,1,0,0,0
