4.36
2.67044444444
2.23333333333
1.90531598513
2.1055450237
1.99832191781
1.84114906832
1.93855172414
1.71142857143
1.95022222222
2.14683908046
1.94070484581
2.26597087379
1.80284615385
1.82727272727
2.00813559322
1.84118881119
2.10989010989
1.76936619718
1.89912280702
2.11897435897
2.0075308642
1.69054054054
1.48367346939
1.83749235474
1.90255813953
1.87165829146
1.94063106796
1.88794117647
2.01952522255
3.26909090909
3.57857142857
3.51947368421
2.61572815534
2.79743589744
3.78487804878
2.08
1.759
