1,0,0,1,0,1,0,0,0,0,0,0,0,0,0,0,0,0,0,0,0,0,0,0,0,0,0,0,0,0,0,0,0,0,0,0,0,0
2,14,3,8,4,0,4,0,0,0,0,2,1,0,0,0,1,0,1,2,2,0,0,0,0,0,0,0,1,1,0,0,0,0,0,0,0,0
0,8,6,5,1,6,2,0,0,0,0,0,0,0,0,0,2,0,0,0,0,0,0,0,0,0,0,0,0,1,0,0,0,0,0,0,0,0
6,20,13,97,22,36,13,0,6,0,6,2,2,2,0,0,1,1,5,4,1,0,1,3,3,1,9,2,1,2,1,1,0,3,0,0,0,0
3,6,7,50,18,17,14,1,2,3,15,5,5,3,1,2,2,0,5,7,3,6,1,0,10,1,10,10,0,4,0,0,3,2,0,1,0,0
4,12,17,33,13,81,41,7,14,0,2,4,10,0,2,0,5,3,4,2,1,6,0,0,1,3,9,7,0,16,1,1,0,0,1,2,0,0
0,3,5,29,24,101,39,6,9,1,6,10,12,1,1,0,8,3,6,1,5,11,1,2,5,3,14,7,0,13,0,2,0,2,0,1,0,1
1,0,0,9,4,23,16,1,1,0,7,1,5,5,0,5,5,5,7,1,2,4,0,2,6,1,13,11,3,12,1,0,0,5,0,0,0,0
0,1,0,3,3,11,5,0,0,0,0,6,1,0,0,0,1,4,2,0,0,0,0,0,2,1,3,0,0,3,0,0,0,0,0,0,0,0
0,1,0,2,10,3,0,0,2,2,2,1,0,3,0,0,0,0,1,2,2,2,0,1,3,0,2,3,0,2,0,0,0,0,1,0,0,1
1,5,1,18,21,23,6,0,1,2,3,6,7,0,0,1,4,0,2,7,2,12,0,1,12,7,9,16,5,14,0,0,1,3,0,0,0,0
0,5,0,26,15,19,10,2,4,0,8,4,5,5,0,3,1,3,8,5,5,19,1,11,8,3,11,16,3,11,0,0,0,2,0,1,0,1
0,4,1,17,7,16,24,0,3,3,1,1,0,0,0,0,1,8,16,5,2,6,0,0,9,1,25,10,2,25,2,1,1,3,1,0,0,2
0,2,1,12,9,11,16,1,0,5,3,1,3,2,0,0,4,3,6,2,7,17,0,1,7,3,5,4,0,3,1,0,2,0,0,1,0,0
0,0,0,3,0,0,2,0,0,0,0,0,0,0,0,0,0,0,0,1,0,1,0,0,2,0,2,0,1,1,0,0,0,0,0,0,0,0
0,0,1,4,2,12,6,0,2,0,3,1,0,0,1,0,0,1,0,4,2,6,0,0,2,0,1,2,0,2,2,0,0,3,0,0,0,0
1,0,0,5,7,18,7,2,5,4,7,2,4,4,0,0,4,3,8,2,2,6,1,0,4,0,8,11,2,20,0,0,1,0,0,0,0,0
3,0,4,11,8,16,13,1,1,0,8,3,4,2,2,2,4,2,6,5,2,9,1,0,7,0,27,10,2,15,1,0,1,3,0,1,0,0
1,0,0,4,3,12,18,0,0,0,4,2,9,1,0,2,5,7,7,2,4,3,1,4,9,0,16,6,5,16,0,1,0,2,0,0,0,3
0,1,2,3,10,7,8,0,1,2,10,2,0,0,0,0,3,3,2,7,4,1,3,1,12,5,9,7,0,8,1,0,2,4,1,0,0,0
0,1,0,0,4,1,0,0,0,1,4,3,0,0,0,0,0,2,3,2,0,2,0,0,2,1,0,4,0,4,0,0,4,2,0,1,0,1
0,2,1,9,4,11,9,3,4,4,9,8,0,3,0,0,9,8,10,3,5,5,0,0,15,5,9,8,0,13,0,1,0,2,2,0,0,5
0,0,0,1,3,0,0,0,0,1,1,0,0,0,0,0,0,0,0,3,0,5,0,0,2,1,6,5,0,1,0,1,0,1,0,0,0,0
0,1,0,0,0,4,3,0,1,5,0,3,1,3,0,0,0,3,1,3,1,2,0,1,2,1,6,3,0,2,0,0,0,0,0,0,0,0
4,6,0,17,6,7,3,4,2,12,17,3,4,1,1,1,4,12,13,21,9,16,2,2,35,8,27,27,6,32,2,2,1,7,1,2,0,0
1,3,0,5,2,6,2,0,0,1,2,2,0,1,0,0,0,4,5,1,0,4,1,3,6,3,6,8,3,4,1,0,0,4,1,0,0,0
1,1,2,12,19,31,14,3,1,0,7,15,7,2,0,2,5,20,16,11,8,26,0,7,27,5,34,32,8,71,2,3,1,10,1,3,0,1
0,2,2,7,2,7,2,3,0,1,2,5,0,0,0,0,1,12,6,14,5,6,0,1,20,4,16,18,7,33,2,0,2,9,2,0,0,3
0,1,1,2,4,2,2,0,0,1,1,1,1,2,0,0,0,3,1,1,1,3,1,0,9,0,7,27,3,17,1,0,0,4,1,1,0,0
1,2,1,5,9,11,8,3,3,8,4,2,5,4,0,0,7,10,6,2,5,17,3,0,27,7,33,29,12,81,8,3,2,13,10,3,0,3
0,0,0,0,1,3,1,0,0,0,2,1,0,0,0,0,2,0,1,0,0,0,0,0,2,0,3,4,1,13,1,2,2,0,0,1,0,1
0,0,0,3,0,1,2,0,0,0,0,0,0,0,0,1,0,0,2,0,0,0,0,1,2,0,0,0,0,6,0,2,0,0,0,0,0,1
0,0,0,1,0,2,3,0,0,0,2,0,1,2,0,0,1,6,1,0,0,0,0,3,3,0,5,4,0,15,0,0,0,1,2,1,3,3
1,0,0,4,1,5,2,0,0,1,0,1,1,1,0,0,1,9,2,3,2,0,0,0,11,0,8,6,3,14,4,2,1,7,2,4,0,2
1,0,0,3,0,1,0,0,1,0,1,0,0,0,0,0,0,0,2,2,0,1,1,0,2,0,2,2,0,7,6,0,0,1,0,4,0,3
0,0,0,2,0,2,3,0,0,0,0,0,0,1,0,0,0,0,2,2,0,0,0,0,2,0,6,5,4,3,2,0,0,2,0,0,0,1
0,0,0,0,0,0,0,0,0,0,0,0,0,0,0,0,0,0,0,0,0,0,0,0,0,0,0,1,0,1,0,0,0,0,0,0,0,0
0,0,0,0,0,0,0,0,0,0,0,0,0,0,0,0,2,0,0,1,0,0,0,0,0,0,0,1,0,0,1,0,0,1,2,2,0,1
