2,0,0,1,1,0,0,0,0,0,0,0,0,0,0,0,0,0,0,0,0,0,0,0,0,0,0,0,0,0,0,0,0,0,0,0,0,0
1,7,4,10,2,1,0,0,0,0,0,0,0,0,0,0,0,0,0,0,0,0,0,0,0,0,0,0,0,1,0,0,0,0,0,0,0,0
1,1,12,2,2,1,0,0,0,0,0,0,0,0,0,0,0,0,0,0,0,0,0,0,0,0,0,0,0,0,0,0,0,0,0,0,0,0
8,26,11,79,37,38,15,1,4,3,2,6,2,2,0,0,4,1,0,3,4,0,0,3,2,3,0,4,2,3,0,1,0,0,1,0,0,1
2,3,3,59,10,22,9,1,1,1,12,9,1,2,0,4,2,2,1,6,0,6,0,1,12,1,5,6,0,2,1,0,0,3,0,0,0,0
3,7,16,47,18,110,49,2,8,1,2,2,4,0,0,0,4,8,7,0,5,3,0,1,8,3,16,2,1,11,1,0,0,5,0,1,0,1
0,3,10,32,16,63,31,3,3,2,6,10,17,1,0,0,11,10,5,2,3,7,0,3,15,2,26,8,3,12,0,0,0,0,2,0,0,4
0,2,1,15,3,9,9,0,9,0,0,1,3,1,0,3,4,0,3,1,0,5,0,0,3,1,13,5,3,11,1,0,0,0,0,2,0,1
0,2,0,4,1,17,8,1,0,0,3,1,4,0,0,1,5,0,2,0,1,1,0,0,0,1,7,0,0,5,0,0,0,0,0,0,0,0
0,0,0,7,5,4,1,0,0,1,3,0,0,1,1,0,0,0,3,4,0,2,0,0,6,0,4,1,0,3,0,0,0,0,0,0,0,1
0,3,1,21,18,12,7,1,1,7,7,6,2,1,0,1,4,3,2,10,3,9,3,4,17,2,9,13,2,9,0,0,2,1,3,0,0,3
0,0,5,21,18,25,16,3,1,5,10,2,1,4,0,3,3,4,11,10,3,19,1,5,11,1,10,13,6,7,0,1,2,2,0,0,0,2
1,0,3,16,8,45,28,0,4,2,12,2,3,0,0,4,2,4,10,6,2,13,0,4,5,1,21,5,10,21,1,2,1,1,0,0,0,1
2,1,0,13,16,11,9,1,1,0,1,4,2,0,0,0,2,4,8,3,1,14,2,1,7,0,3,4,1,3,1,0,0,1,0,2,0,0
0,0,0,0,3,1,1,0,2,0,1,2,0,0,0,0,1,0,0,0,1,2,0,0,0,0,0,0,1,0,0,0,0,0,0,0,0,0
0,0,1,0,3,8,7,0,0,0,1,0,0,4,0,0,0,0,1,0,1,3,0,3,4,0,4,1,0,5,0,0,0,0,0,1,0,2
4,3,3,5,2,21,21,0,3,1,9,2,3,3,0,0,1,1,13,3,1,6,0,3,9,1,15,4,1,14,0,2,0,2,0,3,0,2
0,2,4,9,3,15,25,0,5,0,8,0,11,0,0,0,2,5,6,3,3,8,0,5,2,1,14,6,1,7,0,2,5,5,0,0,0,3
0,1,3,2,5,12,6,3,0,0,3,3,10,4,0,0,4,6,3,0,0,10,4,3,7,1,14,4,8,15,1,0,0,3,0,2,0,0
0,2,0,3,10,1,3,0,0,1,11,9,2,5,0,0,0,7,4,6,1,4,1,6,10,4,8,9,1,10,1,0,5,3,1,0,0,1
2,3,0,5,2,1,6,0,0,0,5,2,0,1,0,0,0,3,1,5,0,3,0,1,3,0,9,2,0,2,1,0,0,0,0,3,0,0
0,1,0,3,3,9,4,1,1,3,5,8,2,0,0,1,8,3,5,8,4,1,1,0,4,0,4,12,1,9,2,0,0,1,0,1,0,0
0,0,0,3,0,0,1,0,0,0,2,1,0,2,0,0,1,0,0,1,1,1,0,1,1,2,3,0,0,6,0,0,0,0,0,0,0,0
0,1,2,2,3,3,0,0,0,1,1,4,6,0,2,0,1,3,1,0,4,1,0,0,5,0,13,0,0,13,0,0,0,0,0,0,0,0
3,3,1,13,13,19,15,2,2,12,11,7,0,7,0,2,1,17,11,15,8,16,0,0,42,5,31,25,11,35,0,0,1,9,4,3,0,1
0,2,0,4,4,5,2,0,3,1,2,1,2,0,0,0,1,2,3,2,5,4,0,0,3,2,4,9,2,9,1,0,1,0,1,0,0,1
1,2,5,12,4,12,15,1,4,5,9,2,10,3,0,0,5,19,13,7,2,24,0,6,30,4,50,28,16,74,3,1,4,6,0,0,0,0
2,2,2,11,2,8,8,0,1,4,4,0,3,0,0,0,0,2,4,5,4,6,0,3,27,2,19,30,9,39,3,2,2,10,1,1,0,0
2,0,1,3,0,4,4,1,0,1,1,5,4,0,0,0,1,0,4,0,0,4,0,0,13,3,11,13,2,12,2,0,0,2,4,0,0,1
3,0,1,9,3,7,11,2,1,2,7,4,3,5,0,3,7,9,5,5,4,5,0,1,36,4,38,31,10,92,8,2,1,9,4,3,0,2
0,0,0,2,0,1,1,0,0,0,0,1,0,0,0,0,0,0,1,2,0,0,0,0,1,0,2,3,0,4,0,0,0,2,0,1,0,0
1,0,0,0,0,0,0,0,0,0,0,1,0,0,0,0,1,0,2,0,0,0,0,0,0,0,1,2,0,6,0,1,1,2,0,0,0,0
0,0,0,0,2,1,1,0,1,0,2,1,0,0,0,0,2,4,1,1,0,0,0,0,0,1,1,3,1,10,2,0,2,4,1,1,0,0
0,0,1,6,2,4,1,0,0,1,8,1,0,1,1,0,1,5,4,0,1,2,0,0,21,3,7,7,2,24,3,4,0,2,1,3,0,3
0,0,0,0,0,1,3,0,0,0,1,0,0,0,0,0,0,1,2,0,1,0,0,0,4,1,3,1,1,1,0,2,2,2,1,1,0,1
0,1,0,1,0,2,2,0,0,0,0,0,0,0,0,0,0,1,0,1,0,0,0,0,3,0,1,1,4,5,0,0,1,2,2,1,0,2
0,0,0,0,0,0,0,0,0,0,0,0,0,0,0,0,2,1,0,0,0,0,0,0,0,0,0,0,0,1,0,0,0,0,0,0,0,0
0,1,0,0,0,0,0,0,1,1,1,0,1,0,0,0,1,2,0,1,0,0,0,2,1,1,2,0,0,1,0,0,0,0,0,1,0,3
