6.99
3.22235294118
2.39138888889
1.70584269663
2.05706521739
1.92447470817
1.87235521236
1.98836734694
1.87395348837
2.10783783784
2.10365384615
2.02657534247
2.1534741784
1.87276315789
1.71565217391
1.45264705882
2.30932515337
1.95067039106
1.64897435897
1.9153968254
1.9759375
1.78416149068
1.59540540541
1.7341025641
2.04043343653
1.65072463768
1.82925257732
2.06315533981
1.69805084746
1.96233429395
3.52416666667
3.47388888889
4.7275
2.78130434783
3.34282608696
3.54416666667
1.45333333333
2.4225
