0,2,2,0,0,0,0,0,0,0,0,0,0,0,0,0,0,0,0,0,0,0,0,0,0,0,0,1,0,2,0,0,0,0,0,0,0,0
0,1,3,13,2,8,1,0,0,0,0,0,2,0,0,0,0,0,0,0,0,0,0,0,0,0,1,5,0,1,0,0,0,0,0,0,0,0
2,7,7,1,1,6,0,0,0,3,0,0,0,0,0,0,0,0,1,0,1,0,0,0,0,0,0,2,0,1,0,0,0,0,0,0,0,0
0,28,2,98,28,34,18,1,2,3,4,8,2,1,0,1,2,1,4,4,2,3,0,0,4,1,1,3,0,8,0,0,0,1,0,0,0,0
3,4,4,43,11,24,17,4,2,1,12,5,4,2,0,4,7,8,3,7,5,2,0,1,9,2,4,3,1,7,0,0,0,2,0,0,0,0
5,8,9,38,7,73,36,4,4,1,5,6,5,1,0,0,2,4,5,2,2,6,0,3,2,0,6,10,0,5,0,2,0,2,0,0,0,0
3,5,4,28,8,71,31,0,11,1,2,4,8,2,0,1,10,6,10,2,0,7,2,0,3,1,13,2,2,11,0,1,0,0,2,0,0,0
0,1,0,17,3,13,9,1,0,1,1,0,1,0,0,1,9,6,3,0,1,4,0,0,4,1,13,2,4,5,1,0,1,1,0,0,0,0
1,2,0,6,1,6,10,1,2,0,3,4,3,0,0,0,1,1,0,0,1,0,0,0,0,0,0,0,0,2,0,0,0,0,0,0,0,0
1,0,0,5,3,2,0,0,0,1,4,1,0,3,0,0,1,0,0,4,1,0,0,0,2,0,1,1,0,1,0,0,0,3,1,0,0,0
3,6,3,36,13,20,13,0,3,5,11,4,3,2,1,2,1,6,9,5,0,12,2,2,8,4,6,11,3,4,3,0,0,2,1,0,0,0
3,2,3,12,18,22,15,1,2,1,3,3,8,4,0,9,2,6,11,4,4,12,2,10,11,0,18,6,2,15,0,0,1,5,0,2,0,1
0,1,2,15,5,37,20,0,1,5,7,3,2,1,2,0,3,3,21,0,4,10,0,1,5,3,15,9,8,15,1,2,1,7,2,1,0,2
1,2,4,5,6,19,8,2,1,2,2,2,5,3,0,1,1,3,9,6,0,6,1,3,14,4,19,6,0,9,0,1,0,1,0,0,0,0
0,0,0,0,0,2,0,0,0,0,4,0,2,0,0,0,2,0,1,1,2,0,0,0,1,0,3,2,0,1,0,0,0,0,0,0,0,0
0,0,0,2,0,5,4,2,0,1,3,0,1,0,0,0,2,1,0,1,1,2,0,0,1,1,5,1,0,0,0,0,0,1,0,0,0,0
4,2,0,8,9,19,11,1,7,0,1,0,5,3,0,0,0,3,5,2,3,8,0,1,9,3,11,7,2,22,2,0,0,4,0,2,0,0
0,1,4,12,2,24,14,1,3,3,8,5,5,0,0,0,7,4,7,4,5,9,0,0,9,0,25,7,6,17,2,0,2,2,0,0,0,0
0,1,1,2,2,8,15,0,4,1,2,0,4,0,0,2,7,14,2,5,2,5,2,1,3,0,10,9,3,11,2,0,1,2,0,0,0,0
1,1,4,9,7,5,9,1,1,6,9,2,3,6,0,0,3,9,1,6,6,2,1,1,15,0,7,5,2,3,0,0,0,0,0,0,0,2
1,1,2,7,2,8,1,0,0,0,2,0,1,0,0,2,2,3,4,3,2,4,0,2,7,1,3,3,0,3,0,0,1,0,0,0,0,0
2,3,2,4,2,8,10,0,6,3,5,3,6,4,0,0,7,10,5,7,0,3,0,0,14,1,30,8,3,16,0,0,0,3,0,1,0,1
0,0,0,4,0,2,4,0,1,0,1,0,1,1,0,2,3,3,0,0,2,3,0,0,1,0,4,1,0,0,0,0,0,0,1,0,0,0
0,0,0,2,0,2,5,0,0,0,2,3,0,2,0,0,1,3,2,1,1,2,0,1,6,0,3,2,1,3,0,0,2,1,0,0,0,0
4,4,2,12,17,18,8,0,2,6,16,3,4,3,0,0,2,13,12,17,13,10,5,2,42,5,16,35,4,37,3,0,0,4,1,2,0,1
0,1,0,6,0,1,3,0,0,0,5,0,3,0,0,0,1,6,3,3,2,0,1,1,6,0,6,8,2,8,0,0,0,0,0,1,0,0
1,1,1,22,7,20,25,1,5,0,8,6,12,1,0,2,11,29,21,12,9,16,0,1,25,4,39,25,11,52,4,0,3,10,6,1,0,2
2,1,0,8,4,7,4,2,1,4,8,6,2,1,0,1,0,6,2,8,7,1,0,1,18,3,25,15,5,36,5,1,0,13,3,4,0,0
0,1,0,3,1,5,1,0,0,1,1,2,0,0,0,0,2,3,2,4,1,9,0,0,8,1,20,10,3,15,8,2,1,8,3,0,0,4
0,3,2,9,6,13,5,2,4,8,8,3,1,1,0,0,8,9,12,1,2,10,1,0,23,3,38,35,15,89,5,4,2,19,3,2,0,4
0,0,0,2,0,8,1,0,0,0,0,0,0,1,0,2,0,0,0,0,0,0,0,1,1,1,2,0,0,6,2,1,1,4,1,0,0,0
0,0,1,0,0,1,2,0,0,0,1,0,0,0,0,0,0,0,1,0,0,2,0,0,0,0,0,4,0,6,0,1,0,1,0,0,0,0
0,0,0,2,2,4,2,0,0,0,2,0,0,0,0,0,0,4,0,2,2,0,0,1,1,0,3,3,0,7,0,0,0,1,1,0,0,0
0,0,0,7,3,3,9,2,0,3,3,1,1,1,0,0,0,1,7,3,0,4,0,0,12,3,8,5,6,18,2,0,4,1,1,3,0,4
0,0,0,4,1,6,0,0,0,1,0,2,0,0,0,0,0,0,0,0,1,1,0,0,0,4,2,2,4,4,1,1,3,0,0,1,0,2
0,2,0,1,1,1,0,0,0,0,1,0,0,0,0,0,0,1,0,3,0,0,1,0,8,0,2,6,0,4,0,0,1,2,0,1,1,0
0,0,0,0,0,0,0,0,0,0,0,0,0,0,0,0,0,0,0,1,0,0,0,0,0,0,0,1,0,0,3,0,0,0,0,0,1,0
0,0,0,0,0,0,0,0,0,0,0,0,0,0,0,0,0,0,2,0,0,0,1,0,1,0,3,0,0,3,0,0,2,3,1,1,1,1
