1,1,1,0,0,0,0,0,0,0,0,0,0,0,0,0,0,0,0,0,0,0,0,0,0,0,0,0,0,0,0,0,0,0,0,0,0,0
2,7,9,19,1,3,1,0,0,0,0,0,0,1,0,0,0,0,0,0,1,0,0,0,0,0,0,0,1,0,0,0,0,0,0,0,0,0
0,3,2,2,0,6,0,0,0,0,0,0,0,0,1,0,0,0,0,1,0,0,0,0,0,0,0,0,0,0,0,0,0,0,0,0,0,0
10,33,12,81,19,42,19,2,0,2,5,6,0,0,0,1,4,2,1,4,2,0,0,0,3,0,4,4,2,8,1,0,0,0,0,1,0,0
1,4,1,29,9,24,19,4,3,6,14,7,3,0,0,2,3,3,3,3,3,1,1,1,2,0,6,9,2,4,0,0,1,2,1,0,0,0
6,8,14,34,10,85,44,3,7,2,6,5,6,1,0,0,3,5,5,0,1,4,0,2,3,1,13,0,3,5,1,2,0,1,0,4,0,0
3,2,2,22,15,54,40,2,6,0,11,4,8,6,0,0,9,6,8,1,3,5,0,1,3,2,9,0,3,7,0,0,1,2,2,2,0,0
0,0,1,2,6,16,9,0,3,2,3,0,3,3,0,3,6,0,3,0,6,1,0,2,1,0,6,2,0,6,1,0,0,0,0,1,0,0
3,0,7,4,1,13,5,0,1,1,1,3,1,0,0,0,0,1,3,0,0,2,0,0,5,0,2,1,1,8,0,0,0,0,0,0,0,0
0,1,0,8,0,3,1,0,2,2,4,0,0,0,0,2,0,1,0,0,1,4,0,0,4,0,1,1,2,0,0,0,0,1,1,0,0,0
4,2,1,16,17,16,10,2,7,3,8,5,2,1,0,4,2,8,6,9,1,1,2,2,8,0,4,10,2,5,1,0,0,1,0,5,0,0
1,1,1,24,11,20,11,2,4,2,9,6,5,4,0,4,5,5,16,2,2,14,1,3,13,2,19,12,10,9,1,0,2,2,4,7,0,2
1,0,1,18,9,37,41,0,2,1,1,0,4,1,0,3,4,8,8,6,1,5,0,4,11,2,19,6,2,22,0,2,0,1,2,2,0,0
0,2,4,13,5,11,8,1,4,2,1,3,1,0,0,2,3,1,8,5,6,11,2,3,7,0,6,2,4,1,0,0,0,0,0,0,0,2
0,0,0,2,0,2,0,2,0,0,1,0,0,0,0,0,1,2,0,0,1,0,0,0,0,1,1,1,2,1,0,0,0,2,1,1,0,0
0,0,0,1,1,10,4,0,2,0,7,0,0,0,0,0,2,0,2,1,0,3,0,0,1,0,3,0,1,5,0,0,1,2,0,0,0,1
0,3,1,12,5,26,20,1,5,1,4,8,2,1,0,0,4,5,9,4,2,11,3,2,9,4,19,9,2,4,1,0,0,2,0,1,0,1
2,0,4,11,7,31,20,0,3,2,10,1,11,0,2,0,5,4,5,5,5,5,0,5,7,2,32,4,1,14,1,2,2,1,3,2,0,0
0,2,2,2,5,11,13,0,3,0,2,1,2,2,0,0,5,9,5,0,2,5,3,1,6,2,18,4,3,23,0,0,0,0,0,0,0,1
4,6,1,10,10,6,9,0,0,3,8,3,4,1,0,0,1,8,3,8,2,3,1,0,12,4,7,4,0,6,0,0,0,0,0,0,0,1
1,0,0,5,0,5,1,1,1,0,7,0,1,0,0,1,1,1,1,1,1,3,0,0,4,1,7,3,1,2,1,0,1,1,0,1,0,0
2,1,0,3,6,11,3,1,2,1,7,5,4,4,0,0,3,9,5,3,2,2,0,0,10,2,8,9,0,11,2,0,0,3,2,1,0,0
0,0,1,2,4,8,0,1,1,2,0,1,3,0,0,0,4,3,1,0,0,1,0,0,2,0,6,1,0,0,0,0,0,0,0,0,0,0
0,1,0,1,0,1,4,0,0,0,2,0,2,0,2,1,1,1,2,4,0,2,0,1,6,0,5,1,6,7,0,0,0,0,0,0,0,0
1,6,8,20,8,10,6,1,2,8,9,8,4,3,0,1,4,9,4,27,15,9,1,1,39,7,31,20,7,39,3,1,0,15,11,1,0,0
1,0,0,6,2,5,4,0,0,2,6,2,0,0,0,0,1,4,0,1,0,0,1,0,4,0,13,4,0,4,0,0,0,1,0,0,0,0
2,8,5,15,2,15,25,1,2,1,4,6,9,5,1,1,13,27,12,16,1,16,4,1,25,1,32,29,11,74,0,2,2,8,2,4,0,3
0,4,0,11,2,6,2,0,0,1,5,3,2,3,0,1,8,19,5,10,1,5,0,2,28,5,14,15,6,23,3,0,1,19,3,5,0,5
0,1,0,3,0,0,4,1,0,2,3,0,1,0,0,0,1,3,3,2,1,3,0,0,6,3,12,14,2,13,2,1,0,3,5,0,0,0
1,0,1,4,4,13,16,0,1,2,4,3,1,0,0,3,5,19,12,4,1,12,1,2,24,2,64,26,17,77,11,2,5,15,10,0,0,0
0,0,0,1,1,2,0,0,0,0,2,0,0,0,0,0,3,2,1,1,0,1,0,0,3,0,1,1,0,7,2,0,2,2,2,2,0,0
0,0,0,0,1,0,0,0,1,0,0,0,0,0,0,0,0,1,0,0,0,0,0,0,0,0,0,2,0,2,0,0,0,0,0,0,0,0
1,0,1,0,0,2,3,0,0,0,0,0,1,0,0,0,0,1,0,1,0,1,0,0,4,1,2,5,1,6,2,0,1,1,2,0,2,3
0,0,0,6,4,8,1,0,0,1,3,2,6,0,0,0,2,2,5,5,0,2,0,0,10,4,5,22,0,30,1,0,1,3,5,4,0,6
0,1,0,1,0,4,5,0,0,0,0,0,0,0,0,0,0,2,2,0,0,0,5,1,1,0,3,5,0,11,0,0,1,3,0,1,0,0
0,0,0,0,1,0,1,0,0,1,1,0,0,1,0,0,1,1,0,0,0,0,0,0,4,0,0,4,0,4,0,2,0,1,0,0,0,0
0,0,0,0,0,0,0,0,0,0,0,0,0,0,0,0,0,0,0,1,0,0,0,0,0,0,0,0,0,0,2,0,0,1,0,0,0,0
0,0,0,1,2,2,0,0,0,0,1,0,0,0,0,0,2,2,1,1,1,0,0,0,1,0,1,4,0,2,0,0,0,8,3,0,0,0
