1.735
1.76847826087
2.12894736842
2.00559566787
1.99923529412
1.99066433566
1.87987341772
1.63634146341
2.11
2.16472222222
2.04085714286
2.10055555556
1.95035874439
1.78394957983
2.2
2.19088888889
1.79807692308
2.06060465116
1.7228358209
2.30581967213
2.03842105263
1.97388429752
1.74774193548
1.71790697674
1.98470238095
2.16186440678
1.91569518717
1.99330275229
1.74692307692
1.81679558011
3.12363636364
3.58142857143
3.60552631579
2.4346969697
2.9485106383
3.81423076923
1.76666666667
3.23294117647
