0.0
2.60941176471
1.99538461538
1.94338582677
1.96168316832
1.8792578125
1.9655450237
2.21096153846
1.7928125
2.03711864407
1.97707070707
2.23256157635
2.16316582915
2.29071428571
1.76130434783
1.75283333333
2.2353968254
2.03527918782
1.96362204724
1.88362068966
1.96833333333
1.78090277778
2.09318181818
1.61482142857
1.82941176471
1.85028169014
1.9833431085
2.18646017699
2.33105882353
1.97796482412
4.61441176471
3.43285714286
3.52951219512
2.731171875
2.37590909091
3.83976190476
4.66333333333
3.07
