0,0,0,0,0,0,0,0,0,0,0,0,0,0,0,0,0,0,0,0,0,0,0,0,0,0,0,0,0,0,0,0,0,0,0,0,0,0
5,12,4,12,3,4,2,1,0,1,0,0,0,0,0,0,0,0,0,0,0,2,0,0,0,0,1,1,0,5,0,0,0,0,0,0,0,0
0,1,4,2,1,2,0,0,0,0,0,0,0,0,0,0,0,0,0,0,0,0,0,0,0,0,1,0,0,0,0,0,0,0,0,0,0,0
8,17,12,87,18,50,7,0,2,3,5,2,0,1,0,1,2,3,1,4,0,2,1,0,4,0,4,0,1,1,0,1,0,1,1,0,0,0
1,11,2,41,11,8,24,4,4,6,9,0,5,0,1,3,3,0,6,9,3,2,2,0,14,1,10,3,4,5,2,0,0,3,0,1,0,0
5,7,12,35,8,86,46,2,5,0,2,9,0,4,0,0,5,0,5,1,2,2,1,4,3,2,7,4,0,4,0,0,0,3,0,0,0,0
4,2,4,24,7,48,28,3,7,0,3,4,6,0,0,0,6,1,9,0,4,6,0,0,9,1,5,7,3,8,0,1,0,0,0,0,0,0
0,0,7,11,3,19,13,0,2,1,4,1,1,1,1,0,2,6,2,1,2,1,0,1,1,1,8,10,0,2,0,1,3,3,1,0,0,1
0,2,2,2,2,15,12,0,0,0,5,1,0,2,0,0,3,0,2,0,0,1,1,0,1,1,3,1,0,4,0,0,0,0,0,0,0,0
0,4,0,15,6,2,4,1,0,2,1,0,0,0,0,0,0,0,1,3,1,2,0,2,7,0,1,1,0,0,0,0,0,1,0,1,0,0
6,4,3,23,12,12,9,1,2,6,11,5,3,1,0,2,4,2,13,12,4,8,1,5,14,1,14,5,0,5,1,0,0,4,1,0,0,1
1,3,1,11,13,17,16,2,9,8,1,2,3,6,0,9,3,4,5,3,4,10,1,1,14,2,17,11,7,13,4,0,1,11,0,0,0,3
0,9,2,16,11,22,19,0,1,4,2,3,2,4,0,0,5,4,16,3,1,7,0,2,9,1,22,7,4,11,0,0,5,1,4,2,0,3
4,1,1,12,15,8,9,4,1,0,1,3,7,1,0,3,3,1,2,0,0,7,2,3,2,1,12,3,4,1,0,0,4,1,1,2,0,0
0,0,0,2,1,3,0,0,0,3,4,0,0,0,0,0,1,0,2,2,0,0,0,0,0,0,2,1,1,1,1,0,0,1,0,0,0,0
0,0,2,1,5,7,6,1,6,2,1,1,0,3,0,0,0,0,2,1,1,2,0,0,4,0,8,1,0,1,0,0,0,2,1,0,0,0
1,1,3,6,1,27,14,1,5,3,6,6,5,3,0,0,1,0,10,3,5,6,1,4,4,1,26,5,6,11,5,1,8,0,3,1,0,2
1,0,1,29,4,26,25,0,5,0,2,10,8,0,0,0,2,4,3,2,1,7,0,1,14,1,21,9,2,14,1,0,0,0,0,4,0,0
1,6,0,1,3,11,10,0,0,0,1,3,3,1,0,1,8,9,3,5,5,7,3,0,5,0,23,6,0,15,0,1,2,1,4,2,0,4
2,3,0,2,5,12,2,1,0,7,15,4,6,2,0,2,1,6,5,7,2,1,4,2,6,2,11,2,2,6,0,0,0,0,1,0,0,0
1,2,0,3,2,8,1,1,0,5,1,1,1,2,0,2,1,2,11,4,1,0,1,0,5,1,4,8,0,4,0,0,0,0,0,0,0,0
1,0,0,7,11,10,5,0,3,4,3,9,0,0,0,2,8,8,6,4,6,4,0,2,10,3,21,2,3,7,0,2,1,9,0,1,0,0
0,1,0,0,3,2,3,2,0,0,2,0,1,0,0,0,2,0,0,0,0,1,0,0,0,0,1,0,0,1,0,2,0,0,0,0,0,0
0,1,0,1,0,4,2,0,0,0,3,4,0,0,1,0,3,5,4,0,0,2,0,2,4,1,5,3,4,5,0,0,0,1,0,0,0,0
0,3,1,16,7,12,9,0,1,6,9,8,6,2,1,0,4,9,13,19,6,12,3,4,35,1,29,20,7,37,1,0,1,9,4,3,0,2
0,0,0,5,2,1,2,0,0,4,3,2,1,0,1,0,0,4,3,3,0,0,0,0,9,1,7,11,1,6,0,0,0,2,1,1,0,1
1,7,3,14,3,25,22,3,5,1,7,3,1,1,0,3,9,26,19,5,3,16,4,3,20,8,34,22,4,43,6,3,0,6,1,3,1,1
0,4,2,22,4,1,5,3,1,1,8,13,2,0,0,1,5,7,3,6,4,2,2,3,18,4,16,22,7,26,3,1,4,16,0,0,0,1
0,5,0,1,0,1,0,0,1,1,3,2,1,1,0,1,1,3,1,1,0,2,0,0,8,1,11,7,2,24,3,0,0,2,1,1,0,2
0,3,0,16,6,6,14,0,3,2,9,3,3,2,0,1,15,9,12,2,4,12,0,4,39,3,32,42,17,98,7,11,4,12,4,0,0,3
2,0,0,6,0,3,1,0,0,0,1,0,1,0,0,0,0,1,0,3,0,0,0,0,1,0,1,0,1,11,0,0,0,0,1,1,0,0
0,0,0,0,0,1,0,0,0,0,0,0,0,0,0,0,0,1,1,0,0,0,0,2,0,0,0,2,0,3,0,0,0,0,0,0,0,0
0,1,0,0,0,2,1,0,1,0,2,0,2,0,0,0,0,1,1,1,0,1,0,1,2,0,5,3,1,6,1,0,0,2,1,1,0,2
1,4,0,3,3,6,2,0,0,1,5,3,3,1,0,0,2,5,2,4,3,3,0,0,8,3,3,15,1,17,4,1,2,2,4,8,0,4
0,0,0,3,0,1,0,0,0,3,0,0,0,0,0,0,0,2,0,0,2,1,0,0,7,1,4,6,2,6,1,0,1,1,1,2,0,2
0,0,0,2,0,3,1,0,0,2,1,1,1,0,0,1,0,4,0,1,0,0,0,0,3,2,1,4,1,10,0,2,0,1,0,0,0,4
0,0,0,0,0,0,1,0,0,0,2,0,0,0,0,0,0,0,0,0,0,0,0,0,1,0,0,0,0,0,0,0,0,0,0,0,0,0
2,0,0,1,0,0,0,0,0,0,1,0,0,0,0,0,0,3,1,0,0,0,0,0,2,0,0,2,0,5,0,1,0,0,1,1,0,0
