1,3,0,0,0,1,2,0,0,0,0,0,0,0,0,0,0,0,0,0,0,0,0,0,0,0,0,0,0,0,0,0,0,0,0,0,0,0
2,9,2,20,2,12,3,0,0,2,1,0,0,0,0,0,0,0,0,0,1,0,0,0,0,0,2,0,0,3,0,0,0,0,0,0,0,0
1,5,7,3,0,9,0,0,0,0,0,0,0,0,0,0,0,0,0,0,2,0,0,0,0,0,0,0,0,0,0,0,0,0,0,0,0,0
4,13,5,67,14,43,13,1,1,3,6,1,3,1,0,2,7,2,1,1,1,1,1,0,4,0,2,3,2,1,0,0,0,0,0,1,0,0
4,21,0,30,11,37,21,4,1,3,11,3,10,1,3,1,2,2,6,0,4,2,3,0,11,2,6,10,1,4,3,0,0,3,1,3,0,0
1,5,13,40,8,80,43,4,4,0,1,4,3,1,0,0,7,2,9,1,2,11,0,6,7,0,3,4,5,4,0,2,0,0,0,2,0,0
0,7,7,10,10,55,39,1,6,2,4,2,6,1,0,5,9,12,10,2,2,10,2,1,2,1,13,4,2,6,0,0,0,3,0,0,0,0
0,0,3,9,3,20,6,0,0,0,2,4,8,3,0,3,0,3,2,4,1,5,0,2,4,1,12,3,0,5,0,0,2,0,0,3,0,0
1,0,0,3,0,8,5,0,1,0,2,0,2,1,0,0,1,2,0,0,0,0,0,1,2,0,3,4,0,1,0,1,1,0,0,0,0,0
0,0,0,7,5,2,4,0,2,0,2,2,0,2,0,0,2,0,1,0,1,1,0,1,6,0,2,1,0,0,0,0,0,2,0,0,0,0
0,0,6,17,7,20,6,2,2,6,9,10,4,0,0,1,10,1,0,13,3,9,1,2,5,4,13,6,5,9,4,0,0,3,0,2,0,4
4,1,0,20,9,16,21,1,6,5,7,4,3,1,0,13,6,7,8,11,7,8,2,2,13,6,10,9,0,13,2,2,0,5,2,0,0,0
2,3,0,9,14,45,20,0,0,2,4,2,7,0,0,0,8,3,9,0,7,3,0,0,4,3,19,13,4,9,0,2,7,5,1,3,0,2
1,2,1,13,5,4,7,2,4,4,1,2,1,0,0,0,4,2,3,3,3,7,0,0,4,0,8,3,0,6,1,0,0,4,0,0,0,0
0,0,1,0,1,1,2,0,1,0,1,0,0,0,1,2,0,1,1,2,0,1,0,0,1,0,8,3,0,1,0,0,0,0,0,0,0,1
0,0,2,5,1,7,8,1,5,0,1,0,0,1,0,0,3,0,1,1,1,0,0,1,1,1,3,2,1,1,0,0,1,0,1,0,0,1
1,0,0,16,6,23,19,0,0,3,9,5,3,0,0,0,7,1,11,2,9,4,0,2,3,0,17,3,3,13,2,1,2,1,1,0,0,3
0,0,2,15,2,22,12,4,6,0,3,1,4,1,0,0,2,0,7,1,6,6,0,2,4,0,17,4,4,23,0,0,2,2,1,1,0,0
1,2,1,7,1,12,12,0,5,1,3,0,5,0,0,0,10,5,1,3,5,3,0,3,5,0,18,3,1,17,1,0,0,5,0,0,0,0
2,2,2,9,1,6,6,3,0,2,8,1,1,6,1,0,8,7,5,4,1,3,0,2,11,5,8,2,2,10,0,1,3,1,0,0,0,1
1,2,2,1,1,4,0,0,2,1,1,1,0,1,0,0,1,0,2,5,1,2,1,0,4,0,1,3,3,4,0,0,0,1,0,2,0,0
0,1,1,11,8,12,11,0,1,0,5,6,2,1,0,0,6,3,10,8,4,2,1,2,8,1,12,10,3,10,2,0,0,3,0,1,0,0
0,1,0,2,0,2,1,0,0,0,2,0,0,0,0,0,3,1,1,0,0,0,0,0,1,0,3,0,0,1,0,0,0,1,0,0,0,0
0,1,2,5,6,1,7,2,1,1,3,4,0,0,0,0,1,2,0,5,0,0,1,0,1,0,2,3,6,3,0,0,2,0,0,0,0,1
1,4,4,14,6,17,16,1,1,4,8,5,2,2,0,1,8,11,14,23,14,5,1,7,30,8,29,20,6,35,5,3,2,10,2,3,0,3
1,1,1,6,0,4,2,0,0,2,5,2,1,1,0,0,2,5,0,3,5,2,0,0,0,0,11,6,3,6,0,0,0,0,0,0,0,2
0,2,3,14,10,31,24,0,1,3,12,6,5,4,0,1,9,24,15,7,4,28,6,5,46,6,36,21,9,47,9,3,3,10,0,2,0,1
0,2,2,24,6,12,7,0,3,2,8,4,3,3,0,1,2,12,9,6,0,9,0,1,25,3,18,27,4,28,5,2,3,9,4,5,0,1
1,2,0,6,5,6,3,0,0,2,2,2,4,0,0,0,0,1,1,2,1,3,0,1,10,2,8,10,4,16,2,0,1,11,1,0,0,0
1,2,2,6,10,26,15,0,3,4,3,5,5,8,0,1,8,9,16,6,4,15,1,6,15,3,39,34,5,71,6,4,5,12,11,1,0,4
0,0,0,4,0,0,0,0,0,1,0,0,0,0,0,0,1,1,3,0,0,0,0,0,5,0,1,2,1,8,1,0,0,2,0,1,0,3
2,1,0,0,2,1,1,0,0,0,0,0,0,0,0,0,0,1,0,0,0,0,0,0,1,0,1,0,0,2,0,1,1,0,0,0,3,0
0,0,0,1,2,2,5,0,0,1,1,1,2,0,0,0,0,3,3,0,0,0,0,0,4,0,2,7,0,13,1,1,1,1,1,0,0,0
1,3,0,6,3,10,4,0,0,1,2,2,0,0,0,0,2,4,3,2,1,0,1,0,7,2,8,15,1,22,4,2,3,2,0,6,0,3
0,0,0,2,0,0,0,0,0,1,0,0,0,0,0,1,0,0,0,6,3,0,0,0,5,2,3,5,3,7,1,0,1,0,0,0,0,0
0,1,0,4,2,1,2,0,1,2,2,0,1,3,0,0,0,3,0,4,0,0,0,0,0,0,5,9,1,2,2,2,1,8,0,0,0,0
0,0,0,2,0,0,0,0,0,0,0,0,0,0,0,0,0,0,0,0,1,0,0,0,0,0,1,1,0,1,0,0,0,0,0,0,0,0
0,0,0,0,0,2,0,0,1,0,0,0,0,0,0,0,0,1,0,1,1,0,0,0,0,0,3,0,0,4,0,0,0,1,2,1,0,0
