3.86333333333
3.2875862069
1.65833333333
1.85578199052
2.21907079646
1.85413533835
1.8398
2.02594827586
2.28815789474
1.77555555556
1.93913978495
1.91408653846
2.25990338164
2.00055555556
1.69592592593
2.11981132075
2.1230625
2.04682926829
2.01908396947
2.31361538462
2.133
1.88742647059
1.92
2.15368421053
2.05512578616
2.11220588235
1.89424623116
2.24141221374
1.98900900901
2.24596205962
2.64266666667
4.60217391304
3.65604166667
2.65547008547
2.63977272727
3.54759259259
3.76285714286
3.78133333333
