2,1,0,0,0,0,0,0,0,0,0,0,0,0,0,0,0,0,0,0,0,0,0,0,0,0,0,0,0,1,0,0,0,0,0,0,0,0
1,7,13,14,2,6,1,3,0,0,4,2,0,0,0,0,0,0,0,0,0,0,0,0,0,0,0,0,0,0,0,0,0,0,0,0,0,0
0,1,9,1,0,0,1,0,1,0,0,0,0,0,0,0,0,0,1,0,0,0,0,0,0,0,0,0,0,0,0,0,0,0,0,0,0,0
4,11,7,69,11,19,26,4,1,9,6,0,1,2,0,2,4,0,1,7,0,3,3,0,4,1,9,0,1,1,0,0,0,1,0,0,0,1
1,2,4,38,16,29,19,4,3,6,4,4,1,3,0,3,1,8,6,6,2,5,0,0,6,4,8,3,2,8,2,0,0,2,0,1,0,1
1,6,15,48,19,62,40,2,1,1,2,4,9,2,0,0,7,6,0,0,0,1,0,1,7,0,9,7,2,9,1,0,0,6,0,2,0,0
6,1,4,25,18,65,41,0,4,0,6,2,9,2,0,0,9,14,4,4,8,2,1,1,4,3,12,3,3,3,1,2,0,0,0,0,0,0
0,1,1,10,2,10,4,0,0,2,5,3,0,0,0,1,4,4,5,1,5,2,0,1,7,0,8,1,3,3,0,0,1,0,0,0,0,0
1,0,1,4,1,15,10,0,2,0,1,0,0,3,0,0,1,3,4,0,1,1,1,2,3,0,3,2,0,2,0,2,0,0,0,0,0,0
4,1,0,3,1,1,3,0,0,1,1,3,0,2,0,0,0,2,0,1,0,1,0,0,7,0,3,4,0,2,0,0,0,1,0,0,0,0
5,5,3,21,12,13,11,2,1,4,7,4,5,5,1,3,3,5,3,11,7,7,3,7,13,8,13,8,1,10,0,0,0,2,0,1,0,1
3,1,2,15,14,38,12,0,5,4,10,6,2,3,0,2,7,7,7,6,9,20,1,0,5,4,11,7,4,11,1,2,1,4,1,1,0,0
1,2,3,10,9,55,20,1,1,5,9,2,2,0,0,1,9,12,10,5,3,6,1,2,4,2,18,7,1,13,1,1,5,1,1,1,0,2
2,2,4,14,1,11,6,2,0,1,0,3,2,4,0,0,2,2,11,2,1,8,1,2,7,3,4,5,2,9,2,2,1,0,0,2,0,0
0,0,0,0,1,1,4,0,0,1,3,0,1,0,0,0,0,1,0,0,1,2,0,0,1,0,2,2,1,0,0,0,0,0,0,0,0,0
1,0,2,4,1,8,7,0,0,0,0,0,1,1,0,0,0,2,1,3,1,0,0,0,1,0,4,3,0,1,0,0,0,0,0,0,0,0
0,0,1,7,3,31,20,1,5,1,4,1,6,0,0,0,5,9,15,2,0,13,0,4,5,3,24,0,0,12,0,2,1,0,1,0,0,0
2,3,0,15,3,27,23,1,8,1,12,2,3,1,0,1,3,3,9,3,4,9,1,3,4,0,16,8,3,11,0,0,1,0,0,4,0,2
0,0,0,5,2,12,11,0,4,0,8,1,6,0,0,0,8,2,4,0,5,3,1,1,8,1,19,0,1,6,0,0,1,2,0,1,0,0
2,4,3,12,5,26,12,0,1,3,8,4,6,3,0,0,9,4,5,5,2,2,0,2,11,2,19,5,1,10,1,0,0,2,3,1,0,2
0,0,0,0,2,6,3,0,0,1,2,2,0,0,0,0,1,3,0,5,0,1,0,1,11,0,6,3,0,7,1,2,0,0,0,0,0,0
2,1,1,9,7,3,8,0,2,3,8,6,1,3,0,2,3,12,7,3,1,1,0,0,8,1,24,6,4,13,1,0,0,0,0,0,0,0
0,0,1,1,0,6,0,0,0,0,4,2,0,0,0,0,0,0,2,0,0,1,1,0,0,1,3,0,1,2,0,0,0,0,0,0,0,0
0,1,1,1,3,6,7,0,0,0,2,0,1,1,0,0,0,1,2,1,0,0,0,1,6,2,4,0,0,8,0,0,0,1,0,0,0,0
4,2,1,25,13,9,9,0,5,5,12,7,3,2,0,2,5,16,1,17,5,6,4,1,32,8,23,45,7,23,0,4,1,13,1,4,0,5
1,0,1,3,5,3,4,0,0,2,3,0,2,3,0,0,2,0,4,8,1,1,0,0,3,3,6,10,3,16,2,1,1,2,0,1,0,2
3,1,5,9,9,30,19,1,6,3,14,5,7,2,0,1,11,13,19,8,7,27,5,4,26,7,32,22,11,42,2,4,3,5,4,5,0,2
3,2,1,14,2,8,13,0,1,5,8,2,1,3,0,0,11,6,6,9,3,7,2,0,20,5,21,20,10,31,8,2,0,8,0,5,1,2
0,1,0,5,2,1,5,0,1,1,0,0,0,3,0,0,1,3,4,0,0,3,0,0,5,1,7,15,3,11,0,0,0,5,2,0,0,0
0,0,2,10,3,13,10,0,6,3,4,8,2,0,0,1,4,20,13,4,5,9,0,5,38,10,58,36,16,70,7,6,2,21,6,3,0,10
0,0,0,3,0,0,2,0,0,0,1,1,0,0,0,0,0,0,0,0,1,0,0,0,1,0,3,4,0,4,1,0,1,2,5,0,0,0
0,0,0,0,1,0,3,0,0,0,0,1,0,0,0,0,0,0,1,0,0,0,0,0,1,0,0,4,0,1,1,0,0,1,3,1,0,0
0,0,0,0,1,4,4,0,0,0,0,2,4,0,0,0,4,1,0,1,0,0,0,0,3,0,4,6,3,5,0,0,0,0,0,2,2,0
0,0,0,11,10,4,2,0,1,3,0,3,4,1,2,2,3,5,1,5,2,3,2,0,11,4,3,9,4,15,2,2,1,3,2,3,0,3
0,1,2,0,1,1,0,0,0,0,0,1,0,0,0,0,0,1,0,2,1,0,0,0,1,0,5,1,0,4,0,0,0,3,0,3,0,3
0,1,0,0,3,0,0,0,0,0,0,0,0,0,0,0,2,2,0,0,0,0,0,0,3,0,1,1,0,3,0,2,0,3,0,0,0,2
0,0,0,1,0,0,0,0,0,0,0,0,2,0,1,0,0,0,0,0,0,1,3,0,0,0,0,0,1,0,0,0,0,1,0,0,0,0
1,0,0,0,0,1,0,0,0,0,1,0,0,0,0,0,2,1,0,1,0,0,0,0,1,0,0,1,4,1,0,1,0,0,0,0,0,1
