4,2,0,0,0,0,1,0,0,0,0,0,0,0,0,0,0,0,0,0,0,0,0,0,0,0,0,0,0,1,0,0,0,0,0,0,0,0
4,5,5,17,0,4,2,0,0,0,3,1,0,0,0,0,1,0,0,1,0,0,0,0,0,0,0,2,0,2,0,0,0,0,0,0,0,0
0,3,3,0,2,2,0,0,0,0,0,0,1,0,0,0,0,0,0,0,0,0,0,0,0,0,0,0,0,0,0,0,0,3,0,0,0,0
0,19,5,74,24,29,21,0,4,2,15,1,0,3,0,1,3,2,2,1,3,2,0,1,3,0,5,3,2,4,0,0,0,0,0,0,0,0
1,4,2,41,10,27,17,1,5,5,7,11,3,2,0,4,6,4,7,7,4,2,0,1,10,0,7,2,4,8,0,0,0,2,1,1,0,0
1,7,17,28,7,53,53,5,2,0,6,3,3,4,0,0,10,9,5,0,0,4,0,0,4,0,5,6,1,8,1,0,0,0,0,0,0,0
2,5,10,35,15,63,36,2,5,1,2,5,6,0,0,3,13,3,10,3,3,9,0,1,0,0,5,2,1,4,0,2,0,2,0,1,0,0
0,0,2,6,4,26,7,3,0,0,8,3,0,2,0,4,1,3,7,0,2,3,1,0,6,2,6,4,0,9,0,0,1,1,0,0,0,1
0,1,0,4,4,12,14,0,1,2,1,4,0,1,0,0,0,3,3,0,0,4,0,0,4,0,1,0,1,2,0,0,0,0,0,0,0,0
3,2,0,6,10,4,4,0,0,1,0,0,3,0,0,0,2,1,0,1,1,0,0,0,3,0,2,2,0,3,0,0,0,4,0,0,0,0
2,5,2,16,11,15,10,2,1,17,8,7,2,0,0,0,14,3,0,4,0,12,0,5,13,2,4,10,2,13,0,0,2,0,0,1,0,1
0,0,1,16,14,17,15,0,3,5,3,6,6,2,0,2,9,10,5,7,5,14,2,1,14,1,14,7,7,9,0,0,1,1,3,0,0,1
3,7,3,19,10,26,21,2,0,2,2,6,3,2,0,0,5,0,10,3,4,5,1,1,9,2,22,7,4,13,0,0,2,1,0,0,0,3
1,0,2,10,4,4,3,0,1,2,3,4,2,0,0,0,1,4,2,2,2,5,0,0,7,4,7,2,1,3,0,0,4,1,1,1,0,0
0,0,0,0,1,2,0,0,1,0,2,0,0,0,0,0,2,0,0,1,0,2,0,0,1,0,1,1,0,2,0,0,0,1,0,0,0,0
0,0,1,3,1,8,7,0,0,2,1,0,2,0,0,0,1,3,0,1,1,2,0,0,2,0,1,3,1,3,0,0,0,0,0,0,0,0
0,10,0,7,3,31,24,0,1,2,1,1,7,1,0,1,4,3,12,1,3,4,1,1,3,0,17,6,1,18,2,2,2,5,2,0,0,0
1,2,2,15,4,23,16,0,2,0,7,10,4,0,0,1,3,3,6,7,1,8,0,4,5,2,20,2,2,11,1,2,2,1,0,0,0,1
3,1,5,6,0,11,6,0,0,0,3,0,3,0,0,1,8,4,4,2,0,7,1,0,3,1,8,1,2,8,1,0,0,0,1,1,0,0
0,1,1,14,9,3,5,0,1,3,8,6,0,2,0,1,8,3,2,8,6,0,1,0,7,2,7,6,2,10,0,0,0,6,0,1,0,1
0,1,0,5,6,5,4,0,2,1,1,1,0,0,0,1,1,0,0,0,3,2,0,2,1,1,10,4,0,3,1,0,0,0,2,0,0,0
0,0,0,4,3,11,6,2,0,0,7,6,2,5,0,1,7,4,4,4,2,3,0,0,8,2,16,5,2,10,2,0,3,0,1,3,1,0
0,0,0,3,1,4,2,0,0,0,0,1,1,1,0,0,1,2,3,0,0,0,0,0,2,0,3,0,3,3,1,0,0,0,0,0,0,0
1,1,4,0,3,6,4,0,2,0,1,4,0,0,0,1,5,8,0,0,2,0,0,1,0,0,7,5,0,10,0,0,0,0,0,2,0,0
1,11,2,19,7,14,16,0,5,15,12,7,5,3,0,0,5,30,16,23,5,9,1,3,20,4,21,16,8,30,2,2,1,9,0,2,0,1
1,1,2,5,2,2,4,0,0,0,3,0,2,0,0,0,2,3,1,6,0,1,0,0,2,1,5,3,0,7,0,1,0,2,0,0,0,0
0,2,0,5,9,23,29,1,3,6,10,10,5,3,0,0,16,17,28,9,8,7,1,2,28,5,45,26,11,53,2,9,1,7,2,6,1,5
2,0,6,13,7,19,11,1,2,3,6,5,1,3,0,2,4,17,4,5,2,1,0,2,19,6,17,11,12,36,1,2,2,11,3,6,0,3
0,3,0,6,0,1,0,0,2,3,4,0,1,2,0,0,1,2,0,1,1,4,0,0,6,0,4,7,0,20,3,0,1,3,1,4,0,1
1,2,2,3,4,14,21,3,11,8,9,8,6,4,1,0,4,11,16,5,6,13,1,4,22,4,39,21,17,56,7,5,7,8,4,3,0,0
1,0,0,3,0,1,2,0,0,0,0,0,0,1,0,0,0,0,0,0,2,1,0,0,0,0,2,0,0,1,1,2,0,0,0,0,0,0
1,0,0,1,0,1,0,0,0,1,1,0,0,0,0,0,0,1,1,2,0,1,0,0,2,0,3,1,0,7,1,1,0,0,0,0,0,0
2,0,2,2,0,0,3,0,0,0,1,0,2,0,0,0,2,2,0,1,1,0,0,0,2,0,3,5,0,7,0,1,0,3,0,1,0,3
1,2,0,3,5,4,1,0,1,1,3,0,2,0,0,0,1,8,1,2,2,1,4,0,10,0,6,19,7,13,4,11,0,6,8,3,0,4
0,0,0,2,0,2,2,0,0,0,0,0,0,0,0,0,3,1,0,0,2,0,0,0,3,0,0,3,0,4,0,0,1,0,0,0,0,2
0,0,0,3,5,3,3,0,0,1,1,0,0,0,0,0,1,1,4,4,0,0,0,0,4,1,3,5,0,3,0,0,2,3,0,1,0,1
0,0,0,0,0,1,0,0,0,0,0,0,0,0,0,0,0,0,0,0,0,0,0,0,0,0,0,0,2,1,0,0,0,0,0,0,0,0
0,0,0,7,0,3,0,0,1,0,1,0,0,0,0,0,0,0,0,0,0,0,0,0,4,0,0,4,1,2,0,0,0,2,0,0,0,0
