0,1,0,0,0,2,0,0,0,0,0,0,0,0,0,0,0,0,0,0,0,0,0,0,0,0,0,0,0,0,0,0,0,0,0,0,0,0
0,14,8,3,0,3,2,0,0,0,0,0,0,0,0,0,0,1,0,0,0,0,0,1,0,0,0,0,0,0,0,0,0,0,0,1,0,0
1,2,3,3,0,1,1,0,0,0,0,0,0,0,0,0,0,0,0,0,0,0,0,0,0,0,0,1,0,0,0,0,0,0,0,0,0,0
1,28,10,63,32,38,7,0,3,3,12,3,0,0,0,0,2,1,2,3,5,2,0,0,3,0,7,6,0,6,0,0,0,0,1,0,0,2
3,13,3,45,8,28,14,2,2,4,4,5,3,0,0,3,3,2,2,5,1,5,0,2,8,0,7,6,0,5,0,0,0,1,0,0,0,2
2,11,19,41,3,73,43,2,7,1,1,2,7,1,0,2,9,9,4,1,2,7,1,1,1,1,4,5,1,11,1,0,3,1,1,0,0,0
0,5,6,23,12,69,32,1,5,1,4,4,10,0,0,0,5,10,3,3,0,7,0,0,4,2,9,4,0,8,0,0,1,3,0,0,0,0
0,0,0,8,4,17,7,0,0,2,1,3,3,0,0,0,2,2,0,2,6,0,0,3,1,2,7,1,0,5,2,0,0,1,0,0,0,0
0,0,5,2,2,12,6,0,0,1,4,0,0,0,0,0,2,2,3,0,1,0,0,1,3,0,4,0,0,1,0,0,0,0,0,0,0,0
1,0,1,8,4,2,5,0,0,0,1,0,0,0,0,0,0,0,0,3,1,3,0,1,2,0,1,0,0,2,0,0,0,1,0,0,0,0
5,3,3,28,22,24,7,1,0,1,10,3,8,4,0,4,1,3,2,16,2,8,4,1,16,0,14,13,3,5,0,1,0,3,0,0,0,2
1,1,0,25,17,23,11,2,6,4,6,1,6,2,2,5,1,7,5,3,4,5,4,0,14,4,18,7,4,10,4,4,6,7,2,1,0,1
1,2,2,22,5,52,26,0,0,6,9,1,3,3,0,0,9,11,14,2,7,7,0,1,9,0,19,5,10,20,0,3,1,2,0,0,0,0
0,2,1,13,6,14,6,2,0,2,8,4,0,0,0,0,2,2,2,1,0,4,1,1,1,4,4,0,4,6,6,0,1,0,3,0,0,0
0,0,0,0,0,2,0,0,0,1,0,0,0,0,0,0,4,0,3,0,0,0,0,1,0,0,4,1,0,3,0,0,0,0,0,0,0,0
0,0,1,2,6,8,9,1,0,0,6,2,0,0,0,0,2,3,2,0,0,1,1,0,4,0,4,0,1,6,2,1,0,0,0,0,0,0
4,1,2,5,8,18,13,0,1,2,7,5,1,1,0,0,2,7,11,1,3,10,2,1,2,2,15,3,3,6,4,1,1,1,1,2,0,2
1,0,3,17,4,30,15,1,7,3,2,2,5,3,0,0,4,1,8,3,5,6,2,2,3,1,13,6,1,14,4,3,1,2,0,3,0,2
2,0,0,2,5,19,7,0,5,3,1,1,5,2,0,3,6,3,2,3,2,0,1,2,4,0,8,1,4,11,0,0,1,2,1,0,0,0
0,2,2,6,4,6,1,0,0,3,5,3,2,0,0,0,4,4,1,5,3,1,0,1,14,0,4,3,0,8,0,1,3,4,0,0,0,0
3,2,3,4,5,3,2,0,0,1,1,0,0,1,0,0,2,2,7,4,0,2,1,0,3,1,2,3,0,5,1,0,0,0,0,0,0,0
0,3,0,4,4,14,9,0,0,0,5,8,0,1,0,0,2,4,3,3,0,1,0,0,5,1,4,3,3,4,0,0,0,2,0,0,0,0
0,0,0,2,0,7,0,2,0,0,1,1,1,1,0,0,3,0,2,1,1,0,0,0,3,0,5,0,1,4,0,0,0,0,0,0,0,0
0,0,0,0,2,2,2,1,0,2,0,2,0,2,0,0,0,3,2,0,0,2,4,0,3,1,6,2,3,0,0,0,0,3,1,0,0,0
1,5,3,19,8,17,7,4,0,14,8,5,5,0,0,2,1,11,11,13,4,2,6,2,25,7,20,25,6,31,1,0,1,9,2,1,0,2
0,3,1,6,1,1,2,0,1,0,8,0,2,2,0,0,0,3,1,5,0,2,1,0,4,0,4,2,0,6,2,0,2,1,0,2,0,0
0,2,0,13,3,25,30,0,4,4,2,7,8,3,0,0,7,19,17,12,13,24,2,5,20,4,29,24,7,69,5,4,1,7,4,5,0,2
2,1,3,7,8,11,9,2,1,5,5,8,4,3,0,0,2,6,4,8,1,10,0,1,17,4,19,18,5,33,2,2,4,5,3,0,0,3
0,0,2,6,0,4,3,0,0,0,0,2,4,0,0,3,1,1,3,3,0,2,0,1,14,2,5,8,4,19,4,0,0,3,1,1,0,0
4,7,6,14,5,19,21,0,7,1,5,13,1,8,0,0,11,12,16,2,7,11,2,2,14,6,40,35,13,74,18,4,4,15,1,4,0,4
0,2,0,0,0,1,0,0,0,0,0,0,2,2,0,0,0,0,0,2,1,1,0,0,0,0,6,1,1,0,0,0,0,0,0,0,0,0
0,0,0,0,0,0,1,0,0,0,0,3,0,0,0,0,1,0,0,0,0,0,0,0,0,1,1,0,1,3,0,0,0,0,0,0,0,0
0,1,0,4,0,5,0,0,0,0,0,4,0,0,0,0,2,5,1,0,1,0,0,0,2,0,4,2,0,2,0,0,0,0,1,3,0,0
0,0,0,1,5,2,3,0,3,0,5,5,0,0,0,1,2,1,6,8,0,4,0,1,6,0,10,17,2,16,0,8,3,5,0,8,0,10
0,0,0,1,2,0,0,0,0,0,0,0,0,2,0,0,2,4,0,0,0,0,0,0,1,0,1,0,0,4,0,0,1,1,0,3,0,0
0,0,0,0,7,1,2,0,0,1,2,0,0,0,0,0,0,0,1,1,0,0,0,0,0,0,0,2,1,2,1,0,0,2,0,1,0,3
0,0,0,0,0,0,0,0,0,0,0,0,0,0,0,0,0,0,0,1,0,0,0,0,0,0,0,0,0,0,0,0,0,0,0,0,0,0
2,0,0,0,0,0,0,0,0,1,1,1,0,1,0,0,3,2,0,0,0,0,0,0,1,0,1,2,2,1,0,0,1,0,0,0,0,0
