2,1,0,0,0,0,0,0,0,0,0,0,0,0,0,0,0,0,0,0,0,0,0,0,0,0,0,0,0,0,0,0,0,0,0,0,0,0
2,7,3,9,1,1,1,0,0,0,0,0,0,0,0,0,0,1,0,0,0,0,0,1,0,0,0,1,0,1,0,0,0,0,0,0,0,0
0,4,4,4,0,4,0,0,0,0,0,0,0,0,0,0,0,0,0,0,0,0,0,1,0,0,0,0,0,0,0,0,0,0,0,0,0,0
6,10,15,71,27,51,25,0,2,2,5,5,1,0,0,1,0,4,6,3,1,1,0,4,2,0,5,4,1,5,0,0,0,1,3,0,0,2
4,12,1,44,10,22,14,6,1,2,11,2,1,1,0,5,1,4,2,9,1,3,0,2,7,2,6,8,1,11,0,1,1,1,0,0,0,0
0,10,21,51,11,84,34,1,11,1,7,3,7,0,0,2,7,4,2,2,2,4,0,1,3,0,9,6,1,4,2,1,0,1,0,2,0,0
1,6,3,40,7,52,36,1,4,1,0,3,4,0,1,1,8,7,3,1,2,2,2,1,10,2,5,6,1,17,0,2,0,3,1,0,0,1
2,0,1,10,9,21,10,0,0,0,2,2,2,1,0,2,0,2,3,1,1,0,1,1,2,0,8,12,3,4,0,0,0,0,0,1,0,0
0,1,2,5,0,8,11,0,2,1,0,0,0,1,0,0,2,1,1,1,1,1,0,0,3,0,6,0,0,5,0,0,0,1,0,0,0,0
0,3,2,5,3,3,1,0,3,4,1,1,1,0,0,0,2,0,1,2,1,2,0,1,2,1,8,0,0,1,0,0,0,2,0,1,0,0
3,10,2,17,18,14,14,0,1,5,5,2,2,4,1,2,4,1,6,7,0,7,0,6,17,3,16,6,2,5,2,0,0,4,1,4,0,1
1,5,0,27,18,34,11,2,4,1,4,1,4,0,0,6,6,2,16,5,0,8,2,1,13,2,16,8,6,5,0,1,1,3,2,1,0,0
2,5,1,9,6,29,23,0,3,1,5,9,3,1,0,2,2,6,12,3,4,2,2,0,8,0,17,12,4,12,3,2,1,0,3,0,0,0
0,1,4,10,0,7,4,0,0,1,0,1,3,2,0,0,1,3,2,2,3,6,0,1,4,2,10,0,1,6,1,1,1,0,1,1,0,0
0,0,0,0,0,0,0,0,0,0,0,0,0,0,0,0,0,0,2,1,0,0,0,1,0,0,1,4,1,1,2,0,0,0,0,0,0,0
0,1,1,0,3,8,3,0,0,1,2,4,1,0,0,0,2,0,4,1,1,2,0,0,0,0,3,4,1,7,2,3,0,0,0,0,0,3
2,2,2,11,7,19,12,0,5,0,6,1,5,0,0,0,3,9,7,1,1,7,0,0,4,0,13,3,3,11,1,1,2,1,0,0,0,0
0,0,0,21,7,20,20,5,1,3,3,4,4,0,0,0,3,0,11,3,4,5,0,1,6,1,14,8,1,7,0,0,0,1,2,1,0,3
0,2,3,3,1,10,10,0,2,0,3,1,3,0,0,0,7,2,1,4,7,6,0,1,1,2,15,2,1,10,1,0,0,0,1,3,0,2
0,4,3,9,3,15,4,0,2,1,7,3,1,2,1,0,3,5,3,4,2,5,0,1,9,4,6,1,1,4,0,1,1,2,1,0,0,1
1,0,0,2,2,4,1,2,2,0,2,1,4,0,0,0,1,3,2,4,0,1,0,0,1,0,2,1,3,3,1,2,0,3,0,1,0,0
1,1,0,7,5,12,6,0,4,3,5,1,0,0,0,3,0,5,9,3,0,1,0,0,10,0,4,5,1,6,1,1,1,4,0,3,0,0
0,0,0,0,0,3,3,0,1,0,0,1,3,0,0,0,0,4,1,0,0,0,0,0,1,0,6,2,0,0,0,0,0,1,0,0,0,0
1,0,0,8,0,4,7,0,0,0,2,3,1,1,0,0,0,3,1,1,0,0,0,0,3,0,7,0,0,7,2,0,0,0,2,0,0,0
3,6,1,20,9,8,15,0,2,1,15,3,6,6,0,0,7,11,7,19,6,9,0,3,18,8,28,7,6,33,4,2,4,7,3,3,0,3
1,3,0,1,2,3,1,0,0,2,4,1,2,0,0,0,0,1,3,3,0,1,0,0,5,0,4,3,0,4,0,0,4,0,1,0,0,0
4,2,1,12,5,23,18,0,3,7,4,7,12,5,0,1,17,13,13,8,6,13,1,4,33,6,29,14,5,39,5,2,3,4,1,1,0,2
0,5,2,13,8,6,6,0,0,7,6,7,3,2,0,2,3,10,4,6,1,0,0,5,29,1,23,17,6,33,6,0,2,8,2,4,0,5
0,2,0,4,4,4,5,1,0,0,0,2,1,1,0,3,2,1,2,1,0,0,0,0,11,3,4,11,2,17,1,2,1,2,0,0,0,4
1,0,4,16,2,24,27,0,0,6,9,11,2,5,0,2,8,9,12,7,10,9,2,6,30,4,43,30,5,84,7,1,7,9,1,7,0,7
0,0,0,2,0,1,0,0,0,0,0,0,0,0,0,0,0,0,0,0,0,0,0,0,1,2,0,4,1,2,0,1,3,0,0,2,0,0
0,0,0,0,0,3,1,0,2,0,0,1,1,0,0,0,0,4,0,0,0,1,0,0,2,0,0,0,4,3,0,0,0,0,1,0,0,0
1,0,0,3,1,4,3,0,1,0,1,1,4,0,0,0,0,3,0,2,0,0,0,0,4,0,3,3,1,4,0,0,3,1,0,1,0,3
0,1,0,6,3,11,11,0,2,1,2,0,0,2,0,0,6,3,4,4,2,3,0,1,5,1,7,15,3,16,0,4,1,2,1,1,0,6
0,1,0,0,0,1,0,0,0,2,0,2,0,0,0,0,0,3,2,0,0,1,0,0,8,0,1,1,0,9,0,0,0,0,0,1,0,2
0,0,1,2,0,0,0,0,0,0,0,2,0,0,0,0,0,1,0,2,0,0,0,0,1,0,2,0,0,4,0,1,1,1,0,1,0,0
0,0,0,1,0,1,0,0,0,0,0,0,0,0,0,0,0,0,0,0,0,0,0,0,0,0,0,0,0,0,0,0,0,0,0,0,0,0
0,0,0,3,0,3,0,0,0,0,0,1,0,0,0,0,1,1,1,1,0,0,0,0,0,0,0,3,0,0,0,0,0,0,0,2,0,1
