1,5,0,0,0,0,0,0,0,0,0,0,0,0,0,0,0,0,0,0,0,0,0,0,0,0,0,0,0,0,0,0,0,0,0,0,0,0
0,6,2,6,2,1,3,0,0,0,3,0,1,0,0,0,1,0,0,0,0,0,0,0,0,0,0,2,1,0,0,1,0,1,1,0,0,0
1,4,3,0,0,1,0,0,0,0,0,0,0,0,0,0,0,0,1,0,0,0,0,0,0,0,0,0,0,0,0,0,0,0,0,0,0,0
7,22,12,70,14,39,21,1,2,0,9,2,5,5,0,0,1,2,3,2,2,2,0,2,3,4,9,5,1,6,0,0,0,0,0,0,0,0
1,6,3,37,12,38,21,6,2,5,11,4,5,1,0,3,4,2,3,3,4,0,0,3,19,0,12,6,0,9,0,0,0,4,0,0,0,1
10,2,18,41,9,44,56,7,4,0,3,2,5,1,0,0,7,6,6,2,0,1,0,1,7,4,9,3,2,6,0,1,0,0,1,0,0,0
3,2,3,19,6,64,28,1,7,2,4,2,6,0,0,2,13,5,7,1,1,3,1,2,5,0,8,5,2,9,1,0,2,2,0,1,0,0
0,2,2,3,3,9,7,0,1,0,0,1,4,0,0,0,5,1,2,0,2,1,2,2,5,0,5,2,1,5,0,0,0,1,2,2,0,0
0,1,1,4,0,13,8,2,0,0,1,1,3,0,1,0,1,1,2,0,1,0,0,0,0,0,3,0,0,7,0,0,0,0,0,0,0,0
0,0,1,6,1,4,2,0,0,1,0,1,0,1,0,0,1,0,0,1,3,0,0,0,6,0,0,2,0,0,0,0,0,1,0,2,0,0
4,5,7,30,15,18,7,0,0,3,7,4,3,0,0,4,1,5,1,5,1,5,4,4,18,1,11,8,5,8,1,1,0,4,1,3,0,2
2,5,4,22,11,23,25,0,5,2,5,2,4,3,0,4,7,4,12,6,4,5,1,3,11,2,16,14,7,12,3,1,0,3,2,2,0,0
2,3,2,19,8,41,9,0,6,3,2,1,8,0,0,0,7,4,4,2,1,1,0,3,18,0,21,7,7,13,0,1,0,2,0,1,0,1
0,2,4,12,4,5,12,0,1,0,2,2,1,1,0,4,2,4,4,2,0,4,1,1,13,1,5,8,0,0,1,1,0,1,0,1,0,1
0,0,0,0,0,3,4,0,0,0,1,1,0,0,0,0,0,0,0,0,0,1,0,0,0,0,3,0,1,0,0,0,0,0,0,0,0,0
0,2,5,6,3,15,8,3,1,0,5,3,0,0,0,0,3,1,1,1,0,1,0,2,2,1,5,2,1,5,0,0,0,0,0,0,0,1
0,2,1,9,3,13,14,0,5,2,4,3,3,3,0,1,0,4,10,1,6,9,3,1,4,2,16,4,0,7,0,3,0,1,0,0,0,0
3,0,1,14,4,26,15,1,0,1,8,7,8,2,1,0,1,2,7,7,5,8,1,3,6,2,26,2,1,17,0,2,0,1,0,1,0,0
0,0,0,7,0,11,21,0,2,2,2,2,2,0,0,1,2,2,2,1,2,9,2,1,3,1,17,8,0,7,0,0,3,3,1,2,0,0
2,3,1,8,5,7,1,0,0,4,9,1,2,0,0,0,3,1,3,2,3,2,2,2,10,0,9,4,0,3,0,0,1,1,0,0,0,0
1,1,0,8,0,9,2,0,2,5,1,1,2,1,0,4,0,6,1,2,0,2,0,0,10,0,5,0,0,3,0,0,0,1,0,1,0,0
1,2,1,5,2,6,6,0,0,1,14,1,1,0,0,2,2,4,5,2,2,0,0,0,9,2,10,3,2,7,0,1,0,1,0,2,0,0
0,0,0,3,1,1,4,0,0,0,0,2,0,0,0,0,3,2,0,2,0,3,0,0,1,1,1,2,0,1,0,0,0,0,0,0,0,0
0,3,0,3,2,1,6,0,0,0,0,3,1,4,0,0,0,4,0,2,3,1,0,0,3,0,9,2,5,2,0,0,0,0,0,0,0,0
1,3,3,24,13,13,5,1,1,12,15,11,4,4,0,0,5,7,12,17,5,6,0,7,29,1,27,19,2,30,2,1,6,6,3,0,0,2
1,1,0,4,4,1,5,0,0,0,2,7,1,1,0,0,3,1,2,0,2,1,0,1,3,0,11,4,4,6,0,0,0,2,0,0,0,0
3,3,3,10,12,27,13,1,8,2,6,8,3,1,0,3,14,15,24,10,2,11,2,1,25,4,42,20,8,49,0,1,0,11,0,2,0,9
0,6,1,11,4,4,4,0,1,2,8,9,0,0,0,0,2,6,10,12,3,5,2,0,16,2,23,13,4,47,7,1,0,12,3,1,0,5
0,0,0,3,6,2,6,2,0,0,4,1,0,0,0,0,2,4,1,0,0,1,0,2,5,2,7,8,1,16,2,1,0,5,0,2,0,0
0,5,4,20,8,16,19,0,5,2,13,10,7,2,0,1,7,22,24,13,5,6,1,0,24,7,60,45,4,73,10,6,7,19,4,2,0,5
0,1,1,0,2,2,2,0,0,0,1,0,0,3,0,0,1,0,4,1,0,1,0,0,0,0,0,3,0,9,0,0,0,0,0,0,0,0
1,0,0,0,2,0,1,0,0,0,0,0,0,0,0,0,0,0,0,1,0,0,0,1,1,0,1,1,0,6,0,0,1,0,0,0,0,0
0,0,4,0,1,1,4,0,0,1,0,0,4,1,0,0,4,3,2,0,0,0,0,0,3,0,4,4,0,6,0,1,0,0,5,0,0,0
0,2,1,6,3,1,2,0,0,1,5,1,0,2,0,1,8,0,3,4,0,4,0,2,13,1,7,14,2,15,0,0,1,8,0,1,0,2
0,0,0,1,0,3,0,0,0,0,4,0,1,0,0,0,0,0,1,0,0,1,0,0,1,0,1,4,1,4,0,3,0,1,0,1,0,0
0,0,0,0,0,1,1,0,0,0,0,0,0,0,0,0,0,0,0,1,0,0,0,0,2,2,3,4,0,3,3,0,2,2,2,0,0,1
0,0,0,0,0,0,0,0,0,0,0,0,0,0,0,0,0,0,1,0,0,0,0,0,0,0,1,0,0,0,0,0,0,0,0,0,0,0
0,1,1,3,1,2,0,0,0,2,0,0,2,0,0,0,0,1,2,0,0,1,0,0,1,0,2,0,0,2,0,0,0,0,0,1,0,0
