5.985
1.66971428571
1.82333333333
2.30307291667
2.34518151815
2.18261061947
2.07331797235
1.92128205128
1.48909090909
2.28057692308
2.22014150943
2.09169642857
2.21408450704
2.1947826087
2.42695652174
2.09413043478
1.97280487805
2.15156028369
1.56164705882
2.09873563218
2.05239130435
2.05761363636
1.67777777778
1.63629032258
2.36222627737
1.81701754386
2.10697329377
2.32873076923
2.22671641791
2.44830897704
3.905
2.25333333333
4.99695652174
2.7054887218
2.08727272727
4.16347826087
0.0
4.92413793103
