0,0,0,1,0,1,0,0,0,0,0,0,0,0,0,0,0,0,0,0,0,0,0,0,0,0,0,0,0,0,0,0,0,0,0,0,0,0
3,11,9,9,1,2,0,0,2,0,0,0,2,1,0,0,0,0,0,0,0,0,0,0,0,0,0,0,0,0,0,0,0,0,0,0,0,0
5,3,10,4,0,1,1,0,0,0,0,0,1,0,0,0,0,0,0,0,0,0,0,0,0,0,0,0,0,0,0,0,0,0,0,0,0,0
9,11,5,53,19,35,13,0,1,4,9,3,3,0,1,3,2,1,1,4,0,0,0,0,6,0,3,1,3,3,0,0,0,0,1,1,0,0
2,11,7,57,13,64,24,1,4,8,11,7,10,2,2,5,4,3,9,8,5,5,0,1,8,3,13,6,8,8,0,3,1,2,1,6,0,1
3,6,15,24,3,52,44,1,5,1,2,6,6,2,0,0,10,1,7,2,0,1,1,1,9,1,4,4,3,5,0,0,0,2,1,2,0,0
3,3,4,22,17,42,37,1,4,0,5,4,8,4,0,0,3,2,3,5,5,4,0,0,6,1,11,2,9,13,3,0,2,0,0,0,0,0
0,0,0,5,5,19,13,1,0,1,1,0,0,2,0,0,0,7,1,0,0,4,1,2,3,0,10,6,0,2,0,0,0,1,0,0,0,0
0,0,0,0,3,8,13,0,0,0,0,1,0,0,0,0,0,0,2,0,2,2,0,0,0,0,2,0,0,1,1,0,0,0,0,0,0,0
2,4,0,5,3,2,1,0,0,3,4,0,0,0,0,0,0,1,0,4,2,3,0,0,0,0,3,2,2,3,0,0,0,3,0,1,0,0
2,7,6,25,8,19,9,1,2,5,9,6,0,3,0,4,9,5,1,10,2,8,3,6,10,2,9,8,2,5,1,0,2,3,0,2,0,1
2,5,5,25,11,23,18,2,5,0,12,2,4,3,0,9,1,3,7,6,7,5,1,2,5,0,14,14,3,8,3,0,0,3,1,2,0,2
1,0,6,17,12,22,17,0,2,6,7,2,1,0,0,1,3,7,20,9,4,7,0,1,5,0,24,6,1,14,5,0,1,2,2,2,0,1
1,1,5,0,4,11,5,0,2,2,2,2,4,0,0,0,4,0,0,4,0,3,0,1,1,1,10,6,0,2,0,0,0,0,3,0,0,0
0,0,0,0,0,6,4,0,0,0,0,0,2,0,0,0,0,0,1,0,0,0,3,0,0,0,6,1,1,2,0,0,2,1,0,0,0,0
0,1,0,3,1,6,7,1,1,0,0,0,1,0,0,0,1,1,2,0,1,1,0,0,0,0,7,4,0,6,0,0,1,0,0,0,0,0
1,0,3,11,3,22,18,0,5,4,2,5,3,4,1,2,0,4,16,3,2,7,0,0,3,2,16,3,6,5,0,0,2,0,4,0,1,0
1,0,3,14,3,23,15,1,4,0,3,3,4,0,0,0,2,0,7,4,2,7,1,4,3,2,14,4,1,14,0,2,0,1,1,1,0,0
0,0,0,3,0,7,9,0,0,0,0,0,4,1,0,5,4,3,4,4,1,5,1,0,6,1,8,2,2,10,0,0,1,0,0,0,0,0
0,1,3,7,3,9,4,0,2,6,6,5,1,2,0,0,1,10,4,3,0,1,0,0,8,1,3,2,1,4,0,0,1,2,0,1,0,0
0,0,0,3,1,5,3,0,0,1,0,4,0,1,0,0,1,1,3,0,0,1,1,0,3,0,3,1,0,2,0,1,0,0,1,1,0,0
0,0,0,8,1,9,3,1,0,2,5,4,0,2,0,0,0,8,3,1,4,1,0,0,8,0,8,2,2,8,1,1,0,2,2,0,0,0
0,0,0,0,0,4,0,0,0,0,0,4,0,0,0,0,0,1,2,3,1,1,0,0,5,0,4,1,1,4,0,0,0,0,0,0,0,1
0,0,0,4,4,2,3,0,0,0,1,1,1,1,0,0,3,5,2,2,5,1,1,0,5,2,6,3,0,2,3,0,1,0,0,0,0,0
5,1,3,23,2,22,20,2,3,10,12,12,0,7,0,1,5,11,5,16,1,8,2,4,15,6,13,33,7,25,3,0,5,4,6,1,0,3
0,0,0,1,3,2,7,0,0,1,2,2,0,0,0,0,0,1,1,0,1,2,0,1,2,0,10,7,2,6,0,0,0,2,0,0,0,0
2,5,4,10,4,36,28,1,8,2,6,4,5,1,0,1,9,13,19,13,5,10,0,4,23,6,23,19,8,45,3,5,7,12,2,1,0,2
3,2,1,11,8,13,15,0,0,3,4,2,8,3,0,0,6,16,12,9,1,6,0,0,24,4,14,17,9,36,6,2,1,12,7,3,0,7
1,0,0,4,1,1,1,2,0,1,1,4,0,1,0,0,1,1,1,0,0,0,0,0,8,0,4,10,0,12,0,0,0,3,0,3,0,1
1,3,7,27,5,23,15,2,2,4,12,10,6,2,0,3,12,11,18,5,8,9,1,1,35,10,45,42,17,80,9,5,8,15,7,3,0,1
0,0,0,3,0,3,0,0,0,0,1,0,0,1,0,0,0,0,0,4,0,2,0,0,0,0,3,0,1,2,0,0,1,3,0,0,0,0
0,0,0,0,0,0,0,0,1,0,0,0,0,0,0,0,1,0,3,0,0,0,0,0,0,0,0,1,0,4,1,1,0,0,0,1,0,3
0,1,0,2,1,0,1,0,1,3,1,2,2,1,0,0,2,4,4,0,0,1,0,1,0,0,7,2,1,3,0,0,0,0,0,0,1,1
2,1,1,3,3,3,4,0,2,3,5,1,0,1,0,1,0,4,3,7,0,1,1,0,9,0,6,23,3,18,4,0,2,7,1,3,0,3
0,0,1,0,0,0,0,0,0,0,0,0,0,0,0,0,0,0,1,2,0,0,0,0,0,1,0,2,2,8,0,2,0,0,0,4,0,2
0,0,0,0,0,1,2,0,0,0,1,0,0,0,0,0,4,0,1,0,0,0,0,0,2,0,1,1,0,3,2,0,1,0,0,1,0,0
0,0,0,0,0,0,0,0,0,0,0,0,0,0,0,0,0,0,0,0,0,0,0,0,0,0,0,0,0,0,0,0,0,0,0,0,0,0
2,0,0,2,2,2,0,0,0,0,1,0,0,0,0,0,1,2,2,0,0,1,0,0,4,0,5,1,2,2,0,1,0,0,0,1,0,0
