1,1,2,0,0,0,0,0,0,0,0,0,0,0,0,0,0,0,0,0,0,0,0,0,0,0,0,0,0,0,0,0,0,0,0,0,0,0
3,7,5,9,2,4,3,0,0,0,1,0,3,0,0,0,0,1,0,1,0,0,0,0,0,0,0,0,0,0,0,0,0,0,0,0,0,0
0,3,4,2,1,3,2,0,0,1,0,1,0,0,0,0,0,0,0,0,0,0,0,0,4,0,1,0,0,0,0,0,0,0,0,0,0,0
3,18,8,62,19,22,15,1,0,0,7,7,2,1,0,2,2,4,4,2,2,0,2,1,8,1,5,1,0,4,0,0,0,2,0,0,0,0
1,5,0,40,24,30,25,0,5,6,6,4,2,0,1,2,2,1,2,6,2,5,0,0,15,1,10,2,1,6,1,0,0,4,0,0,0,0
0,8,15,19,3,43,31,1,4,2,0,1,1,0,0,1,2,2,3,0,2,2,0,1,4,1,3,1,1,8,3,0,1,2,0,0,0,0
1,0,10,14,5,62,27,3,7,1,2,5,7,3,0,0,5,1,10,4,2,5,0,4,6,0,13,5,6,11,1,0,1,2,0,0,0,0
0,1,0,2,10,19,5,1,1,0,1,1,2,5,0,0,4,2,1,0,2,2,0,0,1,0,2,2,0,2,5,0,0,0,0,0,1,0
0,1,0,5,0,21,6,0,0,0,0,0,0,1,0,0,2,2,3,0,0,1,0,1,0,0,0,1,0,0,0,1,0,0,0,0,0,1
2,2,0,6,2,3,1,2,0,1,1,0,2,0,0,0,0,0,0,0,1,1,0,0,4,0,6,1,0,0,1,0,0,3,0,0,0,1
5,4,7,29,13,7,5,4,3,6,7,4,8,0,0,1,4,4,6,9,2,1,2,3,13,7,7,7,1,8,0,0,1,6,1,1,0,0
1,7,3,30,20,17,11,3,4,2,6,1,3,1,0,2,4,6,4,9,2,12,1,1,11,2,15,5,0,10,1,0,0,2,1,0,0,1
0,3,6,11,5,41,21,0,0,2,6,1,1,0,0,0,7,9,13,6,4,3,1,3,6,0,20,6,0,12,0,2,1,4,2,3,0,1
0,1,0,7,2,9,8,0,0,1,4,3,1,1,0,1,3,2,4,4,0,1,0,0,3,5,11,3,1,4,0,0,2,0,0,1,0,0
0,0,0,3,1,2,2,0,0,0,0,0,1,0,0,0,0,0,0,1,1,0,0,0,0,0,1,0,0,0,1,0,0,1,0,0,0,0
0,1,0,1,1,13,8,0,1,0,3,4,1,0,0,1,0,0,4,4,0,1,0,0,1,0,5,1,0,3,0,0,0,0,0,1,0,1
3,0,0,9,2,20,13,0,2,2,3,2,3,0,1,1,7,3,13,4,4,4,0,0,5,3,15,6,0,16,2,0,4,0,0,0,0,1
0,3,3,4,5,13,10,1,0,0,8,5,3,0,0,0,1,3,8,1,3,7,0,0,5,3,14,3,3,14,0,0,1,1,0,2,0,2
0,1,2,7,3,15,4,0,2,0,3,2,1,5,0,0,7,7,3,0,0,10,1,0,0,0,11,3,2,7,1,1,2,2,0,1,0,1
5,3,2,9,8,5,3,0,0,2,4,1,1,1,0,1,1,6,2,6,2,3,2,1,2,0,6,8,0,5,0,0,2,3,0,0,0,1
0,2,0,6,3,4,3,0,0,0,2,0,0,0,0,0,3,1,6,3,0,5,0,0,6,0,2,2,0,2,0,0,0,0,0,0,0,0
0,1,0,2,3,14,2,1,0,2,10,0,1,4,0,1,0,4,2,7,4,0,0,0,6,0,3,5,3,8,1,3,0,1,1,1,0,0
0,1,0,0,0,2,1,0,0,0,0,0,0,0,0,0,1,0,1,0,1,0,1,0,0,0,2,1,1,2,0,0,1,0,0,0,0,0
0,0,1,1,0,7,5,0,1,3,0,5,1,2,0,0,1,0,3,4,1,0,0,0,1,2,2,1,0,2,0,0,0,1,0,0,0,0
2,7,1,18,8,18,5,0,0,8,14,8,2,2,0,0,6,12,7,13,5,5,1,2,17,4,30,25,3,19,3,0,2,8,1,3,0,4
0,0,1,3,0,5,4,0,1,4,0,2,0,1,0,0,3,0,2,2,1,2,0,0,3,1,3,4,3,0,0,4,1,2,0,0,0,0
2,5,5,11,6,24,26,3,1,4,9,6,11,4,0,0,13,11,18,10,2,15,5,8,17,4,24,15,7,40,2,1,2,9,0,4,0,1
4,4,2,18,5,17,7,0,4,4,8,9,0,4,0,0,6,3,4,9,2,8,2,3,31,7,27,20,11,34,2,3,3,14,0,3,0,3
2,0,1,7,8,3,0,0,1,3,1,3,1,1,0,0,2,2,0,2,2,2,2,0,5,1,4,11,0,5,2,1,1,1,2,1,0,1
6,6,5,18,14,17,11,3,3,3,8,5,7,3,0,1,9,9,9,12,4,12,2,6,15,6,53,39,15,78,5,6,9,6,7,5,0,5
0,0,0,5,0,0,0,1,0,0,0,0,0,0,0,0,0,3,0,0,0,1,0,0,3,0,2,6,1,5,2,1,1,0,0,0,0,0
0,0,0,0,1,1,0,0,0,0,0,0,0,2,0,0,0,0,1,0,0,1,0,0,2,0,3,1,0,0,0,0,0,0,0,0,0,0
0,1,0,1,2,6,2,0,0,2,2,0,2,0,0,0,1,3,2,2,0,3,1,1,2,0,9,4,0,11,1,0,0,2,0,2,0,4
0,1,0,6,3,9,3,0,1,1,3,2,2,3,0,0,3,3,1,3,0,2,2,0,10,2,16,10,7,15,1,1,2,2,8,0,0,4
0,0,0,0,3,1,0,0,0,0,2,1,1,0,0,0,0,2,2,4,0,1,0,0,2,1,1,3,2,4,2,2,4,0,0,1,0,4
0,0,1,1,1,1,0,0,0,0,0,1,0,0,0,0,0,1,0,0,0,0,0,0,3,0,1,2,2,2,1,0,0,1,0,1,0,1
0,0,0,1,0,0,0,0,0,0,0,0,0,0,0,0,0,0,0,0,0,0,0,0,0,0,0,0,0,0,0,0,0,0,0,0,0,0
0,0,0,1,0,1,1,0,0,0,0,0,0,0,0,0,2,1,1,1,0,0,0,0,0,0,0,0,0,2,0,0,1,2,0,1,0,0
