1,3,0,0,0,0,0,0,0,0,0,0,0,0,0,0,0,0,0,0,0,0,0,0,0,0,0,0,0,1,0,0,0,0,0,0,0,0
0,15,3,7,3,2,5,0,0,0,1,0,1,0,0,0,0,0,0,0,1,0,0,1,0,0,0,0,0,0,0,0,0,0,0,0,0,0
0,2,7,2,1,5,0,0,0,0,0,1,0,0,0,0,1,1,0,0,0,0,0,0,0,0,0,0,0,1,0,0,0,0,0,0,0,0
11,18,7,43,11,29,24,2,0,8,9,0,3,2,0,2,1,0,3,5,5,0,0,0,4,3,12,1,0,4,0,1,2,1,0,0,0,3
1,8,6,23,5,22,16,1,1,5,4,8,3,1,0,0,1,4,8,2,0,1,1,1,7,5,11,3,7,2,0,0,0,2,3,0,0,0
3,8,8,23,6,52,21,3,6,2,4,3,3,2,0,0,11,6,6,0,0,1,0,0,2,1,6,0,4,8,0,0,4,1,0,1,0,0
2,7,2,12,5,48,28,0,2,0,2,3,15,3,0,3,4,3,11,1,2,2,1,0,3,0,9,4,2,6,0,0,0,3,0,1,0,1
0,1,2,1,4,10,4,0,1,0,4,0,6,0,0,4,3,2,4,3,0,2,0,0,3,0,8,1,0,5,0,0,0,0,0,4,0,1
1,2,1,0,1,6,5,0,0,0,1,0,0,0,0,0,1,1,1,0,0,0,0,0,0,0,4,1,0,0,0,0,0,0,0,1,0,0
0,6,0,6,6,2,0,0,0,1,4,2,0,2,0,1,3,0,0,2,0,2,0,1,3,1,2,3,0,4,0,0,0,1,0,0,0,0
2,4,3,35,24,25,13,0,2,2,6,11,3,1,0,1,8,7,6,8,1,3,0,1,10,5,11,9,3,9,2,2,2,4,1,1,0,1
2,1,0,33,8,18,13,0,5,4,16,5,5,3,0,1,6,5,13,3,3,9,1,2,12,1,22,4,1,9,2,2,4,0,0,3,0,1
2,0,4,9,6,22,26,0,0,0,2,3,2,2,0,1,2,5,8,1,3,3,0,1,12,2,19,8,3,12,2,1,1,1,0,0,0,1
1,2,1,7,3,15,15,1,2,0,4,1,3,0,0,1,6,8,4,2,2,7,0,0,10,2,13,6,1,11,1,2,1,0,0,3,0,0
0,0,0,1,0,5,1,0,0,0,0,0,3,0,0,0,2,0,1,1,0,1,1,2,3,0,2,1,0,3,0,0,0,0,0,0,0,0
0,0,0,4,2,20,1,0,4,0,1,1,0,1,0,0,3,0,2,1,0,2,3,0,5,1,5,2,1,0,0,0,0,0,0,1,0,0
0,1,2,9,3,22,9,0,4,5,5,4,8,6,0,0,5,6,3,3,0,2,1,4,7,3,11,3,4,11,0,1,4,1,0,1,0,1
1,1,2,5,2,33,17,3,5,0,4,4,3,1,0,1,2,3,7,2,2,5,0,0,4,1,11,3,0,11,0,6,0,3,0,1,0,3
0,3,3,0,0,4,1,0,3,1,1,2,2,1,0,0,7,3,2,0,0,3,0,0,0,1,8,0,2,11,0,0,2,2,1,0,0,0
1,0,0,12,3,5,3,0,0,3,5,1,0,0,0,0,1,6,1,2,1,2,1,1,5,0,4,6,2,3,0,0,0,0,0,3,0,0
1,1,0,10,5,9,5,0,1,5,1,3,1,0,1,0,1,1,0,2,1,1,1,1,4,0,1,2,2,5,0,0,0,2,0,1,0,0
2,2,0,8,0,12,5,2,2,1,6,5,0,2,0,1,5,9,5,2,3,2,0,0,7,1,11,8,6,7,0,0,1,0,1,1,0,0
0,0,0,0,2,0,0,0,0,0,0,1,1,0,0,0,1,1,0,0,0,2,0,0,1,0,0,0,1,0,0,0,0,0,0,0,0,0
0,0,1,0,0,2,3,0,0,1,2,2,0,2,0,0,2,2,7,2,0,2,0,0,3,0,1,1,1,5,0,0,1,0,1,0,0,0
0,6,5,13,10,4,6,0,3,7,9,7,0,5,0,0,1,12,9,21,5,9,1,1,14,4,22,11,3,19,2,2,2,7,3,3,0,2
0,3,0,0,0,1,2,0,0,0,5,0,0,1,0,1,0,2,0,2,4,0,0,0,1,0,7,3,0,7,0,0,0,3,3,1,0,0
6,3,1,18,6,22,19,6,2,1,12,4,12,5,0,0,19,14,13,5,4,7,2,1,19,4,27,18,4,42,5,2,4,11,0,2,0,2
3,4,1,14,3,19,3,0,5,2,4,3,3,3,0,0,2,4,0,9,2,3,0,0,14,3,18,17,3,27,6,1,5,7,4,1,0,4
1,0,0,0,1,1,6,0,0,0,1,1,2,0,0,0,0,3,4,1,0,0,0,0,3,1,7,2,3,12,0,0,3,4,2,3,0,2
1,5,7,12,5,17,8,0,6,5,17,3,8,7,0,1,11,14,16,5,7,9,1,2,29,3,45,35,9,70,10,5,5,14,8,6,0,4
0,0,0,0,0,0,2,0,0,0,0,1,0,0,0,0,0,2,1,0,1,0,0,0,2,0,2,4,2,4,0,1,3,0,0,0,0,3
1,0,0,0,1,1,0,0,3,0,0,0,0,0,0,0,0,0,0,0,0,0,0,0,0,0,1,0,0,3,1,0,0,0,0,0,0,0
0,0,0,4,0,2,3,0,0,1,3,0,0,0,0,0,0,4,0,2,2,0,0,0,4,0,1,0,4,6,2,0,0,0,0,3,0,0
0,2,1,4,3,10,5,1,1,4,3,1,0,0,1,0,1,2,1,5,2,1,0,1,11,1,6,15,3,13,2,3,2,3,3,5,0,2
1,0,1,0,2,0,0,0,0,0,1,0,0,0,0,0,1,0,0,5,0,0,0,0,0,0,3,3,0,2,0,0,2,1,0,3,0,0
0,0,0,0,0,0,1,0,0,1,0,0,0,0,0,0,2,0,1,0,0,4,0,2,1,2,3,1,0,0,0,2,0,0,0,1,0,3
0,0,0,0,0,0,0,0,0,0,0,0,0,0,0,0,0,0,0,0,0,0,0,0,0,0,0,0,0,0,0,0,0,0,0,0,0,0
0,0,0,2,0,0,0,0,0,0,0,0,0,0,0,0,3,0,0,0,3,0,0,0,0,0,0,3,1,0,1,0,0,0,0,1,0,0
