1,3,0,0,0,0,0,0,0,0,0,0,0,0,0,0,0,0,0,0,0,0,0,0,0,0,0,0,0,0,0,0,0,0,0,0,0,0
5,13,6,14,0,2,3,0,0,0,0,0,1,1,0,0,1,0,0,1,0,0,0,0,0,0,0,0,0,0,0,0,0,0,0,0,0,0
1,8,4,3,0,2,1,0,0,1,0,0,1,0,0,0,0,0,0,0,0,0,0,0,0,0,2,0,0,0,0,0,0,0,0,0,0,0
5,22,8,65,12,25,10,1,0,3,8,1,4,0,0,2,4,0,0,3,1,0,3,0,7,3,6,1,2,3,0,1,0,0,0,0,0,0
3,7,9,33,4,22,19,0,6,4,6,5,1,0,0,6,3,5,4,4,4,2,4,0,6,4,6,10,2,8,0,0,0,4,0,1,0,0
3,3,6,20,9,50,23,1,11,1,2,2,0,2,0,1,3,3,8,0,0,2,0,2,4,0,12,2,4,7,3,0,0,0,0,0,0,0
0,3,0,19,5,30,16,2,6,0,4,3,6,0,0,0,2,5,2,7,0,2,0,1,3,0,4,3,0,5,0,0,2,3,2,1,0,1
0,2,1,3,4,9,3,0,0,0,4,0,3,1,0,0,5,2,3,0,1,2,0,3,1,0,5,1,3,5,0,0,0,1,0,0,0,0
0,0,0,0,1,4,7,0,0,0,1,0,0,0,0,0,1,1,1,0,0,3,0,0,2,0,0,1,0,4,0,0,0,0,0,0,0,0
1,1,2,5,4,4,1,1,3,0,7,2,0,0,0,1,0,2,2,2,0,1,0,0,5,0,5,11,0,7,0,0,0,1,0,0,0,1
7,3,2,25,17,17,7,1,1,10,9,4,1,3,1,2,7,3,6,18,3,5,0,0,14,2,4,6,9,9,2,0,2,1,0,6,0,2
2,3,3,25,12,15,8,1,4,0,7,7,0,1,0,2,4,3,7,3,2,11,1,4,6,0,13,4,0,12,0,1,2,4,1,0,0,0
0,1,4,4,6,24,13,2,2,2,5,1,2,0,0,1,4,6,5,3,0,4,0,4,5,0,12,8,1,13,4,2,1,0,0,0,0,1
1,3,3,8,1,18,13,1,0,4,3,4,5,1,0,0,5,3,7,1,2,6,1,2,4,1,8,5,6,11,1,3,0,4,1,0,0,0
0,3,0,0,0,4,1,0,0,0,0,0,0,0,0,0,1,0,0,0,0,1,0,0,1,0,2,5,0,4,0,0,0,0,0,0,0,0
0,0,2,4,2,13,12,0,1,0,0,0,1,1,0,1,2,1,3,0,3,2,0,1,2,0,12,4,0,2,0,0,0,0,0,0,0,3
0,1,4,9,3,20,12,1,1,2,10,4,5,0,0,0,2,2,10,3,6,8,1,2,3,1,11,8,3,7,4,0,2,0,0,1,0,0
0,2,4,11,2,17,11,0,3,3,3,3,1,4,0,0,3,5,9,5,3,11,1,3,11,3,8,0,4,11,2,3,2,0,0,0,0,1
0,0,0,6,1,6,7,0,0,1,3,1,0,0,0,1,5,7,3,1,0,7,0,0,1,3,11,1,3,14,0,3,0,1,0,0,0,0
3,1,0,14,5,2,0,0,1,1,8,4,0,1,0,0,4,2,1,2,4,5,1,0,6,0,6,7,2,2,1,1,0,3,0,1,0,0
2,2,1,4,8,2,5,0,0,0,2,3,1,3,0,0,0,4,3,4,0,1,0,0,7,1,0,0,1,4,0,0,0,4,0,0,0,0
2,1,2,0,1,2,1,1,0,1,7,4,0,2,0,3,3,13,6,2,5,0,0,0,3,0,17,4,0,14,0,0,4,1,4,0,0,0
0,1,0,1,0,0,6,0,0,0,0,1,0,0,0,2,1,3,6,1,0,3,0,1,0,0,0,4,1,3,0,0,0,0,1,0,0,1
0,0,0,1,0,2,1,0,0,0,0,0,4,0,0,5,4,2,2,2,1,0,0,0,2,0,10,0,0,8,0,0,0,0,0,0,0,1
7,1,1,13,7,8,12,1,0,3,13,5,1,2,0,0,3,10,10,6,1,8,0,1,18,9,17,18,4,23,3,1,1,2,0,2,0,3
3,0,2,5,2,3,1,0,8,0,3,1,0,0,0,0,1,0,0,0,1,1,0,0,7,0,8,3,1,5,0,1,1,0,0,0,0,0
1,6,5,9,6,24,7,1,3,6,5,6,6,3,0,4,13,9,28,13,1,16,1,0,19,13,18,16,7,53,0,1,3,5,1,1,0,9
1,0,1,11,10,11,8,0,0,3,7,12,0,5,0,0,5,4,9,17,4,6,2,0,15,3,20,8,3,31,4,3,1,10,5,3,0,3
1,0,0,0,1,1,6,0,4,0,1,1,3,0,0,0,1,4,1,4,0,1,2,3,3,1,9,8,2,14,6,1,3,7,0,0,0,0
6,2,7,12,9,14,15,0,2,1,2,8,2,0,4,2,14,7,17,9,6,14,3,0,24,2,43,34,7,79,13,7,3,15,8,7,0,2
0,0,0,0,2,0,2,0,0,0,0,0,0,1,0,0,0,0,1,0,1,0,0,0,0,0,0,2,1,8,2,1,2,1,0,2,0,2
0,2,0,0,0,1,0,0,0,0,0,0,0,0,0,0,0,0,0,0,0,0,0,0,0,0,1,3,0,4,3,0,0,0,0,0,1,0
0,0,0,2,0,1,0,0,2,0,2,0,0,3,0,0,0,4,1,0,0,0,2,0,5,4,4,2,0,12,1,0,0,0,0,1,0,0
0,1,4,12,2,2,4,0,0,2,5,2,1,0,0,0,0,1,1,2,3,0,0,0,6,1,13,9,1,14,1,1,1,4,3,0,0,7
0,0,0,1,0,2,1,0,1,0,0,0,0,0,0,0,2,1,0,1,0,0,0,0,0,0,2,1,2,9,1,1,0,2,0,1,0,2
0,0,0,0,0,1,0,0,0,0,0,0,0,0,0,0,0,0,2,0,0,0,0,0,1,0,2,3,0,1,0,0,0,1,0,0,0,2
0,0,0,0,0,1,0,0,0,0,0,0,0,0,0,0,0,1,0,0,0,0,0,0,0,0,0,0,0,0,0,0,0,0,0,0,0,0
0,0,0,0,1,0,1,0,0,0,0,0,0,0,0,0,2,0,0,1,0,0,0,0,1,0,0,4,0,3,0,0,2,1,0,3,0,0
