2,1,0,0,0,0,0,0,0,0,0,0,0,0,0,0,0,0,2,0,0,0,0,0,0,0,0,0,0,0,0,0,0,0,0,0,0,0
8,13,3,21,2,3,0,0,0,0,0,0,1,0,0,0,0,0,0,2,0,0,0,0,2,0,2,0,0,0,0,0,0,0,0,0,0,0
0,1,2,1,0,5,1,0,0,0,0,0,0,0,0,0,0,0,0,0,0,0,0,0,0,0,1,0,0,0,0,0,0,0,0,0,0,0
5,10,4,31,11,31,5,1,0,1,6,1,4,3,0,0,0,2,2,0,2,1,0,0,9,0,4,4,1,1,0,0,1,1,0,0,0,0
2,10,4,63,4,75,44,1,12,2,7,5,12,3,0,7,5,3,5,9,3,4,0,1,6,3,16,7,9,10,1,5,0,3,0,2,0,0
0,3,9,21,0,42,17,2,2,3,2,1,3,2,0,1,3,1,6,3,0,0,0,0,2,2,2,1,4,8,0,0,1,0,0,0,0,0
1,5,1,10,5,38,24,4,4,1,4,1,9,1,0,0,3,2,3,2,0,6,1,2,5,0,6,8,0,7,0,1,1,5,0,0,0,0
1,1,4,3,2,7,7,1,0,0,2,3,0,1,0,0,4,0,6,2,1,0,0,0,1,0,5,2,0,3,0,0,0,1,0,0,0,0
1,0,1,2,0,9,3,0,1,0,1,1,0,0,0,0,0,1,0,1,1,0,0,1,0,0,4,0,0,1,0,0,0,0,0,0,0,0
2,2,4,1,5,1,6,1,2,2,5,1,1,0,1,0,2,2,0,2,1,0,0,1,5,0,0,1,0,7,0,0,0,1,0,2,0,0
8,10,0,34,18,13,12,2,4,1,7,13,1,5,0,0,3,8,9,7,4,3,2,4,13,2,12,6,1,9,0,0,0,6,6,1,0,1
2,0,0,15,10,17,10,1,0,2,13,4,1,1,1,1,3,2,5,1,0,7,0,0,11,2,7,9,1,6,0,0,1,1,1,3,0,0
0,4,0,12,5,25,16,0,1,1,4,1,2,0,0,0,2,5,8,1,0,1,0,1,3,1,17,9,0,4,2,0,2,2,2,0,0,0
2,1,2,8,1,17,6,1,0,0,2,2,3,1,0,1,2,4,7,4,0,3,2,0,4,0,12,3,0,8,0,0,2,1,0,1,0,0
1,0,0,0,0,3,1,0,0,1,0,0,0,0,0,2,0,0,4,0,0,0,0,0,0,0,0,0,0,0,0,0,0,0,0,0,0,0
0,2,0,2,1,7,3,0,0,0,0,1,1,1,0,1,3,0,2,0,1,2,0,0,1,0,11,0,0,5,0,0,1,0,0,0,0,1
1,1,2,8,4,12,6,0,4,2,4,0,1,1,0,0,4,5,7,4,5,3,1,1,7,3,11,5,2,9,1,0,0,2,2,0,0,2
0,2,1,6,4,15,11,0,4,3,7,5,5,1,0,2,6,3,4,0,2,6,0,3,7,2,17,14,2,6,0,1,2,0,1,2,0,0
1,2,1,3,2,11,4,0,1,0,1,1,5,2,0,0,4,2,4,2,1,3,0,0,9,0,8,5,0,3,2,1,1,1,1,0,0,0
3,4,5,5,7,4,4,0,0,3,0,7,1,2,0,0,4,4,3,7,1,1,1,3,4,0,4,3,1,1,0,0,1,4,0,4,0,0
3,4,4,3,2,2,3,3,0,2,4,3,0,1,0,2,0,4,0,0,4,1,0,1,2,2,4,4,1,3,0,0,0,0,0,0,0,0
0,1,0,4,2,10,2,0,0,1,3,4,3,1,0,2,2,17,10,1,5,2,1,2,4,3,8,3,0,13,1,0,0,7,0,2,0,0
0,0,0,0,2,2,2,0,0,0,1,0,0,0,0,0,1,2,1,3,0,1,0,0,1,0,4,0,1,3,0,0,0,1,0,0,0,0
0,0,0,2,0,5,3,0,0,3,2,1,0,3,0,0,0,0,3,5,0,2,0,0,3,0,3,2,1,4,0,0,0,0,0,0,0,0
1,2,2,11,7,15,7,1,0,6,11,5,1,0,0,0,6,4,5,16,8,6,2,4,29,2,20,28,4,16,3,0,1,6,0,3,0,4
1,2,0,2,0,3,0,0,0,0,6,2,2,1,1,1,1,4,2,1,1,2,0,3,4,1,3,3,0,1,1,0,0,2,0,0,0,0
1,2,7,11,8,21,21,1,1,0,9,8,6,4,0,3,8,10,19,1,2,9,2,4,22,4,37,16,5,35,5,4,0,10,1,1,0,0
0,2,2,22,2,7,13,2,1,0,9,5,5,1,0,3,6,5,7,3,8,1,0,4,44,5,13,11,4,38,3,3,2,11,1,4,0,2
0,0,2,5,5,4,5,2,0,0,2,1,2,0,0,0,0,2,1,2,2,2,0,0,1,3,4,0,0,9,2,3,2,1,0,0,0,1
5,13,6,19,13,29,11,3,5,5,4,9,1,4,0,1,12,10,15,8,5,12,0,3,30,3,60,25,15,75,6,7,5,9,5,6,1,4
0,0,0,0,0,2,0,0,0,1,0,0,0,0,0,0,0,0,1,0,0,0,0,0,1,0,0,2,0,3,0,0,0,0,0,0,0,1
0,0,2,0,0,1,0,0,0,0,0,0,0,1,0,0,1,0,0,0,0,0,0,0,1,0,0,3,0,2,0,0,0,0,2,0,0,1
0,0,0,3,0,2,0,0,0,0,0,0,1,2,0,0,1,0,0,1,0,1,0,1,2,0,0,0,0,1,0,0,1,2,1,1,0,0
1,0,0,7,2,6,1,0,1,3,5,6,3,0,0,0,0,1,3,0,1,3,0,0,2,1,3,9,1,16,9,4,2,8,2,0,0,7
0,0,1,0,0,2,2,0,0,0,0,2,0,0,0,0,0,1,0,1,1,1,0,0,5,0,2,3,0,6,2,0,0,0,2,1,0,1
0,0,1,1,0,0,0,0,0,0,0,0,0,0,0,0,0,0,1,1,0,0,0,0,0,0,6,3,0,1,1,0,0,0,0,2,0,3
0,0,0,1,0,1,0,0,0,0,0,0,1,0,0,0,0,0,0,2,0,1,0,0,0,0,0,0,0,0,0,0,0,0,0,0,0,0
0,0,0,0,0,2,0,0,0,0,0,1,0,0,0,0,0,0,0,2,0,0,0,0,3,0,1,0,0,3,0,0,0,0,1,0,1,0
