2,5,0,1,0,2,0,0,0,0,0,0,0,0,0,0,0,0,0,0,0,0,0,0,2,0,0,0,1,0,0,0,0,0,0,0,0,0
1,5,4,10,4,4,1,0,0,2,0,0,2,0,0,0,0,0,0,2,3,0,0,0,1,0,0,0,0,1,0,0,0,2,0,0,0,0
0,3,4,4,0,4,0,0,0,0,0,3,0,0,0,0,0,0,0,0,1,0,0,0,0,0,0,1,0,0,0,0,0,0,0,0,0,0
7,13,9,32,7,11,5,0,0,1,3,0,0,0,0,0,4,0,3,0,2,0,0,0,3,0,3,1,0,2,0,0,0,0,0,0,0,0
3,15,3,19,7,11,11,2,4,5,6,8,4,0,0,3,3,3,2,6,1,0,0,0,4,0,5,9,1,8,1,0,0,2,0,0,0,3
5,9,20,22,2,32,10,0,0,1,4,7,2,0,0,0,2,0,3,2,3,3,0,1,4,1,6,1,2,3,2,0,1,2,0,0,0,0
3,0,3,19,5,32,34,2,5,2,1,7,1,0,0,2,4,3,3,0,1,4,0,2,6,1,15,3,4,5,1,0,0,0,1,0,0,0
0,0,1,2,3,6,4,0,0,0,3,1,3,1,0,1,1,1,0,0,0,0,0,1,1,0,5,1,0,2,0,2,0,0,0,0,0,2
1,0,0,2,0,6,3,0,1,0,0,0,0,0,0,0,0,0,1,0,0,2,0,0,0,0,1,0,0,0,0,0,0,0,0,0,0,0
0,2,1,4,2,3,0,0,0,0,0,1,0,1,0,0,0,1,0,4,0,1,0,0,2,0,4,1,0,2,0,0,0,0,0,0,0,0
8,3,5,22,10,10,8,0,2,1,9,5,2,1,0,5,9,0,4,11,6,3,0,0,11,2,9,8,2,3,0,0,1,0,0,1,0,1
3,1,1,9,10,12,13,0,4,2,2,7,1,3,0,1,7,5,11,3,2,7,0,2,3,0,8,8,1,9,3,1,0,2,1,0,0,0
2,1,2,8,1,27,10,0,2,1,8,5,1,1,0,0,0,6,3,4,2,3,0,3,6,0,11,9,0,11,2,0,3,2,0,1,0,3
1,3,1,10,2,22,7,0,0,0,7,1,3,1,0,0,0,4,0,9,2,4,0,2,4,0,3,3,0,7,0,0,3,0,0,0,0,4
1,0,3,1,1,3,2,0,0,0,1,1,0,0,0,0,0,0,2,3,0,2,0,0,1,0,2,0,0,2,0,0,1,0,0,0,0,0
0,1,0,0,1,5,3,0,0,0,3,3,0,1,0,1,0,0,5,0,0,0,0,0,3,0,6,0,0,3,1,0,0,1,0,1,0,0
1,2,1,5,2,17,15,0,2,2,5,1,5,3,0,0,5,2,4,4,0,4,2,5,5,0,5,2,1,4,3,3,0,0,1,0,0,3
0,1,1,13,4,14,9,0,1,2,2,2,3,1,0,1,4,3,7,4,4,4,0,2,4,0,7,4,1,6,3,1,0,0,0,3,0,0
0,1,2,3,0,9,5,0,0,2,1,1,3,0,0,0,6,2,7,0,2,4,0,0,8,0,12,1,0,13,1,0,0,0,0,1,0,2
0,2,0,11,8,9,3,0,0,6,5,4,0,0,0,0,0,2,5,8,1,3,0,1,0,1,7,7,0,5,1,1,0,5,0,0,0,0
0,0,2,2,2,3,4,0,0,2,1,3,2,0,3,0,0,3,4,5,1,3,0,0,4,1,1,0,0,0,1,0,0,0,0,1,0,1
0,3,0,7,3,15,6,0,4,1,6,6,2,2,0,0,5,18,3,1,3,0,0,1,2,0,5,2,1,12,3,4,0,0,0,0,0,0
2,0,0,1,0,4,1,0,0,0,3,0,1,1,0,0,1,3,0,0,0,0,0,0,1,0,2,0,0,2,0,0,0,0,0,0,0,0
0,0,0,0,0,6,8,0,2,2,0,3,2,1,0,0,1,7,1,1,1,0,0,0,8,0,5,1,4,3,0,0,0,0,1,0,0,0
3,1,2,18,8,13,5,0,1,7,12,7,2,0,0,2,5,7,5,16,6,1,0,0,31,0,17,24,2,25,2,2,5,6,1,0,0,0
1,0,0,2,1,5,1,0,1,3,2,2,1,2,0,0,0,1,1,0,2,1,2,0,1,0,5,2,3,7,0,0,1,2,1,0,0,0
1,3,1,9,10,31,11,0,2,5,5,6,6,4,0,0,9,13,27,5,1,11,2,2,12,4,21,20,4,44,3,0,3,3,0,6,3,1
1,2,2,10,6,18,2,0,1,2,13,11,5,2,2,1,3,6,1,7,2,2,0,0,25,4,15,20,1,46,2,3,1,5,5,3,0,8
0,0,0,1,0,4,3,0,0,0,1,0,2,0,0,0,2,2,1,1,0,1,0,0,5,4,5,7,2,7,0,1,0,6,5,1,0,0
5,3,1,19,9,18,10,0,5,2,8,5,7,1,0,1,7,14,15,7,7,1,2,1,47,5,49,27,11,68,16,9,8,9,7,1,0,5
0,0,0,0,0,0,4,0,0,0,0,0,0,0,0,0,0,1,0,0,0,0,0,0,3,0,0,0,0,2,2,0,0,0,1,0,0,0
0,0,0,0,0,0,0,0,0,0,0,0,3,0,0,0,0,0,1,0,0,0,0,0,1,0,0,0,0,3,0,0,0,3,0,0,0,0
0,0,0,2,1,2,3,0,0,0,1,0,0,0,0,0,0,0,2,0,0,1,0,0,1,0,2,0,0,5,0,1,1,1,0,0,0,1
0,2,0,0,3,2,2,0,0,1,1,0,2,1,0,0,1,6,5,3,0,0,0,1,8,1,5,5,2,10,2,5,1,1,2,5,0,2
0,0,0,0,0,0,0,0,0,0,0,0,0,0,0,1,0,0,0,0,0,0,0,1,3,0,2,3,2,8,2,2,1,0,0,1,0,0
0,1,0,0,0,0,0,0,0,0,0,0,1,0,0,0,0,1,0,0,0,0,0,0,5,0,1,2,0,0,0,0,1,0,0,1,0,2
0,0,0,0,0,0,1,0,0,0,0,0,0,0,0,0,0,0,0,0,0,0,0,0,0,0,0,0,0,1,0,0,0,0,0,0,0,0
0,0,0,0,0,0,0,0,0,0,0,0,0,0,0,0,0,0,0,0,0,0,0,0,0,0,0,0,0,4,0,0,0,2,0,0,0,0
