2,4,0,0,0,0,0,0,0,0,0,0,0,1,0,0,0,0,0,0,0,0,0,0,0,0,0,0,0,0,0,0,0,0,0,0,0,0
2,9,4,7,3,3,2,0,0,0,1,0,0,0,0,0,0,0,0,0,0,0,0,0,0,0,0,0,0,0,0,0,0,0,0,0,0,0
0,6,1,1,0,5,1,0,0,0,0,0,0,0,0,0,1,0,1,0,0,0,0,0,0,0,0,1,0,0,0,0,0,0,0,0,0,0
8,17,6,38,10,19,1,0,0,1,0,3,0,4,0,1,0,5,1,3,0,0,0,0,3,0,4,2,0,5,0,0,0,0,0,0,0,0
5,3,2,15,8,5,10,1,0,0,8,4,2,0,1,4,3,0,7,7,1,2,0,1,3,0,5,2,0,8,0,0,0,2,0,0,0,1
2,5,11,13,4,29,12,1,1,0,9,2,1,0,3,0,4,1,2,2,0,1,0,1,3,0,3,3,0,2,0,0,2,1,0,0,0,0
1,2,2,19,10,24,23,0,1,0,3,3,3,3,0,0,2,2,1,1,1,1,4,4,7,0,3,4,2,10,1,2,0,0,0,0,0,0
0,1,3,4,2,4,3,0,0,2,1,0,0,2,0,0,0,8,5,1,0,1,1,0,1,0,3,1,0,1,0,0,2,0,0,0,0,0
0,0,2,1,4,3,0,0,0,0,0,4,2,0,0,0,2,0,2,0,0,0,1,0,0,0,2,0,0,1,0,1,0,0,0,0,0,1
0,0,0,4,2,0,0,0,0,2,2,2,0,0,0,2,0,0,0,2,2,1,0,0,1,0,2,1,0,0,0,0,0,0,0,0,0,0
3,8,9,16,4,12,3,1,3,6,11,1,2,2,0,5,8,4,4,7,4,2,0,2,13,2,4,4,2,9,1,2,0,1,0,0,0,2
0,1,1,12,9,9,12,2,3,1,6,8,5,2,0,1,1,2,2,3,4,1,1,0,6,3,3,9,1,7,0,0,3,0,3,1,0,0
0,1,5,8,4,10,16,0,0,4,3,4,2,0,0,1,5,3,4,0,2,1,0,1,5,2,16,2,0,8,0,0,2,1,1,0,0,0
0,3,5,4,3,12,4,1,0,0,1,2,2,1,0,4,3,3,2,1,0,3,0,0,1,2,17,3,1,8,0,0,1,1,0,0,0,0
0,0,3,1,0,1,0,0,0,0,0,0,0,0,0,0,0,0,2,0,1,3,0,0,0,0,2,1,0,0,0,1,0,0,0,0,0,0
0,0,0,3,2,4,3,0,0,0,0,0,1,0,0,0,1,1,4,1,0,1,1,1,11,0,2,2,1,1,0,0,0,0,0,0,0,0
2,0,3,1,3,7,7,0,0,0,5,2,0,0,0,0,1,3,3,3,4,8,2,3,4,0,7,6,1,5,0,1,1,0,2,1,1,1
1,0,2,3,4,10,6,0,5,0,2,2,5,0,0,0,7,0,3,2,1,3,3,2,3,1,12,2,3,12,1,0,0,0,0,0,0,0
0,0,2,2,0,14,8,0,1,0,0,1,2,0,0,0,2,3,1,0,1,3,1,0,2,0,8,1,3,12,0,1,1,1,0,0,0,0
0,2,1,10,4,2,3,0,0,1,8,2,1,1,0,2,5,7,0,4,2,0,0,0,11,0,2,3,0,0,0,0,1,0,1,0,0,0
2,0,0,3,4,7,5,1,0,0,1,0,0,0,0,2,1,3,0,1,1,1,0,0,2,0,6,0,0,3,1,0,0,0,0,1,0,0
2,2,2,8,9,13,5,0,1,2,4,5,3,1,0,0,6,11,6,4,1,3,0,0,5,1,6,3,2,5,0,0,0,4,1,0,0,0
0,0,0,0,4,0,1,1,0,0,0,0,2,2,0,0,0,0,1,0,0,0,0,0,3,0,0,0,0,1,0,0,0,0,0,0,0,0
0,2,2,0,0,1,8,0,3,0,1,2,4,0,0,2,2,1,2,4,0,2,0,3,4,0,5,4,1,7,1,0,1,0,0,0,0,0
1,7,3,14,10,9,6,0,1,0,13,2,4,1,0,2,5,7,4,11,5,2,0,5,37,5,18,16,3,33,0,1,2,5,4,2,0,3
0,0,0,8,3,5,1,0,0,2,0,4,4,3,1,0,1,1,1,3,4,0,0,1,4,2,3,5,0,1,0,1,0,1,0,1,0,0
1,4,7,12,7,11,8,1,1,0,9,1,5,3,0,1,8,11,20,5,4,23,0,2,16,5,21,21,2,30,2,3,1,3,2,1,1,1
3,2,2,11,5,10,7,1,0,3,6,5,5,1,0,3,7,3,5,9,2,3,1,0,20,1,20,8,5,43,4,0,3,7,1,3,0,2
0,1,0,3,0,4,0,0,0,0,0,0,0,0,0,1,1,1,4,0,1,0,1,0,13,1,8,9,1,15,2,2,0,0,1,0,0,1
2,5,11,20,7,16,17,0,3,1,11,15,2,3,0,3,10,13,8,13,2,10,0,6,32,5,34,30,4,81,7,2,12,15,5,2,0,3
0,0,0,0,0,0,0,0,0,0,0,0,0,0,0,0,2,1,0,0,0,0,1,0,1,0,0,0,1,5,0,0,2,1,0,0,0,0
0,0,0,0,0,1,1,0,0,0,1,0,0,0,0,0,0,3,1,0,0,0,0,0,1,0,0,0,1,5,1,1,0,0,2,1,0,0
0,0,1,1,0,1,1,0,0,0,0,3,1,0,0,0,0,5,1,2,0,1,0,0,1,0,3,1,0,3,0,0,0,5,0,0,0,4
1,2,0,6,0,8,0,0,0,1,1,2,3,0,0,0,1,1,4,2,1,0,0,0,14,1,9,8,1,12,1,3,0,12,0,2,0,4
0,0,0,1,0,0,0,0,0,0,1,1,0,0,0,0,0,1,1,1,1,1,0,0,1,0,2,0,2,4,0,1,0,2,0,0,0,0
0,0,0,0,0,1,0,0,0,1,1,0,0,0,0,0,0,0,1,1,0,0,0,0,1,0,2,0,0,1,0,0,1,0,0,0,0,0
0,0,0,0,0,0,0,0,0,0,0,0,0,0,0,0,0,0,0,0,0,0,0,0,0,0,0,0,0,2,0,0,0,0,0,0,0,0
0,1,0,1,0,0,0,0,0,0,0,0,2,0,0,0,0,0,0,0,0,1,0,0,2,0,0,2,0,1,0,0,0,1,0,0,0,0
