4,0,0,0,0,0,0,0,0,0,0,0,0,0,0,0,0,1,0,0,0,0,0,0,1,0,0,0,0,0,0,0,0,0,0,0,0,0
2,5,10,1,0,0,0,0,0,0,0,0,2,0,0,0,0,0,0,0,0,0,0,0,0,0,0,0,0,1,0,0,0,0,0,0,0,0
1,3,7,2,1,4,0,0,0,0,0,0,0,0,0,0,1,0,0,0,2,0,0,0,0,0,0,0,0,0,0,0,0,0,0,0,2,0
1,6,5,17,8,20,2,0,1,1,5,1,0,0,0,0,2,0,0,2,2,0,0,1,0,1,0,1,1,4,0,0,0,0,0,0,0,0
0,7,2,20,5,8,4,1,1,0,5,3,3,2,0,1,0,1,0,4,3,3,0,0,2,2,0,5,0,1,0,0,0,0,0,0,0,0
1,3,4,10,0,19,10,2,4,1,4,2,0,0,0,0,1,2,1,0,0,0,0,2,3,0,4,2,1,4,1,0,2,1,0,0,0,1
3,1,2,3,1,19,9,1,3,0,3,5,4,1,0,1,0,1,3,1,2,0,0,1,6,0,10,5,3,12,1,0,0,3,0,0,0,0
0,0,1,1,1,2,1,0,0,1,2,0,1,3,0,3,0,1,3,0,1,0,0,0,0,0,4,0,0,4,0,0,0,0,0,2,0,0
2,1,1,2,0,5,3,0,0,0,2,2,0,0,0,0,1,0,0,0,0,0,0,0,0,2,0,1,0,0,1,0,0,0,0,0,0,0
0,0,2,6,2,3,0,0,0,1,1,0,0,0,0,0,0,2,0,0,1,0,0,1,3,0,2,1,0,1,0,0,0,0,0,0,0,0
3,6,0,9,4,6,9,0,1,1,10,6,0,1,0,0,3,0,3,4,0,9,0,2,9,0,8,4,1,9,1,0,0,0,0,1,0,0
1,2,2,7,1,12,5,0,2,2,7,1,0,2,0,2,2,4,3,2,1,10,0,2,4,1,3,6,2,4,0,4,0,2,0,0,0,0
1,0,4,11,5,9,2,0,1,0,6,0,2,1,0,0,1,3,12,0,4,0,0,1,3,0,5,0,2,3,0,0,0,2,1,0,0,2
0,2,1,4,0,8,3,0,1,1,6,2,0,2,0,3,2,4,2,1,0,3,2,0,2,0,5,2,0,4,1,0,1,1,0,0,0,0
0,1,0,0,0,0,2,0,0,0,0,0,0,0,0,0,1,1,0,0,0,1,0,0,0,0,2,0,0,4,2,0,0,0,0,0,0,0
0,0,0,0,0,0,1,0,0,0,2,1,0,0,0,0,1,0,2,0,1,1,0,0,0,0,1,0,0,5,1,0,0,0,0,0,0,0
1,1,0,5,5,14,7,0,2,0,1,1,2,1,0,0,0,4,8,0,2,7,0,1,0,1,14,2,0,2,0,0,0,0,0,0,0,1
1,0,2,4,0,8,2,0,2,1,3,1,1,2,0,0,0,0,4,1,2,0,0,1,4,0,5,5,0,3,0,1,2,0,0,0,0,0
1,1,4,0,1,3,3,0,2,1,1,0,1,1,0,0,1,2,2,0,1,1,0,2,2,0,4,2,0,3,0,0,0,0,0,0,0,0
4,1,2,3,3,11,2,0,0,4,2,6,0,2,0,0,1,4,2,2,2,1,0,0,3,0,7,1,0,6,1,0,2,0,0,0,0,0
0,0,0,2,4,3,0,0,0,0,0,0,0,0,0,0,0,1,1,0,0,0,0,1,6,2,2,3,0,2,1,0,0,0,0,0,0,0
0,1,0,2,3,4,3,0,0,1,4,2,1,1,0,0,3,6,5,9,2,0,0,0,3,0,3,7,2,10,0,0,4,1,0,0,0,0
0,0,2,2,4,1,0,0,0,0,0,1,0,0,0,0,1,0,0,3,0,2,2,0,1,0,0,0,0,1,0,0,0,0,0,0,0,0
0,0,1,2,2,4,1,0,0,1,5,0,1,1,0,1,1,1,1,0,3,0,0,2,4,0,6,3,2,4,0,1,0,0,0,0,0,0
8,5,1,13,3,5,2,0,2,4,12,3,2,1,0,0,3,2,7,16,2,5,1,4,21,5,13,17,5,12,3,4,2,6,0,2,0,4
1,1,0,0,2,2,0,0,0,2,0,0,0,0,0,0,1,0,0,0,4,1,1,0,2,0,7,2,1,3,0,1,0,0,0,1,0,0
0,2,3,4,5,9,3,2,2,0,3,2,2,6,0,0,12,8,8,4,3,6,1,4,18,5,24,5,3,18,3,1,2,3,0,0,0,2
0,4,0,13,8,11,5,0,0,5,5,4,3,1,0,0,3,8,1,6,0,3,2,1,27,4,14,16,5,26,3,0,1,11,0,2,0,0
0,2,0,2,1,2,0,0,0,1,0,0,0,3,0,0,1,2,2,0,0,0,0,0,3,2,6,7,0,14,1,0,0,1,0,3,0,1
9,9,5,4,5,11,11,0,2,4,12,6,3,3,0,1,3,10,16,3,3,10,2,2,23,10,19,18,6,73,7,2,4,16,0,7,0,3
0,0,0,0,0,0,1,0,0,0,0,0,0,0,0,0,0,0,0,0,1,0,0,0,0,0,1,0,2,3,1,1,0,0,0,0,0,1
0,0,0,0,0,0,0,0,0,0,0,0,0,0,0,0,0,0,0,0,0,0,0,0,0,0,0,2,0,0,0,0,0,0,0,0,0,1
0,0,0,2,0,8,0,0,0,0,3,1,0,1,0,0,0,1,2,1,0,0,0,0,1,0,4,1,0,6,1,1,0,0,2,0,0,0
0,0,2,5,2,3,2,0,1,0,2,4,0,0,0,0,2,1,1,0,1,1,0,0,8,1,4,3,1,6,2,2,1,2,4,3,0,0
0,0,0,2,0,1,0,0,1,0,0,0,0,0,0,0,1,2,0,0,0,0,0,0,2,0,2,5,0,0,0,0,0,1,0,0,0,0
0,0,0,0,0,0,0,0,0,0,0,1,0,0,0,0,0,2,0,0,0,0,0,0,0,0,2,0,0,2,2,0,0,1,0,1,0,0
0,0,0,0,0,1,0,0,0,0,0,0,0,0,0,0,0,0,0,0,0,0,0,0,0,0,0,0,0,0,0,0,0,0,0,0,0,0
0,0,0,2,0,1,0,0,0,0,0,0,0,0,0,0,0,0,0,0,0,0,0,0,2,0,0,0,0,0,0,0,0,0,0,2,0,1
