0,2,0,0,1,0,0,0,0,0,0,1,0,0,0,0,0,0,0,0,0,0,0,0,1,0,0,0,0,0,0,0,0,0,0,0,0,0
4,5,6,7,3,5,0,0,0,0,0,0,0,0,0,0,0,0,0,0,0,2,0,0,0,1,0,0,0,0,0,0,0,0,0,0,0,0
0,2,2,2,0,4,0,0,0,0,0,1,1,0,0,0,0,0,0,0,0,0,0,0,0,0,1,0,0,0,0,0,0,0,0,0,0,0
3,18,9,67,36,34,25,4,0,4,12,7,2,7,2,2,1,2,0,4,1,1,0,0,4,0,5,0,0,3,0,0,0,0,0,0,0,0
3,4,0,33,11,14,21,2,2,2,11,8,3,2,0,3,5,3,0,8,3,8,1,4,9,0,3,1,0,0,0,0,0,0,0,0,0,1
2,11,10,27,8,104,77,14,4,2,10,7,5,3,2,0,8,6,8,3,2,2,0,0,4,1,10,1,1,0,0,1,2,2,0,0,0,0
3,0,3,13,13,72,56,8,6,2,5,4,11,3,6,3,12,10,2,0,1,5,0,4,7,2,9,1,1,4,1,0,0,1,1,0,0,0
0,0,0,2,4,18,11,4,3,0,2,1,5,4,0,2,3,6,0,5,1,5,0,4,2,0,5,1,1,5,0,0,0,2,0,2,0,0
0,0,0,3,4,11,6,2,0,0,0,3,1,1,0,0,3,1,3,2,0,1,0,1,0,0,1,0,1,3,0,0,0,0,0,0,0,0
0,2,0,1,6,2,1,3,0,2,6,5,0,2,0,0,2,0,0,4,1,3,0,0,1,0,4,2,0,0,1,0,0,0,0,1,0,0
0,0,1,4,2,2,3,3,0,2,4,0,0,2,0,2,1,2,0,7,3,2,2,0,4,1,5,1,0,0,1,0,0,0,3,2,0,0
0,0,0,5,8,6,9,7,4,1,9,4,5,11,2,5,12,1,3,9,1,17,1,4,8,1,8,0,0,6,1,2,2,0,0,1,0,3
0,1,0,4,6,5,20,1,1,0,3,11,14,7,1,2,7,10,7,7,1,8,1,2,2,1,6,0,3,2,0,0,0,0,1,0,0,0
0,1,0,1,2,4,4,2,2,0,2,5,5,2,0,0,1,6,3,2,4,10,1,1,9,2,4,1,0,2,2,0,1,0,0,3,0,1
0,0,0,2,1,1,5,1,0,0,1,0,0,0,0,0,0,1,0,0,0,0,0,1,0,0,1,0,0,2,0,0,0,0,0,0,0,0
0,0,0,2,1,5,7,1,2,0,0,1,2,0,1,0,0,0,0,2,1,0,0,0,1,0,5,0,0,2,3,1,0,1,1,0,2,0
0,1,1,4,5,9,10,7,4,0,4,5,3,1,0,3,0,7,7,5,1,11,3,0,1,2,7,1,1,1,0,0,2,0,0,0,0,0
0,0,0,0,3,3,16,8,1,2,5,8,7,6,3,1,2,1,5,2,4,7,3,1,5,4,20,2,1,6,0,1,3,4,1,2,0,2
1,0,0,4,1,3,4,5,2,0,3,1,2,2,1,3,4,11,11,7,2,2,0,0,6,3,20,1,1,4,1,0,0,0,0,0,0,0
0,1,0,3,1,3,8,4,0,5,10,10,2,9,1,6,6,6,0,12,6,11,1,5,14,9,13,4,1,8,1,1,1,4,1,0,0,0
0,0,0,2,3,1,1,3,1,0,2,3,1,0,0,1,2,3,0,3,0,4,0,0,2,2,1,0,0,4,0,0,2,0,0,0,0,0
2,1,0,0,2,1,2,4,0,3,4,17,4,10,2,2,1,5,4,10,2,6,0,0,10,1,10,7,2,8,1,0,0,2,0,3,0,0
0,0,0,0,0,2,0,2,1,0,2,1,0,0,0,0,1,0,0,0,0,0,2,0,0,2,2,0,0,0,0,0,2,0,0,0,0,2
1,0,0,0,1,0,6,1,0,0,2,0,1,5,1,2,6,2,2,2,0,2,0,1,2,0,10,0,0,3,1,0,1,1,0,0,0,0
1,0,0,3,5,4,4,5,0,3,11,5,2,8,2,1,5,4,5,17,5,5,0,2,42,7,24,12,5,12,2,0,1,10,3,0,0,0
0,0,2,0,2,0,1,0,0,0,1,3,0,9,1,1,0,1,1,2,0,1,0,0,2,0,2,3,4,2,4,0,0,6,1,0,0,1
0,3,2,3,0,7,12,5,0,2,2,3,6,6,2,4,6,16,17,4,1,8,4,9,24,5,38,18,5,24,1,0,1,6,1,2,0,1
0,1,0,2,2,0,3,0,2,0,2,5,1,6,2,0,2,5,4,6,0,1,0,3,19,7,10,5,6,8,1,2,4,9,1,3,0,0
0,0,0,0,2,3,1,0,0,0,0,0,0,1,0,0,0,4,1,1,0,2,0,0,10,2,4,9,2,4,1,0,0,6,0,0,0,0
1,0,0,1,0,7,6,3,0,0,1,0,2,2,0,0,5,6,7,2,1,9,1,0,12,6,22,15,10,43,3,5,3,4,2,1,0,0
0,0,0,0,0,0,0,0,0,0,0,1,0,0,0,0,0,0,0,0,0,2,0,0,0,0,0,2,0,2,1,1,1,7,0,0,1,3
0,0,0,0,0,1,0,0,0,0,0,0,2,0,0,0,0,1,0,0,0,0,0,0,0,1,2,0,0,2,1,1,1,2,0,0,0,0
0,0,0,0,0,0,1,0,0,0,0,1,4,0,0,1,0,3,0,0,2,0,0,0,1,1,3,0,1,4,2,0,0,1,1,1,1,2
0,0,0,1,0,0,1,0,0,4,1,0,5,4,2,1,1,4,0,3,1,1,0,1,9,4,8,6,4,9,7,0,3,6,3,2,0,3
0,0,0,0,0,0,0,0,0,0,0,0,0,0,0,0,1,1,0,0,0,0,0,0,0,0,2,2,1,2,1,2,1,2,0,1,0,0
0,0,0,0,0,0,5,0,0,0,2,1,1,3,0,0,3,0,0,2,1,1,0,0,1,0,1,2,3,0,2,0,1,5,0,0,0,1
0,0,0,0,0,0,0,0,0,0,1,0,0,0,0,0,0,0,0,2,0,1,0,0,2,0,0,2,0,0,0,0,0,1,0,0,0,0
0,0,0,0,0,1,0,1,0,0,2,3,0,1,0,2,0,1,1,2,0,0,0,0,7,1,0,1,1,0,3,0,0,0,0,0,0,0
