5.86666666667
3.2228125
2.01666666667
1.76744525547
1.55159235669
1.72074303406
1.52909967846
1.25714285714
1.74755555556
2.23113636364
1.60104651163
1.5312716763
1.67086021505
1.52081632653
1.18533333333
1.55019607843
1.40075471698
1.56027777778
1.69831325301
1.68976190476
1.39263157895
1.36625
1.7935
1.13145833333
1.56995535714
1.19063829787
1.70616949153
1.62866071429
2.02790322581
1.71140243902
2.77142857143
3.692
4.02576923077
2.73866666667
3.65483870968
4.82272727273
1.99909090909
4.20266666667
