0,0,0,0,0,2,0,0,0,0,0,0,0,0,0,0,0,0,0,0,0,0,0,0,1,0,0,0,0,0,0,0,0,0,0,0,0,0
0,7,2,3,4,4,1,1,0,0,1,0,1,0,0,0,0,0,1,1,0,0,1,0,0,0,0,0,2,0,0,1,0,0,0,0,0,1
1,4,2,0,0,4,3,0,0,0,0,0,0,0,0,0,0,0,0,0,0,0,0,0,0,0,1,0,0,0,0,0,0,0,0,0,0,0
1,22,5,83,31,44,25,8,0,0,12,3,2,3,2,0,1,2,4,4,0,5,0,1,4,0,5,2,0,1,1,0,0,2,0,0,0,1
2,5,0,25,17,23,14,5,1,2,8,11,3,15,2,0,8,1,1,11,2,1,1,0,4,0,5,0,1,1,0,0,1,0,0,1,0,0
4,6,5,36,7,110,55,4,4,1,1,8,18,5,1,0,3,1,2,3,0,8,1,3,0,0,16,3,0,2,0,1,0,1,1,0,0,0
0,2,4,18,15,86,67,11,7,1,7,5,12,6,3,6,10,10,4,3,1,6,3,4,10,1,7,3,1,5,1,3,0,2,0,0,0,0
0,0,0,3,8,2,14,0,2,0,3,3,6,6,2,1,5,4,3,0,1,1,0,0,4,2,7,1,5,0,0,0,0,0,0,0,0,0
0,0,1,2,0,5,14,1,3,0,2,1,0,1,0,1,0,1,5,0,0,0,0,0,2,0,3,2,0,1,0,0,0,0,0,0,0,0
0,0,0,5,3,2,2,0,0,0,1,1,0,0,0,1,0,3,0,1,0,1,0,1,4,1,0,5,0,1,0,0,0,0,0,3,0,0
0,2,0,4,6,2,7,1,0,2,2,8,4,4,0,0,1,2,1,8,3,3,0,1,8,2,3,2,0,5,1,1,0,0,0,0,0,2
0,3,0,2,8,13,13,1,5,0,6,3,2,12,2,5,7,7,5,6,6,15,2,3,10,1,13,1,0,2,0,0,1,1,0,2,0,2
0,1,3,3,3,7,19,1,5,0,4,6,5,1,0,1,0,10,6,2,0,2,5,1,1,5,8,1,0,0,0,0,2,2,1,0,1,0
0,0,0,4,3,8,7,0,0,1,4,3,4,5,0,0,3,4,2,4,3,9,0,1,5,3,7,2,0,0,2,0,0,5,0,4,0,0
0,0,0,0,1,1,1,0,0,0,1,2,0,0,0,0,1,3,0,0,2,3,0,0,0,0,1,0,0,0,0,0,0,0,0,0,0,0
1,0,0,1,4,4,9,2,0,2,3,2,8,1,0,0,0,0,1,0,2,5,0,1,0,0,0,2,0,1,2,0,0,0,0,0,0,0
0,0,0,1,2,2,13,4,3,1,2,11,4,7,0,1,4,7,8,2,2,8,1,3,4,1,5,0,2,1,0,2,0,2,1,0,0,3
0,0,0,2,0,6,12,2,7,0,7,5,5,6,0,4,5,0,3,3,1,14,3,5,19,3,21,2,0,12,1,0,1,1,1,0,1,0
0,0,0,0,2,2,7,2,2,0,4,2,6,1,0,0,4,4,5,0,1,1,2,2,4,3,11,4,4,7,0,0,0,1,0,1,0,1
0,2,0,3,5,3,6,5,0,8,8,16,2,7,2,2,6,2,3,15,3,7,0,9,19,3,10,7,3,4,1,0,0,5,1,0,0,4
0,0,0,0,0,2,0,1,0,2,5,2,1,1,1,1,0,4,0,6,0,1,0,0,3,2,3,2,1,0,0,0,0,0,0,0,0,0
0,0,0,2,6,2,6,2,1,3,8,17,5,10,0,4,2,4,5,8,2,1,1,0,11,2,12,1,0,0,1,0,1,5,0,0,0,0
0,0,0,3,0,3,2,0,0,0,2,3,0,0,0,0,1,1,0,0,0,3,0,0,1,1,3,0,0,0,0,0,0,0,0,2,0,0
0,0,0,0,1,1,5,0,0,0,2,7,3,1,0,2,1,1,1,0,0,2,0,0,5,4,4,0,1,0,1,0,0,1,0,0,0,0
0,3,0,4,5,1,4,6,0,3,4,5,3,6,2,2,3,6,4,17,3,16,2,4,41,5,21,11,7,18,4,0,2,4,2,2,0,2
0,0,0,0,0,1,1,2,0,1,1,6,2,1,0,0,1,2,1,4,0,3,2,1,5,0,3,2,2,0,0,0,0,1,0,0,0,0
0,2,0,4,7,9,16,3,3,0,3,9,9,7,0,1,8,13,11,12,2,13,1,5,24,7,29,20,14,34,4,1,0,15,2,2,0,1
0,0,0,1,4,1,0,0,0,3,0,0,0,5,0,1,3,3,3,7,1,7,0,0,18,3,9,11,9,9,2,0,1,12,0,2,0,2
0,0,0,1,0,2,2,0,0,2,0,0,0,1,0,0,2,2,4,2,0,1,0,0,9,0,9,6,2,9,0,0,0,6,1,1,0,1
0,0,0,0,1,4,4,3,0,0,2,4,3,3,0,0,0,8,3,6,0,7,1,1,22,4,29,11,5,30,4,0,0,7,3,0,0,2
0,0,0,0,0,0,1,0,0,0,0,0,0,0,0,0,3,0,0,0,0,3,0,0,1,0,3,2,0,1,0,0,1,2,1,1,0,0
0,0,0,1,0,0,1,1,0,0,0,0,2,2,0,0,1,0,1,0,1,0,0,0,1,0,3,0,0,6,4,0,0,0,0,2,1,0
0,0,0,0,0,2,0,0,0,0,0,3,1,0,0,0,0,2,1,1,0,1,1,2,0,0,4,0,0,3,0,0,0,1,1,1,1,0
0,0,0,2,2,1,2,0,0,1,2,5,4,2,1,0,2,6,3,7,0,3,1,1,14,0,2,10,5,9,4,0,1,2,1,2,0,0
0,0,0,0,0,1,1,1,0,0,2,2,0,2,0,0,1,2,0,1,1,0,2,1,1,2,2,4,0,1,0,0,0,2,1,0,0,0
0,3,0,1,0,1,3,0,0,1,1,3,1,3,0,0,1,2,1,1,0,0,0,0,1,0,0,1,0,1,1,2,1,2,0,0,0,1
0,0,0,0,0,0,0,0,0,0,1,0,0,1,0,0,0,0,0,0,0,0,0,0,0,0,0,5,0,0,0,0,0,1,0,0,1,0
0,0,0,1,0,1,0,1,0,0,0,2,0,2,0,0,1,2,3,3,0,2,0,0,0,0,0,2,0,0,0,0,0,2,0,2,0,1
