1,0,0,1,0,0,2,0,0,0,0,0,0,1,0,0,0,1,0,0,0,0,0,0,0,0,0,0,0,0,0,0,0,0,0,0,0,0
2,3,4,5,6,3,3,0,0,1,0,1,0,1,0,0,0,0,0,0,0,0,0,0,0,0,0,0,0,1,0,0,0,0,0,0,0,0
1,3,6,0,0,7,1,0,0,1,0,0,0,0,0,0,0,0,0,0,0,0,0,0,0,0,0,0,0,1,0,0,0,0,0,0,0,0
1,16,7,79,32,57,21,4,1,3,13,13,1,4,0,1,0,0,3,1,2,1,1,2,4,0,4,1,2,1,0,0,0,1,2,0,0,0
1,5,1,22,13,8,13,10,4,0,12,16,6,10,4,0,4,2,1,6,3,3,0,0,9,2,4,1,1,1,0,0,0,0,0,0,0,0
3,7,7,34,14,115,70,18,5,0,1,6,6,1,2,2,4,2,4,2,2,1,1,3,5,0,7,3,0,5,0,0,0,0,0,0,0,0
0,4,0,21,8,65,43,8,9,0,2,11,15,5,1,4,16,12,7,6,1,7,2,1,9,4,7,3,1,2,0,3,0,2,1,1,0,1
0,0,0,6,3,11,7,3,4,0,2,3,4,1,0,3,5,3,1,3,2,0,2,2,4,0,6,0,3,0,1,2,1,5,0,0,0,0
0,1,0,3,1,17,9,0,1,0,0,1,1,2,0,0,2,5,1,3,0,0,0,3,0,0,1,0,0,0,0,0,0,2,0,1,0,1
0,0,0,4,7,0,2,0,0,5,4,3,0,0,0,3,2,2,0,4,1,1,0,2,3,0,0,1,0,0,1,0,1,0,0,0,0,0
0,0,0,9,9,2,3,6,0,3,7,3,1,4,0,2,1,1,0,12,1,5,0,0,4,1,2,0,1,1,0,0,0,0,1,0,0,3
0,2,0,12,9,6,12,4,3,3,5,7,5,12,3,4,10,15,6,10,9,3,3,7,5,2,6,0,1,3,0,0,1,5,2,0,0,0
0,1,1,6,4,9,20,1,4,2,4,2,4,3,0,1,4,11,8,1,1,6,0,2,4,0,6,0,1,8,1,1,2,3,1,3,0,0
0,0,0,7,1,6,7,8,1,1,10,10,4,1,3,7,0,4,6,8,1,11,1,3,11,3,3,1,0,2,0,0,3,2,2,1,0,1
0,0,0,0,1,0,2,3,0,1,1,0,0,1,0,0,1,2,0,1,3,0,0,2,3,0,0,0,0,1,0,0,0,0,0,0,0,0
0,2,0,3,2,4,8,4,0,0,1,3,2,2,1,0,1,2,0,1,0,1,1,1,6,0,1,1,0,0,5,0,0,1,0,1,0,0
0,0,0,3,0,1,14,2,3,0,0,9,8,4,1,0,2,5,1,4,5,2,2,5,4,5,4,3,2,6,0,0,0,3,0,2,0,4
0,0,0,3,4,15,11,8,5,0,9,16,10,2,1,5,1,0,3,3,2,7,0,6,4,3,18,1,3,3,2,2,3,2,0,2,0,0
0,0,0,3,4,3,9,6,0,1,0,1,7,3,0,4,5,8,6,5,7,4,3,0,3,0,16,7,1,5,0,3,1,2,2,0,0,0
0,0,0,1,3,3,8,3,0,2,10,8,1,13,0,3,3,5,0,12,5,8,1,6,17,3,8,5,4,10,0,1,0,8,0,2,0,0
0,0,0,1,2,1,3,0,0,1,0,1,1,2,0,1,2,3,0,6,2,4,1,1,2,0,4,3,0,0,0,0,0,0,0,0,2,2
0,0,0,2,3,3,5,8,3,2,10,8,2,6,1,4,11,5,1,9,4,5,1,1,8,1,7,3,3,6,0,2,4,4,1,2,0,4
0,0,0,0,0,1,0,0,0,0,0,5,1,2,0,0,0,1,0,2,0,0,1,0,0,0,4,1,0,2,0,0,0,2,0,0,0,0
0,0,0,3,2,1,9,3,0,0,1,1,3,0,0,2,6,1,2,0,1,0,0,0,5,0,6,4,0,2,0,0,0,2,1,1,0,1
0,2,1,7,7,4,6,1,0,5,5,7,3,12,1,2,3,10,8,21,1,12,4,3,26,2,35,19,9,24,3,0,2,6,5,1,2,2
0,0,0,0,1,0,3,1,0,0,2,1,1,1,0,0,0,5,2,10,3,0,2,0,4,0,9,0,1,1,0,0,0,0,0,1,0,0
0,0,0,3,1,10,19,5,8,1,2,7,8,5,0,7,10,27,28,8,4,9,6,1,22,4,34,12,11,35,5,5,0,10,2,0,0,0
0,0,0,0,3,1,5,0,0,1,1,1,0,4,1,3,3,1,4,8,0,2,2,1,30,7,21,8,7,18,1,0,1,7,2,2,0,4
0,0,0,0,1,0,0,1,0,0,0,0,1,3,1,2,0,3,0,1,0,1,3,1,10,2,9,11,1,7,1,0,0,5,3,0,0,0
0,0,0,3,1,2,1,4,1,0,5,1,0,3,0,0,5,6,3,2,0,3,0,8,16,5,23,14,12,31,8,1,3,11,2,4,0,0
0,0,0,0,0,0,1,0,0,0,2,0,0,1,0,0,0,0,0,0,0,0,0,0,1,0,2,2,0,2,2,0,0,0,1,1,0,1
0,0,0,1,0,3,2,0,0,1,0,1,2,0,0,0,5,0,0,0,0,0,0,0,0,0,0,1,0,3,0,0,0,0,0,2,0,0
0,0,2,0,0,0,0,0,0,0,0,0,0,0,0,0,3,0,1,3,0,0,0,0,2,0,7,2,2,4,1,0,0,0,0,1,0,1
0,1,0,0,1,1,2,0,0,0,2,2,0,1,0,0,1,0,1,2,0,2,0,0,9,0,6,10,3,5,3,1,1,6,2,3,0,3
0,0,0,0,0,0,0,0,0,0,1,1,0,0,0,0,0,2,0,0,1,0,0,0,6,0,1,6,2,3,1,0,2,0,1,0,0,0
0,0,0,0,1,1,1,1,0,0,0,0,0,1,0,0,0,1,0,2,0,3,3,0,3,0,5,1,0,0,0,0,0,3,0,1,0,1
0,0,0,0,0,0,0,0,0,0,0,1,0,0,1,0,0,0,1,1,0,1,0,0,1,0,1,1,1,0,0,0,0,0,0,0,0,0
0,0,0,0,0,2,0,0,0,4,1,3,0,0,0,1,2,0,0,2,0,2,0,0,1,0,1,0,0,2,3,0,0,6,0,0,0,0
