1.785
2.72472222222
1.93576923077
1.6720610687
1.86120300752
1.53449180328
1.55026578073
1.37112
1.30419354839
1.47259259259
1.71549450549
1.73170454545
1.70828571429
1.66990825688
1.57347826087
1.21862745098
1.59764150943
1.47957142857
1.42210084034
1.49915384615
1.41277777778
1.46690909091
1.94708333333
1.33179487179
1.58008658009
1.39338709677
1.60094488189
1.59743589744
1.41491803279
1.87897142857
2.58974358974
3.16666666667
4.12608695652
2.08966666667
2.80607142857
3.88139534884
4.93
3.12526315789
