0,0,0,0,0,0,0,0,0,0,0,0,0,0,0,0,0,0,0,0,0,0,0,0,0,0,0,0,0,0,0,0,0,0,1,0,0,0
2,7,2,8,0,1,2,2,0,0,1,0,0,0,0,0,0,0,0,1,0,0,0,1,0,0,0,0,0,0,0,0,0,0,0,0,0,0
0,4,4,2,1,3,0,0,0,0,0,0,0,0,0,0,0,0,1,0,0,0,0,0,0,0,0,0,0,0,0,0,0,0,0,0,0,0
1,34,4,103,18,44,17,6,1,3,10,3,4,0,0,3,1,0,0,2,4,3,0,0,5,0,3,0,2,2,1,0,0,0,0,0,0,0
2,6,4,35,15,10,14,2,1,5,9,8,4,2,0,2,2,3,2,3,3,3,0,3,1,0,4,1,0,0,1,0,0,1,2,0,1,0
2,3,5,39,7,100,68,11,2,4,1,14,5,4,0,3,3,9,1,4,1,3,1,2,3,0,6,1,2,5,1,1,0,4,1,0,0,0
3,1,4,17,4,91,79,11,6,0,6,14,10,9,5,2,7,11,9,4,4,6,0,0,6,1,7,5,0,5,1,2,1,3,0,0,0,0
1,0,0,8,4,13,18,4,2,0,2,4,3,1,0,1,6,7,0,3,0,5,1,3,7,0,7,0,3,3,0,0,0,0,0,2,0,0
0,0,0,3,0,18,16,0,0,0,0,1,0,0,0,2,5,1,0,0,1,0,1,1,0,1,2,2,0,0,0,0,0,1,0,0,0,0
0,1,0,0,5,1,0,1,0,1,1,0,0,3,1,0,1,3,0,2,0,1,0,2,0,0,7,5,0,0,0,0,0,1,0,0,0,0
1,0,0,2,2,1,1,2,0,2,4,1,1,2,0,0,5,2,0,10,1,8,5,2,6,1,6,1,1,2,1,1,0,3,0,1,0,1
0,0,0,8,8,16,16,6,3,0,12,9,5,9,7,11,10,7,8,2,3,8,1,3,4,0,16,4,3,4,3,0,1,2,0,2,0,0
1,0,1,5,2,11,12,4,0,0,1,2,1,3,0,0,7,8,10,1,1,10,3,3,3,1,11,1,0,3,0,2,1,0,1,0,0,0
0,0,0,6,1,8,9,0,1,2,3,9,5,3,2,0,4,4,2,9,3,4,0,0,3,1,8,2,1,1,1,1,3,3,0,0,0,1
0,0,0,1,0,0,0,0,0,0,2,0,0,0,0,0,0,0,0,4,4,2,0,1,1,0,2,0,1,2,0,0,0,0,0,0,0,0
0,0,0,3,4,5,8,3,0,0,2,3,2,1,0,1,1,0,1,0,0,4,0,1,2,1,2,0,0,2,1,2,0,1,0,0,0,0
0,0,0,2,0,5,7,7,3,0,1,1,2,4,0,0,0,3,8,1,0,10,1,2,3,0,11,3,1,2,0,0,3,0,2,2,0,0
1,0,1,4,1,9,9,8,3,4,2,10,5,5,2,2,3,5,9,8,2,12,0,4,2,6,9,2,5,4,6,1,3,3,0,2,0,0
0,0,0,2,4,8,3,0,0,0,0,2,2,2,0,2,6,7,4,2,1,1,0,0,6,2,9,4,1,5,1,1,2,3,1,0,0,0
0,1,0,7,3,4,9,2,1,7,2,19,3,16,1,4,7,8,3,15,3,7,2,0,8,2,7,5,4,6,0,0,1,2,0,1,0,2
0,0,0,2,1,2,1,2,0,1,0,4,1,1,0,0,0,1,0,5,3,1,2,1,4,0,4,1,0,1,0,0,1,1,0,0,0,1
0,3,0,3,6,7,2,5,0,0,9,6,5,5,2,3,5,15,5,7,0,3,0,0,8,2,4,5,1,2,0,0,1,1,1,2,0,0
0,0,0,0,0,0,1,0,0,0,3,0,0,2,0,0,0,1,1,0,0,0,0,1,0,0,4,1,0,1,1,0,0,0,0,0,0,0
0,0,2,0,0,1,1,0,0,0,2,0,2,5,0,0,0,5,0,1,0,3,0,0,8,0,6,0,1,4,0,0,0,0,1,0,0,0
0,1,2,4,3,2,1,1,0,0,3,10,1,6,0,1,2,8,3,18,3,4,3,4,46,6,13,19,12,14,0,1,0,7,1,3,0,3
0,0,0,2,0,0,4,1,1,0,2,3,1,5,0,0,0,1,0,3,5,1,0,0,5,0,5,1,2,6,0,0,0,2,1,0,0,0
0,0,1,3,4,7,8,4,0,0,2,8,10,9,1,4,6,15,26,11,1,8,8,6,20,6,32,10,7,26,1,3,1,5,0,1,0,0
1,0,0,1,5,2,0,0,0,2,0,7,1,8,0,1,4,2,3,2,3,1,2,1,15,5,13,6,11,8,3,1,0,8,3,2,0,3
0,0,0,0,1,2,0,0,0,0,1,1,0,1,0,0,0,0,3,1,1,0,2,0,5,2,6,6,2,3,2,0,1,9,2,2,0,0
0,0,1,2,1,1,7,2,1,2,1,2,4,4,0,2,8,2,7,2,0,7,3,2,14,0,20,12,6,39,4,3,0,7,1,0,1,0
0,0,0,0,0,0,3,0,0,0,0,1,0,0,0,0,0,0,0,0,0,0,0,0,4,2,1,0,0,1,4,0,1,3,1,2,0,0
0,0,0,0,0,0,1,0,0,0,1,0,2,0,0,0,1,1,1,0,0,0,0,1,0,1,1,0,0,7,1,1,1,1,0,0,0,0
0,0,0,0,1,1,1,1,0,0,3,0,3,2,0,2,0,2,0,1,0,1,0,0,1,0,1,0,2,1,1,0,0,1,0,2,0,3
0,0,0,0,0,2,0,0,0,0,0,3,1,4,2,0,0,4,3,0,0,1,0,0,10,2,7,5,0,14,3,1,2,11,2,3,0,1
0,0,0,0,0,0,0,4,1,0,1,0,0,0,0,0,1,0,0,0,0,2,0,0,3,0,2,7,0,4,1,1,0,2,0,0,0,1
0,0,0,1,0,0,1,0,0,0,0,4,2,0,0,0,0,1,1,0,0,1,0,0,1,0,2,1,0,0,0,1,1,0,0,2,0,2
0,0,0,0,1,0,0,0,0,0,0,0,0,1,0,0,0,0,0,0,0,0,0,0,0,1,0,0,0,1,0,0,1,0,0,0,0,0
0,0,0,0,2,0,3,0,1,0,1,0,0,0,0,0,1,0,2,0,1,0,0,0,1,0,2,0,0,1,1,0,2,6,0,0,0,0
