0,0,1,0,0,0,0,0,0,0,0,0,0,0,0,0,0,0,0,0,0,0,0,0,0,0,0,0,0,0,0,0,0,0,0,0,0,0
0,13,1,10,2,2,0,0,0,0,0,0,1,0,0,0,0,0,0,1,0,0,0,0,1,0,0,2,0,0,0,0,0,0,0,0,0,0
0,4,7,2,0,3,0,0,0,0,0,0,0,0,0,0,0,0,0,0,0,0,0,0,0,0,0,0,0,0,0,0,0,0,0,0,0,0
1,25,9,108,20,43,16,3,2,5,3,3,3,2,1,2,1,2,4,3,0,1,0,1,1,2,3,2,1,2,1,0,0,1,0,0,0,0
0,4,0,36,9,12,4,9,1,2,11,4,0,7,0,1,0,3,0,7,1,1,0,0,4,0,4,0,0,3,0,0,0,1,0,0,0,0
0,3,14,45,18,100,72,4,2,2,3,1,7,7,3,3,10,4,8,2,1,5,0,0,6,0,10,1,1,0,3,1,0,0,1,0,0,1
1,3,1,19,11,77,77,10,6,0,4,8,14,11,2,9,20,5,4,3,1,8,4,2,3,0,11,1,1,9,0,0,1,2,0,3,0,1
0,0,0,9,7,16,9,1,0,0,0,4,4,1,1,3,3,10,4,2,0,5,0,2,2,5,3,0,0,0,0,0,0,0,0,1,0,0
0,0,1,2,3,17,7,2,4,0,0,2,0,0,0,2,0,2,1,1,3,0,0,0,0,0,1,0,1,0,0,0,0,0,0,0,0,0
1,0,0,1,7,1,0,4,0,1,1,1,0,2,0,0,0,0,1,2,0,4,0,0,1,0,0,0,0,1,0,0,0,0,1,4,0,0
0,0,2,3,9,5,5,1,0,0,1,7,0,3,0,3,3,0,3,7,3,4,0,1,7,2,6,9,1,1,1,0,1,1,0,4,0,0
2,0,0,18,10,5,14,3,1,1,5,10,5,10,2,6,11,8,4,5,5,13,6,1,10,2,14,0,1,1,0,0,3,0,1,0,0,1
0,0,0,6,0,8,25,3,2,3,0,2,1,7,0,3,6,6,2,2,0,5,1,2,2,3,12,0,0,3,1,2,0,5,1,1,0,0
0,0,0,4,5,2,4,1,0,1,2,3,1,2,1,3,7,6,2,1,3,3,2,2,6,3,5,2,3,1,2,1,2,3,0,4,0,0
0,0,0,0,0,3,0,0,0,0,0,0,2,1,0,0,0,1,2,2,0,2,4,1,2,0,3,0,3,2,0,0,0,2,0,1,0,0
0,0,0,1,0,3,8,1,1,0,0,1,1,3,0,0,0,1,2,7,0,6,0,0,2,0,6,0,0,1,0,0,2,0,0,0,0,0
0,0,0,1,3,4,7,3,4,1,3,9,4,6,1,0,6,3,9,5,2,3,0,1,1,0,9,1,0,3,2,1,3,0,1,2,0,0
0,2,0,5,2,4,12,6,2,2,1,6,6,6,0,0,2,4,2,10,1,11,0,3,5,2,23,4,1,8,2,1,0,1,2,1,1,0
1,0,0,4,2,2,6,3,2,1,2,1,3,2,2,3,12,8,4,3,1,4,3,2,5,2,15,3,6,6,0,0,1,5,3,0,0,1
0,0,0,3,5,4,6,1,0,4,9,5,0,9,2,1,2,5,6,21,5,7,3,3,7,3,6,9,1,7,0,0,0,3,0,2,2,4
0,1,0,3,3,0,2,3,0,0,1,4,1,2,2,0,1,0,3,2,2,0,0,0,7,0,0,2,0,2,0,0,0,1,1,0,0,0
0,0,0,2,2,0,6,0,0,1,2,17,7,4,1,5,1,7,4,7,1,8,1,1,8,1,12,2,4,4,1,1,2,3,3,3,0,0
0,0,0,0,0,2,0,3,0,0,2,3,0,2,0,1,0,0,0,2,0,1,0,0,7,0,3,7,0,2,0,0,0,0,0,2,0,0
0,0,0,0,1,3,0,1,1,1,1,3,0,0,0,2,1,1,3,1,0,1,0,0,4,2,8,1,2,1,0,0,0,1,1,0,0,1
3,0,0,3,5,3,4,1,0,3,4,4,3,8,1,1,2,7,6,18,3,7,1,3,38,8,27,13,8,6,2,0,0,8,0,2,0,0
0,0,1,1,3,4,1,1,1,2,0,4,3,1,0,0,0,4,5,2,1,1,0,2,14,0,2,6,0,0,1,0,0,1,0,0,0,1
0,1,0,4,11,4,10,4,2,2,4,6,6,8,0,4,8,22,12,8,1,8,3,2,23,4,37,7,6,22,4,1,0,10,2,4,1,1
0,0,0,2,0,1,4,2,0,2,2,0,2,6,0,1,1,7,5,11,2,2,0,0,30,7,18,16,8,19,3,1,0,8,0,3,0,0
0,0,0,0,0,2,6,1,0,0,0,1,0,0,0,6,0,0,0,2,1,6,0,0,6,2,6,8,7,7,2,0,0,8,0,0,0,0
1,2,2,2,2,3,1,0,0,0,0,3,3,3,0,4,3,9,4,5,0,2,3,0,11,7,33,9,5,33,8,0,0,8,1,0,0,2
0,0,0,0,0,1,0,0,0,1,1,2,0,0,2,2,0,0,2,1,0,0,0,0,4,1,0,0,0,1,4,0,1,1,1,1,0,4
0,0,0,0,0,0,0,0,0,0,0,1,3,0,0,0,0,6,0,0,0,0,1,0,0,0,0,0,0,1,0,0,2,0,0,1,0,0
0,0,0,0,0,0,0,0,0,0,0,0,0,5,0,0,0,4,0,0,0,0,0,0,1,1,1,2,0,1,0,1,0,3,0,3,0,0
0,0,0,0,0,1,2,1,1,0,0,2,4,2,1,0,0,1,1,7,2,3,0,1,5,4,2,12,5,1,0,1,0,10,3,0,0,6
1,1,0,0,0,0,1,0,0,0,0,0,0,1,0,0,2,0,2,1,1,0,0,0,1,0,2,2,1,0,1,0,0,4,0,2,0,2
0,0,0,2,0,0,4,0,0,0,0,0,5,5,0,0,0,2,1,1,2,1,0,0,2,0,4,2,0,7,1,0,0,1,3,1,0,3
0,0,0,0,0,0,0,0,0,0,1,0,0,0,0,0,1,0,0,0,1,0,0,0,0,0,0,0,0,0,1,0,0,0,0,0,0,1
0,0,0,0,0,1,0,0,0,0,0,2,1,4,0,1,2,2,1,2,0,1,0,0,0,0,0,2,1,1,3,1,2,0,0,0,0,0
