3.176
1.98896551724
1.955
1.984921875
1.68710691824
1.59775
1.60867283951
1.50077777778
1.35166666667
1.90392857143
1.57715789474
1.63070652174
1.73166666667
1.58828571429
1.48866666667
1.51108695652
1.55526785714
1.56859259259
1.78772277228
1.68544303797
1.66909090909
1.43087837838
1.76526315789
1.72037037037
1.57859813084
1.6974
1.52632183908
1.66219178082
1.64590163934
1.72657754011
3.05068965517
3.05230769231
4.48913043478
2.66989583333
3.84260869565
4.71032258065
2.92888888889
3.82681818182
