1,1,0,1,0,0,0,0,0,0,0,0,0,0,0,0,0,0,0,0,0,1,0,0,0,0,0,0,0,0,0,0,0,0,0,0,0,0
0,12,2,11,3,2,0,0,0,0,0,0,1,0,0,0,0,0,0,1,0,0,0,0,1,0,1,0,0,0,0,0,0,0,0,0,0,0
0,2,5,3,0,4,1,0,0,2,0,0,0,0,0,0,0,0,0,0,0,0,0,0,0,0,0,0,0,0,0,0,0,0,0,0,0,0
3,22,4,81,33,39,18,2,0,3,0,8,3,3,1,1,1,1,0,2,3,0,0,1,4,1,4,3,2,1,0,0,1,1,0,1,0,0
0,4,1,38,14,15,12,9,4,2,8,7,0,3,0,4,3,2,0,5,5,2,1,3,1,1,6,1,0,4,0,0,0,0,0,5,0,0
0,3,16,55,15,130,80,4,6,0,1,3,8,8,1,1,9,2,7,5,0,1,0,2,2,2,6,1,2,2,1,2,0,0,0,0,0,0
2,0,8,26,11,83,65,12,4,0,2,4,21,4,2,4,15,5,2,1,1,7,3,1,1,5,8,1,2,5,1,0,1,3,3,1,0,0
0,0,0,7,3,11,11,3,1,0,2,6,2,5,0,2,6,7,2,1,1,4,0,2,3,0,5,0,1,2,1,0,0,3,0,1,0,0
0,0,1,1,0,11,30,2,0,0,2,2,1,0,0,0,3,2,7,0,0,1,0,1,2,0,2,1,0,0,0,0,0,0,0,0,0,0
0,0,0,3,3,0,0,1,1,1,1,1,0,0,0,0,0,0,0,2,0,1,0,1,3,0,2,0,0,0,0,0,0,1,2,0,0,2
0,0,0,4,6,5,6,1,0,3,3,6,4,0,0,1,6,1,2,8,0,9,0,2,4,4,1,5,0,2,1,0,2,2,0,0,0,1
2,1,0,6,8,8,7,6,1,1,10,7,5,14,0,6,3,8,6,8,0,28,1,9,7,1,10,8,1,5,0,2,0,2,4,5,0,0
1,1,0,2,7,10,13,1,2,1,0,3,8,1,0,3,7,7,8,3,0,8,0,3,9,0,4,1,1,2,1,1,1,5,0,1,0,0
0,1,0,0,0,4,7,6,0,4,1,10,3,1,0,0,4,5,2,9,6,12,2,6,2,2,9,1,2,3,0,0,0,3,1,3,0,0
0,0,0,3,0,0,0,0,0,0,2,0,1,0,0,0,3,1,0,0,0,0,1,0,1,1,2,0,0,1,0,0,0,0,0,1,0,0
0,0,0,2,1,6,5,3,0,0,0,2,3,2,0,1,1,0,3,3,0,2,0,2,2,1,3,0,1,0,0,1,0,0,0,0,0,0
1,0,0,3,4,12,13,3,2,0,1,5,6,3,2,1,3,1,6,3,4,9,0,2,1,0,11,1,0,2,0,0,2,0,0,2,0,0
0,2,1,2,6,1,8,6,3,1,2,6,3,7,1,0,3,5,6,7,0,11,1,2,6,2,16,1,2,2,2,0,2,1,1,0,0,3
2,0,0,3,1,5,12,2,1,0,1,3,5,1,0,2,5,5,5,2,0,9,0,1,6,1,15,2,5,1,0,3,0,0,0,2,0,2
1,1,1,3,7,3,5,5,1,2,9,7,3,8,3,3,8,4,5,16,1,10,5,4,16,4,11,4,3,4,1,1,1,4,2,1,0,0
0,0,0,2,6,0,3,1,0,3,3,4,0,1,0,0,0,0,1,5,0,1,0,0,1,0,4,1,0,0,1,0,0,0,2,0,0,0
0,0,0,3,0,5,10,6,1,4,10,9,10,7,3,0,6,4,7,11,1,0,1,1,11,2,12,1,2,3,0,0,0,3,3,0,0,0
2,0,0,2,0,0,0,1,0,0,0,0,0,4,0,0,1,0,2,0,0,0,0,0,5,0,4,1,0,1,0,0,0,0,0,0,0,0
0,1,0,0,2,1,0,0,0,1,0,2,1,0,1,0,1,3,0,1,0,0,0,0,2,0,4,0,0,3,1,0,0,1,0,0,0,0
0,0,1,2,7,2,1,3,0,1,5,5,1,5,1,2,2,11,3,18,2,10,0,3,40,5,26,21,4,15,0,0,4,10,4,4,0,2
0,0,0,3,0,0,1,1,0,1,1,0,0,2,0,0,0,3,3,4,3,0,0,0,6,1,4,5,0,2,0,0,0,1,0,2,1,0
1,1,0,5,4,5,11,4,3,1,2,9,9,7,2,1,5,10,11,9,5,10,1,4,25,1,34,15,15,29,4,0,0,12,2,4,1,0
0,0,0,2,6,3,2,0,0,0,2,4,1,3,0,0,1,1,2,9,0,3,0,2,26,6,11,9,2,22,3,0,2,10,4,5,0,1
0,0,0,0,0,2,0,0,0,1,1,3,1,0,0,1,1,0,2,4,2,3,2,0,1,0,7,12,2,7,0,0,0,4,0,1,0,0
0,0,0,0,1,1,4,2,2,0,5,4,3,5,0,2,4,4,13,9,0,5,0,5,18,1,21,15,9,38,2,4,2,5,1,3,1,0
0,2,2,0,0,1,4,0,0,0,0,2,0,0,0,0,2,3,0,0,0,0,0,0,0,0,4,3,2,9,0,1,0,2,0,2,0,0
0,0,2,0,0,0,0,0,0,0,0,2,0,0,0,0,0,0,0,0,0,1,0,1,0,0,0,1,2,5,2,0,2,0,0,0,0,0
0,0,0,2,0,0,1,1,2,0,0,0,5,0,1,0,0,3,1,2,0,0,0,0,0,1,0,0,0,1,1,0,0,2,0,0,0,1
0,0,0,1,0,0,1,0,0,0,1,6,5,2,1,0,1,7,3,8,2,1,0,0,15,0,5,9,2,11,6,0,0,5,0,1,0,2
0,0,0,2,0,1,3,0,0,0,0,0,0,1,0,0,0,0,0,2,0,1,0,0,1,3,2,2,1,1,0,0,0,2,0,0,0,0
0,0,0,1,0,1,1,0,2,0,0,0,2,2,0,1,1,1,2,0,0,1,2,0,2,0,3,0,1,2,0,2,0,2,1,0,0,0
0,0,0,0,0,0,0,0,0,0,1,0,0,0,1,0,0,0,0,0,0,0,0,0,0,0,1,3,0,0,0,1,0,0,0,0,0,0
0,0,0,1,0,0,0,0,0,0,3,2,0,0,0,1,2,0,0,1,1,4,0,2,1,0,0,0,0,0,1,0,1,0,0,0,0,1
