0,1,0,1,1,0,0,0,0,0,1,0,0,0,0,0,0,0,0,0,0,0,0,0,0,0,0,0,0,0,0,0,0,0,0,0,0,0
1,1,3,6,2,2,1,0,0,0,0,0,0,0,0,0,0,0,0,0,0,0,0,0,0,0,1,0,0,3,0,0,0,0,0,0,0,0
0,4,8,3,2,5,0,0,1,0,0,0,0,0,0,0,0,0,0,0,0,0,0,0,0,0,1,0,0,2,0,0,0,0,0,0,0,0
3,27,6,83,26,59,28,2,1,5,4,10,1,3,0,2,3,0,5,10,3,0,0,2,5,1,4,2,2,0,1,0,0,0,0,2,0,0
1,4,0,30,21,10,13,5,0,6,6,15,7,8,2,4,0,1,1,7,2,3,0,3,1,2,2,2,0,4,0,0,0,1,0,0,0,0
4,7,7,46,10,130,56,10,8,0,2,6,10,1,2,3,7,1,5,0,0,6,2,2,0,1,10,0,0,4,1,0,0,2,1,1,0,0
0,3,1,20,16,89,47,8,5,0,2,7,8,5,7,2,12,5,5,5,1,11,0,3,5,5,8,3,3,3,0,0,4,2,0,0,0,0
2,0,2,8,4,18,16,0,1,0,3,1,6,3,2,2,9,4,3,2,2,3,5,2,1,0,3,0,0,3,0,0,0,0,0,0,0,1
0,0,0,4,2,19,11,3,0,0,0,2,0,0,0,2,2,3,3,0,0,3,0,0,0,2,0,3,0,0,1,0,0,0,0,0,0,0
0,0,0,4,6,3,2,0,0,1,1,0,2,0,0,0,0,1,0,5,2,4,0,0,3,0,0,1,1,0,0,0,0,1,0,0,0,0
2,3,0,3,8,2,4,4,0,4,3,5,6,0,1,0,3,2,0,7,1,5,1,0,5,1,2,1,2,1,0,0,2,1,0,0,0,0
1,1,0,7,6,17,10,3,0,5,2,0,1,14,1,6,7,10,3,18,2,11,2,7,12,1,14,3,2,7,0,0,0,9,1,1,0,2
1,2,0,9,2,15,9,2,4,0,2,9,6,3,1,3,3,9,9,4,0,7,3,4,3,1,8,2,4,0,0,2,0,0,0,0,0,1
2,0,0,4,1,3,6,5,2,4,0,16,2,3,0,0,7,4,4,2,2,7,0,1,3,0,8,3,1,2,1,0,0,5,0,0,0,1
0,0,0,0,0,1,0,0,0,0,0,0,1,1,0,0,0,0,1,1,0,6,0,0,0,2,2,1,2,1,0,0,0,1,0,0,0,0
0,0,0,4,3,6,9,5,0,0,0,2,1,1,0,0,0,0,2,0,1,2,0,1,2,1,10,0,0,0,1,0,0,2,0,0,0,0
0,1,0,0,5,14,12,5,1,0,1,4,2,8,0,0,2,8,5,3,4,3,1,5,4,2,6,6,3,2,0,0,5,0,0,0,0,2
2,0,0,8,6,3,11,8,3,0,1,7,7,5,1,2,5,0,5,3,1,6,3,8,12,3,11,3,6,2,1,0,0,1,3,0,0,0
1,0,0,1,1,6,17,3,1,2,1,2,2,3,2,2,7,9,3,7,4,4,2,2,2,1,14,1,4,3,0,3,0,0,0,1,0,0
0,0,0,5,3,9,6,1,0,3,9,13,1,5,2,3,2,4,6,23,5,9,2,1,7,1,8,9,1,8,0,0,3,1,0,0,0,0
2,0,0,0,2,1,0,0,0,6,2,5,5,2,0,2,3,3,4,1,0,2,0,1,5,0,0,1,0,4,0,0,3,0,0,0,0,0
0,0,0,4,3,8,8,5,2,0,5,8,2,4,1,6,11,11,2,5,1,6,1,2,18,2,11,2,0,3,0,0,2,3,0,2,0,0
1,0,0,1,1,2,5,3,0,0,0,3,0,0,0,1,0,0,0,2,1,1,2,1,3,1,3,0,0,1,0,0,0,1,0,1,0,0
1,0,0,0,2,0,0,3,0,4,0,2,1,3,0,0,2,2,1,1,0,1,0,1,3,0,4,0,1,3,3,3,0,0,2,0,0,0
0,2,2,5,9,7,6,2,0,5,4,4,0,9,0,1,4,12,5,21,3,11,3,2,40,8,26,13,6,14,2,0,2,15,5,0,0,0
0,0,0,1,0,0,0,0,0,0,0,3,0,1,0,0,0,6,1,3,0,1,0,0,3,0,4,0,1,5,0,0,0,0,1,0,0,0
0,0,0,3,1,5,13,2,3,1,2,14,8,6,0,4,11,15,21,12,0,12,2,11,18,7,27,27,16,23,1,0,1,4,1,1,1,1
0,2,1,1,3,3,3,3,0,1,0,1,1,2,0,0,0,0,3,3,1,8,1,1,20,4,13,18,10,17,0,1,0,9,0,0,0,1
0,0,0,0,0,0,1,1,1,1,0,0,0,1,0,0,1,1,1,2,0,1,0,0,12,3,2,12,1,3,1,0,0,6,2,0,1,0
0,0,0,4,3,3,8,2,0,0,1,2,1,8,0,1,2,14,4,3,2,3,4,0,15,7,17,14,11,26,6,2,2,11,1,0,0,1
0,0,0,0,0,0,0,0,0,0,0,0,0,2,0,0,3,3,0,0,0,2,0,0,0,0,0,2,4,1,1,1,1,0,1,2,0,0
0,0,0,0,0,0,2,0,0,0,0,0,1,0,0,0,1,1,2,0,0,0,0,0,1,0,1,0,0,1,0,1,1,0,0,2,0,0
0,0,0,0,0,0,4,0,0,0,1,2,3,1,0,0,0,4,3,2,0,0,0,0,0,0,2,0,0,3,0,0,0,3,1,0,0,1
0,0,0,0,0,2,1,1,0,1,0,1,3,1,0,2,4,0,2,10,0,7,1,3,16,4,10,11,6,10,1,1,3,7,2,2,0,3
0,0,0,0,0,2,2,0,0,0,0,0,0,0,0,0,2,0,0,0,0,0,0,0,11,0,1,1,0,2,2,4,0,3,0,0,0,0
0,0,0,0,0,0,2,2,0,0,1,0,0,0,0,0,0,1,0,3,0,0,0,0,1,0,0,1,0,2,0,0,2,1,1,1,1,2
0,0,0,0,0,0,0,0,0,0,4,0,1,0,0,0,0,0,0,0,0,3,0,0,1,0,0,0,1,0,0,0,0,0,0,0,0,0
0,0,0,3,0,0,0,0,1,1,1,0,2,0,0,0,1,0,0,1,0,1,0,1,0,0,0,2,0,1,0,1,0,0,0,0,0,2
