1,1,0,0,0,0,1,0,0,0,0,0,0,0,0,0,0,0,0,0,0,0,0,0,0,0,0,0,0,0,0,0,0,0,0,0,0,0
1,10,8,6,2,3,4,0,0,1,2,0,0,1,0,0,0,0,1,1,0,0,1,0,1,0,1,0,0,0,0,0,0,0,0,0,0,0
0,3,6,1,0,12,1,0,1,0,2,0,0,0,0,0,0,0,0,0,0,0,0,0,0,0,0,0,0,0,0,0,0,0,0,0,0,0
1,36,4,111,46,57,24,3,0,7,4,7,2,3,1,0,2,8,2,0,2,1,0,0,1,0,3,0,0,2,0,0,0,0,0,0,0,0
2,6,0,45,14,17,15,6,4,3,3,12,1,9,1,0,2,4,4,7,1,4,1,3,7,0,2,1,1,5,0,0,0,0,0,0,0,1
0,7,19,43,11,167,95,4,9,2,5,5,6,2,0,3,6,3,6,1,3,0,0,0,6,2,4,0,0,4,0,1,0,0,0,1,0,0
1,1,3,31,15,82,72,11,13,2,4,9,17,5,4,2,14,10,0,2,1,8,1,1,2,2,8,4,1,8,0,0,0,1,0,0,0,0
0,0,5,5,4,18,18,2,0,1,0,3,2,1,0,0,3,3,3,2,0,2,1,1,4,0,10,1,2,4,0,0,0,0,0,0,0,1
0,0,1,1,0,10,16,2,0,0,0,1,1,1,0,0,1,2,2,0,0,3,0,0,2,1,2,2,0,3,0,0,0,0,0,1,0,0
0,0,0,1,12,1,3,0,1,2,2,0,1,1,0,1,1,1,0,4,1,5,0,0,2,3,0,1,0,0,0,0,0,0,0,0,0,0
0,1,0,3,4,4,7,2,0,3,2,8,3,3,1,3,4,7,1,9,9,7,0,0,5,4,7,0,0,1,2,0,1,0,0,1,0,1
1,2,0,7,7,16,17,4,2,3,7,3,6,5,0,6,2,9,3,0,4,14,2,1,3,2,8,3,1,2,1,0,1,1,1,0,0,0
0,0,0,1,3,18,20,2,3,1,5,1,4,5,0,1,7,10,7,0,0,9,0,4,6,1,11,1,2,0,0,1,0,2,0,1,0,0
0,0,0,3,7,2,7,5,3,1,1,4,3,2,0,2,1,6,3,2,2,13,0,0,3,1,7,2,2,7,3,2,1,1,1,0,0,2
0,0,0,1,0,2,5,1,0,0,1,0,0,1,0,0,0,0,0,1,1,1,0,1,2,0,1,0,0,0,0,2,0,2,0,0,0,0
0,0,0,0,5,4,5,8,0,0,4,3,2,3,0,1,0,0,0,1,1,5,1,1,4,0,3,0,1,5,0,0,0,0,0,0,0,0
0,0,0,0,2,9,13,5,4,0,2,3,3,3,1,2,2,3,5,8,0,5,0,2,4,1,5,0,0,4,0,0,0,2,0,0,0,1
1,0,0,2,2,2,14,5,1,1,5,9,11,2,2,2,2,3,4,5,0,17,0,4,4,1,10,5,0,3,1,1,1,1,0,0,0,0
0,0,0,2,3,7,7,2,0,0,1,1,6,3,0,3,7,6,10,3,2,10,4,2,5,2,21,1,4,6,0,0,2,0,0,0,0,0
0,3,3,5,3,1,6,3,1,2,7,0,1,5,0,2,4,7,3,15,0,6,5,3,13,8,1,6,1,16,0,0,0,0,3,0,0,0
0,0,0,2,4,0,0,0,0,0,0,1,4,0,0,0,4,5,0,5,0,0,0,1,0,0,2,0,0,1,0,0,0,0,0,0,0,1
0,0,1,0,1,6,1,3,0,0,2,4,2,5,1,4,5,7,3,15,2,2,4,0,7,1,8,2,0,0,0,0,1,3,0,0,0,2
0,2,0,0,0,0,1,1,0,0,0,0,2,0,0,0,0,1,1,0,0,2,0,0,0,0,4,3,1,0,0,0,0,0,0,0,0,0
0,0,0,1,3,4,1,1,1,0,0,6,2,3,0,0,3,3,3,4,3,1,0,1,6,0,4,0,1,0,0,0,0,0,0,1,0,0
0,1,0,6,4,0,2,6,2,5,2,5,6,6,0,2,0,6,9,14,4,17,2,3,40,9,26,17,7,16,2,1,0,6,1,1,0,0
0,0,0,0,1,0,1,0,0,0,2,3,0,2,1,0,1,1,2,0,0,2,1,0,10,3,5,4,1,2,0,0,0,1,0,0,0,0
1,3,2,4,4,13,8,9,3,2,2,9,10,2,1,6,9,13,17,13,2,15,3,4,37,4,27,12,10,25,8,0,0,9,0,1,0,0
1,0,0,2,1,3,0,1,1,0,3,4,0,10,0,0,0,3,1,7,3,6,1,0,17,6,15,15,10,24,1,0,0,8,8,1,0,1
0,0,0,2,6,1,4,1,1,0,0,1,0,1,0,0,0,1,0,6,2,3,0,0,7,0,7,10,4,16,0,0,0,3,1,0,0,0
1,0,0,0,2,4,1,0,2,2,6,5,4,4,2,0,4,4,8,3,0,6,2,0,8,0,34,15,14,34,5,3,1,8,2,1,1,1
0,0,0,1,0,1,2,0,0,0,1,0,1,2,0,0,0,3,0,0,0,0,0,1,0,1,2,1,0,6,3,1,1,0,0,0,0,0
0,0,0,0,0,0,0,0,0,0,0,0,2,0,0,0,1,0,0,0,1,1,0,3,0,0,0,0,1,3,5,0,0,0,0,0,0,0
0,0,0,0,0,0,0,0,0,0,2,0,0,0,0,1,0,0,1,1,0,0,0,0,0,1,3,4,0,1,1,0,0,0,0,1,0,1
0,0,0,3,2,0,1,1,0,0,0,2,0,1,2,0,1,4,1,3,0,1,0,0,12,2,6,15,2,12,2,0,2,14,4,0,0,2
0,0,0,1,0,2,0,0,0,0,0,0,0,0,0,0,1,0,0,2,0,3,0,2,1,0,2,2,1,5,1,0,0,1,0,0,0,1
0,0,0,0,1,0,0,0,0,0,1,1,1,0,0,2,0,2,0,2,0,0,0,0,1,0,1,0,1,2,0,0,0,1,1,0,0,1
0,0,0,0,0,0,0,0,0,0,0,0,0,0,0,0,2,0,0,0,0,0,0,0,0,0,1,0,0,0,0,0,0,1,0,0,0,0
0,0,0,0,1,0,0,0,0,0,0,0,0,2,0,0,0,0,0,1,0,0,0,1,0,1,1,2,0,0,0,0,0,2,0,0,0,1
