0,3,1,1,0,0,0,0,1,0,0,0,0,0,0,0,0,0,0,0,0,0,0,0,0,0,0,0,0,0,0,0,0,0,0,0,0,0
1,12,6,21,2,4,3,2,0,2,0,0,0,1,0,0,0,2,0,0,0,3,0,0,0,0,0,0,0,0,0,0,0,0,0,0,0,0
0,5,5,3,0,8,2,1,0,0,0,0,0,0,0,0,0,0,0,0,0,0,0,0,0,0,0,0,0,0,0,0,0,0,0,0,0,0
4,23,2,131,35,64,33,7,3,0,5,8,5,1,0,3,2,0,0,0,2,0,0,0,4,0,7,4,1,3,0,0,0,1,1,2,0,0
1,2,0,35,12,12,24,0,1,3,5,10,2,6,3,2,1,5,0,2,3,2,0,2,2,0,3,0,0,2,0,0,0,0,0,0,0,0
0,10,10,53,17,155,105,2,5,0,3,4,11,2,3,5,14,9,4,1,2,1,1,1,6,1,8,5,0,4,0,0,2,3,0,1,0,0
1,6,4,32,22,107,68,18,9,0,3,7,16,5,2,2,14,8,4,7,2,4,3,2,7,2,9,0,4,2,3,2,1,1,2,0,0,1
0,0,0,11,7,14,7,3,2,0,0,3,5,4,1,6,10,9,5,0,0,5,4,4,2,2,7,6,0,2,0,0,0,1,0,0,0,0
0,0,0,1,1,14,10,2,0,0,0,0,1,0,0,0,1,0,2,0,0,0,0,0,0,0,1,0,0,0,0,0,0,0,0,0,0,1
0,1,0,1,2,0,1,1,0,1,5,2,0,3,0,0,0,0,0,7,0,1,0,2,2,0,3,1,0,0,0,0,0,2,1,1,0,0
0,0,0,9,7,5,4,0,5,1,4,2,4,0,0,0,1,4,2,6,0,1,1,1,11,0,4,2,0,4,0,0,0,1,0,1,0,0
0,0,0,7,8,13,10,1,3,1,4,10,5,5,3,2,4,11,2,2,3,7,1,4,3,1,10,4,2,2,0,0,2,5,2,1,2,1
0,3,0,5,1,12,16,0,4,1,3,2,6,1,0,3,5,5,5,5,1,3,0,1,3,5,2,1,0,7,0,0,3,0,0,1,0,0
0,0,0,1,3,3,7,2,1,2,1,4,4,1,1,1,5,4,1,10,1,13,0,1,8,0,10,1,0,2,2,1,0,0,0,1,0,1
0,0,0,0,5,3,0,0,0,0,0,1,1,0,2,0,0,0,1,0,0,6,0,2,1,1,1,0,0,0,0,0,0,0,0,0,0,0
0,0,0,3,2,5,5,1,1,1,0,1,0,1,0,0,0,1,2,2,0,4,0,0,1,0,2,0,0,2,0,2,0,0,1,0,0,0
0,1,0,3,3,7,14,0,3,2,7,6,3,6,1,1,1,4,10,4,3,7,1,0,2,0,16,1,0,3,1,0,0,1,2,0,1,1
0,1,0,1,1,7,9,6,4,2,2,4,4,5,0,0,6,5,4,2,3,22,0,1,3,0,12,0,0,7,0,2,1,0,0,2,0,0
0,0,1,2,1,2,5,1,0,0,0,3,5,3,0,0,0,2,3,0,0,3,0,1,1,4,17,0,4,4,0,0,1,1,1,2,0,2
0,4,2,1,8,2,4,4,1,3,9,10,4,10,0,3,10,6,2,9,3,6,0,1,14,2,7,2,8,5,0,0,3,10,1,0,0,4
0,0,0,0,6,2,0,0,0,0,2,3,0,0,0,0,1,2,0,3,0,1,0,0,8,0,2,1,2,1,1,0,0,1,0,1,0,1
0,0,0,4,1,1,0,5,1,1,4,14,3,8,2,2,5,10,5,2,1,7,2,2,10,3,17,3,4,3,0,0,0,6,0,2,0,0
0,0,0,0,0,0,4,0,1,0,0,0,0,0,0,1,2,4,0,2,0,2,0,1,0,0,1,0,0,0,0,0,1,0,0,0,0,0
0,0,0,2,0,2,2,4,0,0,0,3,1,2,0,0,3,2,2,3,0,1,0,0,3,0,7,1,0,3,1,0,0,0,0,0,0,2
0,0,1,4,4,2,11,4,0,5,2,10,3,4,2,0,1,8,10,20,0,10,3,4,28,11,28,15,6,12,6,0,1,5,1,3,0,0
0,0,0,1,2,1,2,0,0,0,1,1,1,2,0,0,2,0,2,6,0,3,0,2,7,2,4,3,1,3,0,0,0,0,0,0,0,0
0,0,0,1,5,8,8,3,6,0,2,11,2,6,4,4,6,19,18,10,9,11,4,3,24,5,33,12,19,35,0,1,0,5,1,0,0,0
0,0,0,2,1,3,0,2,0,4,1,2,2,3,0,4,0,1,2,7,1,2,1,1,17,0,14,6,9,16,2,0,0,15,1,5,0,0
0,0,0,0,0,2,2,0,0,0,2,1,2,0,0,2,3,1,0,2,0,3,0,2,6,1,2,10,5,6,2,1,0,3,2,0,0,1
0,2,0,0,1,3,4,5,0,0,4,5,1,3,1,1,3,2,6,7,2,3,3,3,15,3,33,15,14,35,1,0,1,7,1,3,0,0
0,0,1,0,1,1,0,1,0,1,1,0,2,1,0,0,1,0,0,0,2,1,0,0,1,3,1,3,2,3,2,0,0,0,0,0,0,2
0,0,0,0,0,1,0,0,0,0,2,0,0,0,0,0,0,2,0,0,0,0,1,0,0,0,3,0,0,3,0,1,0,0,0,1,0,0
0,0,0,0,0,0,1,0,0,1,0,0,0,0,0,0,1,1,0,0,0,0,0,0,0,3,1,0,0,4,2,0,0,1,0,0,0,3
0,0,0,0,4,1,1,0,0,0,1,2,2,2,0,1,4,4,2,2,0,1,0,3,12,3,7,11,2,4,3,0,2,3,10,4,0,1
0,0,1,0,0,0,3,0,0,0,0,0,0,2,0,0,0,0,0,1,2,0,0,0,1,0,3,2,0,3,1,1,2,0,0,0,0,2
0,0,0,0,0,0,0,1,0,0,1,0,1,0,1,0,0,0,2,2,2,0,1,0,2,0,4,3,2,3,0,1,1,3,0,0,0,0
0,0,0,0,0,0,0,0,0,0,0,0,0,2,0,0,0,0,0,0,0,0,0,0,0,0,0,0,0,0,0,0,0,0,0,0,0,0
0,0,0,0,0,0,0,0,0,0,0,0,0,0,1,1,2,0,0,0,0,0,0,2,1,1,1,0,0,0,0,0,1,0,0,0,1,3
