0,0,1,0,0,0,0,0,0,1,0,0,0,0,0,0,0,0,0,0,0,0,0,0,0,0,0,0,0,0,0,0,0,0,0,0,0,0
3,14,5,24,3,13,0,1,0,0,0,4,0,0,0,0,0,0,0,0,0,1,0,0,0,0,0,0,0,0,0,0,0,0,0,0,0,0
3,3,2,3,0,8,1,0,0,0,0,0,0,0,0,0,0,0,0,0,0,0,0,0,0,0,0,0,0,0,0,0,0,0,0,0,0,0
2,29,4,137,44,60,28,5,3,3,6,9,1,0,2,0,2,2,1,7,0,0,0,0,11,2,0,2,2,4,0,0,0,0,0,0,0,0
1,4,0,37,11,21,23,4,0,1,2,10,2,2,0,1,1,2,2,8,2,4,0,1,4,0,6,3,0,0,1,0,0,2,2,1,0,0
1,6,18,62,22,204,101,9,10,0,3,3,7,1,1,2,8,2,3,1,0,1,2,0,2,1,16,1,2,2,0,0,1,0,0,0,0,1
0,1,4,28,15,107,47,15,9,0,1,9,14,3,4,2,10,10,3,1,3,8,0,2,0,0,14,3,2,4,0,0,0,1,0,0,0,0
0,1,0,9,4,12,14,0,5,0,1,7,4,5,1,10,8,2,2,3,2,6,1,2,3,2,4,0,0,2,4,0,0,5,0,0,0,0
0,0,0,1,0,15,20,0,6,0,0,0,2,0,0,0,1,0,3,1,2,0,0,4,0,0,1,2,0,4,0,0,0,0,0,1,0,0
0,0,0,2,4,0,3,1,0,1,3,5,0,0,0,0,0,3,0,8,5,0,0,0,1,0,3,2,0,0,0,1,0,0,0,1,0,0
3,0,0,6,7,11,2,2,1,1,2,6,0,6,0,1,4,4,1,10,0,8,0,0,6,0,3,2,4,0,0,0,0,1,0,1,1,2
0,2,0,7,9,13,6,4,3,0,7,3,4,4,0,5,4,7,3,3,5,9,0,5,5,1,13,2,1,1,0,0,0,2,1,1,0,0
0,1,0,8,2,13,19,2,0,2,3,2,5,5,1,1,1,8,2,1,0,5,0,2,1,0,4,3,0,1,0,0,1,2,0,1,0,3
0,0,1,0,7,2,4,2,0,2,2,3,5,6,0,1,2,6,3,5,3,6,2,2,3,1,4,1,3,4,1,0,0,0,0,1,0,1
0,0,0,0,0,1,0,0,0,0,1,0,0,1,0,0,1,1,1,3,1,1,0,1,1,0,7,0,0,0,0,0,0,1,0,0,0,1
0,1,0,3,2,15,9,2,0,0,0,3,0,1,0,0,1,2,4,0,2,6,0,0,4,1,2,0,0,3,0,0,1,1,0,3,0,0
0,0,0,6,3,8,10,2,2,0,0,14,3,2,1,1,2,4,5,5,2,8,3,0,1,3,4,3,0,2,0,0,0,2,1,0,0,5
0,1,0,1,1,2,5,7,7,2,1,10,9,3,5,4,1,5,5,0,1,18,3,0,2,0,18,4,2,4,0,0,1,0,0,1,0,1
0,0,0,0,0,7,9,1,1,1,1,3,4,1,0,4,6,8,7,1,0,2,0,0,1,0,11,4,2,15,0,0,0,3,0,0,0,1
0,2,0,4,1,5,8,1,0,1,8,7,1,6,2,2,2,7,4,18,5,4,2,1,19,1,5,5,1,5,1,0,1,0,0,0,0,3
0,1,0,2,2,1,1,1,0,0,2,3,1,1,0,0,1,1,1,1,0,6,1,0,3,1,1,0,0,0,0,0,0,0,0,0,0,0
1,0,1,2,4,5,4,4,0,1,3,12,2,1,0,0,6,12,1,3,1,7,1,3,10,0,15,0,1,1,1,0,3,4,0,2,0,0
0,0,0,0,0,3,1,0,0,0,0,1,0,1,0,2,0,0,0,1,0,0,2,0,0,0,0,0,1,1,0,0,0,0,0,0,0,0
0,0,0,1,2,2,2,0,0,0,3,4,0,3,0,1,0,3,1,2,0,2,1,1,1,1,6,6,0,5,0,0,0,2,0,0,0,0
2,3,0,5,1,2,3,2,1,2,10,0,3,9,1,2,4,5,6,11,6,13,0,3,37,12,27,17,5,16,2,2,0,14,2,2,0,0
0,0,0,1,0,0,1,2,0,0,1,2,2,1,0,0,1,1,0,9,0,2,0,0,6,2,3,1,1,2,0,0,0,2,2,0,0,1
0,3,1,7,6,13,11,3,0,4,2,3,6,1,0,1,8,17,11,10,1,9,3,6,26,2,32,14,24,31,7,0,2,4,3,3,0,0
1,0,0,1,2,1,2,3,0,0,3,2,0,2,1,0,3,3,2,2,0,11,1,0,21,4,13,27,9,9,2,1,0,7,0,3,0,0
0,0,0,2,0,2,1,3,0,0,0,0,2,1,0,0,3,1,3,1,3,3,0,1,11,2,3,10,6,11,3,1,0,0,0,0,0,0
0,0,0,1,1,1,1,2,2,0,7,2,1,4,1,1,5,4,1,5,2,4,2,1,9,6,23,17,10,31,6,3,0,8,1,0,0,6
1,0,0,0,0,2,1,0,0,0,0,0,0,0,0,1,2,0,0,0,0,0,0,0,0,0,0,1,0,3,0,1,0,1,0,0,0,2
0,0,0,0,0,0,0,0,0,0,0,0,1,1,0,0,3,1,1,1,0,1,0,0,0,0,1,1,1,5,0,1,0,0,0,0,0,2
0,0,0,0,1,1,0,3,0,0,0,0,0,0,0,0,0,1,2,1,0,0,0,0,1,0,1,4,1,0,3,2,1,3,1,0,0,0
0,1,0,0,2,2,0,0,0,1,0,0,1,4,0,0,5,1,3,6,0,1,0,1,6,0,4,7,2,5,4,2,3,4,3,7,0,4
0,0,0,0,0,0,1,0,0,0,1,0,0,0,0,0,0,1,0,2,0,2,0,0,2,0,3,2,4,2,0,0,0,2,0,0,0,0
1,0,0,0,0,1,0,0,0,0,0,1,0,0,0,0,2,4,0,2,0,0,0,0,0,1,2,0,0,6,1,1,0,6,0,0,0,1
0,0,0,0,0,0,0,0,0,0,0,0,0,0,0,0,0,0,1,0,0,0,0,0,0,0,0,0,0,0,1,0,0,0,0,2,0,0
0,0,0,0,0,0,0,1,0,0,4,0,1,0,0,0,0,1,0,0,0,0,3,0,3,0,1,1,1,0,0,0,1,0,0,1,0,4
