4,3,2,0,0,0,0,0,0,0,1,0,0,0,0,0,0,0,0,0,0,0,0,0,0,0,0,0,0,0,0,0,0,0,0,0,0,0
0,8,3,17,1,4,0,0,0,1,0,0,0,1,0,0,1,0,0,0,0,0,0,0,1,1,2,2,0,1,0,0,0,0,0,0,0,0
0,7,2,5,1,3,2,1,0,0,0,0,0,0,0,0,0,0,0,0,0,0,0,0,1,0,0,0,0,0,0,0,0,0,0,0,0,0
2,25,6,125,29,73,31,4,1,1,7,0,5,3,1,2,2,1,3,2,2,2,1,0,2,0,2,2,0,2,0,0,2,1,0,0,2,1
2,2,1,32,22,16,10,8,1,3,4,6,2,2,0,3,4,3,3,12,3,3,0,1,2,0,2,0,0,1,0,0,0,4,0,0,0,0
2,14,15,67,18,158,83,19,14,0,5,13,9,1,0,3,11,6,5,0,2,4,1,1,2,0,9,0,3,7,0,1,0,0,2,0,0,0
0,1,1,42,14,88,59,17,4,0,2,6,12,3,1,2,15,5,7,3,5,6,4,2,7,3,15,2,0,8,1,0,1,2,0,0,0,0
0,2,0,4,7,9,25,3,2,0,1,4,6,2,0,4,10,6,5,1,0,1,3,1,3,0,10,0,1,3,0,0,0,1,0,0,0,0
0,0,1,1,1,11,10,0,0,0,0,3,0,0,0,0,0,1,4,2,0,0,0,0,0,0,5,1,0,0,1,0,0,0,0,0,0,0
0,1,0,0,6,0,1,0,0,0,1,0,0,0,0,1,0,0,2,3,1,2,0,1,0,0,0,1,1,1,0,0,0,1,0,0,0,0
0,0,0,6,8,6,7,0,0,0,6,4,1,3,0,3,4,2,1,7,4,14,1,0,3,0,4,2,0,0,1,0,0,0,0,0,0,0
1,0,0,7,11,10,9,0,3,4,7,0,1,4,2,5,1,4,2,4,4,14,1,0,6,1,5,4,1,4,2,2,0,1,0,2,0,2
0,2,0,2,4,11,16,0,0,0,2,2,4,4,0,1,1,5,4,1,0,2,3,0,2,1,10,2,0,0,3,3,1,1,0,4,0,0
0,0,0,1,4,3,5,6,0,2,3,5,4,0,1,1,4,7,1,6,4,12,0,5,5,1,4,1,3,6,0,0,1,2,2,1,0,0
0,0,0,0,0,0,3,1,0,0,0,0,0,1,0,0,2,0,1,0,0,4,2,2,2,0,2,0,0,0,0,0,0,0,0,0,0,0
2,0,0,9,1,2,5,0,1,0,0,1,3,1,0,0,1,1,4,0,0,5,1,5,0,0,9,0,3,1,0,0,0,1,2,0,0,0
0,0,0,2,3,3,9,4,1,3,2,3,7,0,3,0,3,2,9,1,1,9,1,4,6,1,4,1,1,5,0,1,0,0,0,0,0,1
1,0,1,0,0,11,8,2,4,0,6,5,7,4,0,1,2,7,6,7,6,13,0,2,1,0,21,4,2,4,0,3,0,5,0,1,1,1
0,3,0,2,3,5,12,4,2,1,0,8,4,0,1,0,3,11,5,4,2,2,2,0,1,1,16,3,2,9,1,2,0,0,0,0,0,0
1,0,1,7,2,5,4,1,0,4,15,16,0,4,2,1,7,7,8,11,3,7,1,2,3,1,6,2,1,3,0,0,0,2,0,2,0,4
0,0,0,3,2,1,1,0,0,1,5,1,0,0,0,0,2,1,1,2,0,5,0,3,3,0,1,0,0,1,0,0,0,0,0,0,0,0
0,0,0,1,0,6,6,1,0,1,5,11,1,5,1,3,5,1,4,7,0,3,0,2,6,1,5,4,4,2,2,0,0,4,0,0,0,1
0,0,0,0,0,0,4,0,1,0,1,1,1,0,0,0,0,4,1,1,0,3,0,0,2,0,1,1,0,0,1,0,0,0,0,0,0,0
0,0,0,0,1,0,5,0,0,0,2,1,1,1,0,1,0,3,4,7,4,2,1,1,1,1,2,2,0,1,0,1,0,0,0,0,0,0
0,2,2,6,5,3,1,3,4,3,9,13,3,4,2,2,4,1,2,19,4,13,1,5,34,4,12,23,5,15,0,0,6,15,0,5,0,0
0,0,0,0,3,0,1,0,1,2,0,3,0,2,0,0,1,2,5,0,0,4,0,0,3,1,12,4,1,3,0,0,0,1,0,0,0,3
0,0,1,5,2,9,15,2,1,0,0,6,9,6,0,6,7,16,9,8,2,25,1,5,30,4,26,12,18,35,0,7,4,6,0,2,1,3
0,1,0,1,2,5,4,1,0,2,2,1,1,2,0,0,3,3,5,8,0,2,0,1,21,4,13,14,5,10,3,0,0,5,0,0,0,0
0,0,0,0,2,0,1,0,1,0,0,1,0,1,0,0,0,1,3,0,0,6,0,0,9,1,11,7,3,11,0,0,0,5,1,1,0,0
0,1,0,1,0,4,4,0,2,1,3,5,5,2,0,0,2,7,5,6,2,7,3,0,15,2,28,17,7,35,5,1,0,7,0,7,1,2
0,0,0,0,0,0,3,0,0,0,0,1,0,1,0,0,0,3,0,0,0,0,1,3,2,0,0,0,1,2,1,1,0,0,1,0,0,0
0,0,0,0,1,0,0,0,0,0,0,1,1,0,0,0,0,3,0,0,0,1,0,0,1,0,0,1,0,4,2,1,0,0,0,0,0,0
0,0,0,2,0,1,1,0,0,0,0,0,0,2,0,1,0,1,0,4,1,0,0,0,1,0,2,0,0,6,3,0,1,2,0,0,0,1
0,0,0,0,1,1,1,0,1,0,0,3,0,2,0,0,2,2,1,4,0,8,0,2,4,2,6,7,3,5,3,0,2,1,1,1,0,5
0,0,0,0,0,0,2,0,0,0,2,3,2,0,0,0,0,1,3,0,2,1,0,1,0,0,3,0,0,5,5,0,1,4,0,3,0,0
0,0,0,0,3,0,0,0,0,0,0,3,0,1,0,1,1,2,0,2,0,3,0,0,2,0,0,2,2,2,0,2,2,4,0,0,0,0
0,0,0,0,0,0,0,0,0,0,1,0,0,0,0,1,2,0,0,0,0,0,0,0,1,0,0,0,0,0,0,0,1,0,0,0,0,0
0,0,0,0,1,0,0,1,0,0,0,0,0,1,0,0,1,0,1,0,0,1,0,0,3,0,0,1,0,2,0,0,0,1,4,0,0,1
