0,0,0,2,0,0,0,0,0,0,0,0,0,0,0,0,0,0,0,0,0,0,0,0,0,0,0,0,0,0,0,0,0,0,0,0,0,0
4,10,1,17,3,2,0,0,0,1,0,0,0,0,0,0,0,0,0,0,0,0,0,0,0,0,0,0,0,0,0,0,0,0,0,0,0,0
0,9,4,6,0,11,1,0,0,0,1,0,0,0,0,0,0,0,0,0,0,0,0,0,0,0,0,0,0,1,0,0,0,0,0,0,0,0
3,25,9,116,53,48,19,4,1,2,10,6,1,2,1,0,3,2,1,6,0,3,1,0,1,1,1,4,0,1,0,0,1,1,0,3,0,1
0,4,1,44,16,17,20,1,1,2,2,8,10,2,0,1,1,5,2,8,3,5,0,1,6,0,4,1,0,2,0,0,0,1,0,0,0,0
0,8,16,51,17,154,81,10,11,3,2,10,12,0,0,7,4,7,1,0,1,2,0,4,6,0,12,0,0,2,0,0,0,0,0,0,0,0
3,1,3,19,13,86,51,6,3,0,1,4,8,5,0,6,17,14,10,3,2,9,2,4,2,0,13,4,0,7,3,0,1,0,2,0,0,0
1,0,2,3,2,11,11,0,2,0,0,3,3,2,2,4,4,4,3,0,0,6,0,0,1,4,9,0,0,1,1,0,0,0,0,0,0,0
0,0,0,1,2,13,13,1,0,0,1,1,1,1,0,0,5,2,0,0,0,1,0,0,0,0,2,0,0,1,0,0,0,0,0,0,0,0
0,0,0,1,6,0,1,1,0,0,0,1,0,0,0,0,0,0,1,2,2,2,1,1,2,1,2,0,0,0,0,0,0,0,0,0,0,0
0,1,1,3,11,2,5,2,2,0,5,5,2,3,0,1,1,3,0,2,1,10,0,0,2,5,2,2,0,1,0,0,0,0,1,1,0,1
0,1,0,7,5,7,6,3,6,4,6,2,4,9,0,1,3,5,3,4,0,19,0,2,6,1,4,0,1,6,0,0,0,0,1,0,0,0
0,0,0,4,3,12,17,3,1,0,1,1,1,0,0,3,5,8,5,2,2,4,0,1,5,2,7,0,1,0,0,3,1,0,0,1,0,0
0,0,0,5,1,5,3,3,0,1,2,0,4,1,0,2,3,5,1,6,1,12,0,2,1,2,0,1,0,5,0,0,0,0,0,1,0,1
0,0,0,0,1,0,1,0,0,0,2,0,2,0,0,0,0,0,0,0,0,0,0,2,3,0,1,0,0,2,0,0,0,2,0,0,0,0
0,0,1,0,2,3,8,1,1,1,1,5,0,1,0,0,0,1,2,0,2,10,0,0,2,1,3,0,1,6,0,0,0,0,4,0,0,0
0,0,0,0,1,9,5,1,5,1,3,2,3,2,0,0,0,0,7,2,0,8,3,4,3,0,8,3,0,1,0,1,3,1,1,0,0,0
0,1,0,4,4,4,12,6,4,0,5,9,5,6,0,0,7,3,4,3,4,9,1,6,4,1,10,4,0,1,0,1,2,0,4,2,0,1
0,0,3,1,2,1,5,1,0,0,4,5,11,6,0,0,5,7,7,5,1,6,2,3,4,2,14,3,2,7,1,0,0,3,0,0,2,0
0,0,1,4,8,2,8,0,3,6,10,7,5,7,0,1,8,12,2,10,0,4,2,1,10,0,12,7,2,3,1,1,1,8,1,0,0,0
0,0,0,1,2,0,2,1,1,0,0,0,2,2,0,0,0,5,0,4,0,2,0,0,10,0,3,0,0,2,0,0,0,0,0,0,0,0
0,1,2,0,3,4,1,1,2,1,1,9,5,3,3,0,5,8,3,9,1,4,2,1,11,0,13,7,1,3,1,0,0,3,0,0,0,1
0,0,0,0,2,0,1,0,0,1,0,1,1,0,0,2,0,1,2,0,0,0,0,0,3,0,1,0,2,1,0,3,0,1,0,0,0,0
1,0,0,1,2,0,1,0,0,0,0,2,1,1,0,0,3,5,0,2,0,1,0,4,5,0,6,1,0,1,0,0,1,0,0,0,0,0
0,1,0,5,4,5,7,1,0,6,9,6,4,11,0,2,1,5,6,15,4,6,2,4,45,10,25,9,9,11,4,0,0,8,2,0,0,0
1,0,0,2,2,0,4,2,0,0,1,3,0,1,0,0,2,4,3,6,3,2,0,1,3,0,5,3,3,1,0,0,0,1,1,0,0,2
0,3,0,3,3,7,9,1,4,2,2,16,8,2,0,8,6,8,16,3,0,19,4,5,19,4,25,14,15,29,1,1,2,2,6,4,0,1
0,1,1,2,2,0,2,2,2,3,0,3,1,1,0,0,2,2,5,3,1,3,0,2,23,4,11,15,6,16,1,0,1,7,2,2,1,1
0,0,0,1,0,0,0,0,0,0,1,2,1,0,0,0,0,0,1,2,0,1,0,2,5,1,16,11,5,8,0,0,0,3,2,2,0,0
0,0,0,1,2,0,10,2,2,2,0,0,5,2,0,1,3,7,11,7,0,5,7,2,20,0,33,19,7,28,8,2,2,6,1,2,0,2
0,0,1,0,2,0,0,2,0,0,2,0,0,1,1,0,0,1,1,3,1,0,1,0,0,1,2,0,0,3,0,0,4,0,1,1,0,3
0,0,0,0,0,0,0,0,0,0,0,0,0,1,0,1,1,1,0,0,0,0,0,0,0,0,1,1,0,0,0,0,0,0,1,1,0,0
0,0,0,0,0,4,1,0,0,0,0,0,0,1,0,0,1,1,0,0,1,3,0,1,0,0,1,0,0,5,0,0,0,0,2,5,0,1
0,0,0,1,2,0,0,1,0,0,2,0,0,2,0,1,2,4,1,4,0,4,2,0,6,3,3,7,1,5,1,0,2,9,1,3,0,0
0,0,0,0,0,0,0,0,0,1,0,2,0,2,0,0,0,0,0,0,0,2,0,0,3,3,0,1,3,2,1,0,0,1,1,1,0,1
0,0,0,0,1,0,2,2,0,0,1,0,0,0,0,0,2,0,1,1,0,0,0,0,4,0,0,1,4,2,1,0,1,6,0,0,0,0
0,0,0,0,0,0,0,0,0,0,0,0,0,0,0,0,0,1,0,0,0,0,0,0,0,0,0,0,0,1,0,0,0,1,0,0,0,0
0,0,0,0,0,0,1,0,0,0,1,0,1,0,0,0,0,2,1,2,1,0,2,0,1,0,0,0,0,2,0,2,2,1,0,1,0,0
