1,4,0,0,1,0,2,0,0,0,0,0,0,0,0,0,0,0,0,0,0,0,0,0,0,0,0,0,0,0,0,0,0,0,0,0,0,0
0,11,8,19,1,11,0,0,0,0,0,0,0,1,0,0,0,0,0,0,0,2,0,0,1,0,0,1,0,0,0,0,0,0,0,0,0,0
0,1,4,0,1,4,1,0,0,0,0,0,0,0,0,0,0,0,1,0,0,0,0,0,0,0,0,0,0,0,0,0,0,0,0,0,0,0
1,27,10,109,34,37,13,6,2,1,4,3,0,4,2,0,1,3,0,1,0,2,0,0,6,0,1,0,1,0,0,0,0,0,0,0,0,0
0,6,2,45,18,8,11,7,0,7,9,11,0,1,0,1,2,2,4,2,0,2,1,4,5,3,2,0,1,3,0,0,0,0,0,1,0,0
1,11,22,47,21,132,81,6,4,0,2,4,16,0,0,2,7,4,4,1,1,3,0,0,1,1,3,1,0,3,1,0,0,1,0,0,0,0
0,1,6,31,9,83,41,9,9,2,3,7,10,6,0,5,12,5,8,1,3,1,2,0,1,1,11,4,2,3,0,0,0,0,0,1,0,0
0,1,2,3,7,14,15,2,3,0,2,3,7,3,0,5,17,11,3,1,0,3,3,0,2,2,4,1,1,2,0,0,1,2,0,0,0,0
0,0,2,0,1,6,9,0,1,1,0,0,3,1,0,0,1,2,0,1,0,1,0,0,0,1,0,0,2,0,0,0,0,0,0,0,0,0
0,0,0,3,2,2,2,3,1,3,1,3,0,1,0,1,0,1,0,2,2,0,0,1,1,0,1,0,0,1,0,0,0,1,0,0,0,0
0,2,0,5,9,3,7,1,0,3,4,0,1,1,1,1,4,3,1,8,0,8,1,1,4,0,1,2,0,3,0,0,0,2,0,0,0,0
0,2,0,4,9,7,7,0,2,1,0,7,3,2,0,1,5,9,7,4,0,13,0,2,4,2,6,3,1,2,0,0,0,2,2,0,0,0
0,0,0,2,2,6,15,4,0,1,0,3,1,5,0,5,6,13,7,3,1,10,1,1,0,0,5,1,1,2,0,0,0,1,1,1,0,1
0,2,1,5,2,3,8,4,0,0,2,5,1,3,1,0,3,1,2,2,0,5,0,3,6,2,5,0,2,2,0,0,0,2,0,0,0,0
0,0,0,0,0,0,0,0,0,0,0,0,0,0,0,1,0,0,0,0,1,2,1,0,2,1,1,1,0,0,0,0,0,0,0,0,0,0
0,0,0,0,0,0,4,2,0,0,0,0,3,0,0,0,0,0,0,1,0,4,2,2,0,0,2,0,0,0,0,0,0,1,0,0,2,0
0,0,1,4,0,5,14,4,2,1,3,0,3,4,0,1,4,1,9,9,4,2,1,0,2,0,9,0,1,1,0,0,0,0,0,2,0,0
0,0,0,2,3,9,8,10,3,1,1,3,4,2,0,1,5,1,1,9,2,13,0,4,4,0,16,1,3,1,1,0,2,1,0,1,0,1
0,1,2,0,0,7,6,7,1,0,0,0,3,4,0,5,11,6,9,3,1,2,0,1,8,0,11,4,1,9,0,4,0,1,0,0,0,0
0,0,0,3,8,9,1,2,1,1,8,7,3,8,3,2,1,5,1,11,2,6,2,1,13,3,6,2,6,6,0,0,2,0,2,1,0,1
0,0,0,2,0,0,0,0,0,1,1,0,0,0,0,0,0,3,0,2,0,0,0,0,3,2,1,0,0,0,0,0,0,0,0,0,0,0
0,0,0,0,4,0,4,2,2,1,5,8,4,6,2,0,5,6,2,6,3,5,1,0,6,0,8,6,0,2,1,1,0,2,0,0,0,0
0,0,0,0,0,0,0,0,0,0,0,2,1,0,0,0,1,2,1,0,0,0,1,2,0,0,2,0,1,6,0,0,0,1,0,0,0,0
0,0,0,1,3,3,2,0,0,0,1,2,0,2,0,0,4,3,0,0,1,1,0,0,2,0,3,0,2,3,0,0,0,0,1,0,0,0
2,0,0,5,5,5,2,3,0,3,6,7,5,3,1,2,2,6,7,21,5,5,3,1,28,3,22,17,8,13,4,0,0,2,6,5,0,2
0,0,0,1,2,0,4,1,0,0,2,1,1,0,0,0,1,6,3,2,2,2,0,0,6,2,5,4,0,4,0,0,0,0,0,1,0,0
0,2,0,4,3,14,11,4,2,2,4,8,11,1,1,4,14,17,20,13,4,15,2,6,26,7,32,20,4,28,2,0,3,4,1,6,0,1
0,0,0,0,1,1,6,1,0,0,2,1,0,2,0,0,0,2,2,13,0,2,3,2,20,1,9,15,6,17,4,2,0,8,4,2,0,0
0,0,0,0,0,3,0,1,0,0,0,1,0,2,0,0,0,2,1,3,0,2,0,0,5,2,2,10,3,8,0,0,2,1,0,0,0,0
0,0,0,2,2,6,3,0,1,0,0,1,1,4,0,1,6,4,5,3,2,3,0,6,11,5,23,22,8,30,2,0,0,10,4,0,0,0
0,0,0,0,0,0,0,1,0,0,1,1,1,0,0,0,0,0,1,1,0,1,0,1,1,0,4,1,1,5,1,0,3,3,1,0,0,1
0,0,0,0,0,1,2,0,0,0,0,0,2,1,0,0,0,1,0,2,0,0,0,0,0,0,1,0,0,2,3,0,1,1,1,0,0,0
0,0,0,0,1,0,1,0,0,0,2,2,0,0,0,0,1,0,2,1,3,2,0,1,1,0,1,0,1,2,1,1,2,0,0,0,0,0
0,0,0,0,2,1,1,0,0,0,0,1,0,0,0,0,1,4,8,1,0,11,0,2,8,0,2,14,5,7,3,0,3,9,0,3,0,0
0,0,0,0,0,0,0,2,0,0,0,1,0,0,0,0,1,0,2,0,0,0,0,0,2,1,2,0,2,1,0,1,0,0,0,2,0,1
0,0,0,0,0,0,0,0,0,0,0,0,1,0,0,0,1,0,1,3,0,0,1,0,1,1,2,1,1,2,3,0,0,3,3,1,0,0
0,0,0,0,0,0,0,0,0,0,0,0,0,0,0,0,0,0,0,0,0,0,0,0,0,0,0,1,0,2,0,0,0,0,0,0,0,0
0,0,0,0,0,0,0,0,0,0,1,0,0,0,0,0,0,0,1,1,0,0,0,0,3,1,1,0,1,2,0,0,2,3,0,0,0,0
