1,0,0,1,0,0,0,0,0,0,0,0,0,1,0,0,0,0,0,0,0,0,0,0,0,0,0,0,0,0,0,0,0,0,0,0,0,0
1,19,7,10,0,3,0,0,0,0,0,0,0,0,0,0,0,0,0,2,0,0,0,0,0,0,0,0,3,0,0,0,0,0,2,0,0,0
0,7,8,0,0,3,1,0,0,3,0,0,2,0,0,0,0,0,0,0,0,0,0,0,0,0,0,0,0,0,0,0,0,0,0,0,0,0
5,31,4,99,35,52,8,2,2,1,6,4,1,0,0,3,0,2,1,1,1,1,0,0,1,2,3,1,2,1,0,0,1,0,0,0,0,0
0,6,2,29,14,16,15,3,1,7,6,5,4,0,0,2,2,2,3,1,3,3,0,0,3,0,0,3,2,7,0,0,2,3,0,0,0,0
2,7,16,37,3,112,70,4,9,0,4,2,19,1,1,4,7,1,7,3,3,3,1,3,4,1,6,0,1,3,0,0,2,0,1,1,0,0
1,1,6,24,12,87,47,9,11,0,1,8,13,2,1,1,11,5,5,0,4,11,0,2,1,0,9,5,1,2,0,1,0,1,0,0,0,1
0,1,0,3,3,23,12,2,0,2,0,3,1,0,1,3,4,5,3,0,0,4,0,3,2,0,8,2,0,1,0,0,0,0,0,0,0,0
0,0,1,0,1,12,8,0,0,0,0,3,0,0,0,0,1,0,1,0,0,3,0,0,2,0,3,0,0,1,0,0,0,0,0,0,0,0
1,0,1,2,7,1,1,0,0,1,6,3,1,1,1,0,0,0,0,5,0,4,0,0,1,0,2,0,0,4,0,0,0,0,0,0,0,0
0,0,0,3,6,2,2,1,0,4,5,3,1,2,0,3,0,2,0,5,2,5,0,2,7,0,0,2,0,0,2,0,0,1,0,0,0,0
0,2,0,10,5,5,6,2,2,0,0,6,4,2,3,4,4,3,2,10,2,16,2,2,7,0,3,2,2,3,0,0,0,1,0,2,0,0
0,0,1,0,4,14,16,0,3,0,1,3,0,3,0,3,0,6,4,1,0,3,0,2,0,2,5,1,1,2,0,1,1,1,0,1,0,0
0,0,2,0,2,0,5,2,0,0,4,3,2,2,2,3,4,5,0,2,1,4,0,0,7,1,3,1,0,10,1,0,0,0,0,0,0,3
0,0,0,0,2,0,0,0,0,0,0,1,1,0,0,0,1,0,0,0,1,0,0,0,0,0,1,0,0,1,0,0,0,1,0,0,0,0
0,0,2,0,1,4,5,3,0,1,0,3,1,1,0,1,1,1,5,4,0,5,0,0,1,2,3,1,0,1,1,0,0,0,0,0,0,1
0,0,0,2,0,10,12,3,3,0,0,4,5,1,0,1,4,6,6,3,2,10,0,2,2,2,3,0,1,0,0,0,2,2,0,0,0,1
0,0,1,3,3,4,8,3,2,0,0,4,12,1,0,3,1,2,4,7,4,13,0,10,6,2,17,1,1,3,0,1,1,2,0,2,0,0
0,1,0,6,2,7,4,5,4,1,2,2,12,3,2,0,9,5,9,2,0,2,1,1,3,0,6,3,0,5,0,2,0,0,1,0,0,1
0,1,0,8,3,3,4,3,3,4,3,10,0,5,3,1,4,8,5,4,8,0,6,0,8,1,8,9,3,4,0,0,4,2,2,0,1,0
0,1,0,3,0,0,2,0,0,1,2,1,0,0,0,0,1,1,0,1,0,1,0,0,2,1,4,2,0,2,0,0,0,0,0,0,0,0
0,0,0,0,0,2,4,0,2,2,2,5,5,7,4,3,6,5,2,2,4,3,0,0,7,2,6,5,1,8,0,0,0,3,2,0,0,0
0,0,0,1,0,2,1,0,1,1,0,0,0,2,0,0,1,0,0,1,0,0,0,0,1,0,1,0,0,2,0,0,0,2,0,0,0,0
0,0,0,2,0,0,2,1,0,0,3,5,1,1,0,0,0,0,0,0,0,0,0,0,3,2,9,0,1,1,0,1,0,1,0,0,0,0
0,0,0,2,4,1,3,2,0,2,6,10,0,4,0,1,1,5,8,20,1,12,2,7,35,3,25,14,10,7,3,0,1,3,1,1,0,0
0,0,0,0,0,1,1,0,0,0,0,5,2,1,0,0,1,6,0,2,0,1,1,1,3,0,1,0,2,2,0,0,0,1,0,0,0,0
0,0,2,0,3,11,8,3,2,3,1,6,8,6,1,3,4,17,17,7,1,16,2,0,32,2,26,14,6,28,0,0,1,4,0,2,0,1
0,2,0,0,1,1,2,0,0,0,0,4,2,2,0,0,0,0,4,6,0,3,0,0,16,0,22,19,3,16,7,2,0,3,0,1,0,0
0,0,0,0,0,1,0,0,0,0,0,0,1,2,0,0,0,0,1,1,0,1,0,0,5,2,6,7,5,10,1,0,0,2,0,2,0,0
0,0,0,0,0,1,4,0,0,0,2,3,3,0,0,1,3,6,4,4,1,10,1,5,10,3,36,11,10,40,5,2,0,4,3,2,0,0
0,0,0,2,0,1,2,0,0,0,0,0,0,1,0,0,0,0,0,0,0,0,0,0,0,0,2,0,0,4,2,2,1,3,5,0,0,1
0,0,0,0,0,2,0,0,0,0,0,1,0,1,0,0,0,0,1,1,0,0,0,0,1,0,1,1,1,5,0,0,0,0,0,0,1,0
0,0,0,0,1,0,0,0,1,0,0,0,2,0,0,0,2,5,0,1,0,0,0,0,1,0,2,0,0,0,2,0,0,3,1,0,0,4
0,0,0,1,2,0,0,0,0,2,2,0,0,4,0,1,0,1,0,2,0,1,0,0,7,0,2,5,3,13,0,0,3,1,2,5,0,0
0,0,0,0,0,0,0,0,0,0,0,1,1,0,0,0,0,0,0,0,0,0,0,0,0,0,0,3,4,2,0,0,0,0,0,2,0,0
0,0,0,2,2,0,2,0,0,1,3,0,0,0,0,0,0,1,0,2,3,0,0,1,3,0,0,1,1,0,0,0,0,0,0,1,0,0
0,0,0,0,0,0,0,0,0,0,0,0,0,0,0,0,0,0,2,0,1,0,0,0,0,0,0,0,0,0,0,0,0,2,0,0,0,0
0,0,0,2,1,0,0,0,0,0,0,1,0,6,0,0,0,0,0,1,1,1,0,0,1,0,0,0,1,3,2,0,0,2,2,1,0,0
