0,0,0,1,0,1,0,0,0,0,0,1,0,0,0,0,0,0,0,0,0,0,0,0,0,0,0,0,0,0,0,0,0,0,0,0,0,0
1,3,2,16,2,7,1,1,0,0,2,2,0,0,0,0,1,0,0,1,0,0,0,0,0,0,1,0,0,4,0,0,0,0,0,0,0,0
0,2,8,1,0,2,2,0,0,0,0,0,0,0,0,0,0,0,1,0,0,0,0,0,0,0,0,0,0,0,0,0,0,0,0,0,0,0
5,20,10,89,31,41,18,7,2,1,2,8,3,3,0,1,1,2,1,2,3,1,0,0,2,0,1,3,0,1,0,0,0,0,0,1,0,0
0,5,0,29,9,10,5,4,2,2,9,5,2,1,0,3,0,2,2,8,0,0,0,0,3,3,2,0,0,1,0,0,0,0,0,0,0,0
2,2,19,68,13,122,79,8,0,0,4,4,7,2,0,1,10,5,2,1,0,4,0,2,3,0,10,2,4,5,0,0,0,0,3,1,0,0
2,6,6,32,11,86,47,10,4,2,2,2,8,1,0,3,11,4,9,3,1,4,0,0,5,0,5,1,1,1,0,0,2,3,2,0,0,0
0,1,0,5,2,15,14,0,2,0,5,0,1,3,0,4,7,2,0,0,2,1,0,1,0,0,1,0,0,7,0,0,0,0,0,0,2,0
0,3,1,2,1,8,7,0,2,0,2,0,2,1,0,0,0,2,2,0,0,1,0,0,3,0,0,0,2,5,0,0,0,1,0,0,0,0
0,0,1,3,8,3,2,0,0,0,0,3,0,1,0,0,0,0,0,2,0,3,0,1,1,0,3,1,0,1,0,0,0,1,0,0,0,0
0,0,1,4,11,4,2,0,3,2,2,3,2,0,0,1,0,5,0,5,0,6,0,0,0,1,1,2,2,1,2,0,0,0,0,0,0,0
0,0,3,4,8,6,10,0,3,3,4,6,4,8,0,2,4,2,2,1,4,14,4,1,2,0,6,1,1,1,0,0,0,0,0,5,0,0
0,1,0,6,3,11,8,0,0,2,2,1,1,2,0,2,1,5,2,0,3,4,0,0,3,2,4,1,0,5,1,0,0,1,0,0,0,1
0,2,0,2,4,6,2,0,2,0,1,10,3,0,0,0,3,0,0,0,1,15,0,0,2,2,6,0,0,0,0,0,2,1,0,0,0,0
0,0,0,0,0,0,0,0,0,0,0,2,0,0,2,0,3,0,0,1,0,0,0,0,1,0,1,0,0,0,0,0,0,0,0,0,0,0
0,0,0,1,2,1,5,3,1,0,1,2,1,1,0,4,0,0,4,2,0,4,0,0,3,0,2,2,0,1,0,0,0,0,0,0,0,4
0,0,0,4,0,4,14,2,4,1,2,3,9,1,0,1,3,8,3,2,0,9,2,1,2,0,1,3,0,6,2,0,0,0,2,0,0,0
0,0,1,2,3,2,13,7,2,0,0,4,5,2,1,1,4,1,0,6,1,10,3,2,10,2,3,3,2,5,2,2,0,0,1,0,0,0
0,0,2,5,3,7,5,1,4,1,0,2,7,1,0,4,1,8,8,2,0,6,0,1,5,0,18,2,2,7,0,0,1,0,0,0,0,0
0,2,0,6,10,3,6,0,1,2,12,3,0,0,0,0,4,6,2,4,3,8,1,1,9,4,3,2,2,2,0,0,0,4,1,5,0,1
0,0,0,0,1,1,2,0,2,1,2,6,0,0,0,1,0,1,0,2,0,2,0,0,2,0,2,0,0,1,0,0,0,0,0,0,0,0
0,0,0,2,2,1,6,2,1,2,9,8,6,5,3,4,6,2,4,2,1,3,4,4,9,4,7,2,0,4,1,1,1,1,1,0,0,0
0,0,0,0,1,2,1,0,0,0,0,1,0,0,0,0,1,0,0,0,0,0,0,2,2,1,1,2,0,1,0,0,0,0,0,0,0,0
0,0,0,0,2,1,1,2,1,0,1,1,3,2,0,0,0,0,0,0,2,0,0,0,2,0,7,0,0,3,0,0,0,0,3,0,0,0
0,0,0,2,5,3,6,7,0,5,4,6,0,4,0,3,0,8,5,13,1,6,2,3,36,7,17,14,8,17,4,0,0,4,3,4,0,0
0,0,0,0,0,0,0,1,0,0,2,0,0,2,0,0,2,4,3,2,3,1,0,0,4,1,3,1,0,1,1,0,0,0,0,0,0,0
1,0,0,5,4,8,6,7,2,2,4,5,9,3,2,4,8,26,16,6,3,26,0,4,19,3,36,23,7,27,0,0,0,6,0,2,0,1
0,0,0,0,1,3,2,0,0,0,1,2,0,2,1,1,1,1,5,8,0,3,0,5,23,5,9,14,9,11,5,0,1,12,2,2,0,0
0,0,0,0,0,2,3,0,0,0,0,0,0,0,0,0,0,2,3,0,0,1,0,1,6,2,3,4,0,10,2,0,0,2,1,0,0,1
0,0,0,0,2,1,5,0,0,0,0,2,0,3,0,2,1,4,5,8,1,8,1,3,8,4,25,11,4,32,1,2,2,14,0,0,0,0
0,0,0,0,0,0,1,0,0,0,1,0,1,1,0,0,0,2,0,0,0,0,0,0,3,1,3,1,0,4,1,0,0,1,1,0,0,0
0,0,0,0,0,0,0,0,0,0,0,0,0,1,0,0,0,1,0,0,0,3,0,0,0,1,0,1,1,1,0,0,1,0,0,0,0,0
0,0,0,0,1,0,0,0,0,0,2,1,1,4,0,0,0,1,0,2,0,0,0,1,0,0,1,0,1,4,1,0,0,0,0,1,0,1
0,0,0,0,0,0,2,0,0,1,1,2,1,1,0,0,0,4,0,1,0,0,0,0,4,0,2,6,4,7,3,0,1,1,0,2,0,4
0,0,0,0,0,2,0,0,0,0,3,1,0,0,0,0,0,0,0,1,0,0,0,0,2,0,1,2,0,2,0,0,0,0,0,1,0,0
0,0,0,0,0,0,0,2,0,0,2,1,1,2,0,0,0,2,0,2,0,2,0,0,5,0,1,0,2,1,0,0,0,4,0,0,0,2
0,0,0,0,0,0,0,0,0,0,1,0,0,0,0,0,0,0,0,0,0,0,0,0,1,0,2,3,1,0,0,0,1,0,0,0,0,0
0,0,0,0,2,0,0,0,0,0,0,3,3,2,0,2,0,0,0,1,1,0,0,0,1,1,0,1,0,0,0,0,0,2,0,1,0,2
