1,2,0,0,0,0,0,0,0,0,0,0,0,0,0,0,0,0,0,0,0,0,0,0,0,0,0,0,0,0,0,0,0,0,0,0,0,0
0,7,2,8,0,5,2,0,0,1,0,0,0,0,0,0,0,0,0,2,0,0,0,0,0,0,0,0,0,0,0,0,0,0,0,0,0,0
2,5,8,4,0,14,1,0,0,0,0,0,0,0,0,0,0,0,0,0,0,0,0,0,0,0,0,0,0,0,0,0,0,0,0,0,0,0
4,27,14,119,37,37,17,1,2,1,6,5,3,3,0,2,3,1,0,0,1,0,1,0,2,0,3,1,2,0,0,0,0,0,0,0,0,0
0,7,3,29,10,9,7,1,2,3,7,8,2,1,2,2,4,0,2,4,1,2,0,2,3,2,3,0,1,1,0,0,0,1,0,0,0,0
0,3,27,40,6,131,88,7,3,0,5,5,11,1,2,2,5,3,0,0,1,3,0,2,5,0,9,0,0,5,1,0,0,0,0,0,0,0
2,3,5,21,14,81,54,10,6,0,5,3,9,2,0,3,9,8,4,1,2,9,0,1,5,3,5,4,1,5,0,2,0,4,0,1,0,0
0,0,0,4,1,13,14,0,0,0,3,4,1,0,0,3,3,2,0,1,0,3,3,1,2,1,4,3,0,3,1,0,0,0,0,0,0,0
0,0,1,4,0,16,2,2,0,0,0,3,0,0,0,0,3,1,2,0,1,2,0,0,0,0,0,0,0,0,0,0,0,0,0,0,0,0
0,1,0,5,3,1,3,2,0,3,7,2,0,0,0,0,0,2,0,4,0,0,0,1,2,0,0,1,0,0,0,0,0,0,0,0,0,0
0,0,0,6,3,4,1,0,0,4,2,1,0,1,0,1,1,2,0,0,2,9,0,2,2,0,3,1,0,2,0,0,0,0,0,0,0,0
0,0,0,6,2,9,8,3,0,2,4,4,5,3,0,2,1,1,3,5,8,16,1,1,9,0,3,5,0,0,0,0,0,1,0,0,0,0
0,0,0,3,2,7,11,2,2,1,0,1,3,3,0,4,0,7,3,0,3,4,0,1,6,0,6,0,0,1,0,0,0,2,1,0,0,2
0,0,1,6,2,10,1,2,3,0,0,0,4,2,2,1,4,3,3,4,0,9,0,0,4,1,7,3,0,1,2,0,0,1,1,0,0,0
0,1,0,0,0,2,0,1,0,0,0,0,0,1,0,0,0,1,0,0,0,2,0,0,0,0,2,0,1,0,0,0,0,0,0,0,0,0
0,0,2,0,5,5,2,0,0,0,2,0,1,2,0,1,1,0,0,1,1,1,0,2,1,1,4,0,0,1,3,0,0,0,0,0,0,3
0,1,0,2,2,3,4,3,0,0,1,3,6,1,0,1,0,6,4,6,3,4,2,2,3,1,3,2,0,3,2,1,1,0,0,0,0,1
0,1,0,3,1,4,3,2,1,0,1,0,7,0,1,1,2,1,8,10,2,7,0,2,2,0,4,4,1,7,0,0,0,1,0,0,0,0
0,2,0,3,3,5,4,0,1,0,2,1,5,2,0,0,3,3,5,2,1,4,1,3,6,1,8,5,0,12,1,0,0,1,0,0,0,0
0,1,0,7,9,5,5,0,0,0,8,4,4,5,1,0,3,7,0,2,1,2,3,0,8,1,10,7,1,1,1,0,0,0,2,1,0,0
0,1,0,0,0,4,0,0,0,0,0,1,1,0,0,0,4,0,0,0,0,3,0,0,2,3,0,0,1,0,0,0,0,2,0,0,0,0
0,0,0,0,2,7,7,1,1,2,4,11,4,10,0,1,2,11,3,3,0,1,0,3,7,2,12,6,1,2,2,0,0,2,1,0,0,1
0,0,0,0,0,5,0,0,0,0,0,0,0,0,0,0,0,0,0,1,0,1,0,0,2,0,2,1,1,0,0,0,0,2,0,0,0,0
0,0,0,0,0,2,1,2,0,0,0,1,0,0,0,2,0,3,0,4,1,0,0,1,0,0,6,0,2,1,0,0,0,1,0,1,0,0
0,0,0,7,5,5,4,1,3,2,7,4,1,6,0,2,1,8,1,17,1,11,3,0,31,8,15,15,6,21,1,2,2,16,1,0,0,0
0,0,0,1,1,3,3,0,1,0,0,5,3,4,4,0,0,4,3,1,2,3,2,1,4,0,5,2,1,3,0,0,0,0,1,0,0,0
4,1,1,7,1,15,9,2,3,4,1,5,7,3,0,6,8,19,11,5,4,9,0,2,16,7,28,15,6,23,2,0,2,4,0,2,0,1
0,0,0,0,0,3,1,0,0,0,1,0,3,7,0,0,0,4,3,8,3,1,0,0,18,0,8,9,8,9,0,2,0,10,1,0,0,1
0,0,0,1,1,2,0,0,0,0,0,2,1,4,0,0,1,1,1,1,3,2,3,0,2,2,3,4,0,6,0,0,0,4,1,4,0,0
0,0,0,1,2,4,0,0,0,0,0,1,2,1,0,1,0,5,2,2,1,4,0,1,14,4,14,22,3,45,5,0,0,5,0,0,0,1
0,0,1,1,0,1,0,0,0,0,0,0,1,0,0,1,1,0,1,0,0,1,2,0,0,0,3,0,0,3,2,1,0,4,1,1,0,0
0,0,0,1,0,2,1,0,0,0,2,0,1,0,0,0,0,1,0,0,0,0,0,0,1,0,0,2,0,2,0,0,0,0,0,0,0,0
0,0,0,0,2,0,0,0,0,0,3,2,0,5,0,0,0,2,0,1,0,0,0,2,1,1,4,0,0,4,0,0,0,3,0,1,1,3
0,0,0,0,0,3,0,2,0,0,0,1,2,2,0,0,1,0,2,1,0,1,0,0,4,5,1,6,4,8,2,0,0,3,3,0,0,0
0,0,0,0,0,0,0,0,0,0,0,0,0,0,0,0,0,0,2,1,0,1,0,1,2,0,3,0,1,0,0,0,0,0,0,6,0,0
0,0,0,0,0,0,0,0,0,0,0,0,1,0,0,0,2,3,0,2,0,0,0,1,1,2,1,1,0,2,0,0,1,4,1,0,0,0
0,0,0,0,0,0,0,0,0,0,0,4,0,0,0,0,1,0,0,0,0,0,0,0,1,0,1,0,3,1,0,0,0,0,0,0,0,2
0,0,0,0,0,2,0,0,0,0,0,0,1,0,0,0,0,0,0,0,0,0,0,1,0,0,0,0,0,0,2,0,0,1,1,0,0,2
