4,0,0,0,0,0,0,0,0,0,0,0,0,0,0,0,0,0,0,0,0,0,0,0,0,0,0,0,0,0,0,0,0,0,0,0,0,0
0,3,5,7,0,6,2,0,0,0,3,0,0,0,0,0,0,0,0,0,0,0,0,0,0,0,0,0,0,0,0,0,0,0,0,0,0,0
0,3,1,2,0,1,1,0,0,0,0,0,2,0,0,0,0,0,0,0,0,0,0,0,0,0,0,0,0,2,0,0,0,0,0,0,0,0
3,23,9,124,33,51,19,2,0,1,2,6,1,1,0,0,0,1,0,4,0,3,0,1,5,0,0,1,0,2,0,0,0,1,0,0,0,0
0,2,0,32,21,14,8,2,0,1,4,6,1,1,0,1,5,1,4,1,0,8,0,2,3,3,1,0,0,0,0,0,0,1,0,0,0,0
1,11,18,49,14,126,62,5,7,0,2,1,6,1,0,4,3,3,1,3,3,4,1,3,3,1,4,3,0,3,0,0,0,0,0,1,0,0
0,2,3,15,10,82,38,5,4,1,1,1,9,3,0,4,2,11,4,3,0,3,0,2,3,0,8,3,1,2,0,0,2,2,0,0,0,0
0,2,0,4,1,8,10,0,2,0,3,1,1,0,0,4,2,3,3,0,0,3,0,3,0,1,2,1,1,1,0,0,0,0,0,0,0,0
0,0,1,0,1,10,14,1,0,0,0,2,0,0,0,2,2,0,1,0,0,2,0,1,0,0,2,0,0,1,0,0,0,0,0,0,0,0
0,1,0,10,7,0,3,0,0,1,2,1,1,0,0,2,0,0,0,1,0,3,0,0,5,0,0,1,0,0,0,0,0,0,0,0,0,0
1,1,2,2,9,4,1,0,0,4,2,2,0,2,0,3,2,3,2,6,0,8,0,2,6,0,1,1,1,0,0,0,0,0,0,0,0,4
1,2,0,10,12,6,3,1,0,6,3,4,1,3,0,5,5,2,2,1,1,10,1,2,1,1,6,0,3,0,0,0,0,2,0,2,0,0
0,0,0,2,0,9,10,0,2,1,0,7,3,0,0,1,2,7,4,2,0,3,0,1,4,0,6,0,0,1,0,0,0,0,1,0,0,0
0,0,0,6,2,2,2,4,5,1,2,2,1,3,0,4,3,0,3,2,0,7,1,2,10,1,3,0,1,0,0,0,0,3,0,0,0,0
0,0,0,0,0,0,2,0,2,0,2,1,0,0,0,0,2,2,1,0,1,1,0,0,2,1,1,0,0,1,0,0,0,1,0,0,0,0
0,0,0,0,3,0,0,2,1,0,1,0,1,0,0,3,2,4,1,1,0,5,0,0,2,2,1,3,1,1,0,0,4,2,0,0,0,0
1,2,0,1,2,12,9,3,1,0,0,6,0,1,0,1,2,4,6,1,4,4,0,2,0,1,6,2,0,2,0,0,0,2,0,0,0,1
0,1,0,1,0,8,6,2,4,0,3,5,5,0,1,1,3,2,2,4,3,9,0,0,3,4,12,3,1,1,2,0,0,2,0,2,0,0
0,0,0,1,2,3,6,1,1,0,0,2,2,1,0,1,2,5,0,2,2,6,0,1,0,1,10,0,0,7,0,0,3,1,0,0,0,0
1,0,0,9,5,3,5,1,0,0,5,7,4,3,0,0,5,8,0,10,0,2,1,0,14,1,4,3,2,3,0,0,0,0,0,1,0,3
0,0,1,0,0,0,4,0,0,0,0,1,0,2,0,0,0,0,0,1,0,1,0,0,4,0,0,0,0,1,0,0,0,0,0,0,0,0
1,0,0,4,0,3,4,2,0,0,5,3,1,4,0,4,1,8,5,5,4,5,2,0,14,1,2,4,1,3,0,0,0,2,0,0,0,0
0,0,0,0,0,1,0,1,1,0,0,0,2,0,0,0,1,0,0,0,0,0,1,0,3,0,3,0,3,4,0,0,0,0,0,0,0,0
0,0,0,0,0,0,2,2,0,0,0,1,0,2,0,2,1,1,0,0,0,2,0,1,1,0,4,0,0,0,1,0,0,0,0,0,0,0
0,0,3,3,6,4,2,1,0,0,8,4,1,4,0,0,0,11,4,22,0,4,3,5,33,7,7,15,6,9,0,0,3,7,5,2,0,1
0,0,1,2,1,1,0,0,0,1,1,0,0,1,0,1,0,3,0,1,0,0,0,0,8,0,4,3,0,3,0,0,0,4,0,0,0,0
0,2,0,2,1,9,8,4,5,0,3,6,5,4,1,1,3,12,13,11,0,10,4,3,12,3,31,5,10,27,0,0,0,8,1,0,0,1
0,2,1,1,0,1,1,0,0,0,4,11,0,1,0,0,0,2,1,7,0,2,0,1,14,2,12,6,11,9,0,0,1,9,3,3,0,1
0,0,0,0,0,0,0,0,0,0,0,0,0,1,0,0,0,0,5,0,1,3,0,0,9,3,2,10,1,4,1,0,1,3,1,0,0,0
0,0,0,0,0,0,6,1,0,0,3,1,1,8,0,0,0,7,5,2,0,2,3,0,12,0,23,9,16,29,2,1,0,7,1,0,0,0
0,0,1,0,0,0,0,0,0,0,0,1,0,2,0,0,0,0,2,1,1,1,0,0,2,0,2,0,2,1,2,0,2,6,0,3,0,4
0,0,0,0,0,0,0,0,2,0,0,0,0,0,0,0,0,0,0,2,0,0,1,0,0,0,1,0,1,3,1,0,1,0,0,0,0,0
0,0,0,0,0,1,0,0,0,0,1,0,0,0,0,0,3,2,0,3,0,0,0,0,2,2,0,0,1,1,1,1,2,2,0,0,0,0
0,0,0,0,0,1,3,1,0,0,0,1,0,3,0,1,0,0,0,2,0,4,0,0,8,1,3,6,7,1,2,0,0,3,0,1,0,1
0,0,0,0,0,0,0,0,0,0,2,1,0,0,0,0,0,1,0,1,0,1,0,0,0,1,1,2,3,1,1,0,2,0,0,4,0,0
0,0,0,0,0,0,0,0,0,0,1,0,0,2,0,0,1,1,1,2,1,0,0,0,4,0,2,1,1,1,0,3,1,1,3,2,1,1
0,0,0,0,0,1,0,0,0,0,0,0,0,0,0,0,0,0,0,0,0,0,0,0,0,0,0,0,0,1,0,0,0,1,0,0,0,0
0,0,0,1,1,0,0,0,0,0,0,0,2,1,0,0,0,0,0,0,0,0,0,0,0,0,1,1,1,1,1,0,1,3,0,0,0,1
