0.281124497992,0.220883534137,0.0923694779116,0.180722891566,0.0321285140562,0.0441767068273,0.0160642570281,0.00401606425703,0.0,0.0281124497992,0.0321285140562,0.00401606425703,0.0,0.0,0.0,0.0,0.0,0.00401606425703,0.0,0.00803212851406,0.0120481927711,0.0,0.0,0.0,0.0160642570281,0.00803212851406,0.00803212851406,0.0,0.0,0.0,0.0,0.0,0.0,0.00401606425703,0.0,0.0,0.0,0.00401606425703
0.0325865580448,0.222335369993,0.100814663951,0.341479972845,0.0471826205024,0.0892735913103,0.0291921249151,0.00237610319077,0.000678886625933,0.0061099796334,0.0152749490835,0.0166327223354,0.0061099796334,0.00543109300747,0.00169721656483,0.00339443312967,0.00475220638153,0.0040733197556,0.00271554650373,0.0125594025798,0.00475220638153,0.00373387644263,0.000678886625933,0.00169721656483,0.0145960624576,0.00237610319077,0.0050916496945,0.0040733197556,0.00339443312967,0.010522742702,0.0,0.0,0.000339443312967,0.0020366598778,0.000339443312967,0.00135777325187,0.0,0.000339443312967
0.0125523012552,0.171548117155,0.314330543933,0.0936192468619,0.0109832635983,0.258368200837,0.038179916318,0.00732217573222,0.00470711297071,0.00209205020921,0.00627615062762,0.00209205020921,0.00679916317992,0.00418410041841,0.0010460251046,0.000523012552301,0.00679916317992,0.0015690376569,0.00732217573222,0.00732217573222,0.00366108786611,0.00261506276151,0.0,0.00470711297071,0.00366108786611,0.0010460251046,0.0115062761506,0.000523012552301,0.0,0.0115062761506,0.000523012552301,0.0015690376569,0.0,0.0010460251046,0.0,0.0,0.0,0.0
0.00977341630764,0.0740386149673,0.0295197063986,0.363251954683,0.118517632041,0.138662837083,0.0596377852242,0.00897558640498,0.00486676240625,0.00921493537578,0.0298787298548,0.0240944630605,0.00718046912398,0.0120871230254,0.00187490027126,0.00530556885272,0.00761927557045,0.00506621988192,0.00646242221158,0.012884952928,0.00470719642572,0.0100127652784,0.00139620232966,0.00283229615446,0.0149992021701,0.00275251316419,0.0108903781714,0.00622307324079,0.00263283867879,0.00829743098771,0.000638263922132,0.0001196744854,0.000398914951332,0.00231370671773,0.000638263922132,0.00147598531993,0.0001196744854,0.000638263922132
0.00591420241566,0.0258225739275,0.00816326530612,0.249062890462,0.100124947938,0.0894627238651,0.0749687630154,0.0199083715119,0.00949604331529,0.0209079550187,0.0553102873803,0.0507288629738,0.0156601416077,0.0229904206581,0.00491461890879,0.0137442732195,0.0158267388588,0.0151603498542,0.0137442732195,0.0338192419825,0.0140774677218,0.0234902124115,0.00466472303207,0.00474802165764,0.0284881299459,0.00566430653894,0.0209912536443,0.0164098292378,0.0073302790504,0.0148271553519,0.00224906289046,0.000583090379009,0.000749687630154,0.00574760516451,0.00124947938359,0.0018325697626,0.000249895876718,0.000916284881299
0.0035198873636,0.0180922210489,0.0431538190778,0.136043646603,0.0362196409715,0.334318901795,0.192397043295,0.0200281590989,0.0171770503344,0.00274551214361,0.0117564237944,0.0154523055262,0.0203801478353,0.00746216121084,0.00204153467089,0.00580781414995,0.0168602604717,0.0103132699754,0.0113692361844,0.00499824005632,0.0034142907427,0.0133051742344,0.00144315381908,0.00457585357269,0.0111932418163,0.00306230200634,0.0206265399507,0.00651179162267,0.00454065469905,0.0149595212953,0.000774375219993,0.000422386483633,0.000809574093629,0.00228792678634,0.000422386483633,0.000809574093629,3.5198873636e-05,0.000668778599085
0.00291909924937,0.00926698174405,0.0171439162265,0.0847465480493,0.0452228709109,0.293902326012,0.171717171717,0.0259475488833,0.0222407561857,0.00426281160226,0.0137151329812,0.0227967750904,0.033129459735,0.0106570290057,0.00491150032434,0.00815494393476,0.0352145306274,0.0194606616625,0.0233991289037,0.00834028356964,0.00764525993884,0.0221480863683,0.0031971087017,0.0070892410342,0.0161708831434,0.00347511815402,0.0317857473821,0.0103790195533,0.00644055231211,0.0208043740154,0.00208507089241,0.00125104253545,0.00166805671393,0.00463349087202,0.00120470762673,0.00171439162265,9.26698174405e-05,0.00106570290057
0.000873973081629,0.00559342772243,0.00594301695508,0.0690438734487,0.0582066072365,0.137388568432,0.132319524559,0.0131095962244,0.016605488551,0.00873973081629,0.0284915224611,0.0293654955427,0.0291907009264,0.0291907009264,0.00524383848977,0.023072889355,0.0540115364447,0.0375808425101,0.0452718056284,0.0136339800734,0.00996329313057,0.0356581017305,0.00908932004894,0.0174794616326,0.0309386470897,0.00926411466527,0.0597797587834,0.0176542562489,0.0141583639224,0.030064674008,0.00139835693061,0.00157315154693,0.00314630309386,0.0101380877469,0.00297150847754,0.00192274077958,0.0,0.00192274077958
0.00194282542326,0.00638356924785,0.0133222314738,0.0596724951429,0.0344157646406,0.232306411324,0.220927005273,0.00860394116014,0.0160976963641,0.00638356924785,0.0141548709409,0.0241465445462,0.029975020816,0.015265056897,0.00305301137941,0.0111018595615,0.0502359145157,0.0324729392173,0.044962531224,0.00555092978074,0.00638356924785,0.0180405217874,0.00249791840133,0.00721620871496,0.0130446849847,0.00471829031363,0.0593949486539,0.0108243130724,0.00693866222592,0.0269220094366,0.00194282542326,0.000555092978074,0.00305301137941,0.00388565084652,0.00166527893422,0.00111018595615,0.000277546489037,0.000555092978074
0.00368167657887,0.0220900594732,0.0104786179553,0.122344944775,0.110450297366,0.0387992070235,0.0430472953837,0.0130274709714,0.00821297082979,0.0322854715378,0.0654205607477,0.0495610308694,0.0121778532993,0.0229396771453,0.00368167657887,0.0141602945341,0.011611441518,0.0203908241291,0.0101954120646,0.0790144435004,0.0220900594732,0.0393656188049,0.0048145001416,0.00934579439252,0.090059473237,0.0152931180969,0.0314358538658,0.0286037949589,0.00792976493911,0.0254885301614,0.00311526479751,0.00113282356273,0.00226564712546,0.0144435004248,0.00311526479751,0.00424808836024,0.000283205890683,0.00339847068819
0.00367242012486,0.0115069163912,0.00514138817481,0.088382911005,0.0772432366263,0.0484759456482,0.0410086913943,0.0159138205411,0.0102827763496,0.0313379850655,0.0599828620394,0.0406414493818,0.0208103807076,0.0184845146285,0.00624311421227,0.0206879667034,0.0284000489656,0.0254621128657,0.0193414126576,0.0670828742808,0.0238707308116,0.0743053005264,0.0071000122414,0.0117517443996,0.080058758722,0.0145672664953,0.0343983351695,0.0352552331987,0.0138327824703,0.0339086791529,0.00342759211654,0.00146896804994,0.00134655404578,0.0132207124495,0.00269310809157,0.00465173215816,0.000856898029135,0.00318276410821
0.0013037809648,0.00619295958279,0.00630160799652,0.0795306388527,0.0717079530639,0.0645371577575,0.0796392872664,0.0168405041286,0.0140156453716,0.0149934810952,0.0472620599739,0.0278139939157,0.0218383311604,0.0366145154281,0.00782268578879,0.027270751847,0.0307475010865,0.041938287701,0.022816166884,0.0363972186006,0.0252064319861,0.0787700999565,0.0122772707518,0.0208604954368,0.0410691003911,0.0120599739244,0.046827466319,0.027270751847,0.0144502390265,0.0294437201217,0.00347674923946,0.00152107779226,0.00282485875706,0.0139069969578,0.00304215558453,0.00651890482399,0.000651890482399,0.00423728813559
0.00120663650075,0.00542986425339,0.00452488687783,0.0440422322775,0.0349924585219,0.149472096531,0.151885369532,0.0135746606335,0.0184012066365,0.00437405731523,0.0238310708899,0.0303167420814,0.03197586727,0.0191553544495,0.00377073906486,0.0141779788839,0.0419306184012,0.0411764705882,0.0657616892911,0.0190045248869,0.0105580693816,0.0321266968326,0.00950226244344,0.0188536953243,0.022322775264,0.00754147812971,0.0849170437406,0.0141779788839,0.0116138763198,0.0428355957768,0.00407239819005,0.0027149321267,0.0025641025641,0.00874811463047,0.000904977375566,0.00497737556561,0.000301659125189,0.00226244343891
0.00204879865897,0.00540137828273,0.00521512385919,0.0542000372509,0.0482398956975,0.0715216986403,0.0670515924753,0.0242130750605,0.0135965729186,0.0150866083069,0.0294281989197,0.0586701434159,0.0281244179549,0.0270068914137,0.00521512385919,0.0160178804247,0.0372508847085,0.0346433227789,0.0298007077668,0.0391134289439,0.019556714472,0.0970385546657,0.00949897560067,0.0188116967778,0.0419072452971,0.0149003538834,0.0605326876513,0.0270068914137,0.0158316260011,0.039485937791,0.00279381635314,0.00186254423543,0.00484261501211,0.0188116967778,0.00558763270628,0.00391134289439,0.00074501769417,0.00502886943565
0.0,0.000904977375566,0.00995475113122,0.0407239819005,0.041628959276,0.0914027149321,0.0678733031674,0.0171945701357,0.00633484162896,0.00814479638009,0.0371040723982,0.0226244343891,0.0244343891403,0.0253393665158,0.0135746606335,0.0244343891403,0.0398190045249,0.0371040723982,0.0316742081448,0.0226244343891,0.0262443438914,0.0823529411765,0.0180995475113,0.0298642533937,0.041628959276,0.0190045248869,0.0814479638009,0.027149321267,0.014479638009,0.0515837104072,0.00633484162896,0.0,0.0027149321267,0.0126696832579,0.00723981900452,0.00633484162896,0.00180995475113,0.00814479638009
0.000335008375209,0.00402010050251,0.00335008375209,0.0445561139028,0.0405360134003,0.112897822446,0.131323283082,0.0505862646566,0.020770519263,0.00837520938023,0.0264656616415,0.0378559463987,0.0278056951424,0.022445561139,0.00301507537688,0.020770519263,0.020770519263,0.0197654941374,0.0321608040201,0.0221105527638,0.0167504187605,0.0636515912898,0.0110552763819,0.0321608040201,0.0331658291457,0.00904522613065,0.07202680067,0.0257956448911,0.0154103852596,0.0321608040201,0.00670016750419,0.00234505862647,0.00502512562814,0.0130653266332,0.00134003350084,0.00502512562814,0.00234505862647,0.00301507537688
0.000882093501911,0.00485151426051,0.0042634519259,0.0301381946486,0.0307262569832,0.0907086151132,0.107762422817,0.0195530726257,0.029991179065,0.0082328726845,0.032931490738,0.0341076154072,0.0348426933255,0.0274919141429,0.00543957659512,0.00852690385181,0.0302852102323,0.0305792413996,0.0699794178183,0.0260217583064,0.0170538077036,0.0654219347251,0.00705674801529,0.0211702440459,0.0327844751544,0.00911496618642,0.0971773007939,0.0267568362246,0.0123493090268,0.0523375477801,0.00441046750956,0.00147015583652,0.00485151426051,0.0111731843575,0.00220523375478,0.00352837400764,0.000441046750956,0.00338135842399
0.00127048659637,0.00330326515055,0.00292211917164,0.0298564350146,0.025536780587,0.0729259306314,0.0778808283573,0.0210900774997,0.0251556346081,0.00647948164147,0.0302375809935,0.0404014737645,0.0428153982975,0.0202007368822,0.00330326515055,0.00940160081311,0.0276966078008,0.0240121966713,0.0466268580866,0.0307457756321,0.0186761529666,0.0741964172278,0.00533604370474,0.0176597636895,0.0523440477703,0.0163892770931,0.120950323974,0.0349383814001,0.0142294498793,0.0617456485834,0.00330326515055,0.0052089950451,0.00800406555711,0.0102909414306,0.00317621649092,0.00635243298183,0.000635243298183,0.00470080040656
0.00164541341012,0.002331002331,0.00438776909365,0.0253667900727,0.0200191964898,0.0592348827643,0.0744549568079,0.0137117784177,0.0230357877417,0.004662004662,0.0204305498423,0.0213903743316,0.0463458110517,0.017825311943,0.00342794460442,0.0115178938708,0.0420951597422,0.0511449334979,0.0494995200878,0.0227615521733,0.0168654874537,0.0584121760592,0.00562182915124,0.0193336075689,0.0537501713972,0.013986013986,0.133141368435,0.0338680926916,0.02331002331,0.0904977375566,0.00493624023036,0.00260523789936,0.00658165364048,0.0120663650075,0.00301659125189,0.00356506238859,0.00041135335253,0.00274235568353
0.00418079096045,0.011186440678,0.00440677966102,0.0487005649718,0.0564971751412,0.0404519774011,0.0327683615819,0.0071186440678,0.00610169491525,0.035593220339,0.0929943502825,0.0492655367232,0.0142372881356,0.0294915254237,0.00542372881356,0.0107344632768,0.0255367231638,0.0470056497175,0.0253107344633,0.0692655367232,0.0223728813559,0.0264406779661,0.00757062146893,0.0116384180791,0.0949152542373,0.0171751412429,0.0587570621469,0.0393220338983,0.0176271186441,0.0439548022599,0.00485875706215,0.00124293785311,0.00463276836158,0.0158192090395,0.00406779661017,0.0064406779661,0.000338983050847,0.00655367231638
0.00675435478137,0.0117312477782,0.00462140063989,0.0547458229648,0.049768929968,0.0412371134021,0.0412371134021,0.0113757554213,0.00710984713829,0.0245289726271,0.0735869178813,0.0483469605403,0.0191965872734,0.0223960184856,0.0099537859936,0.0191965872734,0.0351937433345,0.0483469605403,0.0252399573409,0.057945254177,0.0127977248489,0.0533238535371,0.00604337006754,0.0152861713473,0.0881621045148,0.0120867401351,0.0511908993957,0.0408816210451,0.0131532172058,0.0519018841095,0.00355492356914,0.00319943121223,0.00639886242446,0.012442232492,0.00284393885531,0.00568787771063,0.00106647707074,0.0074653394952
0.00225412267173,0.00391505516669,0.00332186498992,0.0221853126112,0.024439435283,0.0482856803891,0.0484043184245,0.0143552022779,0.00818602443944,0.0149483924546,0.0559971526872,0.0688100605054,0.0200498279748,0.0414046743386,0.00806738640408,0.0132874599597,0.0387946375608,0.0559971526872,0.0408114841618,0.0348795823941,0.0209989322577,0.0281172143789,0.00533871159094,0.0085419385455,0.0812670542176,0.0144738403132,0.0959781706015,0.0409301221972,0.0181516194092,0.0701150788943,0.00593190176771,0.00249139874244,0.00474552141417,0.0181516194092,0.00332186498992,0.00533871159094,0.000593190176771,0.00711828212125
0.000763358778626,0.00381679389313,0.00534351145038,0.0167938931298,0.0282442748092,0.0450381679389,0.0557251908397,0.0328244274809,0.00992366412214,0.00992366412214,0.0358778625954,0.0572519083969,0.0419847328244,0.024427480916,0.012213740458,0.018320610687,0.0343511450382,0.0320610687023,0.0282442748092,0.0335877862595,0.00916030534351,0.0351145038168,0.0137404580153,0.00992366412214,0.0587786259542,0.0167938931298,0.123664122137,0.0480916030534,0.0312977099237,0.0778625954198,0.00687022900763,0.00152671755725,0.00763358778626,0.0206106870229,0.00458015267176,0.00610687022901,0.0,0.00152671755725
0.00154918667699,0.00348567002324,0.00503485670023,0.0274980635167,0.0205267234702,0.0360185902401,0.0391169635941,0.0259488768397,0.00890782339272,0.0100697134005,0.0402788536019,0.0507358636716,0.0321456235476,0.0464756003098,0.00464756003098,0.0236250968242,0.0263361735089,0.063903950426,0.0356312935709,0.0340821068939,0.0201394268009,0.0282726568552,0.00116189000775,0.0182029434547,0.079395817196,0.00813323005422,0.120836560806,0.0379550735864,0.0278853601859,0.0782339271882,0.00658404337723,0.0,0.00580945003873,0.0154918667699,0.00193648334624,0.00309837335399,0.0,0.010844306739
0.00178725857596,0.00374747765927,0.00219083309311,0.027270106659,0.0236379360046,0.0207552608821,0.0200057653502,0.00645719227443,0.00351686364947,0.0223119054483,0.0346497549726,0.0209858748919,0.00772556932834,0.0159700201787,0.00374747765927,0.00518881522052,0.0107812049582,0.0320553473624,0.0272124531565,0.0763332372442,0.0172960507351,0.0373594695878,0.00622657826463,0.0100893629288,0.144133756126,0.0301527817815,0.0994522917267,0.0969155376189,0.0370135485731,0.0852118766215,0.00691842029403,0.00294032862496,0.00334390314212,0.0332084174114,0.00818679734794,0.0106658979533,0.000518881522052,0.00403574517152
0.00359712230216,0.00539568345324,0.00239808153477,0.0305755395683,0.0245803357314,0.0341726618705,0.0302757793765,0.0119904076739,0.00959232613909,0.0182853717026,0.0473621103118,0.035071942446,0.0173860911271,0.0260791366906,0.00539568345324,0.00749400479616,0.0188848920863,0.0551558752998,0.0356714628297,0.056654676259,0.0197841726619,0.0425659472422,0.00779376498801,0.0119904076739,0.104316546763,0.0191846522782,0.103417266187,0.0536570743405,0.0281774580336,0.08603117506,0.00539568345324,0.00299760191847,0.00329736211031,0.0239808153477,0.00299760191847,0.00539568345324,0.0,0.00299760191847
0.000994184023463,0.00313167967391,0.00402644529502,0.0157578167719,0.0146642143461,0.042501367003,0.0383755033057,0.0109360242581,0.00939503902172,0.00546801212905,0.0150618879555,0.0174479296118,0.0246060545807,0.0162051995824,0.00308197047273,0.00994184023463,0.0244569269772,0.0633295222946,0.0562211065268,0.0286822090769,0.0124273002933,0.0496097827708,0.00616394094547,0.0139682855297,0.0894765621116,0.019535716061,0.122334344087,0.0628324302828,0.0386737585127,0.131828801511,0.00671074215837,0.00422528209972,0.00352935328329,0.0205796092857,0.00521946612318,0.00502062931849,0.000497092011731,0.00308197047273
0.00106136626785,0.00270165959089,0.000675414897723,0.01524507912,0.0165959089155,0.0156310304902,0.0149556155924,0.00549980702431,0.00279814743342,0.0103241991509,0.0211308375145,0.0176572751833,0.00723658818989,0.0128328830567,0.0024121960633,0.00357005017368,0.0111925897337,0.0235430335778,0.0198764955616,0.0448668467773,0.0100347356233,0.0291393284446,0.00347356233115,0.00762253956002,0.156020841374,0.0294287919722,0.0868390582787,0.103531455037,0.0596294866847,0.143477421845,0.010517174836,0.00434195291393,0.00540331918178,0.0610768043227,0.0127363952142,0.0144731763798,0.00125434195291,0.0111925897337
0.000453823462673,0.00158838211936,0.00068073519401,0.0145223508055,0.0152030859995,0.0165645563876,0.0186067619696,0.00658044020876,0.00431132289539,0.00658044020876,0.0161107329249,0.0247333787157,0.0111186748355,0.0186067619696,0.00294985250737,0.00589970501475,0.00907646925346,0.0206489675516,0.0245064669843,0.0217835262083,0.0102110279101,0.0376673474019,0.00431132289539,0.00816882232811,0.129566598593,0.0224642614023,0.0873610165646,0.14091218516,0.0537780803268,0.159292035398,0.0165645563876,0.00658044020876,0.00567279328341,0.0433401406853,0.0106648513728,0.0136147038802,0.00068073519401,0.00862264579079
0.00110037901944,0.00238415454212,0.00281207971635,0.0113094510331,0.0116151118719,0.0210294657049,0.0239026775889,0.0073358601296,0.00611321677467,0.00709133145861,0.0167502139626,0.0166279496271,0.0147328524269,0.0169947426336,0.00244528670987,0.00635774544565,0.0189509720015,0.0297713656926,0.036923829319,0.0223132412275,0.00782491747157,0.0376574153319,0.00403472307128,0.0117373762074,0.0776378530383,0.0156498349431,0.13265680401,0.086624281697,0.0414476097322,0.216102212984,0.0165056852916,0.00984227900721,0.00861963565228,0.0324000489057,0.00819171047805,0.00745812446509,0.000794718180707,0.0082528426458
0.00286944045911,0.00382592061215,0.00334768053563,0.0133907221425,0.0181731229077,0.024868483979,0.0210425633668,0.0052606408417,0.00334768053563,0.00573888091822,0.0229555236729,0.0234337637494,0.0186513629842,0.0239120038259,0.00286944045911,0.011956001913,0.026781444285,0.0272596843615,0.0234337637494,0.0310856049737,0.0109995217599,0.0382592061215,0.0052606408417,0.00669536107126,0.0430416068867,0.0224772835964,0.0535628885701,0.0564323290292,0.025824964132,0.176948828312,0.0430416068867,0.0239120038259,0.037780966045,0.0492587278814,0.0133907221425,0.0277379244381,0.00334768053563,0.0478240076518
0.00165425971878,0.000827129859388,0.000827129859388,0.010752688172,0.00496277915633,0.0397022332506,0.0430107526882,0.00578990901572,0.00744416873449,0.00496277915633,0.0165425971878,0.0124069478908,0.0173697270471,0.0223325062035,0.0,0.0124069478908,0.0181968569065,0.0678246484698,0.0314309346567,0.0215053763441,0.0066170388751,0.0272952853598,0.00248138957816,0.00992555831266,0.055417700579,0.00578990901572,0.106699751861,0.0372208436725,0.0231596360629,0.196029776675,0.0363937138131,0.0157154673284,0.0215053763441,0.0413564929694,0.0173697270471,0.0306038047974,0.00165425971878,0.0248138957816
0.0,0.0040532715692,0.002895193978,0.00752750434279,0.00984365952519,0.0445859872611,0.0364794441228,0.00463231036479,0.0040532715692,0.00868558193399,0.0185292414592,0.0237405906196,0.0272148233932,0.0237405906196,0.0017371163868,0.0133178922988,0.031847133758,0.0665894614939,0.0312680949624,0.037637521714,0.00926462072959,0.0167921250724,0.0023161551824,0.0127388535032,0.0538506079907,0.00810654313839,0.0804863925883,0.0451650260567,0.0150550086856,0.148812970469,0.0428488708743,0.0127388535032,0.0214244354372,0.0463231036479,0.0248986682108,0.0341632889404,0.00694846554719,0.0196873190504
0.00124507159162,0.00269765511517,0.00186760738742,0.0151483710313,0.0153558829633,0.0186760738742,0.0178460261465,0.00581033409421,0.00373521477485,0.00996057273293,0.0236563602407,0.0197136335339,0.00933803693712,0.0182610500104,0.00207511931936,0.0074704295497,0.00892301307325,0.0240713841046,0.0178460261465,0.0448225772982,0.0101680846649,0.0361070761569,0.00373521477485,0.00809296534551,0.106038597219,0.0184685619423,0.0643286989002,0.137787922806,0.0452376011621,0.118904336999,0.025938991492,0.00767794148164,0.0103755965968,0.0527080307118,0.0313343017223,0.0329943971778,0.000207511931936,0.0213737289894
0.0012084592145,0.000604229607251,0.0036253776435,0.00906344410876,0.019335347432,0.0187311178248,0.0175226586103,0.00845921450151,0.00422960725076,0.0114803625378,0.0368580060423,0.0199395770393,0.00845921450151,0.021752265861,0.00302114803625,0.00725075528701,0.0211480362538,0.019335347432,0.0163141993958,0.033836858006,0.012084592145,0.0441087613293,0.00302114803625,0.00966767371601,0.0743202416918,0.0138972809668,0.0465256797583,0.0990936555891,0.0441087613293,0.114803625378,0.0296072507553,0.014501510574,0.0175226586103,0.105740181269,0.0114803625378,0.0441087613293,0.000604229607251,0.0326283987915
0.0,0.00227272727273,0.0,0.0113636363636,0.0227272727273,0.0176136363636,0.025,0.00511363636364,0.00227272727273,0.0142045454545,0.0363636363636,0.025,0.0125,0.0176136363636,0.00738636363636,0.00511363636364,0.00852272727273,0.0420454545455,0.0147727272727,0.0636363636364,0.00625,0.0153409090909,0.00454545454545,0.00511363636364,0.0971590909091,0.0159090909091,0.04375,0.0931818181818,0.0403409090909,0.0897727272727,0.0295454545455,0.0170454545455,0.0301136363636,0.0818181818182,0.0346590909091,0.0352272727273,0.00284090909091,0.0238636363636
0.0,0.00289855072464,0.00289855072464,0.0101449275362,0.0159420289855,0.00869565217391,0.0130434782609,0.00579710144928,0.00434782608696,0.0115942028986,0.105797101449,0.0579710144928,0.0130434782609,0.0507246376812,0.00434782608696,0.0144927536232,0.031884057971,0.036231884058,0.0144927536232,0.0536231884058,0.0202898550725,0.0246376811594,0.0101449275362,0.0188405797101,0.0666666666667,0.0159420289855,0.0463768115942,0.0884057971014,0.0275362318841,0.0826086956522,0.0217391304348,0.00434782608696,0.00869565217391,0.063768115942,0.0130434782609,0.00579710144928,0.0101449275362,0.0130434782609
0.00123762376238,0.00185643564356,0.00309405940594,0.0136138613861,0.0204207920792,0.0216584158416,0.0154702970297,0.00556930693069,0.00433168316832,0.00556930693069,0.0600247524752,0.0371287128713,0.0167079207921,0.039603960396,0.00804455445545,0.00742574257426,0.0358910891089,0.039603960396,0.012995049505,0.0594059405941,0.019801980198,0.0482673267327,0.00804455445545,0.0136138613861,0.0538366336634,0.0185643564356,0.0476485148515,0.0556930693069,0.0266089108911,0.105198019802,0.0247524752475,0.00928217821782,0.00990099009901,0.0655940594059,0.0266089108911,0.0247524752475,0.00990099009901,0.0222772277228
