0.30888030888,0.227799227799,0.0965250965251,0.131274131274,0.011583011583,0.03861003861,0.00772200772201,0.003861003861,0.0,0.015444015444,0.00772200772201,0.015444015444,0.003861003861,0.00772200772201,0.0,0.0,0.003861003861,0.0,0.00772200772201,0.03861003861,0.003861003861,0.015444015444,0.011583011583,0.0,0.023166023166,0.003861003861,0.003861003861,0.0,0.00772200772201,0.003861003861,0.0,0.0,0.0,0.0,0.0,0.0,0.0,0.0
0.0251856635454,0.244430093639,0.115272844688,0.328059412335,0.0494026477236,0.07200516629,0.0284145947691,0.00419761059089,0.00226025185664,0.00516628995802,0.017113335486,0.0161446561188,0.0054891830804,0.00387471746852,0.0,0.00129157248951,0.00581207620278,0.00258314497901,0.00387471746852,0.0129157248951,0.00193735873426,0.00452050371327,0.0,0.00258314497901,0.00807232805941,0.00161446561188,0.00710364869228,0.00774943493704,0.00322893122376,0.0100096867937,0.00129157248951,0.000968679367129,0.000322893122376,0.00226025185664,0.0,0.000968679367129,0.0,0.00387471746852
0.0142784293728,0.145843957165,0.318714941356,0.0943396226415,0.0147883732789,0.260581336053,0.041815400306,0.00356960734319,0.00458949515553,0.00305966343702,0.00917899031107,0.00815910249873,0.00713921468638,0.00407955124936,0.00101988781234,0.00050994390617,0.00611932687404,0.0050994390617,0.0050994390617,0.00356960734319,0.00254971953085,0.00611932687404,0.00101988781234,0.00203977562468,0.00611932687404,0.00050994390617,0.0112187659357,0.00407955124936,0.00101988781234,0.0101988781234,0.0,0.0,0.00050994390617,0.00152983171851,0.00152983171851,0.0,0.0,0.0
0.010874362987,0.0748364832872,0.0307772561294,0.366959592312,0.120540909273,0.134264275109,0.0598290598291,0.00746358492837,0.00465470888006,0.00890814975322,0.0305766221259,0.0256008988403,0.00766421893182,0.0101520805746,0.00188595963244,0.00441394807592,0.00802536013804,0.00601902010353,0.00429356767385,0.0113558845953,0.00469483568075,0.00790497973597,0.00140443802416,0.00337065125798,0.0140042534409,0.00341077805867,0.0117170258015,0.00593876650215,0.00333052445729,0.0085871353477,0.000441394807592,0.000280887604831,0.000321014405521,0.00272862244693,0.000882789615184,0.00116367722002,0.000120380402071,0.000601902010353
0.00654298492629,0.0273314560212,0.00703992049031,0.250124233891,0.0988073546463,0.0958257412622,0.0693225111811,0.0192976644028,0.0106841146265,0.0252608911711,0.0561537187345,0.0535033957264,0.0169786317707,0.0212025840649,0.00364419413616,0.0120092761305,0.0157362928607,0.0144939539506,0.0115951631605,0.0335431505715,0.0145767765446,0.0240185522611,0.00331290376015,0.00480371045221,0.0321351664734,0.0067086301143,0.023273148915,0.0109325824085,0.00563193639225,0.0130859698526,0.000993871128044,0.00091104853404,0.000828225940036,0.00496935564022,0.00149080669207,0.00182209706808,0.0,0.00140798409806
0.00263654825952,0.018277692664,0.0466027719386,0.130295364663,0.0358428047173,0.331421242028,0.193501264831,0.017208821748,0.0163893540457,0.00270780632059,0.0122920155343,0.0154273702213,0.0217337086258,0.0080521609007,0.00199522570991,0.00598567712973,0.0160330637403,0.00890725763352,0.0124345316564,0.00559375779385,0.00409733851142,0.0128977090533,0.00210211280151,0.00370541917554,0.0115794349236,0.00220899989311,0.0220543699006,0.00694766095415,0.00541561264118,0.0173869669006,0.00114012897709,0.000712580610682,0.00110449994656,0.00270780632059,0.00106887091602,0.000855096732818,0.0,0.000676951580148
0.0024960290447,0.009167233946,0.0162468799637,0.0826412525528,0.0469253460404,0.29775357386,0.17581120944,0.0225550260948,0.0215112321307,0.00412979351032,0.0161107329249,0.022418879056,0.0365327887452,0.00993873383254,0.00290447016111,0.00839573405945,0.0339913773542,0.0187882913547,0.0209212616292,0.00821420467438,0.00662582255503,0.0235534377127,0.00331291127751,0.00599046970728,0.0141139096891,0.00322214658498,0.034626730202,0.00975720444747,0.00599046970728,0.0214204674382,0.00140685273429,0.000998411617881,0.00258679373724,0.00440208758793,0.00108917631042,0.00158838211936,0.000453823462673,0.00140685273429
0.00209059233449,0.00557491289199,0.00557491289199,0.0641114982578,0.0614982578397,0.13275261324,0.134843205575,0.0146341463415,0.0134146341463,0.00905923344948,0.0294425087108,0.0271777003484,0.0270034843206,0.0235191637631,0.00627177700348,0.0310104529617,0.0613240418118,0.0390243902439,0.0456445993031,0.0163763066202,0.00993031358885,0.0339721254355,0.00993031358885,0.0158536585366,0.0320557491289,0.00783972125436,0.0602787456446,0.0165505226481,0.0109756097561,0.0287456445993,0.00121951219512,0.00121951219512,0.00348432055749,0.00853658536585,0.00331010452962,0.00365853658537,0.0,0.00209059233449
0.00328780981285,0.00379362670713,0.00859888720283,0.0536165907941,0.0354071825999,0.246332827516,0.229893778452,0.00784016186141,0.0161861406171,0.00303490136571,0.0187152250885,0.0263024785028,0.0240263024785,0.01416287304,0.00278199291856,0.00859888720283,0.0477996965099,0.0412240768842,0.0500758725341,0.0048052604957,0.00708143651998,0.0171977744057,0.00202326757714,0.00606980273141,0.01416287304,0.00303490136571,0.049822964087,0.00708143651998,0.00455235204856,0.0300961052099,0.00101163378857,0.00252908447142,0.00126454223571,0.00328780981285,0.00101163378857,0.00177035912999,0.000252908447142,0.00126454223571
0.00527192008879,0.0141509433962,0.00832408435072,0.111820199778,0.129023307436,0.0416204217536,0.0346836847947,0.0138734739179,0.00665926748058,0.0346836847947,0.0665926748058,0.0502219755827,0.00971143174251,0.0227524972253,0.0058268590455,0.0133185349612,0.0138734739179,0.0216426193119,0.00971143174251,0.0790788013319,0.023307436182,0.042730299667,0.00499445061043,0.0105438401776,0.0721420643729,0.015538290788,0.034961154273,0.0283018867925,0.0127635960044,0.0269145394007,0.0019422863485,0.00221975582686,0.00499445061043,0.0133185349612,0.003884572697,0.00416204217536,0.0,0.00443951165372
0.00375375375375,0.0118868868869,0.00863363363363,0.082957957958,0.0754504504505,0.0484234234234,0.0471721721722,0.016016016016,0.00900900900901,0.0311561561562,0.0643143143143,0.0472972972973,0.018018018018,0.0176426426426,0.00800800800801,0.0201451451451,0.0264014014014,0.0316566566567,0.0185185185185,0.0679429429429,0.0186436436436,0.0783283283283,0.00663163163163,0.0111361361361,0.0649399399399,0.0121371371371,0.0356606606607,0.0339089089089,0.0125125125125,0.0341591591592,0.00387887887888,0.00187687687688,0.00262762762763,0.0136386386386,0.0045045045045,0.00525525525526,0.00025025025025,0.00550550550551
0.0020780925298,0.00820299682817,0.00634365088045,0.0807174887892,0.0771081701848,0.0708738925954,0.0710926391775,0.0170622334026,0.0123591818878,0.0178278464399,0.0496554741332,0.036202559335,0.0217652849174,0.0390462649021,0.00524991797003,0.0255933501039,0.0300776550366,0.0306245214919,0.0234058842831,0.0405774909767,0.0278901892158,0.0782019030953,0.0101717160669,0.018046593022,0.0428743300886,0.010390462649,0.0486711145138,0.0247183637756,0.0133435415072,0.030952641365,0.0020780925298,0.00131247949251,0.00240621240293,0.0113748222684,0.00481242480586,0.00317182544023,0.000218746582085,0.00349994531335
0.00141964792731,0.0045428733674,0.00482680295287,0.0458546280522,0.0323679727428,0.150340715503,0.144520159001,0.0140545144804,0.0187393526405,0.00908574673481,0.0265474162408,0.0298126064736,0.0308063600227,0.0222884724588,0.00383304940375,0.0126348665531,0.0342135150483,0.0413117546848,0.0609028960818,0.0177455990914,0.0106473594549,0.0370528109029,0.00837592277115,0.0159000567859,0.0268313458262,0.00795002839296,0.0816297558206,0.0177455990914,0.0112152186258,0.0471323111868,0.00553662691652,0.00241340147643,0.00425894378194,0.00823395797842,0.00397501419648,0.00312322544009,0.000141964792731,0.00198750709824
0.000747523827322,0.00411138105027,0.00411138105027,0.0442907867688,0.0502709773874,0.0669033825453,0.0654083348907,0.023173238647,0.0162586432443,0.0188749766399,0.0304615959634,0.0515791440852,0.0213044290787,0.0256026910858,0.00485890487759,0.0201831433377,0.0360680246683,0.0317697626612,0.0263502149131,0.0403662866754,0.0222388338628,0.109886002616,0.00560642870491,0.018688095683,0.0510185012147,0.0153242384601,0.0715754064661,0.0257895720426,0.018688095683,0.0396187628481,0.00299009530929,0.00261633339563,0.00280321435246,0.0145767146328,0.00392450009344,0.00579330966175,0.000934404784152,0.00523266679125
0.00277008310249,0.00461680517082,0.00461680517082,0.0452446906741,0.0470914127424,0.0637119113573,0.0692520775623,0.01108033241,0.0101569713758,0.0156971375808,0.0498614958449,0.0304709141274,0.0184672206833,0.0295475530933,0.00738688827331,0.01108033241,0.0323176361958,0.0443213296399,0.0378578024007,0.0313942751616,0.0277008310249,0.061865189289,0.00923361034164,0.0350877192982,0.0544783010157,0.0193905817175,0.0941828254848,0.0323176361958,0.0101569713758,0.0480147737765,0.00277008310249,0.00461680517082,0.000923361034164,0.0156971375808,0.00277008310249,0.00738688827331,0.000923361034164,0.00554016620499
0.000690846286701,0.00345423143351,0.00932642487047,0.0379965457686,0.0438687392055,0.126424870466,0.123316062176,0.0366148531952,0.0221070811744,0.0100172711572,0.0428324697755,0.0359240069085,0.0321243523316,0.0234887737478,0.00345423143351,0.0193436960276,0.0227979274611,0.0200345423143,0.0272884283247,0.0179620034542,0.0155440414508,0.0645941278066,0.0107081174439,0.0214162348877,0.0341968911917,0.013816925734,0.0777202072539,0.0227979274611,0.0107081174439,0.0303972366149,0.00483592400691,0.00310880829016,0.00483592400691,0.0124352331606,0.00241796200345,0.00587219343696,0.000345423143351,0.00518134715026
0.00153459821429,0.00530133928571,0.00348772321429,0.0281808035714,0.0280412946429,0.0969587053571,0.1123046875,0.0166015625,0.0266462053571,0.00697544642857,0.0348772321429,0.0348772321429,0.0318080357143,0.0262276785714,0.00530133928571,0.0103236607143,0.0290178571429,0.0270647321429,0.0788225446429,0.0207868303571,0.0157645089286,0.0634765625,0.00502232142857,0.0186941964286,0.0340401785714,0.009765625,0.103236607143,0.0249720982143,0.00962611607143,0.0560825892857,0.00544084821429,0.00418526785714,0.00474330357143,0.00864955357143,0.00404575892857,0.00432477678571,0.000279017857143,0.00251116071429
0.00159960625077,0.00406053894426,0.00319921250154,0.0287929125138,0.0268241663591,0.0686600221484,0.0825642918666,0.0193183216439,0.0209179278947,0.0121816168328,0.0335917312661,0.0383905500185,0.041958902424,0.0210409745293,0.00406053894426,0.00799803125385,0.025716746647,0.0225175341454,0.0493417005045,0.0314999384767,0.0175956687585,0.0751814937861,0.00664451827243,0.0183339485665,0.0447889750215,0.0139042697182,0.126491940445,0.0278085394364,0.0166112956811,0.0653377630122,0.00455272548296,0.00283007259751,0.00701365817645,0.016242155777,0.00209179278947,0.0057831918297,0.000492186538698,0.00406053894426
0.000971143174251,0.00416204217536,0.00402330743618,0.0259433962264,0.0174805771365,0.0664539400666,0.0715871254162,0.0176193118757,0.0249722530522,0.00471698113208,0.0198390677026,0.0201165371809,0.0413429522752,0.0180355160932,0.00346836847947,0.0112375138735,0.0443951165372,0.058268590455,0.0459211986681,0.02871809101,0.014012208657,0.054384017758,0.00638179800222,0.0167869034406,0.0548002219756,0.0130410654828,0.130965593785,0.0339900110988,0.0201165371809,0.0936459489456,0.00735294117647,0.0026359600444,0.00541065482797,0.00832408435072,0.00235849056604,0.00277469478357,0.000138734739179,0.00360710321865
0.00385480244137,0.00931577256666,0.00567512581647,0.0498982760467,0.0518256772674,0.0425099047007,0.0390834136417,0.00952992825784,0.00621051504444,0.0297676410751,0.0942285041225,0.0507548988114,0.0150979762287,0.0324445872149,0.00556804797087,0.013705964236,0.030303030303,0.050861976657,0.0235571260306,0.0653174858122,0.0227005032659,0.0285897847735,0.00974408394903,0.010279473177,0.0805225398865,0.0150979762287,0.0584645036942,0.0369418567298,0.0126351857801,0.0500053538923,0.00449726951494,0.0017132455295,0.00417603597816,0.0147767426919,0.00374772459578,0.00835207195631,0.000321233536781,0.00792376057394
0.00279818118223,0.0129415879678,0.00909408884225,0.0472193074502,0.0514165792235,0.0444211262679,0.0510668065757,0.0132913606156,0.01259181532,0.0283315844701,0.060160895418,0.0524658971668,0.0167890870934,0.0244840853445,0.00594613501224,0.01259181532,0.0202868135712,0.0412731724379,0.0258831759356,0.0678558936691,0.0181881776845,0.0451206715635,0.00524658971668,0.0164393144456,0.0881427072403,0.020636586219,0.0682056663169,0.0356768100735,0.0118922700245,0.0521161245191,0.00734522560336,0.00244840853445,0.00244840853445,0.0146904512067,0.00174886323889,0.00454704442113,0.00139909059112,0.00279818118223
0.00143420580853,0.00478068602845,0.00286841161707,0.022349707183,0.0256961874029,0.0460141030238,0.0463726544759,0.0137444723318,0.00824668339907,0.0109955778654,0.0571291980399,0.0701565674674,0.0247400501972,0.0472092745309,0.00693199474125,0.016971435401,0.0425481056532,0.05545595793,0.0401577626389,0.0366917652683,0.0136249551811,0.02689135891,0.00501972032987,0.00693199474125,0.0748177363452,0.0127883351261,0.106250746982,0.0392016254332,0.0217521214294,0.0684833273575,0.00490020317916,0.00346599737062,0.0032269630692,0.0180470897574,0.00262937731564,0.00561730608342,0.000239034301422,0.00561730608342
0.000806451612903,0.00403225806452,0.00483870967742,0.0274193548387,0.0306451612903,0.0346774193548,0.0572580645161,0.0161290322581,0.0112903225806,0.0112903225806,0.0443548387097,0.0612903225806,0.033064516129,0.0306451612903,0.00322580645161,0.0185483870968,0.0233870967742,0.0306451612903,0.0435483870968,0.0370967741935,0.0104838709677,0.0556451612903,0.0217741935484,0.0137096774194,0.0653225806452,0.0225806451613,0.129838709677,0.0403225806452,0.0201612903226,0.0548387096774,0.000806451612903,0.00645161290323,0.00483870967742,0.0193548387097,0.00241935483871,0.00403225806452,0.0,0.00322580645161
0.000361010830325,0.00361010830325,0.0072202166065,0.0259927797834,0.0187725631769,0.0512635379061,0.0527075812274,0.0194945848375,0.0108303249097,0.0126353790614,0.0350180505415,0.0509025270758,0.029963898917,0.0364620938628,0.00361010830325,0.0180505415162,0.0314079422383,0.070036101083,0.0296028880866,0.029963898917,0.0256317689531,0.026714801444,0.00469314079422,0.0137184115523,0.0646209386282,0.0072202166065,0.131046931408,0.0328519855596,0.0263537906137,0.0797833935018,0.00649819494585,0.0028880866426,0.00541516245487,0.0176895306859,0.00361010830325,0.00505415162455,0.00108303249097,0.0072202166065
0.00258215962441,0.00416666666667,0.00211267605634,0.025117370892,0.0253521126761,0.0213615023474,0.0215375586854,0.00534037558685,0.00346244131455,0.0234741784038,0.0363849765258,0.0228286384977,0.00850938967136,0.0165492957746,0.00316901408451,0.00463615023474,0.0120892018779,0.0322769953052,0.0271713615023,0.075058685446,0.0154342723005,0.0407276995305,0.00528169014085,0.0110328638498,0.143603286385,0.0333333333333,0.0971830985915,0.0912558685446,0.0352112676056,0.0831572769953,0.00710093896714,0.00363849765258,0.00316901408451,0.0345070422535,0.00921361502347,0.00798122065728,0.000293427230047,0.00469483568075
0.00297088532383,0.00713012477718,0.00297088532383,0.0225787284611,0.0273321449792,0.0306001188354,0.030303030303,0.00623885918004,0.0068330362448,0.0193107546049,0.0445632798574,0.0332739156269,0.0106951871658,0.0297088532383,0.00445632798574,0.010101010101,0.0154486036839,0.0513963161022,0.0282234105764,0.0502079619727,0.0196078431373,0.0409982174688,0.00950683303624,0.0109922756982,0.109625668449,0.0157456922163,0.11972667855,0.0805109922757,0.0395127748069,0.0736779560309,0.00445632798574,0.0017825311943,0.00297088532383,0.0184194890077,0.00534759358289,0.0068330362448,0.000297088532383,0.00564468211527
0.000952667468913,0.00285800240674,0.00386081026875,0.0165463297232,0.014941837144,0.0394604893702,0.0410148415564,0.0106297633373,0.00912555154432,0.00471319695146,0.0156438026474,0.015443241075,0.0246189330124,0.014440433213,0.00310870437224,0.0073204973927,0.0271760930606,0.0608202968311,0.0547031688728,0.0280284797433,0.0135880465303,0.0533995186522,0.00536502206177,0.0131367829924,0.0881969514641,0.0187023666266,0.118381468111,0.0652827918171,0.0384576815082,0.136231448055,0.00696951464099,0.00476333734456,0.00576614520658,0.0228640192539,0.00486361813077,0.00491375852387,0.000451263537906,0.00325912555154
0.000966930961129,0.0022239412106,0.00145039644169,0.0169212918198,0.016244440147,0.0196286985109,0.0204022432798,0.00541481338232,0.00406111003674,0.0116031715336,0.0202088570876,0.0172113711081,0.00792883388126,0.0136337265519,0.0022239412106,0.00406111003674,0.010249468188,0.0208857087604,0.0187584606459,0.0487333204409,0.011119706053,0.0279443047766,0.00386772384452,0.00667182363179,0.15026107136,0.0294913943144,0.0823825178882,0.116901953201,0.0473796170953,0.147166892284,0.0109263198608,0.00328756526784,0.00560819957455,0.0579191645716,0.0140204989364,0.0144072713208,0.000966930961129,0.00686520982402
0.000213629566332,0.00320444349498,0.00234992522965,0.0117496261483,0.0164494766076,0.0177312540056,0.0209356975005,0.00576799829096,0.00277718436232,0.0059816278573,0.0237128818628,0.0234992522965,0.0111087374493,0.0211493270669,0.00170903653066,0.00640888698996,0.0119632557146,0.0258491775262,0.0279854731895,0.0279854731895,0.00790429395428,0.0373851741081,0.00384533219398,0.00811792352062,0.125614185003,0.0192266609699,0.0884426404614,0.134159367656,0.0444349497971,0.146977141636,0.0177312540056,0.0046998504593,0.00320444349498,0.0544755394147,0.0132450331126,0.0102542191839,0.000640888698996,0.0111087374493
0.00116211504939,0.00261475886113,0.00325392213829,0.0122603137711,0.0103428239396,0.0225450319582,0.0268448576409,0.00732132481116,0.00737943056363,0.00650784427658,0.016095293434,0.0158628704242,0.0151074956421,0.0169087739686,0.00273097036607,0.00644973852411,0.0171411969785,0.0292271934922,0.0357350377687,0.0226612434631,0.0103428239396,0.0345729227193,0.00377687391052,0.0109819872167,0.0774549680418,0.0197559558396,0.130156885532,0.0809994189425,0.0384079023823,0.22306798373,0.0172574084834,0.00825101685067,0.00958744915747,0.0343404997095,0.00796048808832,0.0061011040093,0.00104590354445,0.00778617083091
0.0014409221902,0.00384245917387,0.0028818443804,0.0129682997118,0.0158501440922,0.0259365994236,0.0244956772334,0.00432276657061,0.00624399615754,0.00672430355427,0.028818443804,0.0249759846302,0.0148895292988,0.0273775216138,0.00720461095101,0.00768491834774,0.0225744476465,0.0283381364073,0.0225744476465,0.02353506244,0.00960614793468,0.0470701248799,0.00624399615754,0.0120076849183,0.045148895293,0.0110470701249,0.0614793467819,0.0581171950048,0.0398655139289,0.170989433237,0.0542747358309,0.0158501440922,0.0278578290106,0.0489913544669,0.0196926032661,0.0273775216138,0.000960614793468,0.030739673391
0.0,0.00332225913621,0.00249169435216,0.0116279069767,0.00747508305648,0.0390365448505,0.0382059800664,0.00664451827243,0.00747508305648,0.00498338870432,0.0274086378738,0.0191029900332,0.0207641196013,0.0207641196013,0.00415282392027,0.00415282392027,0.014950166113,0.0523255813953,0.0265780730897,0.0124584717608,0.0124584717608,0.0215946843854,0.00332225913621,0.0124584717608,0.0382059800664,0.00830564784053,0.104651162791,0.0423588039867,0.0182724252492,0.220099667774,0.0323920265781,0.0207641196013,0.0182724252492,0.0390365448505,0.0365448504983,0.0224252491694,0.00581395348837,0.0191029900332
0.000547945205479,0.00328767123288,0.00109589041096,0.00767123287671,0.0104109589041,0.04,0.0334246575342,0.00821917808219,0.00767123287671,0.00547945205479,0.0235616438356,0.0180821917808,0.0180821917808,0.0268493150685,0.00602739726027,0.0120547945205,0.027397260274,0.0465753424658,0.0191780821918,0.0383561643836,0.012602739726,0.0208219178082,0.00602739726027,0.00712328767123,0.0515068493151,0.0153424657534,0.0827397260274,0.0531506849315,0.0284931506849,0.158356164384,0.0295890410959,0.0153424657534,0.0186301369863,0.0498630136986,0.0208219178082,0.0421917808219,0.00547945205479,0.0279452054795
0.00119047619048,0.00198412698413,0.00119047619048,0.0168650793651,0.0184523809524,0.0103174603175,0.0194444444444,0.00595238095238,0.00218253968254,0.00813492063492,0.0204365079365,0.0214285714286,0.00793650793651,0.0204365079365,0.0031746031746,0.00376984126984,0.00734126984127,0.0174603174603,0.0164682539683,0.0369047619048,0.0117063492063,0.0424603174603,0.00456349206349,0.00654761904762,0.111507936508,0.0154761904762,0.0617063492063,0.130357142857,0.0486111111111,0.132936507937,0.0244047619048,0.0109126984127,0.0138888888889,0.0621031746032,0.0255952380952,0.0359126984127,0.00178571428571,0.0184523809524
0.000558035714286,0.00390625,0.00167410714286,0.0145089285714,0.015625,0.0111607142857,0.0172991071429,0.00502232142857,0.00223214285714,0.00837053571429,0.0435267857143,0.0284598214286,0.0100446428571,0.01953125,0.00167410714286,0.00446428571429,0.0111607142857,0.0167410714286,0.01953125,0.0368303571429,0.00948660714286,0.0318080357143,0.00334821428571,0.00558035714286,0.0904017857143,0.0161830357143,0.0518973214286,0.109375,0.0552455357143,0.0987723214286,0.0318080357143,0.0145089285714,0.0228794642857,0.0892857142857,0.0239955357143,0.0440848214286,0.0,0.0290178571429
0.0011422044546,0.00285551113649,0.00228440890919,0.0211307824101,0.0211307824101,0.0211307824101,0.0165619645917,0.00285551113649,0.00285551113649,0.0125642490006,0.0336950314106,0.0228440890919,0.0159908623644,0.0131353512279,0.000571102227299,0.00856653340948,0.0199885779555,0.026841804683,0.0165619645917,0.0691033695031,0.0125642490006,0.0182752712736,0.0011422044546,0.00913763563678,0.0953740719589,0.0159908623644,0.0491147915477,0.093660765277,0.0445459737293,0.0799543118218,0.0199885779555,0.0148486579098,0.0279840091376,0.0982295830954,0.0342661336379,0.0359794403198,0.0011422044546,0.0159908623644
0.0,0.00294550810015,0.00147275405007,0.0162002945508,0.0176730486009,0.0176730486009,0.0117820324006,0.00589101620029,0.00294550810015,0.019145802651,0.0898379970545,0.0574374079529,0.00736377025037,0.0265095729013,0.00441826215022,0.00441826215022,0.0294550810015,0.0309278350515,0.0117820324006,0.0662739322533,0.0338733431517,0.0412371134021,0.00294550810015,0.0162002945508,0.0721649484536,0.0279823269514,0.0427098674521,0.0662739322533,0.039764359352,0.0972017673049,0.0147275405007,0.00441826215022,0.0117820324006,0.0692194403535,0.00294550810015,0.00883652430044,0.00883652430044,0.0147275405007
0.00116009280742,0.00348027842227,0.00174013921114,0.0092807424594,0.0110208816705,0.0197215777262,0.0133410672854,0.00812064965197,0.00174013921114,0.012180974478,0.0661252900232,0.0493039443155,0.0133410672854,0.0377030162413,0.00232018561485,0.00522041763341,0.0226218097448,0.0284222737819,0.0162412993039,0.0469837587007,0.0174013921114,0.0493039443155,0.0110208816705,0.0232018561485,0.0458236658933,0.012180974478,0.0574245939675,0.0684454756381,0.0353828306265,0.107308584687,0.0249419953596,0.0127610208817,0.0156612529002,0.0690255220418,0.0261020881671,0.0237819025522,0.00754060324826,0.0226218097448
