0.292857142857,0.203571428571,0.075,0.121428571429,0.0392857142857,0.0464285714286,0.0357142857143,0.00357142857143,0.00714285714286,0.00714285714286,0.0214285714286,0.0,0.0,0.00357142857143,0.0,0.0142857142857,0.0,0.00357142857143,0.0142857142857,0.025,0.00714285714286,0.00357142857143,0.0,0.0,0.0214285714286,0.00357142857143,0.0178571428571,0.00714285714286,0.0,0.0178571428571,0.0,0.0,0.00357142857143,0.0,0.0,0.0,0.0,0.00357142857143
0.0280691806067,0.235611000851,0.113127303657,0.331443152821,0.043096115679,0.0836404876666,0.0249503827616,0.00822228522824,0.00255174369152,0.00652112276722,0.0150269350723,0.0127587184576,0.00481996030621,0.00567054153672,0.000283527076836,0.00340232492203,0.00538701445988,0.00226821661469,0.00283527076836,0.0130422455344,0.00198468953785,0.00907286645875,0.00113410830734,0.00340232492203,0.0070881769209,0.00255174369152,0.00538701445988,0.0070881769209,0.00340232492203,0.00935639353558,0.000850581230508,0.000567054153672,0.00141763538418,0.00368585199887,0.0,0.000283527076836,0.0,0.0
0.0128521997034,0.152249134948,0.300049431537,0.102323282254,0.0133465150766,0.268907563025,0.0425111220959,0.00444883835887,0.00197726149283,0.00296589223925,0.00939199209095,0.00692041522491,0.00543746910529,0.00444883835887,0.000494315373208,0.00197726149283,0.00494315373208,0.00741473059812,0.00247157686604,0.00395452298566,0.00346020761246,0.00642609985171,0.000494315373208,0.00444883835887,0.00494315373208,0.00148294611962,0.00840336134454,0.00346020761246,0.00197726149283,0.0123578843302,0.000988630746416,0.000988630746416,0.0,0.0,0.000494315373208,0.000494315373208,0.000494315373208,0.0
0.0107228114116,0.0793644581849,0.0299377763863,0.353970179627,0.113372206786,0.141627206199,0.0609321801745,0.00794427268814,0.00489179352718,0.00806167573279,0.0307595976989,0.0256329980824,0.00692677963449,0.011153289242,0.001800180018,0.00524400266114,0.00817907877744,0.00716158572379,0.00543967440222,0.0116229014206,0.00481352483074,0.00806167573279,0.00168277697335,0.00254373263413,0.0142057684029,0.00316988220561,0.0132665440457,0.00657457050053,0.00305247916096,0.00997925879544,0.000782686964349,0.000273940437522,0.000391343482174,0.00340468829492,0.000665283919696,0.00148710523226,0.000273940437522,0.000626149571479
0.00669965740388,0.0242101256186,0.00936429387134,0.245298819947,0.0940997335364,0.0920441568329,0.0816140083746,0.0223068138561,0.00936429387134,0.0252759802056,0.0553483060525,0.0488009135896,0.0153026265702,0.0197944423297,0.00464408070042,0.0124095926913,0.0187285877427,0.0127141225733,0.00959269128283,0.0385991625428,0.0151503616292,0.0231442710316,0.00342596117244,0.0056338028169,0.02900647126,0.00494861058241,0.0248953178531,0.0137038446898,0.00692805481538,0.0145413018652,0.00137038446898,0.000837457175485,0.000304529881995,0.00540540540541,0.00114198705748,0.00175104682147,7.61324704987e-05,0.00152264940997
0.00363333333333,0.0201666666667,0.0476666666667,0.136633333333,0.0370333333333,0.3273,0.181366666667,0.0175,0.0164666666667,0.00296666666667,0.0136,0.0138333333333,0.0214333333333,0.00893333333333,0.00203333333333,0.00506666666667,0.0165333333333,0.00963333333333,0.0106666666667,0.00613333333333,0.0039,0.0129333333333,0.0025,0.00453333333333,0.0112333333333,0.00246666666667,0.0236666666667,0.0087,0.0047,0.0172333333333,0.000866666666667,0.00106666666667,0.000866666666667,0.004,0.000966666666667,0.0013,3.33333333333e-05,0.000433333333333
0.00236291045384,0.0103479181944,0.0170292512018,0.0851869958445,0.0484396643038,0.287012140471,0.169355495804,0.0237105842092,0.0202069583639,0.00431842255357,0.0170292512018,0.0236291045384,0.0335288845433,0.0105516173715,0.00272956897254,0.0081072272468,0.036176973845,0.0194329014911,0.0209810152367,0.00769982889269,0.00684429234906,0.023588364703,0.00382954452864,0.00623319481789,0.0169070316956,0.00211847144138,0.0323474293164,0.012588609142,0.00611097531166,0.024973519107,0.0018332925935,0.00126293489774,0.00301474782042,0.00492952008474,0.00142589423939,0.00211847144138,0.000244439012466,0.00179255275809
0.00124185035703,0.00745110214219,0.00558832660664,0.0718720894132,0.0614715926731,0.138000620925,0.121080409811,0.0133498913381,0.0133498913381,0.00977957156163,0.0315119528097,0.03554796647,0.0307357963365,0.024681775846,0.00450170754424,0.025923626203,0.0610058987892,0.0338404222291,0.0412915243713,0.0178515988823,0.0111766532133,0.0313567215151,0.00915864638311,0.0158335920522,0.0302701024527,0.00884818379385,0.0586774293698,0.015057435579,0.0121080409811,0.0305805650419,0.00450170754424,0.00186277553555,0.00403601366035,0.00853772120459,0.00201800683018,0.00419124495498,0.000620925178516,0.0010866190624
0.00147167034584,0.00490556781948,0.0171694873682,0.0566593083149,0.0426784400294,0.258523424086,0.21167525141,0.0132450331126,0.0129997547216,0.00343389747363,0.0174147657591,0.0247731174883,0.0242825607064,0.0125091979397,0.00245278390974,0.00809418690213,0.0439048319843,0.0338484179544,0.0343389747363,0.00956585724798,0.0046602894285,0.0201128280598,0.00392445425558,0.0046602894285,0.0196222712779,0.00269806230071,0.0495462349767,0.00907530046603,0.00588668138337,0.0326220259995,0.00220750551876,0.000490556781948,0.00147167034584,0.00515084621045,0.00147167034584,0.00147167034584,0.0,0.000981113563895
0.00502379693284,0.0179799048123,0.00608143839238,0.112903225806,0.106821787414,0.0375462718139,0.0359598096245,0.011634056055,0.00608143839238,0.0438921205711,0.0822316234796,0.058170280275,0.0118984664199,0.0230037017451,0.00740349021682,0.00978318350079,0.0179799048123,0.0171866737176,0.0121628767848,0.0772078265468,0.0293495505024,0.0404547858276,0.00290851401375,0.00740349021682,0.0772078265468,0.0182443151772,0.0298783712322,0.0296139608673,0.0111052353252,0.0230037017451,0.00290851401375,0.00158646218932,0.00237969328398,0.00925436277102,0.00449497620307,0.00343733474352,0.000528820729773,0.00528820729773
0.00347302616346,0.0111136837231,0.00544107432276,0.0899513776337,0.0757119703635,0.0466543181292,0.0452651076638,0.0151655475805,0.00949293818013,0.03137300301,0.0633248437138,0.043065524427,0.0210696920583,0.0195647140542,0.00798796017597,0.0255846260708,0.0235008103728,0.0267423014587,0.0191016438991,0.0662190321834,0.0148182449641,0.0715443389674,0.00578837693911,0.0144709423478,0.0714285714286,0.0142394072702,0.0407501736513,0.0332252836305,0.0111136837231,0.0371613799491,0.0045149340125,0.00185228062051,0.00231535077564,0.0129659643436,0.00358879370225,0.00497800416763,0.0012734429266,0.00416763139616
0.00295797633619,0.0062219502244,0.00397796817625,0.077519379845,0.0747654018768,0.077825377397,0.0691554467564,0.015911872705,0.0127498980008,0.0178498572011,0.0503875968992,0.030701754386,0.0184618523052,0.0361077111383,0.00601795185639,0.0273357813137,0.0272337821297,0.0332517339861,0.0246838025296,0.0349857201142,0.0266217870257,0.078131374949,0.0110159118727,0.0171358629131,0.0424316605467,0.015503875969,0.047633618931,0.0289677682579,0.0145858833129,0.0360057119543,0.00244798041616,0.00234598123215,0.00285597715218,0.0142798857609,0.00336597307222,0.00387596899225,0.000815993472052,0.00387596899225
0.000506585612969,0.00405268490375,0.00785207700101,0.0492654508612,0.0387537993921,0.139944275583,0.154002026342,0.0127912867275,0.0160840932118,0.00734549138804,0.0244427558257,0.02773556231,0.0254559270517,0.0224164133739,0.00215298885512,0.0121580547112,0.036600810537,0.0487588652482,0.060663627153,0.0154508611955,0.0117781155015,0.0392603850051,0.00835866261398,0.0138044579534,0.0249493414387,0.00987841945289,0.0824468085106,0.0205167173252,0.0116514690983,0.0435663627153,0.0048125633232,0.0032928064843,0.00430597771023,0.00886524822695,0.00215298885512,0.0032928064843,0.0,0.000633232016211
0.00248623690286,0.00532765050613,0.00550523885633,0.0490143846564,0.0481264429053,0.0587817439176,0.0641093944237,0.0202450719233,0.0129639495649,0.0142070680163,0.0353400816906,0.0500799147576,0.0314331379861,0.0264606641804,0.00443970875511,0.016515716569,0.033031433138,0.0337417865388,0.0264606641804,0.0456402060025,0.0248623690286,0.110992718878,0.00781388740899,0.0163381282188,0.0477712662049,0.0143846563665,0.065174924525,0.0301900195347,0.014739833067,0.0406677321968,0.00603800390694,0.00390694370449,0.00355176700408,0.0172260699698,0.00284141360327,0.00461729710531,0.00177588350204,0.00319659030368
0.000970873786408,0.00291262135922,0.000970873786408,0.0388349514563,0.0514563106796,0.0815533980583,0.0640776699029,0.0184466019417,0.0165048543689,0.00679611650485,0.026213592233,0.021359223301,0.0145631067961,0.0223300970874,0.0126213592233,0.0203883495146,0.0300970873786,0.0427184466019,0.0300970873786,0.0300970873786,0.0320388349515,0.0864077669903,0.0242718446602,0.0320388349515,0.0398058252427,0.0135922330097,0.0980582524272,0.0281553398058,0.0165048543689,0.0417475728155,0.00485436893204,0.00194174757282,0.00485436893204,0.0223300970874,0.000970873786408,0.0135922330097,0.0,0.00582524271845
0.000336587007742,0.00370245708516,0.00471221810838,0.040390440929,0.0521709861999,0.106698081454,0.139010434197,0.0407270279367,0.019522046449,0.00740491417031,0.0370245708516,0.0339952877819,0.0343318747896,0.0178391114103,0.00134634803097,0.0191854594413,0.0198586334567,0.0198586334567,0.0360148098283,0.0296196566813,0.0144732413329,0.0589027263548,0.0134634803097,0.0198586334567,0.0343318747896,0.0097610232245,0.078088185796,0.0232245035342,0.0178391114103,0.0373611578593,0.00302928306967,0.00235610905419,0.00168293503871,0.0144732413329,0.00269269606193,0.00302928306967,0.0,0.00168293503871
0.00237292369177,0.00549519170726,0.00949169476708,0.0317222430373,0.037092544024,0.090920444611,0.109778943425,0.0157362307981,0.029224428625,0.00749344323717,0.0337204945673,0.0373423254652,0.0315973523167,0.0288497564631,0.00399650305982,0.0107406019733,0.0278506306981,0.0338453852879,0.0559510428375,0.0233545647558,0.0174847008867,0.0608217809417,0.00686898963407,0.0173598101661,0.0330960409642,0.0113650555764,0.101910828025,0.0218558761084,0.0132384163857,0.0532034469839,0.00437117522168,0.00299737729487,0.00649431747221,0.0089921318846,0.0038716123392,0.00599475458973,0.000624453603097,0.00287248657425
0.0015359168242,0.00531663516068,0.0047258979206,0.0261105860113,0.0276465028355,0.0744328922495,0.0838846880907,0.0173676748582,0.0218572778828,0.00945179584121,0.0330812854442,0.0422967863894,0.0409971644612,0.0171313799622,0.0038988657845,0.00945179584121,0.0280009451796,0.0250472589792,0.0445415879017,0.0362712665406,0.0177221172023,0.0692344045369,0.00508034026465,0.0239839319471,0.0473771266541,0.0140595463138,0.124172967864,0.0329631379962,0.0126417769376,0.0633270321361,0.00578922495274,0.00378071833648,0.00602551984877,0.0106332703214,0.00271739130435,0.00366257088847,0.000945179584121,0.00283553875236
0.00145310435931,0.00435931307794,0.00383091149273,0.0227212681638,0.0174372523118,0.075429326288,0.0717305151915,0.0154557463672,0.0237780713342,0.00594451783355,0.0203434610304,0.0228533685601,0.0421400264201,0.0184940554822,0.00488771466314,0.0114927344782,0.0389696169089,0.053500660502,0.0402906208719,0.0256274768824,0.0134742404227,0.0520475561427,0.00647291941876,0.0158520475561,0.0558784676354,0.0153236459709,0.132364597094,0.0384412153236,0.0216644649934,0.0937912813738,0.00409511228534,0.00568031704095,0.00435931307794,0.0114927344782,0.00290620871863,0.00317040951123,0.000396301188904,0.00184940554822
0.00283533260632,0.00883315158124,0.00381679389313,0.0474372955289,0.0514721919302,0.0437295528899,0.0419847328244,0.00981461286805,0.00599781897492,0.0290076335878,0.0880043620502,0.0547437295529,0.0139585605234,0.0294438386041,0.0041439476554,0.0114503816794,0.0309705561614,0.0537622682661,0.0221374045802,0.0652126499455,0.0239912758997,0.028026172301,0.00752453653217,0.0113413304253,0.0878953107961,0.0131952017448,0.0564885496183,0.0436205016358,0.0147219193021,0.0470010905125,0.00370774263904,0.00229007633588,0.00545256270447,0.0187568157034,0.00316248636859,0.00676117775354,0.000981461286805,0.00632497273719
0.00324207492795,0.00756484149856,0.00468299711816,0.0482708933718,0.049711815562,0.0561959654179,0.0367435158501,0.0140489913545,0.00864553314121,0.0335014409222,0.0734870317003,0.0453890489914,0.0187319884726,0.028818443804,0.00612391930836,0.0136887608069,0.0309798270893,0.0428674351585,0.0234149855908,0.0565561959654,0.0169308357349,0.0543948126801,0.00612391930836,0.00792507204611,0.0918587896254,0.0198126801153,0.0576368876081,0.0482708933718,0.00972622478386,0.0504322766571,0.0036023054755,0.0021613832853,0.00180115273775,0.0129682997118,0.0036023054755,0.0036023054755,0.0,0.00648414985591
0.00200589970501,0.00448377581121,0.00283185840708,0.0254867256637,0.0278466076696,0.0483775811209,0.0441297935103,0.0140412979351,0.00778761061947,0.0168731563422,0.0562831858407,0.0679646017699,0.0212389380531,0.0450737463127,0.00849557522124,0.0134513274336,0.0415339233038,0.0605309734513,0.0396460176991,0.0349262536873,0.0149852507375,0.0266666666667,0.00672566371681,0.00719764011799,0.0781120943953,0.0133333333333,0.0928613569322,0.0401179941003,0.0202949852507,0.0683185840708,0.00589970501475,0.00200589970501,0.00542772861357,0.0194690265487,0.00389380530973,0.00601769911504,0.00023598820059,0.00542772861357
0.00229533282326,0.00306044376435,0.000765110941086,0.0206579954093,0.0328997704667,0.0420811017598,0.0558530986993,0.0168324407039,0.0122417750574,0.0122417750574,0.0397857689365,0.0566182096404,0.0390206579954,0.0237184391737,0.00459066564652,0.0153022188217,0.0390206579954,0.0367253251721,0.044376434583,0.0283091048202,0.00994644223412,0.0535577658761,0.0160673297628,0.0114766641163,0.0650344299923,0.0183626625861,0.106350420811,0.0497322111706,0.0321346595256,0.0673297628156,0.00229533282326,0.00229533282326,0.00229533282326,0.0214231063504,0.00382555470543,0.00535577658761,0.000765110941086,0.00535577658761
0.0021897810219,0.00547445255474,0.00401459854015,0.0215328467153,0.0226277372263,0.0565693430657,0.0492700729927,0.0200729927007,0.00656934306569,0.0109489051095,0.0386861313869,0.0481751824818,0.0295620437956,0.035401459854,0.00401459854015,0.0240875912409,0.0350364963504,0.0489051094891,0.0408759124088,0.0328467153285,0.0182481751825,0.0262773722628,0.00510948905109,0.0193430656934,0.0722627737226,0.00766423357664,0.115328467153,0.0485401459854,0.0237226277372,0.0744525547445,0.0102189781022,0.00182481751825,0.00583941605839,0.0164233576642,0.0043795620438,0.00620437956204,0.000729927007299,0.00656934306569
0.00219514872133,0.00570738667545,0.00279881461969,0.0308418395346,0.0280430249149,0.0235978487543,0.0201404895182,0.00685983975414,0.00576226539348,0.0219514872133,0.0363297113379,0.0209087915706,0.00779277796071,0.0167928877181,0.00252442102952,0.00389638898035,0.00971353309187,0.0317747777412,0.026561299528,0.0839095598727,0.0169026451542,0.0374821644166,0.00625617385578,0.011634288223,0.139007792778,0.0307869608166,0.0957084842498,0.094391395017,0.0342991987707,0.0814400175612,0.00581714411151,0.00340248051806,0.00378663154429,0.0309515969707,0.00784765667874,0.00795741411481,0.000329272308199,0.00389638898035
0.0024889380531,0.00608407079646,0.00470132743363,0.0298672566372,0.0224004424779,0.0301438053097,0.0362278761062,0.00497787610619,0.00359513274336,0.0221238938053,0.0384402654867,0.0287610619469,0.0116150442478,0.0301438053097,0.00580752212389,0.00719026548673,0.0171460176991,0.052267699115,0.0362278761062,0.0461836283186,0.0268252212389,0.0298672566372,0.00580752212389,0.00719026548673,0.120851769912,0.0160398230088,0.121404867257,0.0721792035398,0.0359513274336,0.070796460177,0.00801991150442,0.0024889380531,0.00359513274336,0.0237831858407,0.00608407079646,0.00553097345133,0.0,0.00719026548673
0.0012363769576,0.0038465060903,0.00315963000275,0.0173550691455,0.0153860243612,0.0402967304698,0.0380987269897,0.00979943218243,0.00874622218152,0.00668559391886,0.0163476508838,0.0174008608847,0.0239948713252,0.0125469365326,0.00224379521934,0.00915834783405,0.0220716182801,0.0689623591904,0.0537137100467,0.0276582104588,0.0140580639253,0.0549958787435,0.00732667826724,0.0130506456635,0.0883780565986,0.0175840278414,0.118875354886,0.0646121439692,0.0381445187288,0.133253960985,0.00705192783222,0.00444179869951,0.00576975913545,0.0209268248008,0.00407546478615,0.00467075739537,0.000412125652532,0.00366333913362
0.00160342063068,0.00320684126136,0.00231605202209,0.0192410475681,0.0153215749154,0.0234277569927,0.0172813112418,0.0057010511313,0.00374131480492,0.0134509175129,0.0202209157313,0.0159451273829,0.0083734188491,0.0120256547301,0.00187065740246,0.0030286834135,0.00926420808837,0.0286834135044,0.0176376269375,0.0501514341707,0.0102440762516,0.0251202565473,0.00391947265277,0.00890789239266,0.144218777837,0.030286834135,0.0924639230358,0.106003919473,0.0540709068234,0.145733119544,0.0101549973276,0.00329592018528,0.00498841973989,0.0552289328345,0.0122038125779,0.0125601282737,0.000445394619633,0.00766078745769
0.000593589236249,0.00316580925999,0.00138504155125,0.0223585278987,0.0140482785912,0.0114760585675,0.0207756232687,0.00732093391373,0.00395726157499,0.00514444004749,0.0227542540562,0.0199841709537,0.0104867431737,0.0154333201425,0.00178076770875,0.00514444004749,0.0106846062525,0.0219628017412,0.0249307479224,0.0257222002374,0.00910170162248,0.0425405619311,0.00296794618124,0.00732093391373,0.115749901068,0.018203403245,0.0918084685398,0.146616541353,0.0459042342699,0.16145627226,0.01266323704,0.00593589236249,0.00494657696874,0.0530273051049,0.0106846062525,0.0116739216462,0.0,0.010288880095
0.00130371014178,0.00336791786626,0.00287902656309,0.011733391276,0.0113531424847,0.0247704926938,0.0229235699929,0.00673583573252,0.00689879950024,0.00554076810256,0.0155902004454,0.0173828018904,0.013525992721,0.016405019284,0.00162963767722,0.00494323428758,0.0159704492368,0.031126079635,0.0330816448476,0.0224346786898,0.00782226085067,0.0384594491825,0.00369384540171,0.0104296811342,0.0793633548808,0.0168939105872,0.134173502091,0.0849584442392,0.0388940192297,0.220055407681,0.0166223043077,0.00972350480743,0.00939757727199,0.0343310337335,0.00983214731925,0.00689879950024,0.000706176326797,0.00814818838612
0.00135440180587,0.00135440180587,0.00451467268623,0.0112866817156,0.0153498871332,0.0266365688488,0.0297968397291,0.00541760722348,0.00722347629797,0.00948081264108,0.0329571106095,0.0189616252822,0.020316027088,0.0266365688488,0.00225733634312,0.00948081264108,0.0189616252822,0.0338600451467,0.0230248306998,0.020316027088,0.0130925507901,0.0446952595937,0.00316027088036,0.0139954853273,0.0469525959368,0.0121896162528,0.0528216704289,0.0528216704289,0.0320541760722,0.180135440181,0.0474040632054,0.020316027088,0.0343115124153,0.0519187358916,0.0194130925508,0.0234762979684,0.00316027088036,0.0288939051919
0.00331125827815,0.00331125827815,0.00198675496689,0.00596026490066,0.00794701986755,0.035761589404,0.0483443708609,0.00728476821192,0.00529801324503,0.0119205298013,0.0245033112583,0.0271523178808,0.0112582781457,0.0238410596026,0.00529801324503,0.00728476821192,0.0264900662252,0.0629139072848,0.0344370860927,0.0284768211921,0.00529801324503,0.0258278145695,0.0046357615894,0.0251655629139,0.0291390728477,0.00728476821192,0.0913907284768,0.0476821192053,0.0238410596026,0.182119205298,0.0258278145695,0.0132450331126,0.0238410596026,0.0384105960265,0.0245033112583,0.0192052980132,0.00529801324503,0.0245033112583
0.000991080277502,0.00297324083251,0.00396432111001,0.0104063429138,0.0133795837463,0.0426164519326,0.0247770069376,0.00743310208127,0.00941526263627,0.0104063429138,0.01982160555,0.0163528245788,0.0163528245788,0.0247770069376,0.00297324083251,0.00842418235877,0.0272547076313,0.0758176412289,0.0277502477701,0.0485629335976,0.00941526263627,0.0257680872151,0.000495540138751,0.01585728444,0.0490584737364,0.0133795837463,0.0728444003964,0.0366699702676,0.0262636273538,0.145688800793,0.0341922695738,0.0193260654113,0.0213082259663,0.0441030723489,0.0267591674926,0.0312190287413,0.00842418235877,0.0247770069376
0.000581620783249,0.00271423032183,0.00193873594416,0.016285381931,0.0153160139589,0.0189996122528,0.0193873594416,0.00601008142691,0.00426521907716,0.00833656455991,0.0213260953858,0.0213260953858,0.00969367972082,0.018611865064,0.00290810391625,0.00445909267158,0.00930593253199,0.0228770841411,0.0137650252036,0.0459480418767,0.00988755331524,0.0356727413726,0.00407134548275,0.00736719658782,0.110507948817,0.0211322217914,0.06145792943,0.120977122916,0.0436215587437,0.12950756107,0.0250096936797,0.00717332299341,0.013958898798,0.0585498255138,0.0246219464909,0.0407134548275,0.002326483133,0.0193873594416
0.0015,0.002,0.0015,0.0115,0.014,0.011,0.0205,0.0045,0.002,0.0095,0.027,0.027,0.011,0.024,0.0025,0.002,0.011,0.02,0.0175,0.0315,0.0075,0.0385,0.002,0.0105,0.089,0.013,0.0545,0.1105,0.039,0.1265,0.034,0.0215,0.0155,0.1015,0.0125,0.0435,0.0,0.029
0.00151285930408,0.00302571860817,0.00201714573878,0.0206757438225,0.0151285930408,0.0226928895613,0.0166414523449,0.00453857791225,0.00403429147756,0.0156328794755,0.0393343419062,0.0327786182552,0.00857286938981,0.0126071608674,0.00151285930408,0.00504286434695,0.018154311649,0.0358043368633,0.0196671709531,0.0574886535552,0.0121028744327,0.0171457387796,0.00403429147756,0.00756429652042,0.0897629853757,0.0131114473021,0.0524457892083,0.0811901159859,0.029752899647,0.0877458396369,0.0317700453858,0.0206757438225,0.0322743318205,0.0968229954614,0.0322743318205,0.0262228946041,0.00201714573878,0.0262228946041
0.0,0.00270635994587,0.0,0.00811907983762,0.0243572395129,0.0148849797023,0.0175913396482,0.00811907983762,0.00541271989175,0.0108254397835,0.112313937754,0.0473612990528,0.0108254397835,0.0608930987821,0.00541271989175,0.0175913396482,0.021650879567,0.0257104194858,0.00811907983762,0.0392422192152,0.0230040595399,0.0378890392422,0.0121786197564,0.0230040595399,0.0811907983762,0.0148849797023,0.043301759134,0.0798376184032,0.0257104194858,0.0920162381597,0.0243572395129,0.00405953991881,0.00947225981055,0.0622462787551,0.00541271989175,0.00811907983762,0.00270635994587,0.00947225981055
0.000542888165038,0.0043431053203,0.0043431053203,0.0114006514658,0.0130293159609,0.0195439739414,0.0157437567861,0.00542888165038,0.00814332247557,0.00922909880565,0.0651465798046,0.043431053203,0.0152008686211,0.0445168295331,0.0103148751357,0.0103148751357,0.0206297502714,0.0271444082519,0.0157437567861,0.0548317046688,0.0228013029316,0.0396308360478,0.00597176981542,0.014115092291,0.0765472312704,0.0130293159609,0.0477741585233,0.0618892508143,0.0320304017372,0.0955483170467,0.0266015200869,0.00868621064061,0.0119435396308,0.0526601520087,0.0342019543974,0.0206297502714,0.00597176981542,0.0309446254072
