0.316293929712,0.268370607029,0.0926517571885,0.115015974441,0.0223642172524,0.0223642172524,0.0351437699681,0.00319488817891,0.0,0.00638977635783,0.00638977635783,0.00319488817891,0.0,0.0159744408946,0.00638977635783,0.0,0.00319488817891,0.0,0.0,0.00958466453674,0.0,0.00319488817891,0.00319488817891,0.0,0.00638977635783,0.00319488817891,0.00958466453674,0.00638977635783,0.00638977635783,0.0319488817891,0.0,0.0,0.0,0.0,0.00319488817891,0.0,0.0,0.0
0.0236124634859,0.216163583252,0.108812074002,0.339094449854,0.0469814995131,0.0859298928919,0.027994157741,0.0055988315482,0.00243427458617,0.00511197663096,0.0223953261928,0.0141187925998,0.00340798442064,0.00486854917235,0.000243427458617,0.00267770204479,0.00462512171373,0.00219084712756,0.00170399221032,0.0172833495618,0.00584225900682,0.00584225900682,0.0014605647517,0.00316455696203,0.0138753651412,0.00243427458617,0.00998052580331,0.00365141187926,0.00340798442064,0.00949367088608,0.000243427458617,0.0,0.000486854917235,0.00316455696203,0.0,0.000486854917235,0.0,0.00121713729309
0.019781994348,0.160678239806,0.288655631813,0.113847396044,0.015341138474,0.251110213969,0.0391602745256,0.00363342753331,0.00363342753331,0.00484457004441,0.0117077109407,0.00645942672588,0.00767056923698,0.00645942672588,0.000807428340735,0.00161485668147,0.00403714170367,0.00484457004441,0.00605571255551,0.00322971336294,0.0024222850222,0.00282599919257,0.0,0.00322971336294,0.00847799757771,0.000807428340735,0.012111425111,0.00201857085184,0.00201857085184,0.00807428340735,0.000403714170367,0.0,0.0024222850222,0.0012111425111,0.000403714170367,0.0,0.0,0.0
0.0114347437426,0.0756480929678,0.0331123361144,0.344941895113,0.1184818236,0.136956197855,0.0593712753278,0.00752383790226,0.00510280095352,0.00879022646007,0.0356078665077,0.0264824195471,0.00771007151371,0.0119561978546,0.00264451728248,0.00458134684148,0.00879022646007,0.00629469606675,0.00566150178784,0.0106898092968,0.00584773539928,0.00938617401669,0.001936829559,0.00316597139452,0.014079261025,0.00316597139452,0.0131853396901,0.00733760429082,0.00271901072706,0.0107270560191,0.000856674612634,0.000260727056019,0.000335220500596,0.00327771156138,0.000446960667461,0.000856674612634,0.000148986889154,0.00048420738975
0.00446943483276,0.023716839677,0.0090830449827,0.236519607843,0.0987600922722,0.100994809689,0.0771337946943,0.022491349481,0.0109573241061,0.0211216839677,0.0629325259516,0.0470011534025,0.0163638985006,0.0227076124567,0.00382064590542,0.0146337946943,0.0179498269896,0.0151384083045,0.0106689734717,0.0331603229527,0.0133362168397,0.0215542099193,0.00317185697809,0.00533448673587,0.0276816608997,0.00728085351788,0.0236447520185,0.0131920415225,0.00735294117647,0.0160755478662,0.0010092272203,0.000216262975779,0.000937139561707,0.00497404844291,0.00108131487889,0.00180219146482,0.000144175317186,0.00158592848904
0.00305619659452,0.0192415642737,0.0430986091187,0.136063119815,0.0422254100917,0.316347533213,0.18346535271,0.0161229963201,0.0161541819996,0.00290026819684,0.0153433543317,0.0179941370922,0.0231397742157,0.00957400361754,0.00159046965633,0.00533275120065,0.0166219671927,0.0101041601697,0.0112580303125,0.00623713590719,0.0043348094555,0.0127237572507,0.00202706916984,0.00530156552111,0.0112580303125,0.00302501091499,0.0246366868334,0.00764049148631,0.00414769537828,0.0193663069918,0.00146572693819,0.000686084949791,0.00109149878376,0.00371109586478,0.000779641988399,0.00118505582237,0.0,0.000748456308863
0.00234795122321,0.0101870786942,0.0187078694236,0.0883890024994,0.0528667727032,0.282511550405,0.165416950693,0.0212451715519,0.019427402863,0.00443081117928,0.0181776868893,0.0261682950845,0.0339695523745,0.0120427175642,0.00284026357646,0.00757403620389,0.0363553737787,0.0196924941301,0.0210558206468,0.00761190638491,0.00742255547982,0.0223434068015,0.00371127773991,0.00651367113535,0.0157539953041,0.00352192683481,0.0337044611073,0.0112095735818,0.00666515185943,0.0229114595168,0.00166628796486,0.00159054760282,0.00189350905097,0.00541543588578,0.00106036506855,0.00231008104219,0.000113610543058,0.0011739756116
0.00137249519627,0.00576447982432,0.00658797694208,0.0732912434806,0.0528410650563,0.134779028273,0.123936316223,0.0130387043645,0.0130387043645,0.00809772165797,0.0339006313478,0.0314301399945,0.0289596486412,0.0289596486412,0.00384298654955,0.0284106505627,0.0656052703816,0.0365083722207,0.0451550919572,0.0152346966786,0.0112544606094,0.0354103760637,0.00713697502059,0.0127642053253,0.030881141916,0.00713697502059,0.0591545429591,0.0207246774636,0.012489706286,0.0303321438375,0.00288223991216,0.00260774087291,0.00288223991216,0.00713697502059,0.00137249519627,0.00398023606917,0.0,0.00109799615701
0.00237837837838,0.00497297297297,0.0108108108108,0.0568648648649,0.0380540540541,0.249297297297,0.210810810811,0.00994594594595,0.0153513513514,0.00367567567568,0.0224864864865,0.0229189189189,0.0257297297297,0.0149189189189,0.00324324324324,0.00951351351351,0.0467027027027,0.0352432432432,0.04,0.0116756756757,0.00454054054054,0.0144864864865,0.00259459459459,0.008,0.012972972973,0.00259459459459,0.0555675675676,0.00972972972973,0.00713513513514,0.0322162162162,0.00216216216216,0.00172972972973,0.00345945945946,0.00302702702703,0.00108108108108,0.00302702702703,0.000432432432432,0.000648648648649
0.00736788617886,0.0162601626016,0.00635162601626,0.125254065041,0.11737804878,0.0386178861789,0.0337906504065,0.0111788617886,0.00863821138211,0.0373475609756,0.0782520325203,0.0508130081301,0.0129573170732,0.0226117886179,0.00838414634146,0.00914634146341,0.0193089430894,0.0213414634146,0.00940040650407,0.0663109756098,0.0236280487805,0.0419207317073,0.00685975609756,0.00787601626016,0.0731707317073,0.0106707317073,0.0284552845528,0.0287093495935,0.0106707317073,0.032012195122,0.0030487804878,0.0,0.00228658536585,0.0142276422764,0.0030487804878,0.00787601626016,0.0,0.00482723577236
0.00391498881432,0.0104026845638,0.00715883668904,0.086129753915,0.0940715883669,0.0507829977629,0.0442953020134,0.0127516778523,0.00961968680089,0.0267337807606,0.0615212527964,0.0456375838926,0.018903803132,0.0166666666667,0.00715883668904,0.0208053691275,0.0261744966443,0.0280760626398,0.0163310961969,0.0665548098434,0.021029082774,0.0651006711409,0.00704697986577,0.010514541387,0.0675615212528,0.0125279642058,0.0398210290828,0.0337807606264,0.0112975391499,0.0360178970917,0.00604026845638,0.00156599552573,0.00212527964206,0.0157718120805,0.00357941834452,0.00570469798658,0.000559284116331,0.00626398210291
0.00125932383997,0.00581226387678,0.00610287707062,0.0812748232103,0.086118376441,0.0713939746198,0.0702315218444,0.0151118860796,0.0128838515935,0.0194710839872,0.0554102489586,0.0315799670638,0.0190835997288,0.0353579385837,0.00678097452291,0.0263489295747,0.0304175142885,0.0323549355807,0.025283347864,0.0394265232975,0.0242177661533,0.067325389906,0.00949336433207,0.0198585682457,0.0410733313959,0.0126901094643,0.0468855952727,0.0255739610578,0.0147244018212,0.0337111304853,0.00339048726146,0.00213116342149,0.00271238980916,0.0125932383997,0.00406858471375,0.00368110045529,0.00125932383997,0.00290613193839
0.00174459176553,0.00500116306118,0.00686206094441,0.0502442428472,0.0430332635497,0.138753198418,0.149104442894,0.0100023261224,0.0172133054199,0.00686206094441,0.026517794836,0.0293091416609,0.0269830193068,0.0180274482438,0.00453593859037,0.0112816934171,0.0301232844848,0.0509420795534,0.0636194463829,0.0124447545941,0.0116306117702,0.0381484066062,0.006629448709,0.0127936729472,0.02884391719,0.00907187718074,0.0810653640381,0.0205861828332,0.0146545708304,0.0467550593161,0.00244242847174,0.00325657129565,0.00383810188416,0.00988602000465,0.00267504070714,0.00337287741335,0.000232612235404,0.00151197953012
0.00228310502283,0.00702493853179,0.00421496311907,0.0505795574289,0.0569020021075,0.0553213909378,0.0634000702494,0.0207235686688,0.0142255005269,0.019669827889,0.0421496311907,0.0477695820162,0.0230066736916,0.0266947664208,0.0033368458026,0.0151036178433,0.039339655778,0.0259922725676,0.0330172110994,0.047067088163,0.0219529329118,0.0918510713031,0.00790305584826,0.0175623463295,0.0523357920618,0.0158061116965,0.0658587987355,0.0317878468563,0.0161573586231,0.0391640323147,0.00386371619248,0.00210748155954,0.00474183350896,0.0161573586231,0.00351246926589,0.00720056199508,0.000351246926589,0.00386371619248
0.0,0.00273473108478,0.00273473108478,0.0355515041021,0.0401093892434,0.0556061987238,0.0765724703737,0.0182315405652,0.0164083865087,0.00820419325433,0.049225159526,0.0346399270738,0.0200546946217,0.0200546946217,0.00729261622607,0.0227894257065,0.0300820419325,0.0373746581586,0.0373746581586,0.0401093892434,0.0218778486782,0.0820419325433,0.0164083865087,0.0218778486782,0.0355515041021,0.0191431175934,0.0993618960802,0.0355515041021,0.0136736554239,0.0446672743847,0.00729261622607,0.00364630811304,0.0100273473108,0.02096627165,0.00455788514129,0.00364630811304,0.0,0.00455788514129
0.0,0.00587689452521,0.00773275595422,0.0429941231055,0.0454686050108,0.112588926693,0.116919270028,0.0290751623879,0.0216517166718,0.0136096504794,0.042066192391,0.0460872254872,0.0278379214352,0.0210330961955,0.00185586142901,0.0142282709558,0.0188679245283,0.0194865450046,0.0361892978658,0.0225796473863,0.018249304052,0.0627899783483,0.00711413547788,0.025672749768,0.0343334364367,0.0117537890504,0.0875347974018,0.02196102691,0.0170120630993,0.0352613671513,0.000927930714507,0.00216517166718,0.00371172285803,0.0139189607176,0.00463965357253,0.00247448190535,0.0,0.00433034333436
0.00139697322468,0.00523864959255,0.00745052386496,0.0339930151339,0.0357392316647,0.0976717112922,0.115017462165,0.0194412107101,0.025378346915,0.00500582072177,0.0339930151339,0.0385331781141,0.0252619324796,0.0275902211874,0.00500582072177,0.0102444703143,0.0295692665891,0.0277066356228,0.056111757858,0.0201396973225,0.0159487776484,0.0596041909197,0.00721769499418,0.0157159487776,0.0325960419092,0.0105937136205,0.112456344587,0.0217694994179,0.014318975553,0.0533178114086,0.00535506402794,0.00360884749709,0.00442374854482,0.0109429569267,0.00302677532014,0.00616996507567,0.00058207217695,0.00186263096624
0.00233174350821,0.00551139374669,0.00402755696873,0.0303126656068,0.0302066772655,0.0790673025967,0.0810810810811,0.0168521462639,0.0222575516693,0.00932697403286,0.0324324324324,0.0355060943296,0.0410174880763,0.0209856915739,0.00392156862745,0.00667726550079,0.0299947005829,0.0224695283519,0.0391096979332,0.0281928987811,0.0202437731849,0.0698463169051,0.00699523052464,0.0185479597244,0.0437731849497,0.0134605193429,0.127397986222,0.0337042925278,0.0165341812401,0.0726020137785,0.00540540540541,0.00370959194489,0.00487546369899,0.0125066242713,0.00296767355591,0.00328563857976,0.00042395336513,0.0024377318495
0.00155260957841,0.00346351367491,0.00668816433775,0.0243640272304,0.0240057327123,0.0617460886182,0.0779887734384,0.011345993073,0.0223336916279,0.00788247939807,0.0223336916279,0.0193479039771,0.0407261435567,0.0171981368685,0.00358294518094,0.0111071300609,0.0434730681954,0.0545801982563,0.0385763764481,0.0246028902424,0.0150483697599,0.0478920339185,0.00561328078347,0.0182730204228,0.0600740475337,0.0140929177117,0.137346231936,0.0352322942792,0.0235280066882,0.0908873760898,0.00525498626538,0.00334408216888,0.00549384927744,0.0126597396393,0.00334408216888,0.00286635614475,0.000597157530156,0.00155260957841
0.00459549000748,0.00651918349898,0.00406113070429,0.0461686437961,0.0525809554344,0.0400769477397,0.037618894945,0.00780164582665,0.00651918349898,0.0343058672651,0.0905204659613,0.0505503900823,0.0157101635139,0.033771507962,0.00577108047451,0.011542160949,0.0319546863311,0.0494816714759,0.0252217591108,0.0619856791707,0.0191300630544,0.0304584802821,0.00801538954793,0.0125040076948,0.084108154323,0.015389547932,0.0598482419579,0.0433899754195,0.0156032916533,0.0487335684514,0.00427487442556,0.00170994977023,0.00374051512237,0.0175269851448,0.00470236186812,0.00705354280218,0.000427487442556,0.00662605535962
0.00644122383253,0.0112721417069,0.00547504025765,0.0570048309179,0.0499194847021,0.0473429951691,0.0460547504026,0.0138486312399,0.00805152979066,0.0302737520129,0.0702093397746,0.0621578099839,0.0219001610306,0.0270531400966,0.00644122383253,0.0119162640902,0.0254428341385,0.0380032206119,0.0280193236715,0.0537842190016,0.0173913043478,0.0466988727858,0.00322061191626,0.0112721417069,0.0814814814815,0.0144927536232,0.066344605475,0.0325281803543,0.0119162640902,0.0589371980676,0.00450885668277,0.000322061191626,0.00128824476651,0.0154589371981,0.00193236714976,0.00450885668277,0.0,0.00708534621578
0.00244612696564,0.00477577169482,0.00291205591147,0.0257425742574,0.0235294117647,0.0448456610367,0.0491555037857,0.0159580663949,0.00792079207921,0.0168899242865,0.0598718695399,0.0684915550379,0.0238788584741,0.0393709959231,0.00827023878858,0.0150262085032,0.0369248689575,0.0633663366337,0.0394874781596,0.0348281887012,0.0149097262667,0.0245777518928,0.00663948747816,0.00675596971462,0.0733838089691,0.0133954571928,0.100174723355,0.0400698893419,0.0206173558532,0.0670937682003,0.0045428072219,0.00139778683751,0.00500873616773,0.0205008736168,0.0045428072219,0.00605707629586,0.00128130460105,0.00535818287711
0.00143163922691,0.00286327845383,0.00644237652112,0.025053686471,0.034359341446,0.0515390121689,0.0565497494631,0.0279169649248,0.0100214745884,0.0107372942019,0.0472440944882,0.0551181102362,0.0286327845383,0.0300644237652,0.00858983536149,0.0114531138153,0.0350751610594,0.0286327845383,0.0336435218325,0.0229062276306,0.0164638511095,0.0436649964209,0.0143163922691,0.00572655690766,0.0880458124553,0.0164638511095,0.100214745884,0.0486757337151,0.032927702219,0.0637079455977,0.00429491768074,0.000715819613457,0.00429491768074,0.0157480314961,0.00286327845383,0.00644237652112,0.0,0.00715819613457
0.00141093474427,0.00282186948854,0.00458553791887,0.0183421516755,0.0246913580247,0.0451499118166,0.0486772486772,0.020811287478,0.0151675485009,0.00881834215168,0.0433862433862,0.0359788359788,0.0320987654321,0.0335097001764,0.010582010582,0.0151675485009,0.0331569664903,0.0532627865961,0.0384479717813,0.0289241622575,0.0201058201058,0.0306878306878,0.00634920634921,0.0141093474427,0.073721340388,0.0102292768959,0.116049382716,0.0522045855379,0.0278659611993,0.0835978835979,0.00705467372134,0.00176366843034,0.00388007054674,0.0190476190476,0.00529100529101,0.00458553791887,0.00141093474427,0.00705467372134
0.00171112229492,0.00513336688475,0.00301962757927,0.0327126321087,0.0269753397081,0.0232511323603,0.0186713638651,0.00558631102164,0.00523402113739,0.0207851031706,0.0375943633619,0.020533467539,0.00840463009562,0.0167086059386,0.0028686462003,0.00457976849522,0.0100150981379,0.0334172118772,0.0262204328133,0.0734776044288,0.0176648213387,0.0386009058883,0.00608958228485,0.0101157523905,0.137695017614,0.0309008555611,0.100754906895,0.0954202315048,0.0362858580775,0.083694011072,0.00624056366381,0.0028686462003,0.00407649723201,0.0309511826875,0.00845495722194,0.0093105183694,0.000301962757927,0.00367388022144
0.0060005217845,0.0054787372815,0.0033915992695,0.0273936864075,0.0300026089225,0.0373075919645,0.0326115314375,0.0054787372815,0.007304983042,0.015131750587,0.0498304200365,0.030263501174,0.015131750587,0.0300026089225,0.003652491521,0.0075658752935,0.0216540568745,0.0456561440125,0.034959561701,0.0519175580485,0.0232194103835,0.0352204539525,0.008870336551,0.008348552048,0.107226715367,0.022436733629,0.102791547091,0.068875554396,0.03130707018,0.084529089486,0.0044351682755,0.0033915992695,0.001565353509,0.024002087138,0.004174276024,0.0049569527785,0.0,0.0039133837725
0.00145653943366,0.00257036370646,0.00398406374502,0.0172642762284,0.0158077367948,0.0400119950306,0.0423253223664,0.00822516386069,0.00899627297263,0.00548344257379,0.0194490853789,0.0173071156235,0.0209056248126,0.0156363792143,0.0016707364092,0.00856787902155,0.0242899370261,0.0750117808337,0.0533778863042,0.0295163432292,0.0108383669623,0.052478259007,0.00616887289551,0.0129803367176,0.0868354538834,0.0187636550572,0.117979694127,0.0626311956475,0.0342286766911,0.134986933984,0.00535492438847,0.00342715160862,0.00544060317868,0.021076982393,0.0044124576961,0.00681146382213,0.00038555455597,0.0033414728184
0.00143447810311,0.00312209940089,0.00135009703822,0.0201670745085,0.0178887857565,0.0176356425618,0.016707450848,0.00447219643912,0.00337524259556,0.00945067926757,0.0213484094169,0.0172981183023,0.00700362838579,0.0130790650578,0.00109695384356,0.00303771833601,0.00801620116446,0.0221078390009,0.0223609821956,0.0485191123112,0.00970382246224,0.0236266981689,0.00480972069868,0.00734115264535,0.145472955869,0.0237954602987,0.0967850814277,0.112226816302,0.0488566365708,0.156442494304,0.0100413467218,0.00371276685512,0.00497848282845,0.0543414057885,0.0178044046916,0.0118977301494,0.000506286389334,0.00818496329424
0.000185459940653,0.00111275964392,0.000741839762611,0.0155786350148,0.0142804154303,0.0161350148368,0.0187314540059,0.00797477744807,0.0035237388724,0.00853115727003,0.0213278931751,0.0278189910979,0.0103857566766,0.0196587537092,0.00148367952522,0.00574925816024,0.0131676557864,0.0191023738872,0.022440652819,0.0254080118694,0.00760385756677,0.0465504451039,0.00500741839763,0.00964391691395,0.112203264095,0.0235534124629,0.0814169139466,0.146884272997,0.0472922848665,0.160793768546,0.0140949554896,0.00463649851632,0.00574925816024,0.0480341246291,0.013909495549,0.0103857566766,0.0,0.00890207715134
0.00150056918141,0.00139708165166,0.00310462589258,0.0120562972162,0.0107627030943,0.0262340887923,0.0232329504295,0.00538135154714,0.00522612025251,0.00646797060954,0.0182655490013,0.0168684673497,0.0135051226327,0.0157818482873,0.00227672565456,0.00595053296078,0.0164545172307,0.0319259029287,0.0356514539998,0.0228190003105,0.00879644002898,0.0321846217531,0.00336334471696,0.009624340267,0.0777191348443,0.0155231294629,0.137690158336,0.0921039014799,0.037255510711,0.216133705888,0.0167132360551,0.0102970092104,0.00833074614509,0.0339439097589,0.010038290386,0.00657145813929,0.000724412708269,0.00812377108558
0.00537634408602,0.00358422939068,0.00268817204301,0.0129928315412,0.0112007168459,0.0344982078853,0.0344982078853,0.00224014336918,0.00940860215054,0.00582437275986,0.0340501792115,0.0264336917563,0.0197132616487,0.0246415770609,0.00268817204301,0.00806451612903,0.0228494623656,0.0349462365591,0.0219534050179,0.0210573476703,0.00851254480287,0.0470430107527,0.00627240143369,0.0125448028674,0.0439068100358,0.0134408602151,0.0667562724014,0.0452508960573,0.0331541218638,0.158154121864,0.0465949820789,0.0197132616487,0.0241935483871,0.0510752688172,0.0291218637993,0.0219534050179,0.00179211469534,0.0318100358423
0.00192554557125,0.000641848523748,0.00256739409499,0.00513478818999,0.00898587933248,0.0410783055199,0.0519897304236,0.00770218228498,0.0115532734275,0.00834403080873,0.0224646983312,0.0166880616175,0.0192554557125,0.0237483953787,0.00192554557125,0.00898587933248,0.0275994865212,0.0442875481386,0.0430038510911,0.0211810012837,0.0121951219512,0.0288831835687,0.00256739409499,0.00770218228498,0.0237483953787,0.00641848523748,0.0744544287548,0.0481386392811,0.0198973042362,0.204749679076,0.0462130937099,0.00962772785623,0.0256739409499,0.0474967907574,0.01540436457,0.0186136071887,0.00449293966624,0.0346598202824
0.00235515779557,0.0032972209138,0.000942063118229,0.00942063118229,0.0216674517193,0.0438059349976,0.045219029675,0.00565237870937,0.00800753650495,0.00800753650495,0.0202543570419,0.0174281676872,0.0254357041922,0.0169571361281,0.0032972209138,0.00423928403203,0.0315591144607,0.0715967969854,0.0268487988695,0.0339142722562,0.00612341026849,0.0268487988695,0.00376825247292,0.0150730098917,0.0348563353745,0.00894959962317,0.0711257654263,0.0513424399435,0.0249646726331,0.136128120584,0.0386245878474,0.0108337258596,0.0211964201602,0.0527555346208,0.032972209138,0.0325011775789,0.00753650494583,0.024493641074
0.000683994528044,0.00256497948016,0.00119699042408,0.0181258549932,0.015218878249,0.0136798905609,0.015731874145,0.00359097127223,0.00341997264022,0.0106019151847,0.0253077975376,0.0208618331053,0.0114569083447,0.0194938440492,0.00273597811218,0.00495896032832,0.0138508891929,0.0218878248974,0.0147058823529,0.0340287277702,0.0100889192886,0.0280437756498,0.00444596443228,0.00666894664843,0.115937072503,0.0208618331053,0.0730164158687,0.136456908345,0.0458276333789,0.125341997264,0.0191518467852,0.0119699042408,0.0140218878249,0.0562585499316,0.0261627906977,0.031976744186,0.000512995896033,0.0191518467852
0.000954198473282,0.00429389312977,0.000477099236641,0.0157442748092,0.0190839694656,0.0138358778626,0.0171755725191,0.00143129770992,0.000477099236641,0.011927480916,0.0310114503817,0.0267175572519,0.00477099236641,0.0209923664122,0.00429389312977,0.00715648854962,0.0162213740458,0.0209923664122,0.0104961832061,0.0434160305344,0.0152671755725,0.0200381679389,0.00143129770992,0.011927480916,0.0825381679389,0.0166984732824,0.0539122137405,0.0968511450382,0.0486641221374,0.141221374046,0.0353053435115,0.00954198473282,0.018606870229,0.0868320610687,0.0171755725191,0.0362595419847,0.00143129770992,0.0348282442748
0.00281690140845,0.0018779342723,0.00140845070423,0.018779342723,0.0211267605634,0.0211267605634,0.0215962441315,0.00657276995305,0.00234741784038,0.012676056338,0.0399061032864,0.0150234741784,0.01220657277,0.0159624413146,0.00093896713615,0.00845070422535,0.0225352112676,0.0366197183099,0.0107981220657,0.0455399061033,0.0093896713615,0.0136150234742,0.00892018779343,0.00657276995305,0.0896713615023,0.0197183098592,0.0553990610329,0.101408450704,0.0305164319249,0.100469483568,0.0140845070423,0.0154929577465,0.0356807511737,0.0967136150235,0.0338028169014,0.0253521126761,0.00140845070423,0.0234741784038
0.00259403372244,0.0,0.0,0.00778210116732,0.0207522697795,0.011673151751,0.0129701686122,0.0103761348898,0.00259403372244,0.0194552529183,0.0856031128405,0.0350194552529,0.00259403372244,0.0466926070039,0.00389105058366,0.0142671854734,0.0285343709468,0.0402075226978,0.0103761348898,0.0765239948119,0.0181582360571,0.0440985732815,0.00518806744488,0.0142671854734,0.0804150453956,0.0194552529183,0.0376134889754,0.0804150453956,0.0337224383917,0.111543450065,0.0142671854734,0.00518806744488,0.0064850843061,0.0570687418936,0.0129701686122,0.0103761348898,0.00778210116732,0.00907911802853
0.00239377618193,0.00239377618193,0.00299222022741,0.0125673249551,0.0167564332735,0.0119688809096,0.0209455415919,0.00777977259126,0.00299222022741,0.0131657690006,0.067025733094,0.0400957510473,0.0107719928187,0.0341113105925,0.00598444045482,0.00777977259126,0.0275284260922,0.0269299820467,0.0251346499102,0.0454817474566,0.0209455415919,0.0311190903651,0.00538599640934,0.0125673249551,0.0789946140036,0.017354877319,0.0365050867744,0.065828845003,0.032315978456,0.108916816278,0.0239377618193,0.0101735487732,0.017354877319,0.0694195092759,0.0341113105925,0.0203470975464,0.00418910831837,0.0257330939557
