0.282282282282,0.219219219219,0.0660660660661,0.123123123123,0.033033033033,0.039039039039,0.0630630630631,0.012012012012,0.0,0.012012012012,0.027027027027,0.00900900900901,0.0,0.003003003003,0.0,0.0,0.00600600600601,0.003003003003,0.003003003003,0.012012012012,0.0,0.00600600600601,0.0,0.0,0.018018018018,0.0,0.00600600600601,0.021021021021,0.012012012012,0.024024024024,0.0,0.0,0.0,0.0,0.0,0.0,0.0,0.0
0.0263705759889,0.234559333796,0.124450613,0.323849178811,0.0569049271339,0.0800370113347,0.0231320842008,0.00393245431413,0.00115660421004,0.0060143418922,0.0164237797826,0.00994679620634,0.00647698357622,0.00532037936618,0.000693962526024,0.00138792505205,0.00439509599815,0.00393245431413,0.00208188757807,0.00994679620634,0.00416377515614,0.00532037936618,0.000462641684016,0.000693962526024,0.0131852879944,0.0030071709461,0.0057830210502,0.00763358778626,0.00393245431413,0.00763358778626,0.000925283368031,0.0,0.00115660421004,0.00208188757807,0.000693962526024,0.00115660421004,0.0,0.00115660421004
0.0194753577107,0.185214626391,0.282591414944,0.100953895072,0.0158982511924,0.258346581876,0.0325914149444,0.00198728139905,0.00198728139905,0.00278219395866,0.0131160572337,0.00675675675676,0.00596184419714,0.00596184419714,0.0,0.00198728139905,0.00516693163752,0.00238473767886,0.00397456279809,0.00755166931638,0.00158982511924,0.00278219395866,0.00158982511924,0.00198728139905,0.00834658187599,0.000794912559618,0.00993640699523,0.00238473767886,0.00119236883943,0.0131160572337,0.00119236883943,0.0,0.0,0.000397456279809,0.0,0.0,0.0,0.0
0.0117567663565,0.0783192441571,0.0314342544576,0.356254883853,0.118278042196,0.130354478937,0.0560488740499,0.0082759110606,0.00497265042268,0.00880869503445,0.0349151097535,0.0291965617674,0.00767208922356,0.0109398309299,0.00191802230589,0.00440434751723,0.00738793777083,0.00618029409675,0.00621581302834,0.0112239823826,0.00582510478085,0.00756553242878,0.00156283298998,0.00287703345883,0.0145272430205,0.00277047666406,0.0124671449883,0.00806279747105,0.00330326063792,0.0101939333665,0.00067485970022,0.000248632521134,0.000248632521134,0.00259288200611,0.000781416494992,0.00103004901613,0.0,0.000710378631811
0.00703274845493,0.0276337287774,0.0100163387085,0.23627193294,0.099239894864,0.0911415784613,0.0750159835192,0.0201037152802,0.00816935426582,0.0210272075016,0.0612346380621,0.0540598138808,0.018825033743,0.0197485259643,0.00461746110677,0.0124316260567,0.0187539958798,0.014917951268,0.0116502095617,0.0325353413369,0.0124316260567,0.0193222987853,0.00404915820132,0.00426227179086,0.031398735526,0.0067485970022,0.0252184414293,0.0136392697308,0.00717482418129,0.0165518221212,0.00198906016907,0.000426227179086,0.000852454358173,0.00667755913902,0.00120764367408,0.00177594657953,0.000284151452724,0.00156283298998
0.00341692598694,0.0195863078894,0.0442674964915,0.140002440661,0.0424064921594,0.315608029776,0.177802184392,0.0171151382025,0.0152541338703,0.00298981023857,0.016108365367,0.0173897126121,0.0214778204894,0.0107694185124,0.00244066141924,0.00500335590945,0.0183659771798,0.00893892244798,0.0116236500092,0.00518640551589,0.00466776496431,0.0133931295381,0.00259320275795,0.00518640551589,0.0106168771737,0.00277625236439,0.025748977973,0.00820672402221,0.00472878149979,0.017633778754,0.000945756299957,0.000610165354811,0.000854231496736,0.00366099212887,0.000732198425773,0.00115931417414,0.000122033070962,0.000610165354811
0.00275715020954,0.00952135872362,0.0173884273215,0.0841114623925,0.0522388059701,0.276744357033,0.167965590765,0.0220939636791,0.0206602455702,0.00386001029336,0.0192265274612,0.0257701639585,0.0380486728917,0.0122049849276,0.00305124623189,0.00801411660907,0.0359532387324,0.0209911035953,0.0210278655981,0.00742592456437,0.00735240055878,0.0194103374752,0.00319829424307,0.00613925446658,0.0175354753327,0.00349239026542,0.0374237188442,0.011947650908,0.00735240055878,0.0228659657378,0.0024262921844,0.00158076612014,0.00143371810896,0.00510991838835,0.00124990809499,0.00158076612014,7.35240055878e-05,0.000772002058672
0.00199388541805,0.00491825069786,0.00598165625415,0.0644689618503,0.0503788382294,0.145686561212,0.126678186894,0.0116974611192,0.0112986840356,0.00890602153396,0.0304399840489,0.0320350923834,0.0317692409943,0.0268509902964,0.00478532500332,0.0221985909876,0.0737737604679,0.0366874916921,0.0467898444769,0.0152864548717,0.0111657583411,0.0325667951615,0.00624750764323,0.0114316097302,0.0275156187691,0.00864017014489,0.0571580486508,0.018077894457,0.0142230493154,0.0336302007178,0.00319021666888,0.00345606805796,0.00212681111259,0.0114316097302,0.0014621826399,0.00279143958527,0.0,0.00225973680712
0.00107434464976,0.0081650193382,0.0126772668672,0.0655350236356,0.0438332617104,0.240438332617,0.213149978513,0.0126772668672,0.013536742587,0.0036527718092,0.0176192522561,0.0264288783842,0.022776106575,0.0195530726257,0.00236355822948,0.0077352814783,0.040825096691,0.0335195530726,0.0406102277611,0.0103137086377,0.00644606789858,0.0161151697465,0.0036527718092,0.00601633003868,0.0150408250967,0.00472711645896,0.0479157713795,0.00966910184787,0.00580146110872,0.0350236355823,0.000859475719811,0.00171895143962,0.00107434464976,0.00537172324882,0.00171895143962,0.00107434464976,0.0,0.00128921357972
0.00584225900682,0.0172833495618,0.0119279454722,0.12147030185,0.111976630964,0.0460077896787,0.050876338851,0.0131450827653,0.00389483933788,0.0367575462512,0.0803310613437,0.0518500486855,0.0163096397274,0.0226387536514,0.00608568646543,0.0126582278481,0.0185004868549,0.0141187925998,0.00949367088608,0.0722979552093,0.0209347614411,0.0318889970789,0.00608568646543,0.00803310613437,0.0730282375852,0.0109542356378,0.0326192794547,0.0304284323272,0.0102239532619,0.0253164556962,0.00316455696203,0.000730282375852,0.00170399221032,0.011441090555,0.00219084712756,0.00462512171373,0.0,0.00316455696203
0.00282900251467,0.0122590108969,0.0112112321878,0.0847652975692,0.0874895222129,0.0479882648785,0.0492455993294,0.0152975691534,0.0111064543168,0.0308046940486,0.0611902766136,0.046102263202,0.0183361274099,0.0178122380553,0.00743922883487,0.0174979044426,0.0261944677284,0.0242036881811,0.0203269069573,0.0676865046102,0.0186504610226,0.0646479463537,0.00523889354568,0.0118398994132,0.0686295054484,0.0140402347024,0.0407585917854,0.0317476948868,0.0154023470243,0.0371961441744,0.0023051131601,0.00146689019279,0.00356244761106,0.0129924559933,0.00335289186924,0.00366722548198,0.000628667225482,0.00408633696563
0.0021164021164,0.00776014109347,0.00485008818342,0.0813051146384,0.081746031746,0.0728395061728,0.0720458553792,0.0127865961199,0.012962962963,0.021164021164,0.0570546737213,0.0265432098765,0.0233686067019,0.039417989418,0.00740740740741,0.0229276895944,0.028835978836,0.026455026455,0.0234567901235,0.0336860670194,0.0227513227513,0.068253968254,0.0111992945326,0.0196649029982,0.0462962962963,0.0127865961199,0.0480599647266,0.0277777777778,0.01569664903,0.0356261022928,0.00361552028219,0.00238095238095,0.0021164021164,0.0147266313933,0.00255731922399,0.00520282186949,0.000440917107584,0.0021164021164
0.0016155088853,0.0049619201477,0.00703900300023,0.0531963997231,0.0431571659358,0.137549042234,0.147011308562,0.00957765981999,0.0185783521809,0.00796215093469,0.0273482575583,0.0296561273944,0.0283867989845,0.0223863374106,0.00196168936072,0.0110777752135,0.0401569351489,0.0415416570505,0.0624278790676,0.0116547426725,0.0107315947381,0.0320793907224,0.00750057696746,0.0154627279021,0.0285021924763,0.006577429033,0.0864297253635,0.0210016155089,0.012577890607,0.0469651511655,0.00173090237711,0.0033464112624,0.00415416570505,0.0081929379183,0.00138472190168,0.0032310177706,0.000115393491807,0.00276944380337
0.00228496817366,0.00701811653338,0.00424351232251,0.0501060878081,0.062183776726,0.0626734127632,0.0550024481802,0.0176268973396,0.0112616288559,0.0158315652032,0.0396605190142,0.0530439040313,0.0295413742451,0.0269299820467,0.00375387628529,0.0146890811164,0.0347641586421,0.0277460421087,0.0293781622327,0.0465154235352,0.0235025297862,0.0767096458299,0.00930308470703,0.0179533213645,0.0554920842174,0.0128937489799,0.0739350416191,0.0311734943692,0.0159947772156,0.0430879712747,0.00571242043414,0.00179533213645,0.00293781622327,0.0195854414885,0.00554920842174,0.00587563244655,0.000652848049616,0.00359066427289
0.000873362445415,0.00524017467249,0.00174672489083,0.0366812227074,0.0384279475983,0.0672489082969,0.0506550218341,0.0122270742358,0.00698689956332,0.0157205240175,0.0532751091703,0.0288209606987,0.0288209606987,0.0279475982533,0.010480349345,0.0122270742358,0.035807860262,0.0218340611354,0.0331877729258,0.0384279475983,0.0305676855895,0.0768558951965,0.02096069869,0.0314410480349,0.0471615720524,0.0227074235808,0.0838427947598,0.0480349344978,0.0139737991266,0.0454148471616,0.00873362445415,0.00349344978166,0.00436681222707,0.0244541484716,0.0,0.00524017467249,0.000873362445415,0.00524017467249
0.000914634146341,0.00518292682927,0.00396341463415,0.0365853658537,0.0530487804878,0.10243902439,0.128048780488,0.0350609756098,0.0240853658537,0.0112804878049,0.0469512195122,0.0365853658537,0.0332317073171,0.0268292682927,0.00274390243902,0.015243902439,0.0170731707317,0.0161585365854,0.0326219512195,0.0228658536585,0.0219512195122,0.0655487804878,0.00884146341463,0.0210365853659,0.0396341463415,0.0109756097561,0.0689024390244,0.0265243902439,0.0128048780488,0.0362804878049,0.00365853658537,0.00182926829268,0.00640243902439,0.0131097560976,0.00335365853659,0.00426829268293,0.0,0.00396341463415
0.000835858322014,0.00407480931982,0.0060599728346,0.0379270713614,0.0345836380733,0.0963326716122,0.114199143245,0.0178664716331,0.027792289207,0.00752272489813,0.0365688015881,0.0339567443318,0.0314491693658,0.0288371121095,0.00313446870755,0.00835858322014,0.0267474663045,0.0317626162365,0.0538083794797,0.0189112945356,0.0158813081183,0.0543307909309,0.00783617176889,0.0189112945356,0.0305088287535,0.00835858322014,0.114303625535,0.0236129975969,0.012851321701,0.0584056002508,0.00470170306133,0.00334343328806,0.00438825619058,0.0100302998642,0.00397032702957,0.00491066764183,0.000417929161007,0.00250757496604
0.001494321578,0.00288902171747,0.00378561466428,0.0263000597729,0.0264993026499,0.0752141860928,0.0774058577406,0.0139470013947,0.0226140665471,0.00906555090656,0.0393504682208,0.0367603108189,0.0332735604702,0.0193265590755,0.00378561466428,0.00796971508269,0.0251046025105,0.0230125523013,0.0425383542538,0.0275951384738,0.0188284518828,0.0620641562064,0.00498107192668,0.0204223948994,0.0513050408448,0.0158398087268,0.13518629209,0.0402470611676,0.016437537358,0.0750149432158,0.00438334329548,0.00398485754134,0.00587766487348,0.0155409444112,0.00268977884041,0.00498107192668,0.000597728631201,0.00368599322574
0.0016317016317,0.0030303030303,0.00571095571096,0.0297202797203,0.0244755244755,0.0671328671329,0.0695804195804,0.0159673659674,0.0257575757576,0.00512820512821,0.0235431235431,0.0207459207459,0.0397435897436,0.0174825174825,0.0020979020979,0.0110722610723,0.0392773892774,0.0522144522145,0.0413752913753,0.0222610722611,0.0167832167832,0.0486013986014,0.00606060606061,0.0184149184149,0.0548951048951,0.012703962704,0.14289044289,0.0390442890443,0.0228438228438,0.0897435897436,0.0037296037296,0.00337995337995,0.00454545454545,0.0111888111888,0.00174825174825,0.00361305361305,0.0,0.0018648018648
0.0046058269066,0.00953299057412,0.00289203084833,0.043059125964,0.0540916880891,0.0417737789203,0.0323479005998,0.00728363324764,0.00621251071123,0.0319194515853,0.0969365895458,0.0519494430163,0.0159597257926,0.0348114824336,0.00439160239931,0.00985432733505,0.0263496143959,0.0478791773779,0.0222793487575,0.066088260497,0.0249571550985,0.0296700942588,0.0100685518423,0.0119965724079,0.0949014567266,0.0151028277635,0.0596615252785,0.0398457583548,0.014353041988,0.044558697515,0.00471293916024,0.00139245929734,0.00471293916024,0.0163881748072,0.0046058269066,0.00482005141388,0.000642673521851,0.00739074550129
0.00458565345562,0.0144120537177,0.00917130691123,0.0533901080904,0.0488044546348,0.0442188011792,0.043236161153,0.0101539469374,0.00949885358664,0.0307893874877,0.0723878152637,0.0556829348182,0.0212905339011,0.0212905339011,0.00851621356043,0.0144120537177,0.0258761873567,0.0393056010481,0.0248935473305,0.0540452014412,0.0186701604979,0.0550278414674,0.00720602685883,0.0144120537177,0.0822142155257,0.0127743203406,0.0599410415984,0.0442188011792,0.0173599737963,0.0409433344252,0.00393056010481,0.00294792007861,0.00393056010481,0.0134294136915,0.00360301342941,0.00655093350802,0.000327546675401,0.00655093350802
0.00177221172023,0.00425330812854,0.00248109640832,0.0248109640832,0.0303638941399,0.0500945179584,0.0418241965974,0.0133506616257,0.00980623818526,0.0181947069943,0.0619092627599,0.0641540642722,0.0223298676749,0.0440689981096,0.00614366729679,0.0140595463138,0.0348534971645,0.0555293005671,0.0414697542533,0.0342627599244,0.0179584120983,0.0230387523629,0.00578922495274,0.0062618147448,0.0875472589792,0.0114603024575,0.0905009451796,0.0453686200378,0.0219754253308,0.0659262759924,0.00708884688091,0.00224480151229,0.00307183364839,0.0202032136106,0.00496219281664,0.00519848771267,0.000118147448015,0.00555293005671
0.0,0.00712435233161,0.00388601036269,0.0200777202073,0.0265544041451,0.0524611398964,0.0485751295337,0.0116580310881,0.00841968911917,0.0129533678756,0.0485751295337,0.0563471502591,0.029792746114,0.0317357512953,0.00259067357513,0.0181347150259,0.0408031088083,0.0414507772021,0.0265544041451,0.0239637305699,0.020725388601,0.0401554404145,0.0123056994819,0.00841968911917,0.0738341968912,0.0168393782383,0.128238341969,0.0479274611399,0.0414507772021,0.0667098445596,0.00518134715026,0.00582901554404,0.00259067357513,0.0110103626943,0.000647668393782,0.00194300518135,0.0,0.00453367875648
0.00192802056555,0.00385604113111,0.00353470437018,0.0205655526992,0.0237789203085,0.0478791773779,0.043059125964,0.0154241645244,0.00835475578406,0.0125321336761,0.043059125964,0.0404884318766,0.0247429305913,0.0417737789203,0.00610539845758,0.0205655526992,0.0414524421594,0.0649100257069,0.0340616966581,0.0363110539846,0.0186375321337,0.0250642673522,0.00449871465296,0.0141388174807,0.068766066838,0.00867609254499,0.126606683805,0.0427377892031,0.0298843187661,0.0703727506427,0.00899742930591,0.00224935732648,0.00289203084833,0.0250642673522,0.00160668380463,0.00964010282776,0.0012853470437,0.00449871465296
0.00278725551444,0.00509394973329,0.00230669421885,0.0296986880677,0.0264789273872,0.0208563602287,0.0203757989332,0.00581479167668,0.00422893940122,0.0236436157432,0.037291556538,0.0201835744149,0.00807342976597,0.0161949156615,0.00269114325532,0.00379643423519,0.00898649622759,0.0322937190639,0.0272478254601,0.0748233937239,0.017780767937,0.0329665048777,0.00485366908549,0.00989956268922,0.136479407948,0.0330626171368,0.107453505695,0.0970253255803,0.0358018165217,0.0832812725263,0.00475755682637,0.00374837810563,0.00446922004902,0.0321976068047,0.00687202652698,0.0102359555961,0.000480561295593,0.00576673554712
0.00346792172405,0.00693584344811,0.0039633391132,0.0307158781273,0.0292296259599,0.0304681694327,0.0294773346544,0.00767896953183,0.00371563041863,0.0193212781769,0.0398810998266,0.0267525390141,0.0133762695071,0.0304681694327,0.00544959128065,0.00693584344811,0.0200644042606,0.0497894476096,0.0319544216002,0.0502848649988,0.0242754520684,0.0354223433243,0.0111468912559,0.0104037651722,0.10775328214,0.0153579390637,0.110478077781,0.0785236561803,0.0366608867971,0.0807530344315,0.0049541738915,0.00148625216745,0.00346792172405,0.0242754520684,0.0049541738915,0.00445875650235,0.0,0.00569729997523
0.000972604960285,0.00336359215432,0.00405252066786,0.0202626033393,0.0165748095315,0.0420246393257,0.0403631058518,0.00891554546928,0.00899659588264,0.00615983141514,0.0184389690387,0.017020586805,0.0198978764792,0.0137785702707,0.00198573512725,0.00733506240882,0.02281569136,0.0660155616794,0.0570594910034,0.0276381909548,0.0134543686173,0.0496028529746,0.00543037769493,0.0141027719241,0.0884665261793,0.0186010698655,0.121048792349,0.062408818285,0.0358648079105,0.139366185768,0.007942940509,0.00336359215432,0.00393094504782,0.0201005025126,0.00380936942778,0.00534932728157,0.000324201653428,0.00316096612093
0.00105126961022,0.00234513989973,0.0012938702895,0.0173055151221,0.0177907164807,0.0210253922044,0.0191654536633,0.00493288047873,0.00420507844089,0.00929969270581,0.0236131327834,0.0150412421155,0.00727802037846,0.0143134400776,0.0013747371826,0.00331554261685,0.00792495552321,0.0238557334627,0.0219957949216,0.0450428594533,0.00881449134724,0.0219149280285,0.00347727640304,0.00743975416464,0.14426653728,0.0253113375384,0.0960698689956,0.118874332848,0.0496522723597,0.155183567847,0.0112404981401,0.00347727640304,0.00549894873039,0.0527252142973,0.012049167071,0.0135856380398,0.000889535824034,0.00735888727155
0.00126903553299,0.00435097897027,0.000543872371284,0.0183103698332,0.0166787527194,0.0217548948513,0.0186729514141,0.00743292240754,0.00362581580856,0.00797679477883,0.0192168237854,0.0174039158811,0.00688905003626,0.0184916606236,0.00181290790428,0.00507614213198,0.0123277737491,0.0219361856418,0.0181290790428,0.0217548948513,0.0077955039884,0.0384336475707,0.00507614213198,0.0123277737491,0.12273386512,0.0186729514141,0.0891950688905,0.13995649021,0.045322697607,0.170594633793,0.0143219724438,0.00398839738941,0.00489485134155,0.0511240029007,0.0123277737491,0.0103335750544,0.0,0.00924583031182
0.00105750830899,0.0034243126196,0.00402860308188,0.0120354517071,0.00966864739652,0.0243226911069,0.0230133951052,0.00498539631383,0.00533789908349,0.00553932923759,0.0179776412529,0.0161144123275,0.012891529862,0.0146036861718,0.00181287138685,0.00574075939168,0.0165172726357,0.0271930708027,0.034243126196,0.021452311411,0.00931614462685,0.0326316849632,0.00458253600564,0.0104743680129,0.073975224091,0.0146540437103,0.140396817404,0.0907442844194,0.0385235169705,0.228069291973,0.0184308590996,0.00840970893343,0.0077047033941,0.0338906234263,0.00971900493504,0.00750327324,0.000604290462282,0.00840970893343
0.00257842715943,0.00128921357972,0.00300816501934,0.0163300386764,0.0189084658358,0.0275032230339,0.0249247958745,0.00257842715943,0.0081650193382,0.00257842715943,0.0330898152127,0.0201976794156,0.013751611517,0.0197679415557,0.00343790287924,0.00687580575849,0.0171895143962,0.027073485174,0.0244950580146,0.0322303394929,0.013751611517,0.0356682423722,0.00343790287924,0.0163300386764,0.0360979802321,0.00687580575849,0.0614525139665,0.0584443489471,0.0356682423722,0.178341211861,0.0468414267297,0.0201976794156,0.0197679415557,0.0691877954448,0.036527718092,0.0240653201547,0.00214868929953,0.0292221744736
0.00303766707169,0.0,0.00182260024301,0.0133657351154,0.0127582017011,0.0479951397327,0.0577156743621,0.0048602673147,0.0115431348724,0.00729040097205,0.0200486026731,0.0200486026731,0.0236938031592,0.0182260024301,0.00243013365735,0.00303766707169,0.0170109356015,0.0656136087485,0.0340218712029,0.0206561360875,0.00607533414338,0.0236938031592,0.0048602673147,0.0097205346294,0.0407047387606,0.0103280680437,0.0856622114216,0.0358444714459,0.0170109356015,0.187120291616,0.0400972053463,0.0170109356015,0.0315917375456,0.0479951397327,0.0182260024301,0.0170109356015,0.00364520048603,0.0182260024301
0.00123864574732,0.000825763831544,0.00206440957886,0.018166804294,0.0152766308836,0.0437654830718,0.0400495458299,0.00495458298927,0.0074318744839,0.0074318744839,0.0214698596201,0.0198183319571,0.0251857968621,0.0169281585467,0.00165152766309,0.0103220478943,0.0227085053675,0.0573905862923,0.0342691990091,0.0214698596201,0.00701899256813,0.0169281585467,0.00454170107349,0.00949628406276,0.0545004128819,0.00990916597853,0.0648224607762,0.0569777043765,0.0231213872832,0.172171758877,0.0293146160198,0.0169281585467,0.0173410404624,0.0520231213873,0.0210569777044,0.0355078447564,0.00578034682081,0.0301403798514
0.00143494897959,0.00271045918367,0.00175382653061,0.0154655612245,0.0157844387755,0.0124362244898,0.0164221938776,0.00589923469388,0.00175382653061,0.0105229591837,0.022799744898,0.0186543367347,0.0111607142857,0.0188137755102,0.00334821428571,0.00398596938776,0.0129145408163,0.0216836734694,0.0137117346939,0.0373086734694,0.00908801020408,0.0301339285714,0.00446428571429,0.00749362244898,0.116071428571,0.0184948979592,0.0647321428571,0.14381377551,0.0452806122449,0.134406887755,0.0215242346939,0.00876913265306,0.00892857142857,0.0578762755102,0.0290178571429,0.0325255102041,0.000956632653061,0.0178571428571
0.000918273645546,0.00321395775941,0.000459136822773,0.0156106519743,0.0188246097337,0.0146923783287,0.0174471992654,0.00137741046832,0.000918273645546,0.00964187327824,0.0348943985308,0.0234159779614,0.00826446280992,0.020202020202,0.00137741046832,0.00550964187328,0.0123966942149,0.0192837465565,0.0119375573921,0.0371900826446,0.00780532598714,0.0280073461892,0.00367309458219,0.00826446280992,0.0959595959596,0.0257116620753,0.0449954086318,0.0996326905418,0.0578512396694,0.125344352617,0.0284664830119,0.0192837465565,0.0165289256198,0.0936639118457,0.0179063360882,0.0339761248852,0.000459136822773,0.0348943985308
0.000887705281846,0.00177541056369,0.00221926320462,0.0221926320462,0.0257434531735,0.0195295162006,0.0248557478917,0.00532623169108,0.00443852640923,0.0133155792277,0.0284065690191,0.017310252996,0.0146471371505,0.017310252996,0.00310696848646,0.00621393697292,0.0133155792277,0.0275188637372,0.0106524633822,0.0545938748336,0.005770084332,0.017310252996,0.00355082112739,0.00532623169108,0.0847758544163,0.0217487794052,0.05770084332,0.115845539281,0.0408344429649,0.098535286285,0.02885042166,0.0137594318686,0.0252996005326,0.0834442964936,0.0315135375055,0.0297381269419,0.00133155792277,0.0213049267643
0.0,0.0,0.00227790432802,0.0136674259681,0.0216400911162,0.0239179954442,0.0170842824601,0.00797266514806,0.00455580865604,0.00911161731207,0.0956719817768,0.0501138952164,0.0170842824601,0.0523917995444,0.00797266514806,0.0205011389522,0.0250569476082,0.0250569476082,0.0102505694761,0.0455580865604,0.0250569476082,0.0318906605923,0.00455580865604,0.0148063781321,0.0842824601367,0.0239179954442,0.0421412300683,0.0842824601367,0.0250569476082,0.107061503417,0.0113895216401,0.00683371298405,0.00911161731207,0.0432801822323,0.00797266514806,0.00683371298405,0.00455580865604,0.0170842824601
0.000546149645003,0.00327689787002,0.0,0.0169306389951,0.0174767886401,0.0196613872201,0.0169306389951,0.00819224467504,0.00327689787002,0.0125614418351,0.0606226105953,0.0376843255052,0.0120152921901,0.0431458219552,0.00273074822501,0.0114691425451,0.0234844347351,0.0283997815401,0.0152921900601,0.0486073184052,0.0185690879301,0.0338612779902,0.00491534680502,0.0125614418351,0.0655379574003,0.0180229382851,0.0360458765702,0.0748225013654,0.0278536318951,0.117968323321,0.0289459311851,0.0131075914801,0.0120152921901,0.0606226105953,0.0327689787002,0.0322228290552,0.00546149645003,0.0223921354451
