0.293604651163,0.25,0.0726744186047,0.116279069767,0.0145348837209,0.046511627907,0.031976744186,0.0,0.0,0.00872093023256,0.0232558139535,0.0145348837209,0.0116279069767,0.00290697674419,0.0,0.0,0.0,0.00581395348837,0.00290697674419,0.0261627906977,0.00581395348837,0.00872093023256,0.0,0.00290697674419,0.0174418604651,0.0,0.0145348837209,0.00581395348837,0.0,0.0203488372093,0.00290697674419,0.0,0.0,0.0,0.0,0.0,0.0,0.0
0.0278988666085,0.234524847428,0.104184829991,0.325414123801,0.0470793374019,0.0895815170009,0.0287707061901,0.00283347863993,0.00283347863993,0.00784655623365,0.0119877942459,0.0141673931997,0.00566695727986,0.00501307759372,0.0010897994769,0.00217959895379,0.00806451612903,0.00283347863993,0.00392327811683,0.0167829119442,0.00348735832607,0.00479511769834,0.000217959895379,0.00196163905841,0.0104620749782,0.00261551874455,0.00893635571055,0.00697471665214,0.00305143853531,0.00762859633827,0.0,0.0,0.0,0.00392327811683,0.00239755884917,0.000435919790759,0.0,0.000435919790759
0.0220713073005,0.160611205433,0.294736842105,0.102886247878,0.0169779286927,0.261460101868,0.0346349745331,0.00509337860781,0.00373514431239,0.00135823429542,0.011544991511,0.0081494057725,0.00475382003396,0.00305602716469,0.0,0.00237691001698,0.00509337860781,0.00475382003396,0.00475382003396,0.00203735144312,0.00305602716469,0.00339558573854,0.000339558573854,0.00373514431239,0.0044142614601,0.00101867572156,0.0156196943973,0.00271646859083,0.00101867572156,0.0108658743633,0.00135823429542,0.0,0.000339558573854,0.00101867572156,0.0,0.0,0.0,0.00101867572156
0.0133864328503,0.0770054549714,0.0279107124929,0.336233727118,0.114520933034,0.143067501088,0.0570931361066,0.00873464743482,0.00491951407249,0.0087011813527,0.0370134868311,0.0286804323818,0.00997289247348,0.0137545597537,0.00200796492755,0.00565576787925,0.00960476557009,0.00619122519327,0.00538803922225,0.0113784679228,0.00565576787925,0.00813225795656,0.00150597369566,0.00331314213045,0.0148589404638,0.00321274388407,0.0149258726281,0.00699441116428,0.00414979418359,0.00983902814498,0.000435059067635,0.000401592985509,0.000468525149761,0.00264382048794,0.000903584217396,0.000903584217396,0.000100398246377,0.000334660821258
0.00628057649081,0.0271717572392,0.0101811450483,0.239256908634,0.0954647626603,0.0983075499141,0.0769535898453,0.018511172815,0.0118339283353,0.0224117413725,0.0674335581119,0.0516329498876,0.016593944202,0.022213407378,0.00423112521486,0.0102472563797,0.0169906121909,0.0126272643131,0.0107100357001,0.0298162104985,0.0124950416501,0.0187095068095,0.00290889858522,0.00588390850192,0.0293534311781,0.00555335184451,0.0243950813169,0.0132883776279,0.00799947110935,0.0171228348539,0.000859447309269,0.000727224646304,0.00059500198334,0.00621446515933,0.000991669972233,0.00244611926484,6.61113314822e-05,0.00152056062409
0.00304824432851,0.0209273697169,0.0429978310569,0.139427867988,0.0484494987983,0.306876135764,0.172958555601,0.0152412216425,0.0169118940149,0.00325341461985,0.0190222170115,0.0183480860543,0.0247962952107,0.0115188463568,0.00213963303828,0.0043378861598,0.0183480860543,0.00949645348496,0.0118998768978,0.00527580749165,0.00392754557711,0.0121343572308,0.00211032299666,0.00501201711706,0.0117826367313,0.00257928366258,0.0257342165426,0.00817750161205,0.00422064599332,0.0196377278856,0.00111378158157,0.000703440998886,0.00128964183129,0.00372237528577,0.000937921331848,0.000967231373469,8.79301248608e-05,0.000586200832405
0.00230023356218,0.00920093424871,0.0176587161158,0.0885412980395,0.0549578880317,0.270649019747,0.157265199236,0.0208082666855,0.0205251610163,0.00456507891571,0.0209144313115,0.0254441220185,0.0389270295138,0.0131290254087,0.00297260952651,0.00799773515465,0.0367683487862,0.0233208294996,0.0228607827872,0.00753768844221,0.0064406539741,0.0182249274542,0.00343265623894,0.00714841814707,0.0171632811947,0.00353882086489,0.038396206384,0.0119258263147,0.00732535919032,0.0250902399321,0.00208790431028,0.00109703446812,0.0015924693892,0.00527284308868,0.00180479864109,0.00219406893623,7.07764172978e-05,0.000849317007573
0.000883169316175,0.00555134998738,0.00681302043906,0.0678778703003,0.0590461771385,0.142316426949,0.117713853142,0.0119858692909,0.0124905374716,0.00731768861973,0.033055765834,0.0314155942468,0.0223315669947,0.0292707544789,0.00403734544537,0.0237194044915,0.0624526873581,0.033812768105,0.0508453192026,0.0171587181428,0.00933636134242,0.0301539237951,0.0078223568004,0.0155185465556,0.0334342669695,0.00731768861973,0.0628311884936,0.0206913954075,0.0123643704264,0.0363361090083,0.00277567499369,0.00239717385819,0.00201867272268,0.00883169316175,0.0035326772647,0.00290184203886,0.000126167045168,0.00151400454201
0.00188323917137,0.00669596149822,0.00878844946642,0.0564971751412,0.0508474576271,0.230173676501,0.20590081607,0.0110901862314,0.019669386901,0.00502197112367,0.0188323917137,0.0286670851643,0.0246913580247,0.0192508893074,0.00334798074911,0.00606821510776,0.0437329985353,0.0345260514752,0.0426867545512,0.00899769826323,0.00523121992049,0.0146474157774,0.00376647834275,0.00523121992049,0.0175768989328,0.00334798074911,0.0548231847667,0.0156936597615,0.00669596149822,0.0326428123038,0.0,0.000836995187278,0.00209248796819,0.00523121992049,0.0010462439841,0.00272023435865,0.0,0.0010462439841
0.00666502098247,0.0180202419156,0.0103678104172,0.122192051345,0.112564798815,0.0390027153789,0.037768452234,0.00987410515922,0.0076524314984,0.0365341890891,0.0819550728215,0.0469019995063,0.01209577882,0.0197482103184,0.00617131572451,0.0148111577388,0.0162922735127,0.0192545050605,0.0101209577882,0.0671439150827,0.0190076524315,0.0343125154283,0.00814613675636,0.00543075783757,0.0703529992594,0.0150580103678,0.0360404838312,0.0335719575413,0.0140705998519,0.0350530733152,0.00320908417675,0.0012342631449,0.0024685262898,0.0148111577388,0.00345593680573,0.00370278943471,0.0,0.00493705257961
0.00451255053116,0.0113753877973,0.00733289461314,0.0851743912757,0.0879007238883,0.0572529848642,0.0476638149854,0.0155118924509,0.0109053304503,0.029425589922,0.0608254207013,0.0428692300461,0.021434615023,0.0212465920842,0.00676882579675,0.0191783397575,0.0276393720034,0.024254959105,0.0159819497979,0.0628936730281,0.0177681677165,0.0596032715991,0.00573469963336,0.0105292845727,0.074175049356,0.0113753877973,0.0415530694745,0.0341261633919,0.0141957318793,0.0391087712701,0.00253830967378,0.00150418351039,0.00225627526558,0.0149478236345,0.00235028673498,0.00423051612297,0.000470057346996,0.00338441289837
0.00242189392105,0.00928392669734,0.00524743682893,0.0844433680471,0.0846855574393,0.0743521433761,0.0740292241866,0.0133204165658,0.0122709292,0.0198595301526,0.0565915879551,0.0277710502947,0.0210704771131,0.0402841688867,0.00500524743683,0.0196173407605,0.0264793735368,0.0297085654315,0.0204246387342,0.0307580527973,0.0235731008315,0.068620327763,0.0108177928473,0.0192136917736,0.0449664971341,0.0113021716315,0.0482764188262,0.027851780092,0.0146120933236,0.0362476790183,0.0033099216921,0.00153386615,0.00282554290789,0.0179220150157,0.00298700250262,0.00500524743683,0.000242189392105,0.00306773229999
0.00094816687737,0.00589970501475,0.0054782975137,0.0507796038769,0.0445638432364,0.144016013485,0.151179941003,0.0113780025284,0.0163295406658,0.00705857564265,0.0280235988201,0.0279182469448,0.0244416350611,0.0211757269279,0.00410872313527,0.0145385587863,0.0394016013485,0.0417193426043,0.0640539401601,0.0127475769069,0.00958702064897,0.0342393594606,0.00558364938896,0.0123261694058,0.0259165613148,0.00790139064475,0.0819637589549,0.0187526337969,0.0130636325327,0.0447745469869,0.00347661188369,0.00252844500632,0.00379266750948,0.011588706279,0.0031605562579,0.00337126000843,0.000210703750527,0.00200168563
0.00297840655249,0.00744601638124,0.00357408786299,0.0562918838421,0.0537602382725,0.0640357408786,0.0629932985853,0.0186150409531,0.016679076694,0.0160833953835,0.0370811615786,0.0522710349963,0.0276991809382,0.0241250930752,0.00476545048399,0.0163812360387,0.0314221891288,0.0260610573343,0.0302308265078,0.0457185405808,0.0206999255398,0.0857781087118,0.00789277736411,0.0201042442293,0.0489947877885,0.0163812360387,0.069843633656,0.0330603127327,0.0138495904691,0.0451228592703,0.00327624720774,0.00134028294862,0.00282948622487,0.0180193596426,0.00327624720774,0.00759493670886,0.000595681310499,0.00312732688012
0.0,0.00317965023847,0.0,0.0445151033386,0.060413354531,0.0556438791733,0.0659777424483,0.0190779014308,0.0174880763116,0.0198728139905,0.0556438791733,0.0286168521463,0.010333863275,0.0158982511924,0.0119236883943,0.0190779014308,0.0302066772655,0.0286168521463,0.0317965023847,0.0357710651828,0.0206677265501,0.0492845786963,0.0222575516693,0.0317965023847,0.0651828298887,0.0174880763116,0.0906200317965,0.0405405405405,0.0182829888712,0.0429252782194,0.00476947535771,0.00635930047695,0.00317965023847,0.0198728139905,0.00238473767886,0.00476947535771,0.000794912559618,0.00476947535771
0.0014450867052,0.00317919075145,0.00693641618497,0.0471098265896,0.0473988439306,0.10549132948,0.120809248555,0.0257225433526,0.0251445086705,0.0106936416185,0.0494219653179,0.0442196531792,0.0228323699422,0.0219653179191,0.00202312138728,0.0161849710983,0.0236994219653,0.014450867052,0.0329479768786,0.021387283237,0.0239884393064,0.0471098265896,0.00838150289017,0.0202312138728,0.0390173410405,0.0124277456647,0.0794797687861,0.0265895953757,0.014450867052,0.0462427745665,0.00404624277457,0.00375722543353,0.00202312138728,0.0153179190751,0.00404624277457,0.00520231213873,0.000867052023121,0.00375722543353
0.000704863558554,0.00453126573356,0.00815627832041,0.036954989427,0.0355452623099,0.101097573255,0.110059409929,0.0150035243178,0.0271875944014,0.00805558352633,0.0440036250126,0.0349410935455,0.0264827308428,0.0302084382237,0.00372570738093,0.00865975229081,0.026684120431,0.0211459067566,0.0595106233008,0.0233611922264,0.0162118618467,0.0444064041889,0.00624307723291,0.0230591078441,0.0386668009264,0.0104722585842,0.108146208841,0.0269862048132,0.0141979659652,0.0568925586547,0.00221528546974,0.0019132010875,0.0043298761454,0.0113785117309,0.00271875944014,0.00332292820461,0.000201389588158,0.00261806464606
0.00121200820436,0.00410218161477,0.00382248741376,0.0271303374977,0.0301137423084,0.0784076076823,0.0789669960843,0.015010255454,0.0226552302816,0.00839082603021,0.0365467089316,0.0367331717322,0.0404624277457,0.0214432220772,0.00326309901175,0.00708558642551,0.0247995524893,0.0196718254708,0.040555659146,0.0284355771024,0.0207906022748,0.0617191870222,0.00578034682081,0.0189259742681,0.053048666791,0.0165019578594,0.130151034869,0.0365467089316,0.0207906022748,0.0711355584561,0.00410218161477,0.00242401640873,0.00708558642551,0.0135185530487,0.0028901734104,0.00335633041208,0.000279694201007,0.00214432220772
0.00109063147562,0.00305376813175,0.00588940996837,0.0196313665612,0.023666703021,0.07427200349,0.071545424801,0.0149416512161,0.0197404297088,0.00534409423056,0.0225760715454,0.0193041771186,0.0391536699749,0.0163594721344,0.0043625259025,0.00817973606718,0.0384992910895,0.0607481731923,0.0387174173847,0.0232304504308,0.0143963354782,0.0511506162068,0.00458065219762,0.0161413458392,0.0607481731923,0.0112335041989,0.133057040026,0.03937179627,0.0269385974479,0.0995746537245,0.00392627331225,0.00392627331225,0.0043625259025,0.012215072527,0.00316283127931,0.00272657868906,0.000109063147562,0.00207219980369
0.00330257406508,0.00845070422535,0.00427391937834,0.0440019426906,0.0576007770763,0.0375910636231,0.0355512384653,0.0078678970374,0.00534239922292,0.0291403593978,0.103156872268,0.0480815930063,0.01758135017,0.0310830500243,0.00670228266149,0.0106847984458,0.0224380767363,0.0450704225352,0.0248664400194,0.0677027683341,0.0238950947062,0.0292374939291,0.00942204953861,0.0140845070423,0.0938319572608,0.0141816415736,0.0611947547353,0.0406022340942,0.0148615832929,0.0491500728509,0.00398251578436,0.00184555609519,0.00369111219038,0.0138902379796,0.0030111704711,0.00718795531812,0.000194269062652,0.0052452646916
0.00296735905045,0.00682492581602,0.00682492581602,0.0451038575668,0.0584569732938,0.0498516320475,0.0391691394659,0.013056379822,0.00979228486647,0.0329376854599,0.0706231454006,0.053115727003,0.0210682492582,0.0181008902077,0.0080118694362,0.0100890207715,0.0246290801187,0.0403560830861,0.020178041543,0.0563798219585,0.0204747774481,0.0459940652819,0.00712166172107,0.0160237388724,0.0884272997033,0.0157270029674,0.0682492581602,0.0388724035608,0.0160237388724,0.0581602373887,0.00623145400593,0.000296735905045,0.0026706231454,0.0163204747774,0.00237388724036,0.00415430267062,0.0,0.0053412462908
0.00216718266254,0.0046439628483,0.0030959752322,0.0234262125903,0.0302373581011,0.043653250774,0.0434468524252,0.0120743034056,0.00918472652219,0.0179566563467,0.0627450980392,0.0553147574819,0.0204334365325,0.0418988648091,0.0047471620227,0.0111455108359,0.0376676986584,0.0539731682147,0.0450980392157,0.034778121775,0.0188854489164,0.0268317853457,0.00670794633643,0.00598555211558,0.0794633642931,0.0125902992776,0.106295149639,0.0457172342621,0.0201238390093,0.0720330237358,0.00577915376677,0.00299277605779,0.00340557275542,0.0179566563467,0.00433436532508,0.00670794633643,0.00030959752322,0.0061919504644
0.0,0.00520156046814,0.000650195058518,0.0253576072822,0.0299089726918,0.0409622886866,0.0533159947984,0.0266579973992,0.0104031209363,0.0123537061118,0.0442132639792,0.0442132639792,0.0260078023407,0.0195058517555,0.00715214564369,0.0143042912874,0.0253576072822,0.0318595578674,0.0305591677503,0.0325097529259,0.0156046814044,0.0383615084525,0.0143042912874,0.0156046814044,0.0825747724317,0.018855656697,0.137841352406,0.0546163849155,0.0286085825748,0.0812743823147,0.00520156046814,0.00325097529259,0.00325097529259,0.00975292587776,0.00455136540962,0.00520156046814,0.0,0.000650195058518
0.00121765601218,0.00334855403349,0.00487062404871,0.0243531202435,0.0252663622527,0.0477929984779,0.0423135464231,0.0164383561644,0.0118721461187,0.0149162861492,0.0462709284627,0.0505327245053,0.027701674277,0.0386605783866,0.00669710806697,0.0213089802131,0.0286149162861,0.0608828006088,0.0371385083714,0.0432267884323,0.0194824961948,0.0200913242009,0.00426179604262,0.0130898021309,0.0733637747336,0.00882800608828,0.101065449011,0.0398782343988,0.0313546423135,0.0764079147641,0.0118721461187,0.0027397260274,0.0076103500761,0.0225266362253,0.00213089802131,0.00487062404871,0.000913242009132,0.00608828006088
0.00263479815564,0.00602239578432,0.0029641479251,0.0288416298109,0.0242307330385,0.0234308835984,0.0204667356733,0.00536369624541,0.00437564693705,0.0214547849817,0.0358520749035,0.0205137856404,0.0095511433142,0.0158558389009,0.00381104733227,0.0039051472664,0.00978639314952,0.033264326715,0.0249835325115,0.0746682977322,0.01811423732,0.0321821774725,0.00583419591606,0.0106332925567,0.147783946551,0.0288416298109,0.101486778959,0.0945704338007,0.0350051754964,0.0899595370283,0.00606944575139,0.00310529782629,0.00329349769455,0.0308647783947,0.00748094476334,0.00903359367648,0.00037639973652,0.00338759762868
0.00260231842915,0.00615093446889,0.00378519044239,0.0286255027206,0.0250768866809,0.0387982020345,0.0328838419683,0.00804352969009,0.00449491365034,0.0156139105749,0.0463685829193,0.0295718003312,0.0101726993139,0.0264963330968,0.00307546723445,0.00709723207949,0.018925952212,0.0482611781405,0.0376153300213,0.0468417317246,0.0253134610835,0.0307546723445,0.00757038088479,0.00804352969009,0.11426543648,0.0158504849775,0.112372841259,0.0811450201088,0.032410693163,0.0846936361486,0.0028388928318,0.00118287201325,0.00449491365034,0.0255500354862,0.00307546723445,0.00496806245564,0.000473148805299,0.00449491365034
0.0011127311795,0.00322308341647,0.00418233443327,0.0213721126544,0.0169211879365,0.043549996163,0.0380630803469,0.00832629882588,0.00970762029008,0.00644616683294,0.0178036988719,0.0173816284245,0.0205279717597,0.0161154170823,0.00272427288773,0.00640779679226,0.0227918041593,0.061929245645,0.0544470877139,0.0253625968844,0.0139666948047,0.0532192464124,0.00491136520605,0.0135062543166,0.0867162919193,0.018033919116,0.114764791651,0.0663034302816,0.0367968690047,0.141240119715,0.00702171744302,0.00391374414857,0.0041439643926,0.0229836543627,0.00502647532806,0.00567876601949,0.00034533036605,0.00303123321311
0.00131324835844,0.00324449594438,0.001235998455,0.0181537273078,0.0178447276941,0.017999227501,0.0170722286597,0.00525299343376,0.00378524526844,0.0100424874469,0.0231749710313,0.0168404789494,0.00710699111626,0.013055233681,0.00100424874469,0.00278099652375,0.00911548860564,0.0257242178447,0.0215527230591,0.0413286983391,0.0105059868675,0.0246427191966,0.00224024719969,0.00733874082657,0.145075318656,0.025955967555,0.0911548860564,0.111857860178,0.0529934337582,0.154886056392,0.011819235226,0.00486674391657,0.0053302433372,0.0578601776748,0.0152954808806,0.0122827346466,0.000617999227501,0.00764774044032
0.00053447354356,0.0053447354356,0.00142526278283,0.0142526278283,0.0156778906111,0.0183502583289,0.0245857830037,0.00659184037057,0.0057010511313,0.0083734188491,0.0212007838945,0.0228042045252,0.0126492071976,0.020666310351,0.00427578834848,0.00641368252272,0.0114021022626,0.0217352574381,0.0210226260467,0.0224478888295,0.00819526100125,0.0295742027436,0.00445394619633,0.0110457865669,0.116693390344,0.0192410475681,0.09709602708,0.137181542847,0.0443613041154,0.160698378764,0.0163905220025,0.0053447354356,0.00195973632639,0.0427578834848,0.0197755211117,0.0106894708712,0.000890789239266,0.00819526100125
0.00150084725248,0.00334059549746,0.00300169450496,0.0111353183249,0.0105543451949,0.0229968530622,0.0235294117647,0.00469619946744,0.00590656015493,0.00474461389494,0.0176712660373,0.0157831033648,0.0135560396998,0.0162188332123,0.00222706366497,0.00435729847495,0.0175744371823,0.0289034132171,0.0333091261196,0.0210602759622,0.0102154442024,0.0300169450496,0.00450254175744,0.00910191236989,0.0758654078916,0.0154442023723,0.134592108448,0.0920358266763,0.0370854514645,0.233648027112,0.0188332122973,0.0103122730574,0.00953764221738,0.0318082788671,0.00924715565238,0.00711692084241,0.000677801984992,0.0078915516824
0.0016694490818,0.0025041736227,0.0016694490818,0.0125208681135,0.0108514190317,0.0371452420701,0.0221202003339,0.00417362270451,0.00792988313856,0.00876460767947,0.0237896494157,0.0196160267112,0.0121035058431,0.0221202003339,0.00333889816361,0.00459098497496,0.0200333889816,0.0233722871452,0.0208681135225,0.0267111853088,0.0116861435726,0.0283806343907,0.00333889816361,0.00918196994992,0.0471619365609,0.0137729549249,0.0605175292154,0.054674457429,0.0275459098497,0.200751252087,0.0500834724541,0.0279632721202,0.0338063439065,0.0542570951586,0.0329716193656,0.0217028380634,0.0016694490818,0.0346410684474
0.00122399020808,0.0,0.00244798041616,0.0122399020808,0.00428396572827,0.0538555691554,0.047123623011,0.00795593635251,0.0146878824969,0.00979192166463,0.0165238678091,0.0189718482252,0.0250917992656,0.0183598531212,0.0,0.00611995104039,0.0244798041616,0.0495716034272,0.0330477356181,0.0116279069767,0.00489596083231,0.0134638922889,0.00428396572827,0.0140758873929,0.0410036719706,0.00856793145655,0.0893512851897,0.0489596083231,0.0269277845777,0.206242350061,0.0330477356181,0.0122399020808,0.0232558139535,0.0428396572827,0.0269277845777,0.0214198286414,0.00428396572827,0.0208078335373
0.00082406262876,0.00535640708694,0.00329625051504,0.0123609394314,0.011948908117,0.0358467243511,0.0436753193243,0.00453234445818,0.00453234445818,0.011948908117,0.0234857849197,0.0222496909765,0.0251339101772,0.0181293778327,0.00329625051504,0.00741656365884,0.0284301606922,0.0465595385249,0.0317264112073,0.0230737536053,0.0127729707458,0.0222496909765,0.00247218788628,0.00947672023074,0.0477956324681,0.0111248454883,0.0745776679028,0.0457354758962,0.0259579728059,0.160692212608,0.0440873506386,0.0148331273177,0.0222496909765,0.0523279769262,0.0222496909765,0.0304903172641,0.0103007828595,0.0267820354347
0.000626370184779,0.00156592546195,0.00109614782336,0.0145631067961,0.0208268086439,0.0197306608205,0.0197306608205,0.00782962730974,0.00203570310053,0.00751644221735,0.0256811775759,0.0170685875352,0.00955214531788,0.0159724397119,0.00109614782336,0.00438459129345,0.011274663326,0.0234888819292,0.0151894769809,0.0272471030379,0.00955214531788,0.0299091763232,0.00219229564673,0.00642029439399,0.108831819605,0.0183213279048,0.0689007203257,0.127622925149,0.0449420607579,0.139210773567,0.0258377701221,0.011274663326,0.016911994989,0.0598183526464,0.0274036955841,0.0378953961791,0.00109614782336,0.0173817726276
0.0025817555938,0.00473321858864,0.000430292598967,0.0167814113597,0.0176419965577,0.0202237521515,0.013339070568,0.00430292598967,0.0012908777969,0.00860585197935,0.0357142857143,0.026247848537,0.00817555938038,0.0159208261618,0.00172117039587,0.00473321858864,0.013339070568,0.013339070568,0.0116179001721,0.0271084337349,0.0163511187608,0.025817555938,0.00215146299484,0.00387263339071,0.09165232358,0.0202237521515,0.0451807228916,0.129518072289,0.0451807228916,0.122203098107,0.0318416523236,0.0141996557659,0.013339070568,0.105851979346,0.0163511187608,0.0464716006885,0.0,0.0219449225473
0.000406504065041,0.00284552845528,0.0020325203252,0.020325203252,0.0239837398374,0.0215447154472,0.0239837398374,0.00813008130081,0.00609756097561,0.0186991869919,0.0313008130081,0.0264227642276,0.0146341463415,0.020325203252,0.000813008130081,0.00650406504065,0.0117886178862,0.0211382113821,0.0113821138211,0.0516260162602,0.00609756097561,0.0158536585366,0.00406504065041,0.0113821138211,0.10162601626,0.0191056910569,0.0508130081301,0.115447154472,0.0361788617886,0.0821138211382,0.0227642276423,0.0109756097561,0.0252032520325,0.0869918699187,0.0345528455285,0.029674796748,0.00162601626016,0.0215447154472
0.0,0.00479616306954,0.0,0.00959232613909,0.0239808153477,0.0299760191847,0.0167865707434,0.0083932853717,0.00119904076739,0.0083932853717,0.109112709832,0.0479616306954,0.0119904076739,0.0323741007194,0.0,0.00719424460432,0.0119904076739,0.0299760191847,0.00959232613909,0.0515587529976,0.0227817745803,0.031175059952,0.0167865707434,0.0203836930456,0.0695443645084,0.0131894484412,0.0407673860911,0.0875299760192,0.0335731414868,0.112709832134,0.015587529976,0.00959232613909,0.00479616306954,0.0659472422062,0.0167865707434,0.00599520383693,0.00959232613909,0.0083932853717
0.00153767298821,0.00512557662737,0.00256278831369,0.0143516145566,0.00922603792927,0.0184520758585,0.0138390568939,0.00615069195284,0.00461301896463,0.0112762685802,0.0558687852383,0.0353664787289,0.0107637109175,0.0307534597642,0.00820092260379,0.00820092260379,0.0189646335213,0.0302409021015,0.0184520758585,0.0461301896463,0.0276781137878,0.0297283444387,0.00256278831369,0.0174269605331,0.0676576114813,0.0143516145566,0.0517683239364,0.0671450538186,0.0297283444387,0.106611993849,0.0230650948232,0.0133264992312,0.0169144028703,0.0840594566889,0.0302409021015,0.0399794976935,0.00358790363916,0.0240902101486
