0.248780487805,0.2,0.0780487804878,0.168292682927,0.0609756097561,0.090243902439,0.0268292682927,0.00243902439024,0.0,0.019512195122,0.0219512195122,0.00487804878049,0.0121951219512,0.0,0.0,0.00243902439024,0.00487804878049,0.0,0.0,0.0121951219512,0.00487804878049,0.0,0.0,0.00243902439024,0.0121951219512,0.0,0.00731707317073,0.00731707317073,0.0,0.00731707317073,0.0,0.0,0.0,0.0,0.0,0.00243902439024,0.0,0.00243902439024
0.0313028764805,0.244500846024,0.116328257191,0.315989847716,0.0490693739425,0.0814297800338,0.0285532994924,0.00338409475465,0.00274957698816,0.0093062605753,0.0173434856176,0.0120558375635,0.00465313028765,0.00380710659898,0.000634517766497,0.00338409475465,0.00528764805415,0.00486463620981,0.00338409475465,0.00888324873096,0.00211505922166,0.00317258883249,0.00105752961083,0.00253807106599,0.00697969543147,0.00148054145516,0.0093062605753,0.00571065989848,0.00274957698816,0.0126903553299,0.000211505922166,0.000423011844332,0.000211505922166,0.00190355329949,0.00126903553299,0.000211505922166,0.0,0.00105752961083
0.0164137503871,0.181480334469,0.301641375039,0.0941467946733,0.0164137503871,0.247754722824,0.0424279962837,0.0040260142459,0.00309693403531,0.00340662743884,0.00743264168473,0.00743264168473,0.00774233508826,0.00216785382471,0.000619386807061,0.00309693403531,0.00278724063177,0.00247754722824,0.00340662743884,0.0040260142459,0.00309693403531,0.00216785382471,0.0,0.00154846701765,0.0071229482812,0.000309693403531,0.0114586559306,0.00216785382471,0.00216785382471,0.0157943635801,0.000929080210592,0.0,0.000619386807061,0.000309693403531,0.0,0.0,0.000309693403531,0.0
0.0126657123296,0.0830584427709,0.0317109603535,0.355698014564,0.117352337088,0.13658430323,0.0534325014004,0.00703304910687,0.00519698761436,0.00862015310886,0.0326134312566,0.0248957490508,0.00815335781415,0.010425094915,0.000995829962034,0.00438787577021,0.00728200659737,0.00628617663534,0.00563266322275,0.0106118130329,0.00529034667331,0.00703304910687,0.0018360614925,0.00301860957242,0.0150308084895,0.00283189145453,0.0135059438601,0.00774880189208,0.00342316549449,0.0106429327192,0.000746872471525,0.000280077176822,0.000217837804195,0.00382772141657,0.000591274039958,0.000746872471525,3.11196863136e-05,0.000560154353644
0.00689655172414,0.0240774349667,0.00901391409558,0.241560798548,0.104355716878,0.091591046582,0.0763460375076,0.0178463399879,0.00961887477314,0.0238354506957,0.06981246219,0.0508166969147,0.0140955837871,0.0208711433757,0.00375075620085,0.0108287961283,0.016091954023,0.0129461584997,0.0122202056866,0.032667876588,0.0125831820932,0.0203266787659,0.00362976406534,0.00459770114943,0.0289171203872,0.00604960677556,0.0225045372051,0.0162129461585,0.0065335753176,0.016575922565,0.0010889292196,0.000423472474289,0.000665456745312,0.005444646098,0.00145190562613,0.00278281911676,0.0,0.00096793708409
0.00332102264594,0.0172922213633,0.0417990781299,0.134043345071,0.0392796816399,0.325946920897,0.179335222881,0.0174067393856,0.015259526468,0.00303472759025,0.0157175985571,0.0194966932921,0.0222451258267,0.0114518022274,0.00188954736752,0.00478112742993,0.0177216639469,0.0108219531049,0.0127687594835,0.00618397320278,0.00415127830742,0.0120816513499,0.00226173093991,0.00443757336311,0.0107074350826,0.00249076698445,0.024277820722,0.00887514672622,0.0043516848464,0.0166910017464,0.00183228835638,0.000629849122506,0.00117380972831,0.0032637636348,0.000801626155916,0.00160325231183,8.58885167053e-05,0.000486701594663
0.00224360063909,0.00982425128327,0.0153312710338,0.0812115443451,0.0459258252031,0.278988340075,0.168406023728,0.0241017098956,0.0243056735901,0.00367134650032,0.0215861576639,0.0240677159466,0.0388890777442,0.0142774586124,0.00319543121324,0.0081585477785,0.0347418159568,0.0193085630758,0.0227759458816,0.00693476561172,0.00537104395418,0.0184927082979,0.00316143726417,0.0062208926811,0.0170309684876,0.00387531019479,0.03793724717,0.0127477309039,0.00717272325526,0.0253254920624,0.00180167930108,0.00112180031954,0.00166570350478,0.00611891083387,0.00159771560662,0.00156372165754,0.000135975796308,0.000713872930618
0.00217590471828,0.0072148419606,0.00664223545579,0.0706596426935,0.057260650481,0.14647274393,0.122079706825,0.00927622537792,0.0135135135135,0.00698579935868,0.0352725606963,0.0285158039395,0.0288593678424,0.0265689418232,0.00492441594137,0.024163994503,0.0676820888685,0.0363032524049,0.0414567109482,0.0123683005039,0.0100778744847,0.0278286761338,0.009047182776,0.0133989922126,0.0336692624828,0.00732936326157,0.0624141090243,0.0224461749885,0.0127118644068,0.0309207512597,0.00229042601924,0.00148877691251,0.00206138341732,0.00916170407696,0.0024049473202,0.00355016032982,0.000229042601924,0.00057260650481
0.000600841177649,0.00660925295414,0.0132185059083,0.0574804726617,0.0352493490887,0.248948527939,0.220108151412,0.0144201882636,0.0180252353295,0.00300420588824,0.0238333667134,0.026236731424,0.0330462647707,0.0156218706189,0.00300420588824,0.00741037452433,0.0500700981374,0.0318445824154,0.034247947126,0.00741037452433,0.00560785099139,0.0116162627679,0.00260364510314,0.00340476667334,0.0164229921891,0.00520729020629,0.0504706589225,0.00741037452433,0.00620869216904,0.0288403765271,0.0016022431404,0.000600841177649,0.0020028039255,0.00420588824354,0.000600841177649,0.0016022431404,0.00020028039255,0.00100140196275
0.00343170899108,0.0141843971631,0.00709219858156,0.123312743079,0.124456646076,0.0425531914894,0.0402653854953,0.0089224433768,0.00800732097918,0.0295126973233,0.0830473575841,0.0491878288721,0.0160146419584,0.0167009837566,0.00480439258751,0.0132692747655,0.010752688172,0.0160146419584,0.0153283001601,0.0631434454358,0.0217341569435,0.0320292839167,0.00503317318691,0.00663463738275,0.0867078471746,0.0123541523679,0.0290551361245,0.0416380690917,0.0118965911691,0.0388927018989,0.00137268359643,0.000228780599405,0.00251658659346,0.0116678105697,0.00137268359643,0.0045756119881,0.0,0.00228780599405
0.00489327596389,0.009280350966,0.00641187884924,0.0885851683118,0.0898506707163,0.05112629714,0.0408335442504,0.0126550240445,0.0112207879862,0.0315531932844,0.064878089935,0.0428583480975,0.0201636716443,0.0188981692399,0.00911161731207,0.0149329283726,0.0272504851093,0.0240445456846,0.018645068759,0.0582974774319,0.0156078629883,0.0683371298405,0.00708681346495,0.0117269889479,0.076605078883,0.0134143254872,0.0409179110774,0.0411710115583,0.0141736269299,0.037037037037,0.00219353750105,0.0018560701932,0.0018560701932,0.0118957226019,0.0027841052898,0.00379650721336,8.43668269636e-05,0.00396524086729
0.00218880180753,0.0073430770317,0.00444821012497,0.0883993504201,0.0825390100967,0.0739250158865,0.0662289063052,0.0151803996328,0.0158158582221,0.0180046600297,0.0631222198687,0.0266892607498,0.022099837605,0.040739956224,0.00402457106545,0.0208995269364,0.0271128998094,0.0283838169879,0.0259125891407,0.0314198969145,0.0260538021606,0.0590270422933,0.0124973522559,0.0163101037916,0.0445527077597,0.0127091717856,0.0473769681565,0.0329732401327,0.0163101037916,0.0352326484502,0.00268304737697,0.000917884628963,0.00254183435713,0.0153216126527,0.00353032549601,0.00458942314481,0.000211819529761,0.00268304737697
0.00169619298907,0.0048058801357,0.00763286845081,0.0525819826611,0.0414624952884,0.150395778364,0.143045608745,0.0114964191481,0.0169619298907,0.0065963060686,0.0263852242744,0.0258198266114,0.025442894836,0.0233697700716,0.00282698831511,0.0105540897098,0.0338296268375,0.0397663022993,0.0552205050886,0.0135695439126,0.00951752732755,0.0279871843196,0.00687900490011,0.0136637768564,0.0296833773087,0.00744440256314,0.0971541650961,0.0236524689031,0.0130041462495,0.0506973237844,0.00348661892198,0.00273275537128,0.0048058801357,0.00895212966453,0.00235582359593,0.00282698831511,0.0,0.00169619298907
0.00142838592391,0.00610310349305,0.00623295675886,0.0550577847033,0.059342942475,0.0676535514868,0.0634982469809,0.0196078431373,0.0153226853655,0.0198675496689,0.0459680560966,0.0428515777172,0.0249318270354,0.0258407998961,0.00415530450591,0.0140241527074,0.0363589144267,0.0268796260226,0.029996104402,0.0367484742241,0.0231138813141,0.0780418127516,0.00844046227763,0.0188287235424,0.0567458771588,0.0138942994416,0.064796779639,0.0380470068822,0.0118166471887,0.0470068822231,0.00324633164524,0.00168809245553,0.00298662511362,0.0158420984288,0.00480457083496,0.0040254512401,0.00012985326581,0.00467471756915
0.00139275766017,0.00208913649025,0.00626740947075,0.0515320334262,0.0459610027855,0.0731197771588,0.0522284122563,0.0236768802228,0.0174094707521,0.0153203342618,0.050139275766,0.025069637883,0.0194986072423,0.0264623955432,0.0111420612813,0.00766016713092,0.0306406685237,0.0271587743733,0.0362116991643,0.0389972144847,0.0285515320334,0.0543175487465,0.0146239554318,0.0229805013928,0.0522284122563,0.0146239554318,0.103760445682,0.0292479108635,0.0125348189415,0.0577994428969,0.00905292479109,0.00348189415042,0.00139275766017,0.0229805013928,0.00278551532033,0.00348189415042,0.0,0.0041782729805
0.000775995861355,0.00310398344542,0.00543197102949,0.0460424211071,0.0478530781169,0.115623383342,0.109674081738,0.032850491464,0.0253491981376,0.0124159337817,0.0439730988101,0.0442317640973,0.0287118468702,0.0232798758407,0.000775995861355,0.0142265907915,0.0230212105535,0.0160372478013,0.0395757889291,0.021727884118,0.0193998965339,0.0468184169684,0.00931195033626,0.0186239006725,0.0395757889291,0.00775995861355,0.0783755819969,0.0312984997413,0.0173305742369,0.0406104500776,0.00387997930678,0.00206932229695,0.00155199172271,0.0186239006725,0.0041386445939,0.00387997930678,0.000517330574237,0.00155199172271
0.00110772639158,0.00313855810948,0.00572325302317,0.0319394442906,0.0322163758885,0.105510938798,0.117695929106,0.0134773377642,0.0309240284316,0.00729253207791,0.0389550447706,0.0358164866611,0.0272316071264,0.0278777808548,0.00369242130527,0.00673866888212,0.0219699067664,0.0260315702022,0.0522477614696,0.0177236222653,0.0163389642758,0.0478168559033,0.00775408474107,0.0189236591895,0.0407089448906,0.0127388535032,0.107911012647,0.0292624388443,0.0142158220253,0.0657250992338,0.00332317917474,0.00286162651158,0.00443090556633,0.0103387796548,0.00304624757685,0.00443090556633,0.000369242130527,0.00249238438106
0.000663404925782,0.00646819802637,0.00489261132764,0.0275313044199,0.0327556182105,0.0732233186831,0.0836719462642,0.0111120325068,0.0233020980181,0.00671697487354,0.0373165270752,0.0359067916079,0.0406335517041,0.0205655526992,0.00348287586035,0.00398042955469,0.0247947591011,0.0211460320093,0.0445310556431,0.0280288581143,0.0174143793018,0.0595405920889,0.00464383448047,0.0188241147691,0.0511651049009,0.0160875694502,0.12853470437,0.0348287586035,0.0178290073804,0.0845841280372,0.00472676009619,0.00248776847168,0.00505846255908,0.01376565221,0.00248776847168,0.00456090886475,0.0,0.00273654531885
0.000604899687468,0.00312531505192,0.00544409718722,0.0254057868737,0.0203649561448,0.0696642806735,0.067143865309,0.0104849279161,0.0228853715092,0.0041334811977,0.0251033370299,0.0217763887489,0.0391168464563,0.0196592398427,0.00332694828108,0.00685552979131,0.0407299122895,0.0454682931747,0.037503780623,0.0215747555197,0.014820042343,0.0438552273415,0.00766206270793,0.0171388244783,0.0609940518197,0.0138118761972,0.146083274524,0.0408307289041,0.0204657727594,0.112108075411,0.00393184796855,0.00393184796855,0.00443593104144,0.0117955439056,0.00221796552072,0.00282286520819,0.000302449843734,0.00241959874987
0.0028616024974,0.00745750953867,0.00476933749566,0.0486472424558,0.0521158515435,0.0409295872355,0.0386749913285,0.00832466181061,0.00607006590357,0.0280957336108,0.100242802636,0.0469996531391,0.0145681581686,0.031304197017,0.00390218522373,0.00979882067291,0.0292230315643,0.0417967395075,0.0263614290669,0.0615678113077,0.023239680888,0.0267950052029,0.00754422476587,0.0098855359001,0.0881893860562,0.0150884495317,0.0645161290323,0.0457856399584,0.0173430454388,0.0542837322234,0.00554977454041,0.00234131113424,0.00268817204301,0.0155220256677,0.0042490461325,0.00659035726674,0.000607006590357,0.00607006590357
0.00451287496682,0.0116803822671,0.00477833820016,0.0525617202018,0.0483143084683,0.0493761614016,0.0438014335015,0.010087602867,0.0103530661003,0.0278736395009,0.0793735067693,0.0549508893018,0.020175205734,0.019378816034,0.00716750730024,0.0132731616671,0.0222989116007,0.0361029997345,0.0384921688346,0.0599946907353,0.0175205734006,0.041146801168,0.0069020440669,0.0140695513671,0.0960976904699,0.0172551101672,0.0565436687019,0.0414122644014,0.0151314043005,0.0451287496682,0.00424741173347,0.000796389700027,0.00451287496682,0.0132731616671,0.00212370586674,0.0050438014335,0.0,0.00424741173347
0.00197702880813,0.0059310864244,0.00329504801356,0.0242892110714,0.0276784033139,0.0508378836377,0.043306345321,0.0104500094144,0.0132743362832,0.0144982112596,0.0567689700621,0.061570325739,0.0208058745999,0.0355865185464,0.00461306721898,0.011391451704,0.0369986819808,0.0545095085671,0.0530973451327,0.0287139898324,0.0177932592732,0.0196761438524,0.0059310864244,0.00790811523254,0.0828469214837,0.0143099228017,0.103464507626,0.0485784221427,0.0233477687818,0.0698550178874,0.00498964413481,0.00329504801356,0.00385991338731,0.0193937111655,0.00395405761627,0.00574279796648,0.000564865373753,0.00489549990586
0.00295508274232,0.00177304964539,0.00413711583924,0.0283687943262,0.0200945626478,0.0490543735225,0.0514184397163,0.0183215130024,0.0147754137116,0.0112293144208,0.0520094562648,0.0573286052009,0.0478723404255,0.0230496453901,0.0065011820331,0.00827423167849,0.0230496453901,0.0313238770686,0.0372340425532,0.031914893617,0.00768321513002,0.0366430260047,0.0183215130024,0.00886524822695,0.0815602836879,0.0212765957447,0.121158392435,0.0496453900709,0.0289598108747,0.0679669030733,0.00945626477541,0.00236406619385,0.00177304964539,0.0171394799054,0.00236406619385,0.00295508274232,0.000591016548463,0.000591016548463
0.00226693114197,0.00283366392746,0.00623406064041,0.0229526778124,0.0226693114197,0.047888920374,0.0422215925191,0.0121847548881,0.00623406064041,0.00765089260414,0.0425049589119,0.0396712949844,0.0229526778124,0.036837631057,0.00623406064041,0.01445168603,0.0413714933409,0.0617738736186,0.0371209974497,0.0314536695948,0.0212524794559,0.0243695097761,0.0031170303202,0.0136015868518,0.0867101161802,0.0150184188155,0.131198639841,0.0527061490507,0.0272031737036,0.0787758571833,0.0068007934259,0.0031170303202,0.00453386228393,0.01445168603,0.0031170303202,0.00255029753471,0.0,0.00396712949844
0.00165233233064,0.00516883447019,0.00351650213956,0.0290217345253,0.0252510274118,0.0204635004025,0.019785620472,0.00355886963522,0.00338939965259,0.0201245604372,0.0387662585265,0.0172435707325,0.0066516968182,0.0145744185061,0.00262678473075,0.00343176714824,0.0108460788883,0.0296996144558,0.0292335720036,0.0684235054866,0.0175825106978,0.0321992966996,0.00656696182689,0.00936321654027,0.147354149896,0.028555692073,0.107740541457,0.102953014447,0.0354192263695,0.0979536499598,0.00593144939203,0.00241494725247,0.0028809897047,0.0295301444732,0.00758378172266,0.00796508918358,0.000338939965259,0.00423674956573
0.00374298190892,0.00499064254523,0.00561447286338,0.0210022873778,0.0268247036806,0.0309835724683,0.0249532127261,0.00769390725723,0.00415886878769,0.0172593054689,0.0494905385735,0.0349344978166,0.0133083801206,0.032439176544,0.00519858598461,0.00519858598461,0.016219588272,0.0420045747557,0.0318153462258,0.0395092534831,0.0180910792265,0.0322312331046,0.00873362445415,0.00727802037846,0.116448326055,0.0151798710751,0.126013724267,0.0883759617384,0.0355583281347,0.0865044707839,0.00499064254523,0.00187149095446,0.00332709503015,0.0251611561655,0.00374298190892,0.00499064254523,0.0,0.00415886878769
0.00116221736987,0.00274705923787,0.00334577727689,0.0177150102134,0.0172571670071,0.0394097344509,0.0394097344509,0.00817074029725,0.00852292737902,0.00644502359653,0.0167993238008,0.0160245122209,0.0213777558639,0.0128900471931,0.0019018102416,0.00662111713742,0.0259914066352,0.0573360569134,0.0550116221737,0.0212368810312,0.0116221736987,0.0436359794323,0.00542368105938,0.0128548284849,0.0870958653237,0.0183137282524,0.123652884412,0.0727970698035,0.0407128266535,0.158167218426,0.00637458618018,0.00306402761147,0.00503627526942,0.0205677255758,0.0041205888568,0.00457843206311,0.000246530957244,0.00235965344791
0.00187278906846,0.00187278906846,0.00180342651037,0.0194908788236,0.0135950613859,0.0191440660332,0.0160227509191,0.00332940278837,0.00332940278837,0.0107511965041,0.0231670944024,0.012207810224,0.00596517999584,0.012901435805,0.00138725116182,0.00263577720746,0.00867031976139,0.021294305334,0.0221960185892,0.039536658112,0.00978012069085,0.020531317195,0.00409239092738,0.00638135534439,0.147395435944,0.0260109592842,0.095096067143,0.113130332247,0.0548657834501,0.174377471041,0.0117916348755,0.00374557813692,0.00381494069501,0.0553513213567,0.011444822085,0.0132482485954,0.000693625580911,0.0070749809253
0.000785669390321,0.00172847265871,0.00157133878064,0.0124135763671,0.0155562539283,0.0175989943432,0.0204274041483,0.0039283469516,0.00644248900063,0.00471401634192,0.0207416719045,0.0175989943432,0.00659962287869,0.0164990571967,0.00267127592709,0.0021998742929,0.00942803268385,0.0202702702703,0.0237272155877,0.0254556882464,0.00502828409805,0.0281269641735,0.0043997485858,0.00911376492772,0.113922061596,0.0179132620993,0.0909805153991,0.15100565682,0.0463544940289,0.193431803897,0.0174418604651,0.00597108736644,0.00471401634192,0.0496543054683,0.0161847894406,0.00942803268385,0.00109993714645,0.00487115021999
0.00109366114003,0.00240605450807,0.00288726540969,0.012292751214,0.0102366682707,0.0227481517127,0.0203858436502,0.00402467299532,0.00551205214576,0.00498709479855,0.0166236493285,0.013605144582,0.0118115403123,0.0136488910276,0.00240605450807,0.00384968721291,0.0160549455357,0.0273415285008,0.0335097773306,0.0180235355877,0.00594951660178,0.0271227962728,0.00520582702655,0.00958047158668,0.0803622205696,0.0147425521676,0.129620718317,0.0970733627893,0.042127827114,0.251148344197,0.0153987488517,0.00971171092349,0.00783061376263,0.0342972133514,0.0101929218251,0.00800559954504,0.000437464456013,0.00774312087143
0.000751314800902,0.000751314800902,0.00300525920361,0.0135236664162,0.011645379414,0.0247933884298,0.0172802404207,0.00262960180316,0.00676183320811,0.00901577761082,0.0251690458302,0.0165289256198,0.0112697220135,0.0289256198347,0.00375657400451,0.00413223140496,0.0184072126221,0.0293012772352,0.0169045830203,0.0135236664162,0.00826446280992,0.0360631104433,0.00601051840721,0.0131480090158,0.0473328324568,0.0138993238167,0.0537190082645,0.0634861006762,0.0251690458302,0.197220135237,0.0548459804658,0.0251690458302,0.0353117956424,0.060856498873,0.0413223140496,0.0274229902329,0.000375657400451,0.0323065364388
0.0022792022792,0.000569800569801,0.0022792022792,0.00911680911681,0.0108262108262,0.0472934472934,0.0529914529915,0.0022792022792,0.00569800569801,0.0039886039886,0.011396011396,0.014245014245,0.0188034188034,0.0148148148148,0.0017094017094,0.0039886039886,0.0159544159544,0.0592592592593,0.0267806267806,0.0188034188034,0.00854700854701,0.0205128205128,0.00626780626781,0.00569800569801,0.0478632478632,0.00911680911681,0.0945868945869,0.0495726495726,0.0353276353276,0.203418803419,0.0404558404558,0.0125356125356,0.025641025641,0.0415954415954,0.0176638176638,0.0296296296296,0.00569800569801,0.022792022792
0.00311526479751,0.00116822429907,0.00116822429907,0.01246105919,0.0171339563863,0.0408878504673,0.0451713395639,0.00428348909657,0.00817757009346,0.00623052959502,0.0210280373832,0.0120716510903,0.0260903426791,0.0163551401869,0.00116822429907,0.00584112149533,0.0272585669782,0.0580218068536,0.0280373831776,0.0194704049844,0.00700934579439,0.018691588785,0.00584112149533,0.0116822429907,0.0568535825545,0.00817757009346,0.0786604361371,0.0517912772586,0.0342679127726,0.153816199377,0.0323208722741,0.011292834891,0.0147975077882,0.0560747663551,0.0330996884735,0.0385514018692,0.00973520249221,0.0221962616822
0.000575953923686,0.00273578113751,0.000575953923686,0.0154067674586,0.016558675306,0.0161267098632,0.0175665946724,0.00345572354212,0.00244780417567,0.00662347012239,0.0214542836573,0.0192944564435,0.0106551475882,0.018430525558,0.00359971202304,0.0020158387329,0.0123830093593,0.0208783297336,0.0138228941685,0.0260619150468,0.0102231821454,0.0227501799856,0.00259179265659,0.0093592512599,0.105687544996,0.018430525558,0.0681065514759,0.134629229662,0.0492440604752,0.151331893449,0.0283657307415,0.0112311015119,0.0151187904968,0.0636429085673,0.0243340532757,0.0370050395968,0.000719942404608,0.016558675306
0.00124429697221,0.000829531314807,0.000414765657404,0.0207382828702,0.0153463293239,0.0219825798424,0.0128577353795,0.00331812525923,0.00248859394442,0.0107839070925,0.0240564081294,0.0170053919535,0.00788054749067,0.0161758606387,0.00290335960182,0.00497718788884,0.00622148486105,0.0120282040647,0.0124429697221,0.0211530485276,0.00746578183326,0.0269597677312,0.00165906262961,0.00788054749067,0.0866860223973,0.0170053919535,0.0485275819162,0.130236416425,0.0439651596848,0.139361260888,0.0402322687681,0.0116134384073,0.0282040647034,0.107839070925,0.0128577353795,0.049357113231,0.000414765657404,0.0248859394442
0.000397140587768,0.00238284352661,0.00198570293884,0.0234312946783,0.0270055599682,0.022239872915,0.015488482923,0.00317712470214,0.00357426528991,0.00953137410643,0.0353455123114,0.0146942017474,0.0111199364575,0.0186656076251,0.00317712470214,0.00277998411438,0.0127084988086,0.0258141382049,0.00833995234313,0.0413026211279,0.00476568705322,0.0099285146942,0.00675138999206,0.00476568705322,0.0957108816521,0.0190627482129,0.0516282764098,0.120730738681,0.04447974583,0.0972994440032,0.0289912629071,0.0123113582208,0.0230341540905,0.0969023034154,0.0349483717236,0.0397140587768,0.00277998411438,0.0230341540905
0.0,0.00247831474597,0.0,0.0173482032218,0.0161090458488,0.00619578686493,0.0185873605948,0.00495662949195,0.00619578686493,0.00495662949195,0.114002478315,0.0532837670384,0.0086741016109,0.0346964064436,0.00371747211896,0.00619578686493,0.0173482032218,0.0272614622057,0.0173482032218,0.0470879801735,0.0148698884758,0.0359355638166,0.00123915737299,0.0086741016109,0.0780669144981,0.0173482032218,0.0545229244114,0.089219330855,0.0346964064436,0.126394052045,0.0161090458488,0.00619578686493,0.0235439900867,0.0582403965304,0.00743494423792,0.0123915737299,0.00371747211896,0.00495662949195
0.0026274303731,0.0026274303731,0.000525486074619,0.011035207567,0.0131371518655,0.0183920126117,0.0194429847609,0.0026274303731,0.00525486074619,0.0115606936416,0.0451918024172,0.0257488176563,0.0120861797162,0.033105622701,0.00630583289543,0.0026274303731,0.0231213872832,0.0325801366264,0.0189174986863,0.0493956910142,0.0225959012086,0.033105622701,0.00525486074619,0.0084077771939,0.0782974251182,0.0173410404624,0.0514976353127,0.0630583289543,0.0336311087756,0.131897004729,0.017866526537,0.017866526537,0.0225959012086,0.0740935365213,0.028901734104,0.0283762480294,0.00735680504467,0.0215449290594
