0.273755656109,0.244343891403,0.115384615385,0.101809954751,0.00452488687783,0.0542986425339,0.0384615384615,0.00226244343891,0.0,0.00678733031674,0.00904977375566,0.0226244343891,0.00904977375566,0.00452488687783,0.0,0.0,0.00226244343891,0.00226244343891,0.00452488687783,0.0180995475113,0.00678733031674,0.00452488687783,0.0,0.00226244343891,0.00904977375566,0.0,0.0158371040724,0.00678733031674,0.00452488687783,0.0203619909502,0.00904977375566,0.0,0.0,0.0,0.0,0.0,0.0,0.00678733031674
0.0332914572864,0.245184254606,0.11850921273,0.297948073702,0.0498324958124,0.0891959798995,0.0284757118928,0.00670016750419,0.0035594639866,0.00816582914573,0.0138190954774,0.0123534338358,0.00439698492462,0.00544388609715,0.000209380234506,0.00230318257956,0.00858458961474,0.00272194304858,0.00251256281407,0.00942211055276,0.00209380234506,0.00314070351759,0.000628140703518,0.00188442211055,0.0102596314908,0.00167504187605,0.00879396984925,0.0071189279732,0.00376884422111,0.0119346733668,0.000837520938023,0.000628140703518,0.000418760469012,0.00209380234506,0.000418760469012,0.000418760469012,0.0,0.00125628140704
0.0186649794369,0.17557734894,0.294843403986,0.104080987029,0.0145523568491,0.246757355267,0.0376463144575,0.00474533375514,0.00411262258779,0.00379626700411,0.0104397342613,0.00411262258779,0.00601075608984,0.00474533375514,0.000316355583676,0.00158177791838,0.00189813350206,0.00442897817146,0.00506168933882,0.00506168933882,0.00411262258779,0.00347991142044,0.00189813350206,0.00253084466941,0.00253084466941,0.00158177791838,0.0148687124328,0.00316355583676,0.000949066751028,0.0142360012654,0.000949066751028,0.0,0.000316355583676,0.000632711167352,0.000316355583676,0.0,0.0,0.0
0.0120894811994,0.0821830874187,0.0303347612248,0.352943042995,0.115881326353,0.140663176265,0.056512771696,0.00621926066952,0.00520387117246,0.00897985086467,0.0342693955259,0.0221164524829,0.00793273044582,0.0096779311439,0.00165000793273,0.00402982706648,0.00761542122799,0.00593368237347,0.00640964620022,0.0108519752499,0.00510867840711,0.00621926066952,0.00155481516738,0.00174520069808,0.0168173885451,0.00222116452483,0.0125337141044,0.00964620022212,0.00352213231794,0.0109154370934,0.000888465809932,0.00028557829605,0.000571156592099,0.00361732508329,0.000761542122799,0.00120577502776,0.0,0.000888465809932
0.00584499522284,0.0244478165571,0.0110717697971,0.239476198505,0.0974540549654,0.0941943460912,0.0792446467712,0.0178159950542,0.01062215478,0.0195020513685,0.0695217220255,0.0494576518856,0.0186590232114,0.0184342157028,0.00264148822571,0.0120272017085,0.01612993874,0.0144438824257,0.0123082110943,0.0286629573428,0.01219580734,0.0186028213342,0.00348451638285,0.00584499522284,0.0279885348171,0.00629461023998,0.0261900747485,0.0181532063171,0.00696903276569,0.0198392626314,0.000955431911426,0.000786826279998,0.000786826279998,0.00556398583713,0.00112403754285,0.00191086382285,0.000112403754285,0.00123644129714
0.00339710838135,0.0204370040222,0.0401945863681,0.136971409936,0.0397869333623,0.316882269812,0.173986302859,0.0157897597565,0.0188335688662,0.0034786389825,0.0164963582998,0.0180726165888,0.0245407109468,0.0103815632134,0.0017664963583,0.00475595173388,0.0169583650397,0.0101097945429,0.0127187737798,0.00684857049679,0.00388629198826,0.013398195456,0.00198391129471,0.00432112186107,0.0130448961844,0.00260897923687,0.0251114251549,0.00953908033482,0.00426676812697,0.0202739428199,0.00157625828894,0.00070659854332,0.00111425154908,0.00339710838135,0.000815306011523,0.00108707468203,0.0,0.000462006739863
0.00176130989269,0.00864346521413,0.0155256205356,0.0846407253987,0.0524805114322,0.268306206987,0.164584624417,0.019765811018,0.0236472161519,0.0037835545843,0.0209074007632,0.0263544146906,0.037346293095,0.0164715091816,0.00277243223849,0.00893701686291,0.0348021788056,0.0191787077204,0.0220489905085,0.00733879121954,0.00622981832415,0.017580482077,0.0026745816889,0.00642551942333,0.0173847809779,0.00463159268078,0.0397273231351,0.0151016014873,0.00776281026778,0.0275938549855,0.00215271209107,0.000848038096481,0.00287028278809,0.00482729377997,0.00218532894093,0.00179392674256,0.000228317949052,0.000684953847157
0.00115473441109,0.00692840646651,0.00766323745539,0.0716985093429,0.0550073483099,0.148855763174,0.115158513542,0.011757295822,0.014801595633,0.00923787528868,0.029603191266,0.0238295192106,0.0243543984883,0.0233046399328,0.00577367205543,0.0262439638883,0.066974595843,0.0310728532438,0.0455595213101,0.0165861851774,0.00944782699979,0.0263489397439,0.00766323745539,0.0113373923997,0.0399958009658,0.00755826159983,0.0600461893764,0.0241444467772,0.0119672475331,0.0390510182658,0.00283434809994,0.00220449296662,0.00346420323326,0.0104975855553,0.00125971026664,0.00440898593324,0.000419903422213,0.0017845895444
0.00150234741784,0.00600938967136,0.0105164319249,0.0672300469484,0.0401877934272,0.234366197183,0.232863849765,0.0120187793427,0.0172769953052,0.00262910798122,0.0217840375587,0.0259154929577,0.0270422535211,0.0191549295775,0.00131455399061,0.00638497652582,0.0446948356808,0.030234741784,0.0407511737089,0.00619718309859,0.00507042253521,0.0108920187793,0.0037558685446,0.00431924882629,0.0157746478873,0.00356807511737,0.047323943662,0.0108920187793,0.00544600938967,0.0319248826291,0.0018779342723,0.00300469483568,0.00319248826291,0.00300469483568,0.00018779342723,0.00150234741784,0.0,0.00018779342723
0.00741872136155,0.0185468034039,0.00785511673576,0.12437268165,0.110844425049,0.0475670957888,0.0379663975562,0.00829151210997,0.00720052367445,0.0405847698014,0.0669866899411,0.0456033166048,0.0161466288457,0.0192013964652,0.00414575605499,0.0148374427231,0.0122190704779,0.0211651756491,0.0098188959197,0.0663320968798,0.0205105825878,0.0346934322496,0.0050185468034,0.00894610517129,0.0733144228671,0.0120008727907,0.0277111062623,0.043857735108,0.0120008727907,0.0386209906175,0.00283656993236,0.00174558149684,0.00218197687105,0.014619245036,0.00392755836788,0.00545494217761,0.0,0.00545494217761
0.00536785601516,0.0109725292075,0.00639406378276,0.0927533943795,0.0905431007262,0.0554941585096,0.0431007262393,0.0114461635617,0.0121566150931,0.0291285127881,0.0604673192296,0.0393905904642,0.0198137038207,0.0195768866435,0.00678875907799,0.0163403852226,0.0247868645406,0.0242342911272,0.0192611304073,0.0558888538049,0.0206030944111,0.0686769813704,0.00465740448374,0.0121566150931,0.0695453110199,0.0119987369751,0.045863593306,0.0422323965898,0.0123144932112,0.040890432586,0.00213135459425,0.000868329649511,0.00252604988949,0.0131038838017,0.00244711083044,0.00355225765709,0.000236817177139,0.00228923271235
0.00209501926066,0.0072311955126,0.00405487598838,0.088599040346,0.0790025005069,0.0751503683179,0.0742042305873,0.0131783469622,0.0150706224235,0.0181793606812,0.0583226329661,0.0258836250591,0.0213556802054,0.0338582145029,0.0039872947219,0.0266946002568,0.032439007907,0.0272352503886,0.0229776306008,0.0326417517064,0.0201392174089,0.0567682638373,0.00986686490505,0.0154085287558,0.0516320875853,0.00932621477326,0.0542001757113,0.0383861593566,0.0126376968304,0.0394674596202,0.00277083192539,0.00108130026357,0.00304115699128,0.0128404406299,0.00358180712307,0.00486585118605,6.75812664729e-05,0.0017571129283
0.00146856356127,0.00477283157412,0.00789352914181,0.053877925654,0.0411197797155,0.15337310693,0.137494263424,0.0102799449289,0.018540614961,0.0048646167967,0.0337769619091,0.0252409362093,0.0257916475447,0.0196420376319,0.00156034878385,0.00945387792565,0.0389169343736,0.0374483708123,0.0621385956861,0.0128499311611,0.00826067003212,0.0280862781092,0.00715924736117,0.0131252868288,0.030748049564,0.00908673703534,0.0864616796696,0.0268930702157,0.0122992198256,0.0472693896283,0.00321248279027,0.0022028453419,0.0044056906838,0.0110142267095,0.0026617714548,0.00468104635154,0.000275355667737,0.00165213400642
0.00262664165103,0.0072545340838,0.00400250156348,0.0587867417136,0.0512820512821,0.0732958098812,0.0661663539712,0.0170106316448,0.0146341463415,0.0126328955597,0.0419011882427,0.0446529080675,0.0245153220763,0.0197623514697,0.00375234521576,0.0125078173859,0.0306441525954,0.0267667292058,0.0378986866792,0.0405253283302,0.022138836773,0.0770481550969,0.00988117573483,0.0175109443402,0.0546591619762,0.0136335209506,0.0655409631019,0.0426516572858,0.0176360225141,0.0501563477173,0.00187617260788,0.00100062539087,0.00325203252033,0.0186366479049,0.00375234521576,0.00462789243277,0.000250156347717,0.00512820512821
0.000639795265515,0.00319897632758,0.00959692898273,0.0486244401791,0.0460652591171,0.0563019833653,0.0806142034549,0.0191938579655,0.0179142674344,0.0147152911068,0.0531030070377,0.0268714011516,0.0236724248241,0.0179142674344,0.00703774792067,0.0134357005758,0.0339091490723,0.0236724248241,0.0364683301344,0.0364683301344,0.0191938579655,0.0626999360205,0.0159948816379,0.0326295585413,0.0499040307102,0.0115163147793,0.0959692898273,0.0294305822137,0.0191938579655,0.0531030070377,0.00127959053103,0.00255918106206,0.00383877159309,0.019833653231,0.00511836212412,0.00447856685861,0.000639795265515,0.00319897632758
0.00100250626566,0.00401002506266,0.00601503759398,0.0458646616541,0.0491228070175,0.108270676692,0.112280701754,0.028320802005,0.0248120300752,0.0117794486216,0.0446115288221,0.0378446115288,0.0305764411028,0.0185463659148,0.0015037593985,0.00977443609023,0.0185463659148,0.0172932330827,0.0368421052632,0.0182957393484,0.0177944862155,0.0546365914787,0.0110275689223,0.0177944862155,0.0363408521303,0.00927318295739,0.0872180451128,0.0368421052632,0.0147869674185,0.0471177944862,0.00275689223058,0.00325814536341,0.00426065162907,0.0215538847118,0.00200501253133,0.0047619047619,0.00175438596491,0.0015037593985
0.00132849171907,0.00301124789655,0.00717385528297,0.0349836152688,0.0340093880081,0.108936320964,0.109467717651,0.0126649543885,0.0281640244442,0.00664245859534,0.0424231688956,0.0339208218935,0.0286068550173,0.0336551235497,0.00371977681339,0.00805951642901,0.0227614914534,0.027544061642,0.0569480116907,0.0148791072536,0.0175360906917,0.0433088300416,0.0077938180852,0.0169161278895,0.034275086352,0.0117792932424,0.105570808609,0.0295810822779,0.0146134089098,0.0666017181826,0.00407404127181,0.00371977681339,0.00469400407404,0.0119564254716,0.00274554955274,0.00425117350102,0.000177132229209,0.00150562394828
0.00084040675687,0.00588284729809,0.00411799310866,0.0299184805446,0.0313471720313,0.0742079166316,0.0789982351458,0.0130263047315,0.0235313891924,0.00949659635263,0.0367257752752,0.0327758635179,0.038406588789,0.0251281620304,0.00403395243298,0.00470627783847,0.0240356332465,0.0224388604084,0.0443734767628,0.0219346163543,0.0172283385158,0.0596688797378,0.00571476594672,0.0224388604084,0.0556349273048,0.0158836877048,0.128918396504,0.0389108328431,0.0142869148668,0.0774014623078,0.0052105218926,0.00294142364905,0.0045381964871,0.0128582233801,0.00294142364905,0.00563072527103,0.000168081351374,0.00369778973023
0.00135566960395,0.0027113392079,0.0031955069236,0.02498305413,0.0216907136632,0.0674929795681,0.0686549820858,0.0125883606081,0.0205287111455,0.00551951195894,0.0282753945967,0.0188825409122,0.0391207514283,0.018785707369,0.00416384235499,0.00735934927859,0.0428972596107,0.0554856202188,0.0406700881185,0.0214002130338,0.0132661954101,0.0484167715697,0.00503534424325,0.0190762079985,0.0559697879345,0.0109421903747,0.137697298344,0.039604919144,0.028469061683,0.106323230367,0.00435750944127,0.00290500629418,0.00406700881185,0.0113295245473,0.0022271714922,0.00280817275104,0.0,0.00174300377651
0.00432189471864,0.0113233641628,0.00518627366237,0.0513441092575,0.0557524418705,0.0459849598064,0.0331921514392,0.00752009681044,0.0060506526061,0.0330192756504,0.0937851153946,0.04961535137,0.0145215662546,0.029907511453,0.00397614314115,0.00769297259919,0.0286109430374,0.0420952545596,0.0230789177976,0.0537643702999,0.0215230356989,0.0245483620019,0.00864378943729,0.0114962399516,0.093180050134,0.0150401936209,0.0588642060679,0.0484052208488,0.0187570230789,0.0559253176593,0.00449477050739,0.00276601261993,0.00388970524678,0.0164231999308,0.00302532630305,0.00639640418359,0.000518627366237,0.00535914945112
0.00423306772908,0.00921314741036,0.00722111553785,0.0485557768924,0.0525398406375,0.0408366533865,0.0458167330677,0.0119521912351,0.00921314741036,0.0316235059761,0.0769422310757,0.050796812749,0.0189243027888,0.0263944223108,0.00572709163347,0.00921314741036,0.0278884462151,0.0356075697211,0.0336155378486,0.0637450199203,0.0181772908367,0.0480577689243,0.00747011952191,0.0131972111554,0.0804282868526,0.0189243027888,0.0555278884462,0.0425796812749,0.0129482071713,0.0552788844622,0.00448207171315,0.00348605577689,0.00249003984064,0.0144422310757,0.00174302788845,0.00423306772908,0.0,0.00647410358566
0.00175082934021,0.00635827497236,0.00405455215628,0.0249723553262,0.0330814596388,0.0509583486915,0.0410062661261,0.0120715075562,0.00921489126428,0.015481017324,0.0660707703649,0.0569480280133,0.0224843346849,0.0375967563583,0.0058053814965,0.0115186140804,0.0351087357169,0.0491153704386,0.0473645410984,0.0334500552893,0.0168632510136,0.0238665683745,0.00543678584593,0.00737191301143,0.0756542572798,0.0128086988574,0.102100995208,0.0489310726133,0.0215628455584,0.0747327681533,0.0058053814965,0.00230372281607,0.00534463693328,0.0198120162182,0.00359380759307,0.0045152967195,0.000184297825286,0.00469959454478
0.00210415570752,0.00683850604945,0.00526038926881,0.031036296686,0.0273540241978,0.0515518148343,0.0405049973698,0.0205155181483,0.0194634402946,0.00789058390321,0.0547080483956,0.0452393477117,0.031036296686,0.0289321409784,0.00420831141504,0.0115728563914,0.0320883745397,0.0315623356128,0.0378748027354,0.022093634929,0.0189374013677,0.031036296686,0.0115728563914,0.00999473961073,0.0852183061547,0.013150973172,0.115728563914,0.0689110994214,0.0236717517096,0.0647027880063,0.00789058390321,0.00368227248816,0.00578642819569,0.0215675960021,0.00210415570752,0.00315623356128,0.0,0.00105207785376
0.000519345624513,0.00311607374708,0.0077901843677,0.0205141521683,0.0194754609192,0.0477797974552,0.0449233965204,0.0135029862373,0.0109062581148,0.0132433134251,0.0449233965204,0.0376525577772,0.0264866268502,0.0334977927811,0.00804985717995,0.019215788107,0.031420410283,0.0550506361984,0.0389509218385,0.0329784471566,0.0259672812257,0.0264866268502,0.00467411062062,0.0127239678006,0.0693326408725,0.00830952999221,0.132692807063,0.0599844196313,0.0270059724747,0.0750454427421,0.00882887561672,0.00311607374708,0.00545312905739,0.0179174240457,0.00493378343287,0.00311607374708,0.000519345624513,0.00389509218385
0.00253988411779,0.00436542582745,0.00285736963251,0.0296452099373,0.0255972696246,0.0236129851576,0.0214699579332,0.00380982617668,0.00408762600206,0.0197237876022,0.0365902055719,0.0180173029606,0.00781808080006,0.0124613064529,0.00230176998174,0.00297642670053,0.00964362250972,0.0289705532185,0.0271846971982,0.0700849273752,0.020636558457,0.0332566076673,0.00583379633304,0.0100404794031,0.143463766966,0.0294467814906,0.110048416541,0.0973886816414,0.0368680053973,0.0946106833876,0.00666719580919,0.00317485514723,0.0041273116914,0.0292880387332,0.00642908167315,0.0104770219859,0.000198428446702,0.00428605444877
0.00274725274725,0.00431711145997,0.00569073783359,0.0298273155416,0.0282574568289,0.0302197802198,0.0268838304553,0.00726059654631,0.00667189952904,0.0170722135008,0.0380690737834,0.0255102040816,0.0155023547881,0.0255102040816,0.00353218210361,0.00647566718995,0.0172684458399,0.0447409733124,0.0382653061224,0.0463108320251,0.0217817896389,0.0288461538462,0.00686813186813,0.00883045525903,0.11204866562,0.0206043956044,0.118916797488,0.081240188383,0.030612244898,0.100078492936,0.00627943485086,0.00176609105181,0.000392464678179,0.0259026687598,0.00412087912088,0.00647566718995,0.000392464678179,0.00470957613815
0.00123043270217,0.00263175883519,0.00389637022353,0.0176703807506,0.0158930890697,0.0391345956661,0.0418005331875,0.00618634219701,0.0104586779684,0.00598127007998,0.0190375281974,0.0163032333037,0.0198578166655,0.0153120514047,0.00177729168091,0.00587873402146,0.0234465787135,0.0588215189008,0.0543782896985,0.024335224554,0.012372684394,0.0423815708524,0.00652812905872,0.0121334335908,0.0926242395242,0.0182855971016,0.118155718094,0.0734499965821,0.0374940187299,0.150933078132,0.00789527650557,0.00410144234056,0.0051268029257,0.0220110738943,0.00451158657461,0.00444322920227,0.000102536058514,0.00341786861713
0.000776096235933,0.00355710774803,0.0011641443539,0.0201138274479,0.015004527228,0.019143707153,0.0167507437589,0.00362178243436,0.00368645712068,0.0120941663433,0.0256758504721,0.0128702625792,0.00789031173199,0.0130642866382,0.00174621653085,0.00278101151209,0.00905445608589,0.0216013452335,0.0221187427241,0.0394515586599,0.00789031173199,0.0192083818393,0.00452722804294,0.00646746863278,0.143125080843,0.0250937782952,0.0923554520761,0.117061182253,0.0527745440435,0.173522183417,0.0102832751261,0.00485060147458,0.00510930021989,0.049928857845,0.0138403828741,0.0139697322468,0.000452722804294,0.00737291424137
0.000892990028278,0.00253013841345,0.00208364339932,0.0145855037952,0.0162226521804,0.0215805923501,0.0233665724066,0.00818574192588,0.00506027682691,0.00595326685519,0.0202411073076,0.0139901771097,0.0101205536538,0.0162226521804,0.00267897008483,0.00520910849829,0.0110135436821,0.0194969489507,0.0255990474773,0.0221759190356,0.00863223694002,0.0325941360321,0.00446495014139,0.0087810686114,0.121446643846,0.0196457806221,0.0882571811281,0.144217889567,0.0406310462866,0.181723470755,0.0177109688942,0.00401845512725,0.00491144515553,0.0449471647567,0.0119065337104,0.0122041970531,0.0,0.00669742521209
0.000856932996001,0.00248918632172,0.00334611931772,0.0121602872766,0.0112625479474,0.0225250958949,0.02285154656,0.00289724965315,0.00546804864115,0.00579449930629,0.0154656002612,0.0140781849343,0.0122418999429,0.0141597976006,0.00179547865829,0.00387660164858,0.0152207622623,0.0275850812046,0.0334611931772,0.0206480045703,0.00742675263201,0.026850567208,0.00359095731658,0.0101199706194,0.0791234799641,0.0146086672652,0.125969150412,0.0968742348813,0.0420305231372,0.248184118175,0.0192197829103,0.00816126662858,0.00763078429772,0.0342365135069,0.01142577328,0.00832449196115,0.000530482330858,0.00750836529829
0.00201938610662,0.0032310177706,0.00282714054927,0.0113085621971,0.013731825525,0.0315024232633,0.0258481421648,0.00363489499192,0.00686591276252,0.00888529886914,0.0214054927302,0.0214054927302,0.0117124394184,0.0234248788368,0.00282714054927,0.00605815831987,0.0234248788368,0.0193861066236,0.0157512116317,0.0246365105008,0.0113085621971,0.0226171243942,0.00444264943457,0.00848142164782,0.0565428109855,0.0100969305331,0.0706785137318,0.0525040387722,0.0266558966074,0.203957996769,0.0500807754443,0.0165589660743,0.0282714054927,0.0674474959612,0.0274636510501,0.032310177706,0.00242326332795,0.0282714054927
0.00317628374801,0.00158814187401,0.00158814187401,0.0148226574907,0.00529380624669,0.0534674430916,0.0407623080995,0.00211752249868,0.00899947061938,0.00529380624669,0.0201164637374,0.0142932768661,0.0206458443621,0.0201164637374,0.00211752249868,0.00317628374801,0.0227633668608,0.0434092112229,0.0269984118581,0.0100582318687,0.0068819481207,0.0153520381154,0.00370566437268,0.00741132874537,0.0365272631022,0.00582318687136,0.0963472736898,0.0439385918475,0.0349391212282,0.229221810482,0.0344097406035,0.0132345156167,0.0232927474854,0.0582318687136,0.0232927474854,0.0190577024881,0.00370566437268,0.0238221281101
0.00182481751825,0.0036496350365,0.0014598540146,0.0175182481752,0.0171532846715,0.0532846715328,0.0335766423358,0.00182481751825,0.00656934306569,0.00510948905109,0.0200729927007,0.014598540146,0.0270072992701,0.0138686131387,0.0021897810219,0.00401459854015,0.0259124087591,0.0474452554745,0.0295620437956,0.0288321167883,0.00839416058394,0.0175182481752,0.00583941605839,0.0116788321168,0.0521897810219,0.00547445255474,0.0832116788321,0.0587591240876,0.0226277372263,0.171897810219,0.0335766423358,0.0164233576642,0.0167883211679,0.0467153284672,0.0346715328467,0.0284671532847,0.00729927007299,0.0229927007299
0.000267558528428,0.00347826086957,0.00227424749164,0.0177926421405,0.0184615384615,0.0195317725753,0.0161872909699,0.00414715719064,0.00280936454849,0.0105685618729,0.0247491638796,0.0123076923077,0.0076254180602,0.0179264214047,0.00240802675585,0.00374581939799,0.00963210702341,0.0242140468227,0.0189966555184,0.0310367892977,0.00909698996656,0.0264882943144,0.00267558528428,0.00735785953177,0.105685618729,0.0133779264214,0.0671571906355,0.134715719064,0.0492307692308,0.15237458194,0.0270234113712,0.0109698996656,0.013779264214,0.0561872909699,0.0275585284281,0.0303678929766,0.00133779264214,0.0164548494983
0.000792707094728,0.00317082837891,0.00158541418946,0.0158541418946,0.017439556084,0.017439556084,0.0126833135157,0.00277447483155,0.00118906064209,0.00871977804201,0.030519223147,0.0118906064209,0.0055489496631,0.0150614347998,0.00317082837891,0.00435988902101,0.00792707094728,0.0158541418946,0.0138723741577,0.033690051526,0.00753071739992,0.021799445105,0.00594530321046,0.00832342449465,0.0701545778835,0.0166468489893,0.0527150217994,0.116924296472,0.0578676179152,0.143876337693,0.0317082837891,0.0162504954419,0.0158541418946,0.110186286167,0.0142687277051,0.0562822037257,0.000792707094728,0.029330162505
0.0023023791251,0.00422102839601,0.000383729854183,0.035686876439,0.0283960092095,0.0214888718342,0.0172678434382,0.00690713737529,0.00613967766692,0.00805832693784,0.0322333077513,0.0122793553338,0.00767459708365,0.0141980046048,0.00115118956255,0.00575594781274,0.00959324635457,0.0318495778972,0.0157329240215,0.0410590943975,0.00959324635457,0.0088257866462,0.00498848810437,0.00844205679202,0.0940138142748,0.0149654643131,0.0617805065234,0.117805065234,0.031465848043,0.114351496546,0.0214888718342,0.0157329240215,0.0218726016884,0.0943975441289,0.0226400613968,0.0353031465848,0.00191864927091,0.0180353031466
0.0,0.0,0.0,0.01125,0.02375,0.035,0.015,0.00375,0.005,0.02,0.11875,0.0325,0.0075,0.0325,0.01125,0.01,0.03,0.0225,0.01,0.05375,0.03375,0.015,0.01125,0.01,0.075,0.01125,0.04625,0.1,0.02375,0.1275,0.01625,0.00125,0.0075,0.0525,0.01125,0.005,0.00375,0.00625
0.00306591722024,0.00459887583035,0.0,0.0143076136944,0.0112416964742,0.0183955033214,0.0199284619315,0.00715380684722,0.00357690342361,0.00868676545733,0.0454777721002,0.0250383239653,0.0148185998978,0.0255493101686,0.00408788962698,0.00817577925396,0.0143076136944,0.0194174757282,0.0163515585079,0.034236075626,0.0163515585079,0.0347470618293,0.00766479305059,0.0112416964742,0.070005109862,0.0107307102708,0.0587634133878,0.0812468063362,0.0306591722024,0.126724578436,0.0255493101686,0.0137966274911,0.0245273377619,0.0914665304037,0.030148185999,0.0373019928462,0.00306591722024,0.0275932549821
