0.329571106095,0.216704288939,0.079006772009,0.128668171558,0.0361173814898,0.0474040632054,0.0248306997743,0.0,0.0,0.00225733634312,0.0135440180587,0.020316027088,0.00902934537246,0.00451467268623,0.0,0.0,0.0,0.00225733634312,0.00225733634312,0.00902934537246,0.00225733634312,0.00451467268623,0.0,0.00677200902935,0.0135440180587,0.00451467268623,0.0112866817156,0.0135440180587,0.00225733634312,0.0135440180587,0.0,0.0,0.0,0.00225733634312,0.0,0.0,0.0,0.0
0.0310999791275,0.234606553955,0.119181799207,0.30557294928,0.055729492799,0.0799415570862,0.0267167605928,0.00480066791901,0.00166979753705,0.00542684199541,0.0210811939052,0.0121060321436,0.00500939261115,0.0060530160718,0.000208724692131,0.00187852222918,0.00584429137967,0.00459194322688,0.00250469630557,0.0137758296807,0.00292214568984,0.00521811730328,0.0033395950741,0.00187852222918,0.0162805259862,0.00313087038197,0.00667919014819,0.00647046545606,0.00250469630557,0.00960133583803,0.000417449384262,0.0,0.000626174076393,0.00125234815279,0.0,0.00146107284492,0.0,0.000417449384262
0.018187942068,0.169754125968,0.294375210509,0.110138093634,0.017514314584,0.236106433142,0.0397440215561,0.00437857864601,0.00336813742001,0.00336813742001,0.00943078477602,0.00572583361401,0.00740990232401,0.00673627484001,0.00168406871,0.00269450993601,0.00606264735601,0.00437857864601,0.00673627484001,0.00269450993601,0.001010441226,0.00404176490401,0.000336813742001,0.002357696194,0.00707308858201,0.000673627484001,0.01347254968,0.00471539238801,0.00168406871,0.01010441226,0.000673627484001,0.0,0.0,0.00269450993601,0.000673627484001,0.0,0.0,0.0
0.0130955274672,0.0744713174526,0.0304448225571,0.347320126398,0.120047399125,0.142683519689,0.0556332036947,0.00799100631988,0.00546912980068,0.00972289742343,0.034637822071,0.0253099173554,0.00957097715119,0.00990520175012,0.00112421001458,0.00349416626155,0.00726178901313,0.00486144871172,0.00625911521633,0.0113636363636,0.00443607194944,0.00668449197861,0.00127613028683,0.00221803597472,0.0163162372387,0.00279533300924,0.0139158969373,0.00972289742343,0.00355493437044,0.0118193971804,0.000668449197861,0.000243072435586,0.000364608653379,0.00361570247934,0.00051652892562,0.000881137578999,0.0,0.000303840544482
0.00664081177283,0.0211974711789,0.0102002868831,0.240875524624,0.0962120809648,0.0987621526855,0.0768209105881,0.0180098815279,0.0121128406736,0.0206662062371,0.0712426286989,0.0470700738458,0.0186473994581,0.0191255379058,0.00313446315678,0.0108378048133,0.0157785687722,0.0113159432609,0.0106784253307,0.0273070180099,0.0129097380864,0.020081814801,0.00334696913351,0.00584391436009,0.0328852998991,0.00430324602879,0.0253413377251,0.0181161345163,0.00541890240663,0.0214099771556,0.0012219093662,0.000690644424374,0.000956276895288,0.00616267332519,0.00143441534293,0.00196568028476,0.000212505976731,0.00106252988365
0.00458865055661,0.0190333966875,0.0413250067879,0.13885419495,0.0398588107521,0.305376052131,0.167526472984,0.0172413793103,0.0172685310888,0.00263372250882,0.0181916915558,0.0182459951127,0.0250339397231,0.0125984251969,0.0017648655987,0.00434428455064,0.0183546022264,0.00947597067608,0.0137659516698,0.00711376595167,0.0043171327722,0.0145262014662,0.00244366005973,0.00537605213141,0.0133043714363,0.00279663317947,0.0266630464295,0.0104534347,0.0044528916644,0.0232419223459,0.00130328536519,0.000678794461037,0.00103176758078,0.0039913114309,0.000950312245452,0.0011132229161,0.000162910670649,0.000597339125713
0.00300186431573,0.00982715581256,0.0163048630202,0.0839574051253,0.0506841090783,0.26027743546,0.159793977312,0.0204442759187,0.0217082187885,0.00341264574841,0.0252472588239,0.0259108288305,0.0417417132746,0.0154201030113,0.00208550573514,0.00780484722091,0.0370335260846,0.0195911144816,0.0209498530666,0.00853161437103,0.00603532720321,0.020033494486,0.00407621575505,0.00739406578823,0.0179795873227,0.00338104717667,0.0397510032547,0.0140929629981,0.00714127721427,0.030303030303,0.00208550573514,0.00120074572629,0.00300186431573,0.00578253862925,0.00161152715897,0.00161152715897,6.31971434891e-05,0.000726767150125
0.000813669650122,0.00549227013832,0.00915378356387,0.0669243287225,0.0572620016273,0.145240032547,0.123474369406,0.00925549227014,0.0145443449959,0.00793327908869,0.0322416598861,0.0279698942229,0.0308177379984,0.0260374288039,0.00345809601302,0.0248169243287,0.0607200976404,0.0290886899919,0.0419039869813,0.0152563059398,0.00884865744508,0.0246135069162,0.00762815296989,0.0145443449959,0.0367168429618,0.00579739625712,0.0672294548413,0.0258340113914,0.0107811228641,0.039869812856,0.0046786004882,0.00325467860049,0.00203417412531,0.00834011391375,0.00203417412531,0.00325467860049,0.000203417412531,0.00193246541904
0.00130816669781,0.00710147635956,0.0085965240142,0.0631657634087,0.0381237151934,0.222388338628,0.208559147823,0.00934404784152,0.0222388338628,0.00504578583442,0.0218650719492,0.030835357877,0.0254158101289,0.0158848813306,0.00317697626612,0.00579330966175,0.0457858344235,0.0295271911792,0.0398056438049,0.00990469071202,0.00766211923005,0.0130816669781,0.00392450009344,0.0085965240142,0.0179405718557,0.00467202392076,0.0620444776677,0.0102784526257,0.00803588114371,0.0388712390207,0.00168192861147,0.00149504765464,0.00205569052514,0.00336385722295,0.00130816669781,0.000560642870491,0.0,0.000560642870491
0.00697674418605,0.018992248062,0.00755813953488,0.124031007752,0.103875968992,0.0453488372093,0.0354651162791,0.0125968992248,0.00697674418605,0.0304263565891,0.0686046511628,0.0467054263566,0.0170542635659,0.0242248062016,0.00406976744186,0.0116279069767,0.0127906976744,0.0191860465116,0.0153100775194,0.0583333333333,0.0240310077519,0.0335271317829,0.0046511627907,0.00852713178295,0.0848837209302,0.0112403100775,0.0387596899225,0.0403100775194,0.0141472868217,0.0406976744186,0.00213178294574,0.00174418604651,0.00135658914729,0.0127906976744,0.0015503875969,0.00523255813953,0.0,0.00426356589147
0.00752832438879,0.0112552176506,0.00752832438879,0.094290399523,0.0878056052475,0.0495676803816,0.0406231365534,0.00983899821109,0.0108079904592,0.0286970781157,0.064251639833,0.0409958258795,0.0190071556351,0.0194543828265,0.0056648777579,0.0169200954085,0.0242248062016,0.0263118664281,0.0207960644007,0.0571705426357,0.0226595110316,0.059481216458,0.00685748360167,0.0111061419201,0.0709600477042,0.0123732856291,0.0444245676804,0.0424865831843,0.0111061419201,0.0415175909362,0.00350327966607,0.001267143709,0.00298151460942,0.0151311866428,0.00357781753131,0.00417412045319,0.000372689326178,0.00327966607036
0.0028059434985,0.00739748740514,0.00522925833812,0.098845736879,0.0821376187743,0.0791403609464,0.075951788789,0.0109686882214,0.0140297174925,0.0156240035712,0.0614118997513,0.0267202346789,0.024169376953,0.0348192079587,0.00446400102034,0.022447547988,0.0303552069383,0.0287609208596,0.0209170333525,0.0292073209617,0.0195778330464,0.0536317836873,0.011223773994,0.0158153179006,0.0466806963842,0.00969325935846,0.0513360117339,0.0359670939353,0.0123716599707,0.0415152094892,0.00235954339647,0.00121165741981,0.00229577195332,0.0130731458453,0.00235954339647,0.00357120081627,6.37714431478e-05,0.00184937185128
0.00106241699867,0.00486941124391,0.00867640548915,0.0552456839309,0.0417884019478,0.141389995573,0.137848605578,0.00938468348827,0.017618415228,0.00725984949093,0.0250553342187,0.0277999114653,0.0251438689686,0.0254094732182,0.00221336874723,0.00947321823816,0.0345285524568,0.0404603806994,0.0575475874281,0.0122177954847,0.00920761398849,0.0257636122178,0.00610889774236,0.0129260734838,0.0325807879593,0.00841080123949,0.0969455511288,0.0283311199646,0.012837538734,0.0509960159363,0.00389552899513,0.00283311199646,0.00575475874281,0.00858787073927,0.00309871624613,0.00451527224436,0.0,0.00221336874723
0.00202814044873,0.00646469768031,0.00507035112182,0.0579287615667,0.0571682088985,0.0712384332615,0.0595766256813,0.016732158702,0.0158448472557,0.0199011281531,0.0420839143111,0.0434782608696,0.0271263785017,0.0216757510458,0.00430979845354,0.0129293953606,0.0342248700723,0.02788693117,0.0313094181772,0.0392952211941,0.0231968563823,0.0746609202687,0.00849283812904,0.0160983648118,0.0567879325643,0.0147040182533,0.0676891874762,0.0417036379769,0.0187602991507,0.0463937127646,0.00367600456332,0.00177462289264,0.00304221067309,0.0150842945874,0.00405628089745,0.00329572822918,0.000126758778045,0.0041830396755
0.00186451211933,0.00807955251709,0.00435052827843,0.0658794282163,0.0534493474208,0.0627719080174,0.0459912989434,0.0174021131137,0.011187072716,0.0118085767557,0.0571783716594,0.0267246737104,0.0174021131137,0.0254816656308,0.00745804847732,0.0136730888751,0.0261031696706,0.0316967060286,0.030453697949,0.0298321939093,0.0248601615911,0.0702299564947,0.0142945929149,0.0385332504661,0.0459912989434,0.00807955251709,0.0894965817278,0.0372902423866,0.0161591050342,0.0565568676196,0.00435052827843,0.00124300807955,0.00497203231821,0.0211311373524,0.00248601615911,0.00932256059664,0.00124300807955,0.00497203231821
0.00245338567223,0.0031894013739,0.00515210991168,0.0500490677134,0.0458783120707,0.110893032385,0.111874386654,0.0230618253189,0.0237978410206,0.00981354268891,0.0458783120707,0.0377821393523,0.0353287536801,0.0196270853778,0.000490677134446,0.0100588812561,0.0169283611384,0.0157016683023,0.0345927379784,0.0218351324828,0.0188910696762,0.0505397448479,0.00907752698724,0.0250245338567,0.049558390579,0.0139842983317,0.0819430814524,0.0353287536801,0.0181550539745,0.0434249263984,0.00343473994112,0.00196270853778,0.00294406280667,0.0130029440628,0.00441609421001,0.00196270853778,0.0,0.00196270853778
0.00100275758335,0.0032589621459,0.00568229297234,0.0346786997577,0.0322553689312,0.109718392245,0.103785409877,0.01245090666,0.0291635330492,0.00584941923623,0.0446227124593,0.0355978942091,0.0258210077714,0.0301662906326,0.00342608840979,0.00568229297234,0.0254031921116,0.0215592880421,0.0613353388485,0.0157934319378,0.013955043035,0.0458761594385,0.00718642934737,0.0179660733684,0.0330910002507,0.010946770285,0.111974596808,0.0342608840979,0.0160441213337,0.0689395838556,0.00392746720147,0.00225620456255,0.00342608840979,0.0134536642433,0.0032589621459,0.00334252527785,0.000250689395839,0.00259045709033
0.00133093243561,0.00399279730682,0.00367963673374,0.0274798402881,0.0285759022939,0.078603303844,0.0796210757066,0.0117435214906,0.0223126908322,0.00704611289439,0.0399279730682,0.0325686996007,0.0367180771941,0.0233304626947,0.00360134659046,0.00532372974243,0.0272449698583,0.019650825961,0.0445470915212,0.0248962655602,0.0144836765051,0.0555077115791,0.00477569873953,0.0188679245283,0.0542550692868,0.015031707508,0.132466922414,0.0403194237845,0.0206685978235,0.0861191575981,0.00461911845299,0.00227041415486,0.00461911845299,0.0129178736397,0.00407108745009,0.00344476630392,0.000313160573084,0.00305331558757
0.00106752068321,0.0025798416511,0.00524864335913,0.0245529757139,0.0175251312161,0.0697446846366,0.0700115648074,0.00942976603505,0.0241971354862,0.0051596833022,0.0267769771373,0.0194822524686,0.0383417845387,0.0249088159416,0.00293568187884,0.00640512409928,0.0426118672716,0.0504403522818,0.0354061026599,0.0204608130949,0.0142336091095,0.0449248287519,0.005426563473,0.0154790499066,0.0606707588293,0.0136998487679,0.13726536785,0.0476825905169,0.0241971354862,0.107196868606,0.00587136375767,0.00355840227738,0.00400320256205,0.0112089671737,0.00293568187884,0.00222400142336,0.000177920113869,0.00195712125256
0.00314699792961,0.00753623188406,0.00463768115942,0.0467080745342,0.0496066252588,0.0414078674948,0.0338716356108,0.00786749482402,0.00621118012422,0.0326293995859,0.109151138716,0.0453002070393,0.0144099378882,0.0298964803313,0.00331262939959,0.00836438923395,0.0247619047619,0.0404968944099,0.0258385093168,0.0547412008282,0.023933747412,0.0274948240166,0.00968944099379,0.0111801242236,0.100455486542,0.0186335403727,0.0620289855072,0.0486128364389,0.0136645962733,0.0539130434783,0.00306418219462,0.00207039337474,0.00364389233954,0.016149068323,0.00339544513458,0.00554865424431,0.000331262939959,0.00629399585921
0.0029246344207,0.0125984251969,0.00719910011249,0.0544431946007,0.0490438695163,0.0497187851519,0.0463442069741,0.0103487064117,0.00809898762655,0.0294713160855,0.0872890888639,0.0467941507312,0.0155230596175,0.0182227221597,0.00809898762655,0.00877390326209,0.030146231721,0.0434195725534,0.0321709786277,0.059392575928,0.0186726659168,0.0431946006749,0.00719910011249,0.0123734533183,0.0875140607424,0.0141732283465,0.0620922384702,0.0382452193476,0.0125984251969,0.0501687289089,0.00314960629921,0.00314960629921,0.00404949381327,0.0132733408324,0.00202474690664,0.00337457817773,0.0,0.00472440944882
0.00186497575532,0.00484893696382,0.0035434539351,0.0224729578515,0.0308653487505,0.0482096232749,0.0466243938829,0.0117493472585,0.00839239089892,0.0152928011936,0.0648079074972,0.0537113017531,0.0202349869452,0.0355277881388,0.00559492726595,0.0102573666542,0.0313315926893,0.047370384185,0.0446661693398,0.0335695635957,0.0193957478553,0.0231256993659,0.00512868332712,0.0065274151436,0.085602387169,0.0146400596792,0.115535248042,0.0530585602387,0.0193957478553,0.0775829914211,0.00447594181276,0.00205147333085,0.00400969787393,0.0158522939202,0.00345020514733,0.00447594181276,0.000186497575532,0.00456919060052
0.000490436488475,0.00294261893085,0.00686611083865,0.0279548798431,0.0328592447278,0.0421775380088,0.0465914664051,0.0176557135851,0.0117704757234,0.0132417851888,0.0500245218244,0.0372731731241,0.0304070622854,0.0259931338892,0.00490436488475,0.0107896027464,0.039234919078,0.0323688082393,0.0470819028936,0.0264835703776,0.0132417851888,0.0407062285434,0.0166748406081,0.0058852378617,0.0814124570868,0.0122609122119,0.135850907308,0.0524767042668,0.0318783717509,0.0735654732712,0.00343305541932,0.00245218244237,0.000980872976949,0.0181461500736,0.0019617459539,0.0019617459539,0.0,0.0
0.00288335517693,0.00393184796855,0.00340760157274,0.0267365661861,0.0322411533421,0.0424639580603,0.0490170380079,0.0138925294889,0.0089121887287,0.00943643512451,0.0479685452163,0.035124508519,0.0246395806029,0.0359108781127,0.00655307994758,0.0086500655308,0.0343381389253,0.0498034076016,0.0335517693316,0.0335517693316,0.0191349934469,0.0267365661861,0.00157273918742,0.0102228047182,0.0817824377457,0.00812581913499,0.135517693316,0.0597640891219,0.0230668414155,0.0844036697248,0.00812581913499,0.00235910878113,0.00576671035387,0.0204456094364,0.00314547837484,0.00157273918742,0.0,0.00524246395806
0.00204220558203,0.00510551395507,0.00355495045761,0.0293850692081,0.0258301187505,0.0226533545118,0.0206867861735,0.00476514635807,0.00506769533318,0.018455487482,0.0364949701233,0.0162998260343,0.00824445957189,0.0144088949399,0.00211784282581,0.00306330837304,0.00918992511913,0.0309734513274,0.0277966870887,0.0676575145602,0.0185311247258,0.0313894561682,0.00574843052719,0.00949247409424,0.137054685727,0.0273806822479,0.108312533091,0.101353906664,0.0346418576507,0.104190303305,0.00752590575599,0.00332803872627,0.00332803872627,0.0310869071931,0.00801754784056,0.00987066031314,0.000226911731337,0.00472732773618
0.00397200680915,0.00283714772082,0.00416114999054,0.0317760544732,0.021940609041,0.0334783431057,0.0255343294874,0.00605258180443,0.00624172498581,0.0174011726877,0.0569320975979,0.0276149044827,0.0138074522413,0.0289389067524,0.00472857953471,0.0049177227161,0.0149423113297,0.0361263476452,0.0291280499338,0.0446377908076,0.0192926045016,0.0245886135805,0.00435029317193,0.00662001134859,0.115566483828,0.0147531681483,0.124267070172,0.0849252884434,0.0418006430868,0.0981653111405,0.00510686589748,0.00208057499527,0.00283714772082,0.0255343294874,0.00624172498581,0.00548515226026,0.000189143181388,0.00302629090221
0.0013550572673,0.00290369414422,0.00367801258267,0.019906436522,0.0150669462817,0.0427488304565,0.038974028069,0.00613002097112,0.00954992740765,0.00596870462978,0.0219067591547,0.0144216809163,0.021100177448,0.014744313599,0.00209711243749,0.00496854331344,0.0215195999355,0.0540087110824,0.0556218744959,0.0223584449105,0.0106791417971,0.0418777222133,0.00587191482497,0.0128407807711,0.0885626713986,0.0174544281336,0.120116147766,0.078173899016,0.0367155992902,0.157380222617,0.00713018228747,0.0040651718019,0.00509759638651,0.0221648653009,0.00487175350863,0.00474270043555,0.000225842877884,0.00300048394902
0.00117508813161,0.0025975632383,0.00111324138784,0.0190487970808,0.0152761457109,0.0181210959243,0.0166367740738,0.00315418393222,0.00463850578267,0.0134207433979,0.0269651802833,0.013111509679,0.00674129507081,0.0121838085225,0.00136062836292,0.00216463603191,0.00989547900303,0.0198528047498,0.0210278928814,0.0371698930051,0.00865854412765,0.019543571031,0.00525697322036,0.00705052878966,0.143360752056,0.0270888737708,0.0937596635537,0.111695219247,0.0501577091966,0.180221411343,0.0106376399283,0.0045766590389,0.00383449811367,0.0532500463851,0.0115653410848,0.0155853794298,0.000494773950152,0.00760714948358
0.000723589001447,0.00217076700434,0.000868306801737,0.0114327062229,0.0137481910275,0.0150506512301,0.018523878437,0.00477568740955,0.00463096960926,0.00795947901592,0.020984081042,0.0159189580318,0.00767004341534,0.0163531114327,0.0013024602026,0.00260492040521,0.0115774240232,0.0166425470333,0.0247467438495,0.0206946454414,0.00839363241679,0.0327062228654,0.0027496382055,0.00723589001447,0.124602026049,0.0202604920405,0.0965267727931,0.140376266281,0.0452966714906,0.191316931983,0.0166425470333,0.00535455861071,0.00535455861071,0.0522431259045,0.0146164978292,0.00940665701881,0.000144717800289,0.00839363241679
0.000854004114747,0.00295019603276,0.00326074298358,0.0130429719343,0.0100151391639,0.0249602111719,0.0219711967703,0.00388183688521,0.00590039206553,0.00458056752455,0.0182058149917,0.0127324249835,0.0132370637786,0.0142463413687,0.00155273475409,0.00368774504095,0.0148674352704,0.0263964908195,0.032296882885,0.0184387252048,0.00733667171305,0.0268623112457,0.00322192461473,0.00877295136058,0.080586933737,0.0154108924343,0.127285431466,0.103023950934,0.03990528318,0.244594542137,0.0170412639261,0.00733667171305,0.00896704320484,0.0373820892046,0.00985986568844,0.00795776561469,0.000427002057374,0.00694848802453
0.00178443968594,0.00249821556031,0.00142755174875,0.0121341898644,0.00963597430407,0.0221270521056,0.0317630264097,0.00428265524625,0.00642398286938,0.00713775874375,0.0299785867238,0.0146324054247,0.0117773019272,0.0231977159172,0.0028551034975,0.00463954318344,0.0135617416131,0.0203426124197,0.0239114917916,0.0153461812991,0.01142041399,0.0178443968594,0.00499643112063,0.00785153461813,0.0549607423269,0.00785153461813,0.0681655960029,0.0767309064954,0.0260528194147,0.219842969308,0.0413990007138,0.0182012847966,0.0353319057816,0.0699500356888,0.0299785867238,0.028551034975,0.000713775874375,0.0206995003569
0.000520020800832,0.00104004160166,0.00208008320333,0.0166406656266,0.0130005200208,0.0390015600624,0.0426417056682,0.00624024960998,0.00520020800832,0.00468018720749,0.0109204368175,0.0114404576183,0.0208008320333,0.0130005200208,0.0,0.00312012480499,0.0343213728549,0.0338013520541,0.0312012480499,0.0140405616225,0.00416016640666,0.0161206448258,0.00728029121165,0.00884035361414,0.0473218928757,0.00624024960998,0.0884035361414,0.068122724909,0.0244409776391,0.247529901196,0.0348413936557,0.0119604784191,0.0280811232449,0.0473218928757,0.0161206448258,0.0218408736349,0.00208008320333,0.015600624025
0.00286635614475,0.00394123969903,0.00322465066284,0.0175564313866,0.0161232533142,0.0433536366894,0.0465782873522,0.00214976710856,0.00644930132569,0.0057327122895,0.0186313149409,0.0125403081333,0.022930849158,0.0118237190971,0.000716589036188,0.00358294518094,0.0193479039771,0.0429953421713,0.0240057327123,0.022930849158,0.00859906843425,0.0179147259047,0.00429953421713,0.00895736295235,0.0508778215693,0.0136151916876,0.0784664994626,0.0677176639197,0.0318882121104,0.185238265855,0.0347545682551,0.0107488355428,0.0103905410247,0.0605517735579,0.0290218559656,0.0297384450018,0.00752418487997,0.0222142601218
0.00051328114975,0.0030796868985,0.002053124599,0.0175798793789,0.0177081996664,0.0159117156422,0.0151417939176,0.00359296804825,0.00282304632362,0.00885409983318,0.0236109328885,0.0162966765046,0.00885409983318,0.0141152316181,0.00256640574875,0.00346464776081,0.010265622995,0.0178365199538,0.018478121391,0.0350314384704,0.00859745925831,0.0188630822533,0.00243808546131,0.00680097523418,0.106377518286,0.0171949185166,0.0717310406775,0.140639035031,0.0470935454895,0.157833953548,0.0279738226614,0.0106505838573,0.0111638650071,0.056332606185,0.026690619787,0.0332349544463,0.00128320287437,0.0173232388041
0.00218181818182,0.00145454545455,0.00145454545455,0.0189090909091,0.0109090909091,0.0141818181818,0.016,0.00181818181818,0.00218181818182,0.00727272727273,0.0298181818182,0.0152727272727,0.00945454545455,0.0189090909091,0.00363636363636,0.00218181818182,0.012,0.0170909090909,0.0189090909091,0.0247272727273,0.00836363636364,0.0276363636364,0.00545454545455,0.00654545454545,0.0850909090909,0.0196363636364,0.0509090909091,0.130909090909,0.0494545454545,0.156727272727,0.0276363636364,0.0109090909091,0.0145454545455,0.0912727272727,0.0163636363636,0.0363636363636,0.000363636363636,0.0334545454545
0.000371333085778,0.00222799851467,0.00148533234311,0.0226513182325,0.0204233197178,0.0189379873747,0.0241366505756,0.00445599702934,0.003341997772,0.01670998886,0.0274786483476,0.0170813219458,0.0155959896027,0.0163386557742,0.00408466394356,0.00259933160045,0.0126253249165,0.020051986632,0.0144819903453,0.0382473078351,0.0107686594876,0.0129966580022,0.00185666542889,0.00445599702934,0.0876346082436,0.0163386557742,0.0523579650947,0.108429261047,0.0304493130338,0.117712588192,0.0263646490902,0.0152246565169,0.0215373189751,0.111771258819,0.0408466394356,0.0360193093205,0.00185666542889,0.020051986632
0.00138312586445,0.0,0.0,0.00553250345781,0.0221300138313,0.0138312586445,0.0207468879668,0.00138312586445,0.00553250345781,0.0165975103734,0.0871369294606,0.0193637621024,0.00276625172891,0.0470262793914,0.00691562932227,0.0248962655602,0.0331950207469,0.015214384509,0.00691562932227,0.0414937759336,0.0235131396957,0.0359612724758,0.00829875518672,0.00968188105118,0.0594744121715,0.0207468879668,0.0345781466113,0.110650069156,0.0373443983402,0.135546334716,0.0193637621024,0.0110650069156,0.0124481327801,0.0539419087137,0.0179806362379,0.0110650069156,0.0124481327801,0.0138312586445
0.0010183299389,0.00356415478615,0.00152749490835,0.0117107942974,0.0152749490835,0.0310590631365,0.015784114053,0.0030549898167,0.00865580448065,0.00763747454175,0.0448065173116,0.0300407331976,0.0152749490835,0.0269857433809,0.00356415478615,0.0061099796334,0.0147657841141,0.0188391038697,0.0239307535642,0.0412423625255,0.0142566191446,0.0229124236253,0.00661914460285,0.0091649694501,0.0891038696538,0.0152749490835,0.0498981670061,0.11099796334,0.0239307535642,0.0957230142566,0.0178207739308,0.0137474541752,0.0234215885947,0.0885947046843,0.0325865580448,0.0381873727088,0.0010183299389,0.0218940936864
