0.290827740492,0.27293064877,0.076062639821,0.125279642058,0.0201342281879,0.0559284116331,0.0201342281879,0.0,0.0,0.00223713646532,0.0268456375839,0.00447427293065,0.00671140939597,0.0,0.0,0.0,0.00223713646532,0.0,0.00223713646532,0.0178970917226,0.0,0.0089485458613,0.0,0.0,0.0246085011186,0.0,0.00671140939597,0.00223713646532,0.0,0.0246085011186,0.00447427293065,0.0,0.0,0.00447427293065,0.0,0.0,0.0,0.0
0.0278875203347,0.258656751104,0.126888217523,0.282128747386,0.0567046246805,0.0732047408785,0.0225424122705,0.00348594004183,0.00232396002789,0.00883104810597,0.0185916802231,0.0139437601673,0.00720427608645,0.00441552405299,0.000697188008366,0.00162677201952,0.00673948408087,0.00278875203347,0.00325354403904,0.0106902161283,0.00325354403904,0.0062746920753,0.00116198001394,0.00325354403904,0.0130141761562,0.00139437601673,0.0106902161283,0.00743667208924,0.00325354403904,0.0125493841506,0.000464792005578,0.0,0.0,0.00441552405299,0.0,0.000232396002789,0.0,0.0
0.0170283806344,0.157262103506,0.295826377295,0.10918196995,0.00968280467446,0.247412353923,0.0393989983306,0.00133555926544,0.00467445742905,0.00434056761269,0.0123539232053,0.00868113522538,0.00500834724541,0.00333889816361,0.000667779632721,0.00100166944908,0.00400667779633,0.00734557595993,0.00534223706177,0.00434056761269,0.00333889816361,0.00467445742905,0.00100166944908,0.00100166944908,0.00634390651085,0.00133555926544,0.0156928213689,0.00901502504174,0.00100166944908,0.0140233722871,0.00100166944908,0.0,0.000667779632721,0.00100166944908,0.00100166944908,0.000667779632721,0.0,0.0
0.0172774225283,0.0762420068864,0.0314498278406,0.329224053123,0.121433841613,0.149225282833,0.0547220855878,0.00799311362518,0.00722454500738,0.0101143630103,0.0320646827349,0.0267461878997,0.0100528775209,0.00906910969011,0.00107599606493,0.00362764387605,0.00836202656173,0.00525700934579,0.00590260698475,0.0116515002459,0.00365838662076,0.00596409247418,0.00178307919331,0.00172159370389,0.0162629119528,0.00221347761928,0.0147257747172,0.010790703394,0.00442695523856,0.013034923758,0.000338170191835,0.000307427447122,0.000399655681259,0.00335095917364,0.000737825873094,0.00104525332022,0.0,0.000522626660108
0.00905492598818,0.0265141246001,0.0101393482622,0.241012850404,0.100200618121,0.0853982540801,0.0722225234506,0.0171338719297,0.010898443854,0.0217968877081,0.0748251369083,0.0471723689205,0.0174591986119,0.0217426665944,0.00238572900287,0.00900070487448,0.0170254297023,0.0126335194925,0.00948869489779,0.028357642466,0.0130130672884,0.0160494496557,0.00368703573171,0.00504256357426,0.0323157837662,0.0063438703031,0.0262972401453,0.0206582443203,0.00867537819227,0.0204413598655,0.00130130672884,0.000596432250718,0.000704874478122,0.00601854362089,0.000813316705525,0.00249417123028,0.000162663341105,0.000921758932928
0.00406537791421,0.0198843994579,0.0392986531707,0.13230454382,0.047374097735,0.306617992754,0.162919328521,0.0144362399403,0.0181974059017,0.00331867584834,0.0150723194779,0.0200226776183,0.0242263336929,0.00990071628087,0.00188058298072,0.00442490113112,0.0184739622224,0.0119195774219,0.013136425233,0.00583533836666,0.00403772228214,0.0149893525817,0.00218479493349,0.00553112641389,0.0139937498272,0.00320805332006,0.0287342017202,0.0130534583368,0.00600127215908,0.0255538040322,0.00107856965071,0.000470145745181,0.00121684781106,0.00420365607456,0.00102325838657,0.000940291490362,5.53112641389e-05,0.000414834481042
0.00285517377178,0.0105346066752,0.0166387712907,0.0807324997539,0.0597617406715,0.254602737029,0.155229562535,0.0192970365265,0.022217846477,0.00433198779167,0.0204456696531,0.0253683830527,0.0397427061796,0.0142102326803,0.00239572052115,0.00666207213416,0.0383971645171,0.0197564897772,0.0229726625316,0.00820452233271,0.00639952741951,0.0208066686358,0.00301926421844,0.0065964359555,0.0198877621345,0.00452889632766,0.0435824226314,0.0168356798267,0.00689179875948,0.0321945456336,0.00111581503725,0.000886088411933,0.00259262905714,0.00590725607955,0.00193626727052,0.00134554166256,3.28180893308e-05,0.00108299694792
0.00183617260022,0.00622258492298,0.00887483423442,0.0730388656534,0.0622258492298,0.147199836785,0.121391410793,0.0111190451902,0.0135672753239,0.00693665204529,0.0354993369377,0.0284606753035,0.024788330103,0.0242782821585,0.00377435478935,0.0189737835357,0.0504947465062,0.0321330205039,0.0412118739161,0.0148933999796,0.0112210547791,0.0265224931144,0.00826277670101,0.0120371314904,0.037233499949,0.007242680812,0.0670202999082,0.0249923492808,0.0122411506682,0.0415179026829,0.00346832602265,0.00102009588901,0.00448842191166,0.00928287259002,0.00204019177803,0.00234622054473,0.000102009588901,0.00204019177803
0.00364630811304,0.00546946216955,0.0149498632634,0.0490428441203,0.0484958979034,0.233363719234,0.206927985415,0.0118505013674,0.0156791248861,0.00583409298086,0.0149498632634,0.0253418413856,0.028258887876,0.0184138559708,0.00364630811304,0.00856882406563,0.0388331814038,0.0342752962625,0.0404740200547,0.00638103919781,0.00565177757521,0.0147675478578,0.00237010027347,0.00783956244303,0.0151321786691,0.00565177757521,0.0581586144029,0.0149498632634,0.00856882406563,0.0368277119417,0.00164083865087,0.00382862351869,0.00182315405652,0.0052871467639,0.000364630811304,0.000729261622607,0.0,0.00200546946217
0.00868744098206,0.014730878187,0.0105760151086,0.104815864023,0.113314447592,0.0421152030217,0.0373937677054,0.00925401322002,0.00736543909348,0.028895184136,0.0808309726157,0.0390934844193,0.0137865911237,0.0266288951841,0.00207743153919,0.013597733711,0.0111425873466,0.0179414542021,0.0158640226629,0.0715769593957,0.0211520302172,0.0349386213409,0.00472143531634,0.0113314447592,0.0795089707271,0.0115203021719,0.0353163361662,0.0409820585458,0.014164305949,0.0462700661001,0.00302171860246,0.0028328611898,0.00132200188857,0.013597733711,0.00434372049103,0.0028328611898,0.000188857412653,0.00226628895184
0.00493604004449,0.0124443826474,0.00771690767519,0.0969827586207,0.0928114571746,0.0502641824249,0.0390016685206,0.0125834260289,0.0102892102336,0.0292686318131,0.0712597330367,0.0353865406007,0.0222469410456,0.0216907675195,0.00431034482759,0.0125834260289,0.0243325917686,0.0219688542825,0.0160595105673,0.0549916573971,0.0182146829811,0.064585650723,0.00521412680756,0.0109844271413,0.0725806451613,0.011053948832,0.0460928809789,0.041852057842,0.0123748609566,0.0440767519466,0.00347608453838,0.00139043381535,0.00271134593993,0.0155728587319,0.00215517241379,0.00354560622914,0.000417130144605,0.0025723025584
0.00273207455528,0.00886406411268,0.00467488312792,0.0939226519337,0.0808086940684,0.0802622791573,0.0757695343331,0.0120211280432,0.0149353409022,0.0159674579564,0.0672090340599,0.0268350434096,0.0199137878696,0.0438953311881,0.00485702143161,0.0194887984943,0.0243458199259,0.0275028838565,0.0222208730496,0.0268957561775,0.0220387347459,0.0575557039645,0.0103818833101,0.0135389472406,0.0455952886892,0.00886406411268,0.0509987250319,0.0356991075223,0.013296096169,0.0388561714529,0.00230708518001,0.00139639366159,0.0024285107158,0.0148746281343,0.00218565964422,0.00455345759213,6.07127678951e-05,0.00224637241212
0.00180272984806,0.00497896815177,0.00970040346811,0.0584599536441,0.0392308352648,0.145849429136,0.14335994506,0.0110739119238,0.0194008069362,0.00661000944287,0.0292728989613,0.0264400377715,0.0226628895184,0.0234354880247,0.0028328611898,0.00806936217701,0.0340801785561,0.0350244656194,0.0545969611125,0.0107305348099,0.00901364924028,0.0257532835437,0.00532234526569,0.0112456004807,0.0318482273156,0.00755429650614,0.0921109108078,0.028500300455,0.012018198987,0.0600051506567,0.0028328611898,0.00351961541763,0.00360545969611,0.0116748218731,0.00420636964546,0.00206026268349,8.58442784788e-05,0.00103013134175
0.00141743444366,0.00755965036617,0.00531537916371,0.0608315615403,0.0666194188519,0.0737065910702,0.0609496810773,0.0133475076778,0.0170092133239,0.0167729742499,0.0451216631231,0.0377982518309,0.0222064729506,0.0253957004489,0.00354358610914,0.0137018662887,0.0346090243326,0.0237420269313,0.024686983227,0.0369714150721,0.0181904086936,0.0789038506969,0.00779588944011,0.0158280179542,0.057996692653,0.0140562248996,0.0647295062603,0.0431136309946,0.0147649421214,0.0527994330262,0.00425230333097,0.00224427120246,0.00259862981337,0.0159461374911,0.00507914008977,0.00543349870069,0.000354358610914,0.00460666194189
0.00192926045016,0.00450160771704,0.00771704180064,0.0520900321543,0.0469453376206,0.0829581993569,0.0630225080386,0.0167202572347,0.0173633440514,0.0122186495177,0.0495176848875,0.0225080385852,0.0231511254019,0.0347266881029,0.00771704180064,0.0102893890675,0.0347266881029,0.0257234726688,0.0488745980707,0.0263665594855,0.0212218649518,0.0604501607717,0.0122186495177,0.0244372990354,0.0501607717042,0.0173633440514,0.0636655948553,0.032154340836,0.0218649517685,0.0565916398714,0.0064308681672,0.0032154340836,0.00385852090032,0.0250803858521,0.00578778135048,0.0032154340836,0.0,0.0032154340836
0.0011927480916,0.00405534351145,0.00787213740458,0.0479484732824,0.0400763358779,0.103530534351,0.094465648855,0.0240935114504,0.0219465648855,0.0109732824427,0.0574904580153,0.0391221374046,0.0293416030534,0.0229007633588,0.00190839694656,0.0100190839695,0.0236164122137,0.0221851145038,0.030534351145,0.0183683206107,0.0164599236641,0.055820610687,0.00763358778626,0.0276717557252,0.0415076335878,0.0145515267176,0.0794370229008,0.0398377862595,0.0169370229008,0.0441316793893,0.00429389312977,0.00405534351145,0.00453244274809,0.0183683206107,0.00453244274809,0.00524809160305,0.000715648854962,0.00262404580153
0.00126092804304,0.00672494956288,0.0053799596503,0.0354741089442,0.0391728312038,0.103984532616,0.107262945528,0.0133658372562,0.0299260255548,0.00613651647613,0.0472427706792,0.0339609952925,0.0221923335575,0.0344653665098,0.00378278412912,0.00680901143241,0.0254707464694,0.0236213853396,0.0499327505044,0.0169804976463,0.0126092804304,0.0448890383322,0.00554808338937,0.0177370544721,0.0358103564223,0.0123570948218,0.109616677875,0.0320275722932,0.0143745796907,0.0725453934095,0.00437121721587,0.00336247478144,0.00395090786819,0.00983523873571,0.0021015467384,0.00336247478144,0.000168123739072,0.00218560860794
0.00132553606238,0.0048343079922,0.00608187134503,0.0280701754386,0.0294736842105,0.0765692007797,0.082261208577,0.0127095516569,0.0209746588694,0.00670565302144,0.038440545809,0.0299415204678,0.0344639376218,0.0239376218324,0.00358674463938,0.00522417153996,0.0258869395712,0.0201949317739,0.0438986354776,0.0247173489279,0.0174658869396,0.0554385964912,0.00475633528265,0.0183235867446,0.052007797271,0.014269005848,0.129122807018,0.0417153996101,0.0204288499025,0.0906822612086,0.00639376218324,0.00265107212476,0.00506822612086,0.0117738791423,0.00319688109162,0.00530214424951,7.79727095517e-05,0.00202729044834
0.00168260715551,0.00442791356713,0.00549061282324,0.0268331562168,0.0187743535246,0.0693411264612,0.0709351753454,0.00938717676231,0.0232022670917,0.00549061282324,0.0255047821467,0.0242649663479,0.044456252214,0.0165603967411,0.00239107332625,0.00628763726532,0.0415338292597,0.0497697484945,0.0397626638328,0.0192171448813,0.0147006730429,0.0454303931987,0.00407368048176,0.0185972369819,0.0584484590861,0.012929507616,0.129649309245,0.0453418349274,0.0243535246192,0.109369465108,0.00274530641162,0.00371944739639,0.00584484590861,0.012663832802,0.00185972369819,0.00327665603967,0.0,0.00168260715551
0.00507905300238,0.00876546243958,0.00409601048579,0.0489063652003,0.0524289342181,0.0425165888425,0.030556238224,0.00753665929385,0.00630785614811,0.0285901531908,0.107233554518,0.0388301794053,0.0149094781683,0.0254771852216,0.00507905300238,0.00524289342181,0.0231014991398,0.0374375358401,0.0296551159171,0.0559515032358,0.0220365364135,0.0251495043827,0.00868354222987,0.0152371590071,0.106004751372,0.0168755632014,0.064553125256,0.050135168346,0.0166298025723,0.0581633488982,0.00385024985664,0.00188416482346,0.00385024985664,0.0154009994266,0.0031129679692,0.00679937740641,8.19202097157e-05,0.00385024985664
0.00416406412659,0.0120757859671,0.0106183635228,0.0603789298355,0.0601707266292,0.0430980637102,0.0349781386633,0.0102019571101,0.00957734749115,0.0310222777431,0.0822402665001,0.051217988757,0.0201957110139,0.0226941494899,0.00582968977722,0.0102019571101,0.0216531334583,0.0381011867583,0.0278992296481,0.0599625234229,0.0124921923798,0.0464293150115,0.00874453466583,0.0147824276494,0.0816156568811,0.0147824276494,0.0593379138039,0.0399750156152,0.0147824276494,0.053091817614,0.00395586092026,0.0035394545076,0.00437226733292,0.0143660212367,0.00270664168228,0.00541328336456,0.0,0.00333125130127
0.00218818380744,0.00446754194019,0.00474106491612,0.0268964259664,0.0280816921955,0.0483223924143,0.0458606856309,0.0111232676878,0.0112144420131,0.0159555069292,0.0669219547775,0.0546134208607,0.0216994894238,0.0295404814004,0.0072939460248,0.00765864332604,0.0295404814004,0.0484135667396,0.0473194748359,0.0305433989788,0.017049598833,0.0228847556528,0.00474106491612,0.0072939460248,0.0868891320204,0.0108497447119,0.106856309263,0.0512399708242,0.0231582786287,0.0857038657914,0.0045587162655,0.00255288110868,0.00373814733771,0.0177789934354,0.00319110138585,0.00428519328957,0.00054704595186,0.00428519328957
0.000460617227084,0.00184246890834,0.00414555504376,0.021649009673,0.0313219714417,0.0488254260709,0.0423767848918,0.0147397512667,0.0138185168125,0.00967296176877,0.0520497466605,0.0432980193459,0.0331644403501,0.027176416398,0.00506678949793,0.0124366651313,0.0299401197605,0.0396130815292,0.038231229848,0.0299401197605,0.0193459235375,0.043758636573,0.0115154306771,0.0115154306771,0.0681713496085,0.0128972823584,0.143251957623,0.0488254260709,0.0308613542146,0.0663288807001,0.00460617227084,0.00276370336251,0.00552740672501,0.0211883924459,0.00368493781667,0.00322432058959,0.0,0.00276370336251
0.000501378791677,0.00200551516671,0.00601654550013,0.0215592880421,0.0230634244171,0.0533968413136,0.04036099273,0.0125344697919,0.0122837803961,0.0120330910003,0.0486337427927,0.0478816746052,0.0283279017298,0.0421158185009,0.00626723489596,0.0142892955628,0.0343444472299,0.0463775382301,0.0398596139383,0.0366006517924,0.0253196289797,0.0205565304588,0.00300827275006,0.0130358485836,0.0762095763349,0.0122837803961,0.117071947857,0.0461268488343,0.0290799699173,0.0832288794184,0.00827275006267,0.00426171972926,0.00476309852093,0.0180496365004,0.00250689395839,0.00551516670845,0.0,0.00225620456255
0.00228117296442,0.0052614150631,0.0033849663343,0.0300967658854,0.0224437985209,0.0210456602524,0.0210824533647,0.00456234592884,0.0037528974576,0.0201994186688,0.040104492439,0.0166304867729,0.00665955333162,0.0129879686523,0.00242834541374,0.00294344898635,0.00967658854262,0.0274108686854,0.0261599028662,0.0626218771846,0.0186173148387,0.0299128003238,0.00485669082748,0.00971338165495,0.146510173296,0.0261231097539,0.105301887487,0.110121785202,0.0334817322197,0.1077302329,0.0080208984878,0.0033849663343,0.00290665587402,0.0306486625704,0.00662276021929,0.00919827808234,0.000331138010964,0.00478310460282
0.00213447171825,0.00391319815012,0.00195659907506,0.0272145144077,0.0277481323372,0.0307719672714,0.0236570615439,0.00533617929562,0.0071149057275,0.0117395944504,0.0560298826041,0.0279260049804,0.0145855567414,0.0368196371398,0.00444681607969,0.00373532550694,0.0140519388118,0.0371753824262,0.0348630380647,0.0393098541444,0.0233013162576,0.0277481323372,0.00586979722519,0.00942725008894,0.112059765208,0.0168979011028,0.119352543579,0.0930273923871,0.0332621842761,0.100498043401,0.00462468872287,0.0014229811455,0.00391319815012,0.0234791889007,0.00515830665244,0.00533617929562,0.000177872643187,0.00391319815012
0.00147469486367,0.00307489567318,0.00423582567224,0.018512127012,0.0187945153902,0.0421699978036,0.0410090678046,0.00655768567036,0.00994634620815,0.00649493269744,0.0202378337674,0.0156882432305,0.0192965391735,0.0152803489065,0.00247874243042,0.00552226161714,0.021712528631,0.0505475196887,0.0530890150921,0.021775281604,0.0105424994509,0.0448369991528,0.00621254431929,0.0119858178281,0.0880737974962,0.016127514041,0.117442188824,0.0729817075084,0.0363967242948,0.169119262025,0.00646355621098,0.00367104891594,0.00464371999623,0.0208339870101,0.00473784945562,0.00480060242854,3.1376486461e-05,0.00320040161903
0.00191815856777,0.00244129272262,0.00197628458498,0.0202278539874,0.0176703092304,0.017554057196,0.0191815856777,0.00377819111834,0.00558009765171,0.00906765868403,0.0254591955359,0.012729597768,0.00592885375494,0.0112764473378,0.00116252034411,0.00180190653336,0.00813764240874,0.0206347361079,0.0193559637294,0.0419669844222,0.0102301790281,0.0221460125552,0.00488258544525,0.00517321553127,0.134329225761,0.0269123459661,0.0854452452918,0.123227156475,0.050104626831,0.188328295745,0.0109858172518,0.00389444315276,0.00430132527319,0.0514996512439,0.0123227156475,0.0113926993722,0.000290630086027,0.00668449197861
0.00135043889264,0.00324105334234,0.000810263335584,0.0139095205942,0.0207967589467,0.0243079000675,0.0205266711681,0.00364618501013,0.00648210668467,0.00607697501688,0.0212018906144,0.0167454422687,0.0108035111411,0.0135043889264,0.00243079000675,0.00391627278866,0.0105334233626,0.0217420661715,0.0195813639433,0.0232275489534,0.00877785280216,0.0341661039838,0.00202565833896,0.00715732613099,0.119648885888,0.0186360567184,0.0876434841323,0.13936529372,0.0459149223498,0.187575962188,0.0164753544902,0.00324105334234,0.00499662390277,0.0472653612424,0.0106684672519,0.0124240378123,0.000135043889264,0.00904794058069
0.00150940617752,0.00287155321577,0.00441777417811,0.0118911754961,0.012112064205,0.0241136840555,0.0229356109414,0.00357103412731,0.00625851341899,0.00592718035563,0.0173765784339,0.0145786547878,0.011707101572,0.0136582851673,0.00158303574716,0.00309244192468,0.0132533225343,0.0234878327136,0.0340536759563,0.0160512461805,0.00747340131797,0.0291204947907,0.00298199757022,0.00850421529286,0.079924897839,0.0141736921548,0.122924566506,0.100357103413,0.0403121893753,0.253911570887,0.0165666531679,0.00982954754629,0.00913006663476,0.0353053786401,0.00949821448294,0.00809925265987,0.000625851341899,0.00681073519125
0.000699545295558,0.00384749912557,0.00419727177335,0.0185379503323,0.0115424973767,0.0255334032879,0.0262329485834,0.00314795383001,0.00874431619447,0.0066456803078,0.0178384050367,0.0164393144456,0.00944386149003,0.026932493879,0.00174886323889,0.000699545295558,0.0195872682756,0.0209863588667,0.0202868135712,0.0174886323889,0.00874431619447,0.0248338579923,0.00279818118223,0.00769499825114,0.0608604407135,0.00909408884225,0.0615599860091,0.0619097586569,0.0297306750612,0.23154949283,0.0440713536201,0.0234347674012,0.0276320391745,0.0647079398391,0.0230849947534,0.0297306750612,0.00139909059112,0.0265827212312
0.00460829493088,0.00307219662058,0.00204813108039,0.0184331797235,0.0117767537122,0.036866359447,0.0389144905274,0.00563236047107,0.00665642601126,0.00563236047107,0.0199692780338,0.0271377368152,0.015873015873,0.010752688172,0.00102406554019,0.00307219662058,0.0143369175627,0.047619047619,0.0307219662058,0.00716845878136,0.00512032770097,0.0194572452637,0.00102406554019,0.0112647209421,0.0445468509985,0.00870455709165,0.0962621607783,0.05273937532,0.031746031746,0.242191500256,0.0353302611367,0.0143369175627,0.0174091141833,0.0547875064004,0.0153609831029,0.020993343574,0.00256016385049,0.0148489503328
0.00336587007742,0.00235610905419,0.00336587007742,0.0127903062942,0.0107707842477,0.0558734432851,0.0484685291148,0.00336587007742,0.00471221810838,0.00471221810838,0.0249074385729,0.0134634803097,0.0171659373948,0.0121171322787,0.00100976102322,0.00269269606193,0.0265903736116,0.0444294850219,0.0302928306967,0.0178391114103,0.00740491417031,0.0175025244026,0.00235610905419,0.00740491417031,0.0578929653315,0.0097610232245,0.0838101649276,0.0723662066644,0.0323123527432,0.186469202289,0.0235610905419,0.0131268933019,0.0144732413329,0.0434197239987,0.0255806125884,0.0373611578593,0.0040390440929,0.02086839448
0.0014675308793,0.00330194447842,0.002079002079,0.0200562553504,0.0168766051119,0.0183441359912,0.0138192491134,0.00269047327871,0.00220129631894,0.00904977375566,0.0214014919897,0.0140638375932,0.00733765439648,0.0168766051119,0.00183441359912,0.00232359055888,0.010517304635,0.0199339611104,0.0165097223921,0.029228323346,0.00856059679589,0.0172434878317,0.0035465329583,0.00635930047695,0.109208756268,0.0165097223921,0.066650360768,0.138192491134,0.0470832823774,0.178427296074,0.0220129631894,0.0107618931148,0.0127186009539,0.0601687660511,0.0222575516693,0.0322856793445,0.000733765439648,0.0173657820717
0.00178954903364,0.0025053686471,0.00286327845383,0.0178954903364,0.0200429491768,0.0153901216893,0.0136005726557,0.00107372942019,0.0050107372942,0.0114531138153,0.0311381531854,0.0128847530422,0.0100214745884,0.0153901216893,0.00214745884037,0.00357909806729,0.00894774516822,0.0153901216893,0.0128847530422,0.0236220472441,0.00787401574803,0.0175375805297,0.00393700787402,0.0075161059413,0.0794559770938,0.0214745884037,0.0658554044381,0.131352899069,0.0476020042949,0.151395848246,0.0372226198998,0.0100214745884,0.013242662849,0.0916249105225,0.0146743020759,0.0415175375805,0.0,0.0300644237652
0.00145560407569,0.00181950509461,0.00109170305677,0.0221979621543,0.0203784570597,0.0240174672489,0.0171033478894,0.00145560407569,0.00291120815138,0.00727802037846,0.0345705967977,0.0112809315866,0.00946142649199,0.00982532751092,0.00218340611354,0.000727802037846,0.0120087336245,0.0272925764192,0.0134643377001,0.04730713246,0.00327510917031,0.004730713246,0.00218340611354,0.00691411935953,0.0909752547307,0.0174672489083,0.0560407569141,0.125181950509,0.0396652110626,0.120451237263,0.0276564774381,0.0167394468705,0.0320232896652,0.101528384279,0.0265647743814,0.0320232896652,0.0,0.0287481804949
0.0,0.0106761565836,0.0017793594306,0.0213523131673,0.017793594306,0.0355871886121,0.0195729537367,0.0106761565836,0.00533807829181,0.00355871886121,0.0516014234875,0.0355871886121,0.017793594306,0.0284697508897,0.00711743772242,0.017793594306,0.0249110320285,0.0106761565836,0.00533807829181,0.0427046263345,0.0160142348754,0.0284697508897,0.0,0.0142348754448,0.0800711743772,0.0124555160142,0.0569395017794,0.128113879004,0.0302491103203,0.122775800712,0.0284697508897,0.00889679715302,0.0124555160142,0.0533807829181,0.0160142348754,0.0124555160142,0.0,0.0106761565836
0.00358790363916,0.00205023065095,0.00205023065095,0.0128139415684,0.019477191184,0.0256278831369,0.0220399794977,0.00307534597642,0.00512557662737,0.0133264992312,0.04869297796,0.0153767298821,0.0123013839057,0.0251153254741,0.00307534597642,0.00666324961558,0.0153767298821,0.0158892875448,0.0210148641722,0.0271655561251,0.0102511532547,0.0333162480779,0.00307534597642,0.00615069195284,0.0763710917478,0.00871348026653,0.0579190158893,0.0814966683752,0.0369041517171,0.140953357253,0.021527421835,0.011788826243,0.0246027678114,0.0932854946181,0.0271655561251,0.0374167093798,0.00358790363916,0.0256278831369
