0.289592760181,0.266968325792,0.0950226244344,0.131221719457,0.0248868778281,0.0475113122172,0.0248868778281,0.00678733031674,0.0,0.00678733031674,0.0135746606335,0.00904977375566,0.0,0.00678733031674,0.0,0.0,0.0,0.00678733031674,0.00226244343891,0.0158371040724,0.0,0.0,0.0,0.0,0.0135746606335,0.00226244343891,0.00678733031674,0.0158371040724,0.0,0.0135746606335,0.0,0.0,0.0,0.0,0.0,0.0,0.0,0.0
0.0339961513791,0.237117810562,0.124866367329,0.285653196493,0.0540945050246,0.0863801582211,0.029292281377,0.00299337181954,0.00406243318366,0.0102629890956,0.0190292922814,0.0102629890956,0.00620055591191,0.00577293136626,0.000213812272824,0.000855249091298,0.00555911909344,0.00342099636519,0.00299337181954,0.0126149240966,0.00406243318366,0.00449005772931,0.00192431045542,0.00277955954672,0.00940774000428,0.00192431045542,0.0117596750053,0.00791105409451,0.00406243318366,0.00940774000428,0.000427624545649,0.000641436818473,0.000855249091298,0.00320718409237,0.000641436818473,0.0,0.0,0.000855249091298
0.018023817187,0.179272610235,0.265851303508,0.108464757,0.0173801094303,0.251367878983,0.0408754425491,0.00386224654007,0.00354039266173,0.00418410041841,0.0157708400386,0.00579336981011,0.00708078532346,0.00579336981011,0.00128741551336,0.00193112327004,0.00257483102671,0.00965561635018,0.00354039266173,0.00321853878339,0.00386224654007,0.00418410041841,0.0,0.00354039266173,0.00547151593177,0.00128741551336,0.0122304473769,0.00321853878339,0.000965561635018,0.0131960090119,0.0,0.000321853878339,0.0,0.000643707756678,0.000965561635018,0.0,0.000321853878339,0.000321853878339
0.0149212992448,0.0770023958997,0.0296606314257,0.328693173202,0.128832681285,0.145967913141,0.0561671670761,0.00721802687047,0.00645983077063,0.00900736966609,0.0302065326176,0.0256573560186,0.0119491705335,0.00885573044612,0.000879507475814,0.00336639068329,0.00824917356625,0.00545901191884,0.00576229035878,0.0122524489734,0.00497376641495,0.00636884723865,0.00175901495163,0.00206229339156,0.0164376914445,0.00254753889546,0.0146180208049,0.0111606465896,0.00357868559124,0.014163103145,0.000606556879871,0.000181967063961,0.000667212567859,0.00297212871137,0.000606556879871,0.000636884723865,0.0,9.09835319807e-05
0.0075737229414,0.0246011709728,0.00918515335446,0.234194553365,0.102433259924,0.0859966697105,0.0724069398936,0.0160605897835,0.0154697319654,0.0210023097169,0.0695600794972,0.0459257667723,0.0183703067089,0.0208411666756,0.00284686039641,0.0102057259494,0.014180587635,0.0124617285277,0.0118171563625,0.0259440296503,0.01316001504,0.0186388784444,0.00424343342107,0.00478057689209,0.0326583230381,0.00569372079282,0.0299188913359,0.0243863135844,0.00703657947038,0.0228823118655,0.00161143041306,0.000590857818123,0.000805715206532,0.00655315034646,0.00123542998335,0.00316914647902,5.37143471021e-05,0.00150400171886
0.00439092721297,0.0180216583158,0.0387640752115,0.134286945746,0.0537417165023,0.302623781046,0.163730402457,0.0153278379398,0.0207693550994,0.00307095522871,0.0134421636765,0.0185873605948,0.0272884004095,0.00878185442595,0.00188567426324,0.00422929799041,0.0192069392813,0.010128764614,0.0131458434352,0.00568396099348,0.00379828673024,0.0145196918269,0.00188567426324,0.00422929799041,0.0148160120683,0.00328646085879,0.0287700016163,0.0124723883411,0.00571089919724,0.0246753946447,0.00131997198427,0.000754269705296,0.0010236517429,0.00374441032272,0.00045794946393,0.00107752815042,0.0,0.000350196648887
0.0031064945151,0.00980487331327,0.015176520079,0.0770798951558,0.0595087855548,0.257839044753,0.159660874349,0.0225544445523,0.0258874542925,0.00368896223668,0.0177005468725,0.0284438404038,0.0393812898424,0.0126201339676,0.00168268452901,0.00643950425525,0.0359512021487,0.0180241400511,0.0223279293272,0.00702197197683,0.00640714493738,0.0224897259166,0.00262110474711,0.00540400608355,0.0190919975407,0.00453030450118,0.0426495809468,0.0169239232437,0.00912532763809,0.0339772837589,0.00129437271462,0.00119729476103,0.00220043361486,0.00482153836197,0.00129437271462,0.00132673203249,0.000161796589328,0.00058246772158
0.00182094081942,0.00576631259484,0.00981284774911,0.0732422862924,0.059382903389,0.159231158321,0.124026302479,0.00991401112797,0.0174001011634,0.00778958017198,0.0344967121902,0.0272129489125,0.0240768841679,0.0233687405159,0.00485584218513,0.0199291856348,0.0531107738998,0.0307536671725,0.0403641881639,0.0135558927668,0.0103186646434,0.0235710672736,0.00778958017198,0.0131512392514,0.0350025290845,0.0058674759737,0.060091047041,0.0232675771371,0.0130500758725,0.0444107233182,0.00333839150228,0.00303490136571,0.00252908447142,0.00910470409712,0.00222559433485,0.00242792109256,0.000101163378857,0.000606980273141
0.00283838921412,0.0070959730353,0.0131275501153,0.0523328011354,0.0503814085506,0.216427177577,0.202412630832,0.010643959553,0.0202235231506,0.00461238247295,0.0164981373071,0.0294482880965,0.0248359056236,0.0147241440483,0.00159659393294,0.00567677842824,0.0459464254036,0.0313996806812,0.046833422033,0.00496718112471,0.00691857370942,0.0159659393294,0.00301578854,0.00798296966472,0.0239489089941,0.00337058719177,0.0544615930459,0.0145467447224,0.00656377505765,0.0452368281001,0.00195139258471,0.00124179528118,0.00283838921412,0.00603157708001,0.00159659393294,0.00195139258471,0.0,0.000354798651765
0.00685058322533,0.0153675245325,0.010183299389,0.121829290872,0.109053878911,0.0470283280874,0.0368450286984,0.00759118681726,0.00481392334753,0.0288835400852,0.0860951675616,0.04036289576,0.0111090538789,0.020366598778,0.0040733197556,0.00888724310313,0.0118496574708,0.0179596371042,0.0112942047769,0.0573967783744,0.0225884095538,0.0342529161266,0.00481392334753,0.00796148861322,0.0875763747454,0.00981299759304,0.0440659137197,0.0479540825773,0.0114793556749,0.0418441029439,0.00333271616367,0.00129605628587,0.00222181077578,0.0127754119607,0.00222181077578,0.00425847065358,0.000185150897982,0.00351786706166
0.00463514766256,0.0122500331082,0.00622434114687,0.0976029664945,0.0978678320752,0.0480068865051,0.0365514501391,0.0117203019468,0.0123162495034,0.0301946762018,0.0674745066879,0.0360879353728,0.0193351873924,0.023970335055,0.00423784929148,0.0131108462455,0.0234406038935,0.021387895643,0.0186730234406,0.0502582439412,0.01662031519,0.0600582704278,0.00668785591312,0.0137730101973,0.0780691299166,0.0133757118262,0.0433717388425,0.0459541782545,0.0128459806648,0.0420474109389,0.00317838696861,0.00185405906502,0.00218514104092,0.0142365249636,0.00311217057343,0.00456893126738,0.000198649185538,0.00251622301682
0.00229371642422,0.00808836844329,0.00488923764109,0.0953703144806,0.0864368926179,0.0837810104424,0.068751131768,0.0123739964991,0.0172028731816,0.0140037423794,0.0636808112513,0.0257741292932,0.0203416430253,0.038691374419,0.00386310134605,0.0211866964447,0.030180479266,0.0257137683346,0.0222731936983,0.0268606265467,0.0211263354862,0.0581276030663,0.00784692460916,0.0153316834671,0.0506428442084,0.00881269994568,0.0504014003742,0.0356129655339,0.0125550793747,0.0412868956359,0.00277660409247,0.00126758012917,0.00205227259009,0.0130379670429,0.00235407738275,0.00338021367779,6.0360958532e-05,0.00156938492183
0.00126156433978,0.00555088309504,0.00975609756098,0.0529857022708,0.0481917577796,0.155424726661,0.145164003364,0.00950378469302,0.017409587889,0.00563498738436,0.0292682926829,0.029015979815,0.0238856181665,0.0185029436501,0.00285954583684,0.0094196804037,0.0292682926829,0.0305298570227,0.0521446593776,0.0105971404542,0.00748528174937,0.02716568545,0.00647603027754,0.0142136248949,0.0292682926829,0.00756938603869,0.0936921783011,0.0297729184188,0.0114381833474,0.0608074011775,0.00353238015139,0.00277544154752,0.00319596299411,0.0094196804037,0.00294365012616,0.00277544154752,0.000252312867956,0.000841042893188
0.00103626943005,0.00863557858377,0.00356937248129,0.0636729994243,0.0678180771445,0.0721934369603,0.0620610247553,0.0137017846862,0.0198042602188,0.0150834772596,0.0516983304548,0.0376511226252,0.0229130685089,0.0222222222222,0.00368451352907,0.0109383995394,0.0329303396661,0.02233736327,0.0290155440415,0.0317789291883,0.0203799654577,0.0777202072539,0.00886586067933,0.016465169833,0.0549222797927,0.0147380541163,0.069660333909,0.0469775474957,0.0135866436385,0.0499712147381,0.00449050086356,0.00253310305124,0.00195739781232,0.015428900403,0.00264824409902,0.00483592400691,0.000115141047784,0.00195739781232
0.00124688279302,0.00436408977556,0.00374064837905,0.0579800498753,0.0529925187032,0.0804239401496,0.0729426433915,0.0118453865337,0.0162094763092,0.0130922693267,0.0498753117207,0.0249376558603,0.0149625935162,0.0255610972569,0.00623441396509,0.0124688279302,0.0349127182045,0.0249376558603,0.0423940149626,0.0361596009975,0.0224438902743,0.0654613466334,0.00623441396509,0.038029925187,0.0486284289277,0.0137157107232,0.0741895261845,0.0317955112219,0.0149625935162,0.0548628428928,0.0074812967581,0.00187032418953,0.00498753117207,0.0236907730673,0.000623441396509,0.0,0.000623441396509,0.00311720698254
0.00145843461351,0.00461837627613,0.00631988332523,0.0471560525036,0.0444822557122,0.113757899854,0.103062712688,0.0277102576568,0.0201750121536,0.0106951871658,0.0444822557122,0.045211473019,0.0260087506077,0.0257656781721,0.000972289742343,0.017015070491,0.0175012153622,0.0192027224113,0.0337870685464,0.0221195916383,0.0165289256198,0.0544482255712,0.00388915896937,0.0162858531842,0.0454545454545,0.0136120563928,0.085075352455,0.036947010209,0.019931939718,0.0444822557122,0.00364608653379,0.0017015070491,0.00388915896937,0.0116674769081,0.00486144871172,0.00413223140496,0.0,0.00194457948469
0.000319667545752,0.00527451450491,0.00695276912012,0.0354031806921,0.0398785263326,0.106848877168,0.10612962519,0.0115879485335,0.029729081755,0.00551426516423,0.0411571965156,0.0329257572125,0.0265324062975,0.0280508271398,0.00287700791177,0.00663310157436,0.021337808679,0.0222168944298,0.0543434827779,0.0123871173979,0.0132662031487,0.0453128746104,0.00591384959642,0.0163829617198,0.0405977783106,0.00998961080476,0.111244305922,0.0366818508751,0.0178214656757,0.076240709662,0.00455526252697,0.00255734036602,0.00231758970671,0.0115080316471,0.00295692479821,0.00479501318629,7.99168864381e-05,0.0016782546152
0.00114367405289,0.00307362401716,0.0047891350965,0.0278770550393,0.0274481772695,0.0795568263045,0.0755539671194,0.0108649035025,0.0245889921372,0.00914939242316,0.0358112937813,0.0333095067906,0.0351679771265,0.0185847033595,0.00293066476054,0.0047891350965,0.0257326661901,0.0170836311651,0.0422444603288,0.0249463902788,0.0136526090064,0.0594710507505,0.00507505360972,0.0177269478199,0.0554681915654,0.0140814867763,0.133952823445,0.0496068620443,0.0177269478199,0.0914224446033,0.00471765546819,0.00400285918513,0.00457469621158,0.0134381701215,0.00250178699071,0.00593280914939,0.000142959256612,0.00185847033595
0.00231768893304,0.00372485721381,0.00446982865657,0.0225974670971,0.0232596639351,0.0657230361725,0.0719311315288,0.0103468255939,0.0259084512871,0.0062908699611,0.0256601274729,0.0226802417018,0.0399801340949,0.0151477526695,0.00347653339955,0.00595977154209,0.0402284579091,0.0446982865657,0.0372485721381,0.0180448638358,0.0130783875507,0.0490853406175,0.00571144772784,0.0141544574125,0.0584388709544,0.0123334161079,0.136826421654,0.047264299313,0.0254118036586,0.117126065723,0.00504925088983,0.00256601274729,0.00463537786607,0.0120850922937,0.00331098419005,0.00173826669978,0.0,0.00148994288552
0.00501684762261,0.00973418195432,0.00471733433171,0.0491950580307,0.0558592287533,0.0437289404717,0.0353425683265,0.00726319730438,0.00606514414077,0.0337701235492,0.0982403594159,0.0413328341445,0.0141520029951,0.0238861849495,0.0035192811681,0.00726319730438,0.0229876450768,0.0356420816174,0.0277798577312,0.0530887308124,0.0224634968177,0.0241856982404,0.00876076375889,0.0113815050543,0.0997379258705,0.0129539498315,0.0637963309622,0.0581804567578,0.0165481093224,0.0622238861849,0.00419318607263,0.00239610632722,0.00299513290902,0.0165481093224,0.00307001123175,0.00688880569075,7.48783227256e-05,0.00501684762261
0.00593002569678,0.0156157343348,0.00968570863807,0.0561375765962,0.0583119193517,0.0543585688871,0.033208143902,0.00711603083613,0.00869737102194,0.0306384661,0.0802530144297,0.0460565329116,0.0169994069974,0.0203597548923,0.00593002569678,0.0120577189168,0.0272781182052,0.0316268037161,0.0247084404032,0.0610792646768,0.0187784147065,0.0480332081439,0.00593002569678,0.0158134018581,0.0808460169994,0.0164064044278,0.0608815971536,0.0452658628187,0.0144297291955,0.0535678987942,0.00573235817355,0.00336034789484,0.00276734532516,0.0110693813007,0.00395335046452,0.00336034789484,0.000593002569678,0.00316268037161
0.00215482841181,0.00327214684757,0.00446927374302,0.0269752593775,0.0276935355148,0.0491620111732,0.0454110135674,0.00997605746209,0.0109337589785,0.016041500399,0.0648044692737,0.0442936951317,0.0201117318436,0.0343974461293,0.00646448523543,0.00845969672785,0.0356743814844,0.0474062250599,0.0534716679968,0.0289704708699,0.018675179569,0.0228252194733,0.0048683160415,0.00598563447725,0.075259377494,0.0103750997606,0.117158818835,0.0522745411014,0.0184357541899,0.0881085395052,0.00566640063847,0.00327214684757,0.00327214684757,0.0199521149242,0.00351157222666,0.00502793296089,0.000159616919393,0.00502793296089
0.0013507429086,0.0036019810896,0.002251238181,0.0279153534444,0.0324178298064,0.0373705538046,0.0463755065286,0.0121566861774,0.0184601530842,0.009004952724,0.0522287257992,0.0441242683476,0.029266096353,0.0274651058082,0.0040522287258,0.0085547050878,0.0256641152634,0.0387212967132,0.036019810896,0.0229626294462,0.0117064385412,0.0369203061684,0.0130571814498,0.0108059432688,0.0837460603332,0.0126069338136,0.133273300315,0.0616839261594,0.029266096353,0.09004952724,0.0040522287258,0.0018009905448,0.0013507429086,0.020261143629,0.0027014858172,0.0027014858172,0.0009004952724,0.0031517334534
0.00118315191671,0.00378608613346,0.00567912920019,0.0220066256507,0.0281590156176,0.0468528159016,0.0376242309513,0.0123047799337,0.00899195456697,0.0175106483673,0.0582110743019,0.0385707524846,0.0250828206342,0.0352579271178,0.00544249881685,0.0115948887837,0.0257927117842,0.0470894462849,0.040227165168,0.0300520586843,0.0288689067676,0.020113582584,0.00260293421675,0.0175106483673,0.0740653099858,0.00828206341694,0.127543776621,0.0612872692854,0.0246095598675,0.0922858495031,0.00544249881685,0.00236630383341,0.00520586843351,0.0170373876006,0.00378608613346,0.00307619498344,0.0,0.00449597728348
0.00274011601011,0.00530230240917,0.00316714707662,0.0314935411551,0.0263335824348,0.0209956941034,0.0207465926479,0.00366534998754,0.00416355289847,0.0211380377922,0.037080530942,0.0150884310167,0.00804241841927,0.012597416462,0.00160136649941,0.00227749902139,0.00960819899648,0.0240916693356,0.0265115120458,0.0606384114444,0.0172235863492,0.0283263940785,0.0058005053201,0.0109960499626,0.143945055336,0.0252660047685,0.102238354507,0.117291199601,0.0341268993986,0.114337568058,0.00633429415323,0.00288245969894,0.00341624853208,0.031635884844,0.00629870823102,0.00871855094125,0.000284687377673,0.00359417814313
0.00401887122139,0.00576620653503,0.0054167394723,0.0331993709593,0.0270836973615,0.0330246374279,0.0244626943911,0.00559147300367,0.0059409400664,0.0150270836974,0.0531189935349,0.0262100297047,0.0120566136642,0.0305783679888,0.00366940415866,0.0029704700332,0.0160754848855,0.0331993709593,0.0323257033025,0.0319762362397,0.0199196225756,0.0274331644243,0.00786300891141,0.00926087716233,0.115498864232,0.014852350166,0.110256858291,0.0906867027783,0.0330246374279,0.119517735453,0.00471780534685,0.00227153590774,0.00227153590774,0.0248121614538,0.00629040712913,0.00646514066049,0.000524200594094,0.00262100297047
0.00121083699107,0.00269411230513,0.00438928409263,0.0204934160739,0.0171333434236,0.0423792946875,0.0369305282276,0.00553957923415,0.0110791584683,0.00623581050401,0.0196458301801,0.0144997729681,0.0200393522022,0.0125624337824,0.00187679733616,0.00541849553504,0.0212199182685,0.0467988497049,0.048948085364,0.0219161495384,0.0106250945966,0.0429544422582,0.00544876645982,0.011260784017,0.0898743756622,0.0173755108219,0.123051309217,0.0837293779325,0.0359013167852,0.168942031179,0.00753746026941,0.00384440744665,0.00457090964129,0.0226729226578,0.00435901316785,0.00411684576964,9.08127743303e-05,0.00263357045558
0.00114973993978,0.00339447029838,0.00224473035861,0.0171913495757,0.0190528332877,0.0196550780181,0.0160963591569,0.00306597317273,0.00372296742404,0.00952641664385,0.0251300301122,0.0116616479606,0.00717218724336,0.0106214070627,0.00147823706543,0.00208048179578,0.00914316999726,0.0186695866411,0.0191075828087,0.040350396934,0.00886942239255,0.0208048179578,0.00432521215439,0.00629619490829,0.144483985765,0.0257322748426,0.0884752258418,0.122200930742,0.0510265535177,0.184779633178,0.0101834108952,0.00454421023816,0.00465370928004,0.0535997810019,0.0111689022721,0.01220914317,0.000218998083767,0.0059129482617
0.00101253005949,0.00240475889128,0.00189849386154,0.0164536134666,0.0178458422984,0.0205037337046,0.0216428300215,0.00468295152512,0.00594861409948,0.00860650550563,0.0191115048728,0.0143019870902,0.0088596380205,0.0121503607138,0.00101253005949,0.00278445766359,0.0124034932287,0.0146816858625,0.0191115048728,0.0216428300215,0.0070877104164,0.0312618655866,0.00417668649538,0.00721427667384,0.109226680167,0.0164536134666,0.0927730667004,0.144412099734,0.0439184913302,0.21275787875,0.0159473484369,0.00645487912922,0.00329072269333,0.0451841539046,0.0129097582584,0.0111378306543,0.000632831287179,0.00810024047589
0.00123014199353,0.00249543090117,0.00337410375369,0.0117742162238,0.0119499507943,0.023337550963,0.0210178546324,0.00330380992549,0.00586953465486,0.00548291859975,0.016378461971,0.0121256853648,0.012898917475,0.0124771545058,0.00144102347814,0.00340925066779,0.014972585407,0.0225994657669,0.0336004498805,0.0163081681428,0.00727541121889,0.0282229720231,0.0035849852383,0.00797834950091,0.0776746801631,0.0145508224378,0.120097005483,0.105229860818,0.0430549697737,0.261457893997,0.0183818360748,0.00832981864192,0.0074511457894,0.0365879375791,0.00998172360467,0.00766202727401,0.000316322226908,0.00611556305356
0.00294767870302,0.0033161385409,0.00257921886514,0.0162122328666,0.0066322770818,0.0313190862196,0.0254237288136,0.00110537951363,0.00442151805453,0.00368459837878,0.021002210759,0.0143699336772,0.0117907148121,0.0202652910833,0.00184229918939,0.00221075902727,0.0143699336772,0.0136330140015,0.0176860722181,0.021002210759,0.0140014738394,0.0235814296242,0.00147383935151,0.00478997789241,0.0611643330877,0.00700073691968,0.0619012527634,0.0696389093589,0.021002210759,0.249078850405,0.0423728813559,0.0213706705969,0.033161385409,0.0759027266028,0.0291083271923,0.0280029476787,0.0,0.0206337509211
0.00530888030888,0.00241312741313,0.00337837837838,0.0120656370656,0.00723938223938,0.042471042471,0.0410231660232,0.00144787644788,0.011583011583,0.003861003861,0.019305019305,0.0202702702703,0.0125482625483,0.0149613899614,0.00337837837838,0.00579150579151,0.0183397683398,0.0439189189189,0.0294401544402,0.00965250965251,0.00482625482625,0.0159266409266,0.00482625482625,0.0168918918919,0.0400579150579,0.00675675675676,0.103281853282,0.0723938223938,0.0255791505792,0.242277992278,0.0260617760618,0.0168918918919,0.0125482625483,0.0511583011583,0.011583011583,0.0226833976834,0.00241312741313,0.015444015444
0.00235136042996,0.00436681222707,0.00302317769567,0.0167954316426,0.0127645280484,0.0497144776621,0.0450117568021,0.00134363453141,0.0083977158213,0.009069533087,0.020490426604,0.0131004366812,0.0171313402754,0.0147799798455,0.00201545179711,0.00369499496137,0.020490426604,0.0416526704736,0.0349344978166,0.0201545179711,0.00671817265704,0.0127645280484,0.00369499496137,0.00638226402419,0.0483708431307,0.00571044675848,0.0735639905946,0.0685253611018,0.0335908632852,0.185421565334,0.0305676855895,0.0100772589856,0.0188108834397,0.0577762848505,0.0251931474639,0.0423244877393,0.00638226402419,0.0228417870339
0.00181356546971,0.00314351348084,0.00302260911619,0.0183774634264,0.0204328376254,0.019223793979,0.0174102285092,0.00435255712731,0.00314351348084,0.00773787933744,0.0258735340346,0.0152339499456,0.00701245314956,0.0135412888405,0.00181356546971,0.00278080038689,0.0099141579011,0.0154757586749,0.016805706686,0.0264780558578,0.00713335751421,0.021279168178,0.0048361745859,0.00604521823238,0.0979325353645,0.0155966630395,0.0691572965784,0.152460403821,0.0443719018257,0.17506952001,0.0220045943659,0.00689154878491,0.0099141579011,0.0611776085117,0.0220045943659,0.0328859871841,0.000604521823238,0.0170475154153
0.001100513573,0.00293470286134,0.000733675715334,0.014306676449,0.0157740278797,0.0146735143067,0.012105649303,0.00293470286134,0.00256786500367,0.00917094644167,0.0216434336023,0.00880410858401,0.00476889214967,0.00917094644167,0.004402054292,0.002201027146,0.0113719735877,0.0135730007337,0.015407190022,0.027512839325,0.00953778429934,0.0172413793103,0.00183418928833,0.00880410858401,0.0799706529714,0.0146735143067,0.0553925165077,0.133162142333,0.0487894350697,0.18708730741,0.0278796771827,0.0135730007337,0.0201760821717,0.0994130594277,0.015407190022,0.046221570066,0.0,0.0256786500367
0.00174155346569,0.00243817485197,0.00104493207941,0.0208986415883,0.035179380007,0.0240334378265,0.0184604667363,0.00348310693138,0.00278648554511,0.0090560780216,0.032741205155,0.0160222918844,0.00835945663532,0.0104493207941,0.00174155346569,0.0045280390108,0.00975269940787,0.0198537095089,0.0107976314873,0.0275165447579,0.010101010101,0.0107976314873,0.00174155346569,0.00835945663532,0.0822013235806,0.0142807384187,0.0560780215953,0.127830024382,0.0411006617903,0.123650296064,0.0188087774295,0.0149773598049,0.0282131661442,0.117032392894,0.0313479623824,0.0299547196099,0.000696621386277,0.0219435736677
0.0,0.0,0.0051724137931,0.0172413793103,0.0103448275862,0.0206896551724,0.0103448275862,0.00344827586207,0.00689655172414,0.0051724137931,0.0793103448276,0.0275862068966,0.00172413793103,0.0344827586207,0.0051724137931,0.00344827586207,0.0275862068966,0.0310344827586,0.00344827586207,0.0275862068966,0.0258620689655,0.0206896551724,0.00172413793103,0.0155172413793,0.0862068965517,0.0155172413793,0.0568965517241,0.101724137931,0.0293103448276,0.175862068966,0.0258620689655,0.00172413793103,0.00689655172414,0.0706896551724,0.0172413793103,0.00689655172414,0.0103448275862,0.0103448275862
0.000981354268891,0.00392541707556,0.00196270853778,0.0157016683023,0.0137389597645,0.0235525024534,0.0279685966634,0.00588812561335,0.00637880274779,0.0103042198234,0.0392541707556,0.0166830225711,0.00834151128557,0.0201177625123,0.00343473994112,0.00392541707556,0.0201177625123,0.0107948969578,0.0166830225711,0.0210991167812,0.0107948969578,0.0210991167812,0.00392541707556,0.00785083415113,0.0868498527969,0.0122669283611,0.0588812561335,0.108930323847,0.0250245338567,0.152600588813,0.0250245338567,0.0112855740922,0.0215897939156,0.0907752698724,0.031894013739,0.036310107949,0.00343473994112,0.0206084396467
