0.287968441815,0.270216962525,0.0670611439842,0.140039447732,0.0453648915187,0.0374753451677,0.0177514792899,0.00591715976331,0.0,0.00197238658777,0.0157790927022,0.00788954635108,0.00788954635108,0.0,0.0,0.0,0.00394477317554,0.00394477317554,0.0,0.0216962524655,0.0,0.00197238658777,0.0,0.0,0.0216962524655,0.00394477317554,0.0118343195266,0.00394477317554,0.00394477317554,0.00591715976331,0.0,0.0,0.0,0.00394477317554,0.00197238658777,0.00591715976331,0.0,0.0
0.0368453736286,0.227696129166,0.114469054026,0.3125646864,0.0558890498862,0.0784516663217,0.0260815566135,0.00289795073484,0.00351894017802,0.00620989443179,0.0184226868143,0.013868764231,0.00331194369696,0.00476091906438,0.000620989443179,0.000827985924239,0.00434692610226,0.0041399296212,0.00289795073484,0.0122127923825,0.00434692610226,0.00538190850756,0.0,0.0020699648106,0.0109708134962,0.00227696129166,0.010349824053,0.0149037466363,0.00372593665908,0.0120057959015,0.00041399296212,0.00020699648106,0.00020699648106,0.00186296832954,0.000620989443179,0.00041399296212,0.0,0.00020699648106
0.0214477211796,0.176273458445,0.285522788204,0.0958445040214,0.0140750670241,0.24028150134,0.0435656836461,0.00435656836461,0.0063672922252,0.00435656836461,0.00971849865952,0.00603217158177,0.00670241286863,0.00469168900804,0.0,0.000670241286863,0.00502680965147,0.00368632707775,0.00435656836461,0.00603217158177,0.00134048257373,0.00368632707775,0.000335120643432,0.00167560321716,0.0100536193029,0.00167560321716,0.014745308311,0.0063672922252,0.00201072386059,0.0167560321716,0.00100536193029,0.0,0.000670241286863,0.000670241286863,0.0,0.0,0.0,0.0
0.0131510536135,0.0803131785791,0.0291769887146,0.338349084014,0.134354833777,0.144080496682,0.0530935559837,0.00620852065939,0.00617793681377,0.00837997369789,0.0284429764199,0.0233660580481,0.00926690522066,0.00856347677157,0.000611676912255,0.00290546533321,0.00654494296113,0.00443465761385,0.00636143988745,0.0134874759152,0.00458757684191,0.00703428449093,0.00162094381748,0.00201853381044,0.0176774627642,0.00259962687708,0.0127534636205,0.0115912774872,0.00330305532618,0.0129369666942,0.000734012294706,0.00033642230174,0.000367006147353,0.00315013609811,0.000367006147353,0.00125393767012,6.11676912255e-05,0.00033642230174
0.00733456481582,0.0227643159839,0.00983374986417,0.237639900033,0.114201890688,0.0844289905466,0.0733456481582,0.016733673802,0.0114093230468,0.0202108008258,0.068890579159,0.0484624578942,0.0166793436923,0.0194501792894,0.00309681625557,0.00896446810823,0.0161903727046,0.00988807997392,0.0109746821689,0.0280343366294,0.012006954254,0.0201021406063,0.00342279691405,0.00521569053569,0.0342279691405,0.00450939910899,0.0242312289471,0.0227643159839,0.00798652613278,0.0227643159839,0.00184722373139,0.000760621536456,0.000869281755949,0.00619363251114,0.00124959252418,0.00217320438987,0.0,0.00114093230468
0.00373690053887,0.0182512388638,0.0400227463511,0.122749059005,0.0529394243007,0.317690703783,0.171518318936,0.012943756939,0.0187657396626,0.00324947872945,0.0148392861978,0.0181158439167,0.0236670367462,0.00999214709307,0.00121855452355,0.00311408378239,0.0174388691814,0.0104795689025,0.0144872593355,0.00560535080831,0.00406184841182,0.0131333098649,0.00227463511062,0.00460342820006,0.0133770207696,0.0020038452165,0.0262395407403,0.0122397032143,0.00549703485066,0.025562566005,0.00129979149178,0.000758211703539,0.00129979149178,0.00427848032711,0.000812369682363,0.00105608058707,2.70789894121e-05,0.000649895745891
0.00308852693521,0.00981826457297,0.0143697779512,0.0808543840827,0.0607952144088,0.26301245164,0.165740108586,0.0212295588283,0.0252934100588,0.00263337559739,0.0168080886895,0.0268539289314,0.0383627556162,0.0105660131994,0.00182060535128,0.00533177281446,0.0341363503365,0.0177183913651,0.0228225885107,0.00721739978543,0.00744497545434,0.02087193992,0.0022757566891,0.0056568809129,0.0188887805195,0.00386878637147,0.0396306772002,0.0164504697812,0.007932637602,0.033193536851,0.0016905621119,0.00113787834455,0.00188562697097,0.00572190253259,0.00172307292175,0.00204818102019,0.000162554049221,0.000942813485484
0.00203491485488,0.00524793830995,0.00878226411053,0.076898361358,0.0574060190639,0.150905001607,0.119738674092,0.00985327192889,0.015636714148,0.00556924065546,0.0376994752062,0.0291314126593,0.0282746064046,0.0222769626218,0.00385562814609,0.0189568383849,0.0520509799722,0.0314876298597,0.0444468244618,0.0147799078933,0.0103887758381,0.0279533040591,0.00760415551034,0.0148870086752,0.036521366606,0.00846096176502,0.0602977401735,0.0246331798222,0.0132804969476,0.0339509478419,0.00374852736425,0.00278462032773,0.00353432580058,0.0089964656742,0.00246331798222,0.00342722501874,0.000214201563671,0.00182071329121
0.00409982174688,0.00499108734403,0.0108734402852,0.0452762923351,0.0513368983957,0.222994652406,0.22192513369,0.00909090909091,0.0208556149733,0.00516934046346,0.0231729055258,0.0258467023173,0.0322638146168,0.0146167557932,0.0017825311943,0.00713012477718,0.0376114081996,0.0338680926916,0.0408199643494,0.00641711229947,0.00623885918004,0.0158645276292,0.00320855614973,0.00606060606061,0.0171122994652,0.00427807486631,0.0541889483066,0.0139037433155,0.00766488413547,0.0392156862745,0.000891265597148,0.00142602495544,0.00196078431373,0.00338680926916,0.000534759358289,0.00320855614973,0.0,0.000713012477718
0.00549867273417,0.0189609404626,0.0092908608267,0.120781190747,0.116040955631,0.0379218809253,0.0274933636708,0.00834281380356,0.00720515737581,0.0320439893819,0.07868790292,0.0475919605612,0.0130830489192,0.0183921122488,0.00379218809253,0.00758437618506,0.0178232840349,0.0178232840349,0.0134622677285,0.0510049298445,0.0244596131968,0.0352673492605,0.00701554797118,0.0100492984452,0.0821008722033,0.0108077360637,0.0411452408039,0.0460750853242,0.0136518771331,0.0437997724687,0.00265453166477,0.000189609404626,0.0028441410694,0.0168752370118,0.00379218809253,0.00511945392491,0.0,0.00132726583239
0.00645934607445,0.0108543650529,0.00559366051808,0.0922953985483,0.0932276753013,0.0472797496171,0.0375574349071,0.0113205034294,0.0109209562496,0.0316974096025,0.0674568822002,0.0402876739695,0.0186455350603,0.0219085036958,0.00546047812479,0.0142505160818,0.0269028434441,0.0212425917294,0.0163814343744,0.0519411333822,0.0185789438636,0.0648598255311,0.00732503163082,0.014583472065,0.0779782912699,0.0127855097556,0.043550642605,0.0443497369648,0.0105880002664,0.043550642605,0.00326296863555,0.00146500632616,0.00173137111274,0.0137177865086,0.00239728307918,0.00446161017513,0.000133182393288,0.00299660384897
0.00491459394666,0.00695235241235,0.00467485765658,0.0896613724903,0.0969733293377,0.0816901408451,0.0718609529518,0.0128258915193,0.0168414743782,0.0181000899011,0.0604135451004,0.0239136949356,0.0209169913096,0.0322445310159,0.00341624213365,0.0194785735691,0.0281690140845,0.0220557386874,0.0228948157027,0.0276895415043,0.0225951453401,0.0586754569973,0.00916991309559,0.0146239136949,0.0462691039856,0.0106083308361,0.05184297273,0.0392568175007,0.0119268804315,0.0402756967336,0.00257716511837,0.00125861552292,0.00347617620617,0.0130656278094,0.00281690140845,0.00323643991609,0.000299670362601,0.00233742882829
0.00214751796481,0.00594697282564,0.00792929710085,0.0486495415875,0.0460890393987,0.156521020897,0.141075410919,0.0101594119105,0.0188320806145,0.00644255389444,0.0316345915586,0.0261831998018,0.025274634509,0.0171801437185,0.00223011480961,0.00801189394565,0.0322127694722,0.0361774180226,0.05591806393,0.0101594119105,0.00859007185925,0.0280003303874,0.00726852234245,0.0104072024449,0.0315519947138,0.00784670025605,0.0903609482118,0.0262657966466,0.0138762699265,0.0631039894276,0.00247790534402,0.00132154951681,0.00297348641282,0.00834228132485,0.00247790534402,0.00388205170562,0.0,0.00247790534402
0.00227634873663,0.0076257682677,0.00443888003642,0.0649897564307,0.0684042795356,0.0637377646255,0.0648759389939,0.0158206237196,0.0176417027089,0.0225358524926,0.0426815388117,0.0489414978375,0.0274300022763,0.0235602094241,0.00204871386296,0.012178465741,0.035738675165,0.0225358524926,0.0278852720237,0.0299339858866,0.0207147735033,0.0740951513772,0.00773958570453,0.0174140678352,0.057363988163,0.0133166401093,0.0621443205099,0.039836102891,0.0151377190986,0.0538356476212,0.00261780104712,0.00193489642613,0.00295925335761,0.0139995447303,0.00318688823128,0.00489414978375,0.0,0.00352834054177
0.0012353304509,0.00494132180358,0.00370599135269,0.0580605311921,0.0389129092032,0.0654725138975,0.0611488573193,0.0166769610871,0.0259419394688,0.0142063001853,0.0525015441631,0.0333539221742,0.0240889437925,0.0302655960469,0.00741198270537,0.0135886349599,0.0259419394688,0.0339715873996,0.0321185917233,0.0308832612724,0.0240889437925,0.0630018529957,0.0154416306362,0.0370599135269,0.0444718962322,0.00864731315627,0.0914144533663,0.0395305744287,0.0172946263125,0.0500308832613,0.00308832612724,0.0012353304509,0.00308832612724,0.0172946263125,0.00432365657813,0.00308832612724,0.000617665225448,0.00185299567634
0.00239808153477,0.00551558752998,0.00887290167866,0.0412470023981,0.0505995203837,0.0988009592326,0.103117505995,0.0249400479616,0.0242206235012,0.00983213429257,0.052278177458,0.0398081534772,0.0249400479616,0.0230215827338,0.00239808153477,0.0127098321343,0.0172661870504,0.0129496402878,0.0323741007194,0.021103117506,0.0146282973621,0.0587529976019,0.00647482014388,0.0280575539568,0.0474820143885,0.0107913669065,0.08896882494,0.0378896882494,0.0151079136691,0.0541966426859,0.00239808153477,0.00167865707434,0.00263788968825,0.0131894484412,0.00407673860911,0.00383693045564,0.000479616306954,0.000959232613909
0.00117252931323,0.00519262981575,0.00561139028476,0.0345896147404,0.0413735343384,0.104941373534,0.115661641541,0.0128140703518,0.0305695142379,0.00435510887772,0.0425460636516,0.0336683417085,0.0236180904523,0.0281407035176,0.00309882747069,0.00594639865997,0.0210217755444,0.0243718592965,0.0533500837521,0.0147403685092,0.0124790619765,0.0468174204355,0.00670016750419,0.0191792294807,0.0339195979899,0.00954773869347,0.112060301508,0.0345896147404,0.012730318258,0.0797319932998,0.00402010050251,0.00217755443886,0.00293132328308,0.00804020100503,0.00242881072027,0.00376884422111,8.37520938023e-05,0.00201005025126
0.00120824449183,0.00405117270789,0.00668088130775,0.0308457711443,0.0297085998579,0.0841506751955,0.0769012082445,0.0120824449183,0.0209665955935,0.0093105899076,0.037526652452,0.0348258706468,0.0341151385928,0.0164889836532,0.00255863539446,0.0046197583511,0.0238805970149,0.0170575692964,0.0413646055437,0.0253731343284,0.0174129353234,0.0565742714996,0.00689410092395,0.0154939587775,0.0513859275053,0.0154228855721,0.130490405117,0.0524520255864,0.0162046908316,0.091329068941,0.00426439232409,0.00298507462687,0.00348258706468,0.0125088841507,0.00248756218905,0.00390902629709,0.000355366027008,0.00262970859986
0.000930468617831,0.00304517002199,0.00439857892066,0.0266452376924,0.0197090170868,0.0598037557097,0.0725765521908,0.0104889189646,0.0249534765691,0.00566739976315,0.0266452376924,0.019793605143,0.0445779055997,0.0160717306716,0.00236846557266,0.00583657587549,0.0434782608696,0.0455083742176,0.0318051091186,0.0178480798511,0.0135340889866,0.0441549653189,0.00532904753849,0.0191169006936,0.0577736423617,0.011673151751,0.14540686855,0.0450008458806,0.0260531212993,0.118677042802,0.00431399086449,0.00490610725766,0.00363728641516,0.0108272711893,0.00312975807816,0.00287599390966,0.000253764168499,0.00118423278633
0.00509262676212,0.0111447339287,0.00464978965237,0.0526238098753,0.0552070263488,0.0534356779098,0.0349841316702,0.00634733190641,0.00841390508525,0.0333603956012,0.092036312643,0.0438408738652,0.0131375009226,0.0254631338106,0.0044283710975,0.00671636283121,0.0244298472212,0.0351317440402,0.0267178389549,0.0556498634586,0.0224370802273,0.0250941028858,0.00745442468079,0.0118827957783,0.0951361724112,0.0112185401137,0.06192338918,0.0498191748469,0.0163849730607,0.0604472654808,0.00487120820725,0.00258321647354,0.00501882057716,0.0170492287254,0.00339508450808,0.00553546387187,0.000147612369917,0.00679016901616
0.00378184713376,0.0111464968153,0.00895700636943,0.0539410828025,0.0513535031847,0.0519506369427,0.0368232484076,0.0111464968153,0.00676751592357,0.03125,0.0812101910828,0.0495621019108,0.0191082802548,0.0212977707006,0.00358280254777,0.00716560509554,0.0248805732484,0.0332404458599,0.0352308917197,0.0559315286624,0.0105493630573,0.0513535031847,0.0077627388535,0.0123407643312,0.0985270700637,0.0143312101911,0.0589171974522,0.0447850318471,0.0119426751592,0.0573248407643,0.00398089171975,0.00298566878981,0.00358280254777,0.0111464968153,0.00238853503185,0.00537420382166,0.000597133757962,0.00378184713376
0.00190159258379,0.00522937960542,0.00404088424055,0.0253545677839,0.0298708501704,0.057364709611,0.0503922034704,0.00919103082165,0.00966642896759,0.0149750415973,0.0611678947785,0.0468267173758,0.017827430473,0.033436336265,0.00657634101894,0.00760637033516,0.0328024720704,0.0482529118136,0.0498375723001,0.0296331510974,0.0184612946676,0.0238491403217,0.00364471911893,0.00705173916488,0.0882655890975,0.0120434196973,0.113937088979,0.0526107281515,0.0204421202757,0.0861262974408,0.00459551541082,0.00301085492433,0.00245622375406,0.0132319150622,0.00198082560811,0.00332778702163,0.000158466048649,0.00285238887568
0.00143061516452,0.0066762041011,0.00572246065808,0.0281354315689,0.0433953266571,0.0538865045303,0.0524558893658,0.0143061516452,0.0100143061516,0.00953743443014,0.0505484024797,0.035765379113,0.0295660467334,0.0195517405818,0.00333810205055,0.00619933237959,0.0276585598474,0.0290891750119,0.0391034811636,0.0219360991893,0.0128755364807,0.0429184549356,0.0109680495947,0.0104911778732,0.0691463996185,0.0176442536958,0.137339055794,0.0720076299475,0.0252742012399,0.0786838340486,0.00619933237959,0.00190748688603,0.0066762041011,0.0147830233667,0.00238435860753,0.00143061516452,0.000476871721507,0.000476871721507
0.000961307378034,0.00312424897861,0.00336457582312,0.0300408555636,0.0247536649844,0.0507089641913,0.0350877192982,0.00745013217976,0.013698630137,0.0168228791156,0.0610430185052,0.0432588320115,0.0235520307618,0.0382119682769,0.00528719057919,0.00745013217976,0.0334054313867,0.0495073299688,0.0398942561884,0.0310021629416,0.0211487623168,0.0223503965393,0.00336457582312,0.0139389569815,0.0783465513098,0.00696947849075,0.128815188657,0.0516702715693,0.0249939918289,0.0884402787791,0.00624849795722,0.00336457582312,0.00264359528959,0.0175438596491,0.0028839221341,0.00408555635665,0.000240326844509,0.00432588320115
0.00248473661792,0.00518245066023,0.0030171801789,0.0324080647451,0.0254862984524,0.0222916370865,0.0209427800653,0.0030171801789,0.00425954848786,0.0195229305694,0.0363836433338,0.0145534573335,0.00720573619196,0.0110038335936,0.00205878176913,0.00159733068295,0.00954848786029,0.0229305693596,0.0232500354962,0.0606630697146,0.0161862842539,0.0272611103223,0.00465000709925,0.0108263524066,0.148693738464,0.0265156893369,0.108334516541,0.120864688343,0.0345023427517,0.112949027403,0.00685077381798,0.00347863126509,0.00337214255289,0.0303137867386,0.00656680391878,0.00628283401959,0.000106488712197,0.00443702967485
0.00437292286164,0.0050725905195,0.0055973412629,0.0346335490642,0.0288612908868,0.0320097953472,0.0218646143082,0.00699667657863,0.00629700892076,0.0160923561308,0.0439041455309,0.0234388665384,0.0173167745321,0.0269372048277,0.00262375371698,0.00384817211824,0.0145181039006,0.0346335490642,0.0341087983208,0.037956970439,0.0197656113346,0.0262375371698,0.00804617806542,0.00874584572328,0.112646492916,0.015392688473,0.122266923211,0.0997026412454,0.030435543117,0.108448486969,0.00629700892076,0.00209900297359,0.00227391988805,0.0244883680252,0.00367325520378,0.00594717509183,0.000349833828931,0.00209900297359
0.00104021160876,0.00297203316789,0.00332867714804,0.0206853508485,0.0158409367849,0.0403007697566,0.0383095075341,0.0060629476625,0.0100751924391,0.00594406633578,0.0172972330371,0.013790233899,0.0180105209974,0.0127797426219,0.00178321990073,0.00389336344994,0.02018010521,0.0426783962909,0.0492763099236,0.0236573840164,0.0105209974143,0.0446399381817,0.00570630368235,0.0126905816269,0.0888340713882,0.0160786994383,0.120070139983,0.0851487502601,0.0382203465391,0.185722352661,0.00677623562279,0.00318007548964,0.00502273605373,0.0193182155913,0.00386364311826,0.00356643980147,0.000178321990073,0.00255594852439
0.00127381773791,0.00228225678043,0.00191072660687,0.0191072660687,0.0175149938963,0.0201157051112,0.0147550554641,0.00291916564938,0.00424605912637,0.0111459052067,0.0230348707606,0.013322010509,0.00541372538613,0.0099251632079,0.00180457512871,0.00169842365055,0.00854519399183,0.0183642057216,0.0158696459848,0.0378960777029,0.0111459052067,0.0188949631124,0.0033968473011,0.00663446738496,0.145533676556,0.0239371583249,0.0893264688711,0.127010243618,0.0516957698636,0.189533464253,0.00907595138262,0.0039276046919,0.00498911947349,0.0541372538613,0.0114643596412,0.0107743750332,0.000371530173558,0.00700599755852
0.001322926313,0.00171980420691,0.000926048419103,0.017594919963,0.0178595052256,0.0224897473211,0.0220928694272,0.00238126736341,0.00555629051462,0.00542399788332,0.0171980420691,0.01322926313,0.00873131366583,0.00965736208493,0.00171980420691,0.00211668210081,0.0128323852361,0.0173303347004,0.0223574546898,0.0236803810028,0.00926048419103,0.0246064294219,0.00343960841381,0.00740838735282,0.105040349253,0.0158751157561,0.0870485513957,0.152401111258,0.0469638841117,0.222648498479,0.0158751157561,0.00621775367112,0.00608546103982,0.0419367641222,0.0144198968117,0.00899589892843,0.000264585262601,0.00529170525202
0.000883542325076,0.00224283820981,0.00295646854929,0.0133210996704,0.0125055221395,0.022972100452,0.0188602304007,0.00387399327149,0.00574302511299,0.00455364121385,0.017534916913,0.0112821558433,0.0110442790634,0.0135589764502,0.00152920787032,0.00305841574065,0.0141366772012,0.0208651918306,0.0307200869949,0.0158357970571,0.0076120569545,0.0259965337955,0.00356815169742,0.00825772249975,0.0716009107282,0.0131851700819,0.12192884086,0.106432867774,0.041356577293,0.27535936385,0.0185883712237,0.00818975770551,0.00784993373433,0.0368709008733,0.0102626839297,0.00751010976314,0.000305841574065,0.00764603935162
0.00472555434387,0.00290803344238,0.00327153762268,0.0141766630316,0.0112686295892,0.041439476554,0.0290803344238,0.00399854598328,0.00545256270447,0.00472555434387,0.0239912758997,0.0149036713922,0.00581606688477,0.0156306797528,0.00254452926209,0.00254452926209,0.0109051254089,0.0141766630316,0.017084696474,0.0189022173755,0.00763358778626,0.0210832424573,0.00327153762268,0.00945110868775,0.045074518357,0.0109051254089,0.0559796437659,0.0603416939295,0.0290803344238,0.258087968012,0.0418029807343,0.0261723009815,0.0290803344238,0.0806979280262,0.0210832424573,0.0203562340967,0.00254452926209,0.0298073427844
0.00602712204922,0.00200904068307,0.00251130085384,0.0175791059769,0.00703164239076,0.0356604721246,0.0311401305876,0.00502260170768,0.00652938221999,0.00602712204922,0.0185836263184,0.0110497237569,0.01958814666,0.0105474635861,0.00100452034154,0.00401808136615,0.0236062280261,0.0381717729784,0.0301356102461,0.0095429432446,0.00351582119538,0.0120542440984,0.00301356102461,0.00904068307383,0.0396785534907,0.00753390256153,0.0788548468106,0.0743345052737,0.0266197890507,0.265695630337,0.0371672526369,0.0125565042692,0.0175791059769,0.0592667001507,0.021597187343,0.0271220492215,0.00100452034154,0.0175791059769
0.000337040781935,0.00235928547354,0.00134816312774,0.0229187731716,0.0148297944051,0.046174587125,0.0384226491405,0.00269632625548,0.00943714189417,0.00303336703741,0.0165149983148,0.0171890798787,0.0097741826761,0.0077519379845,0.00269632625548,0.00303336703741,0.0192113245703,0.0377485675767,0.0326929558477,0.0198854061341,0.00640377485676,0.0117964273677,0.00303336703741,0.00943714189417,0.0556117290192,0.0117964273677,0.0778564206269,0.0660599932592,0.0262891809909,0.202224469161,0.0370744860128,0.0114593865858,0.0195483653522,0.0586450960566,0.036063363667,0.0340411189754,0.00808897876643,0.0165149983148
0.000936110461034,0.0028083313831,0.00128715188392,0.0194242920665,0.0183711677978,0.0181371401825,0.0143926983384,0.00362742803651,0.00351041422888,0.00608471799672,0.0238708167564,0.0142756845308,0.00865902176457,0.0100631874561,0.00105312426866,0.00128715188392,0.00830798034168,0.0228176924877,0.0134565878774,0.0264451205242,0.0067868008425,0.0139246431079,0.00608471799672,0.00748888368828,0.102738123099,0.0156798502223,0.0716124502691,0.159372805991,0.0510180201264,0.170606131524,0.0191902644512,0.0112333255324,0.0125204774163,0.0619003042359,0.0210624853733,0.033465948982,0.000936110461034,0.0155628364147
0.00288496213487,0.00324558240173,0.00180310133429,0.020555355211,0.0234403173458,0.0209159754778,0.0158672917418,0.00252434186801,0.00360620266859,0.00865488640462,0.0209159754778,0.0126217093401,0.00252434186801,0.0108186080058,0.00288496213487,0.000721240533718,0.00973674720519,0.00865488640462,0.0151460512081,0.0223584565453,0.00865488640462,0.0173097728092,0.00324558240173,0.00901550667147,0.0807789397764,0.0129823296069,0.0591417237649,0.135593220339,0.053732419762,0.172015867292,0.0295708618824,0.0147854309412,0.0201947349441,0.0905156869816,0.0165885322755,0.0364226469528,0.000360620266859,0.0292102416156
0.0,0.00508905852417,0.0,0.0199927299164,0.0254452926209,0.02435478008,0.0156306797528,0.00254452926209,0.00508905852417,0.013449654671,0.0352599054889,0.0109051254089,0.00654307524537,0.0116321337695,0.00254452926209,0.00109051254089,0.00617957106507,0.0163576881134,0.0138131588513,0.0385314431116,0.0130861504907,0.00872410032715,0.00181752090149,0.0105416212286,0.0977826245002,0.0156306797528,0.0588876772083,0.132679025809,0.0356234096692,0.129043984006,0.0199927299164,0.00945110868775,0.0214467466376,0.112322791712,0.0283533260632,0.0261723009815,0.00145401672119,0.0225372591785
0.0020618556701,0.0020618556701,0.00618556701031,0.0268041237113,0.0103092783505,0.0103092783505,0.020618556701,0.00412371134021,0.00618556701031,0.0144329896907,0.080412371134,0.0268041237113,0.00824742268041,0.0309278350515,0.0103092783505,0.00618556701031,0.0123711340206,0.0288659793814,0.020618556701,0.0432989690722,0.0268041237113,0.0185567010309,0.0020618556701,0.0226804123711,0.0639175257732,0.0268041237113,0.0494845360825,0.0927835051546,0.0268041237113,0.134020618557,0.00824742268041,0.0123711340206,0.0268041237113,0.0845360824742,0.0103092783505,0.0103092783505,0.00618556701031,0.00618556701031
0.00102092904543,0.00918836140888,0.0,0.0173557937723,0.0183767228178,0.0188871873405,0.0250127616131,0.00408371618173,0.00561510974987,0.00714650331802,0.0525778458397,0.0183767228178,0.00867789688617,0.0229709035222,0.00306278713629,0.00459418070444,0.0112302194997,0.0204185809086,0.0127616130679,0.0311383358857,0.014293006636,0.0158244002042,0.00357325165901,0.0117406840225,0.0704441041348,0.00867789688617,0.0535987748851,0.10158244002,0.0408371618173,0.141398672792,0.0234813680449,0.010719754977,0.0188871873405,0.0929045431343,0.0342011230219,0.0326697294538,0.0102092904543,0.0224604389995
