0.370892018779,0.25117370892,0.056338028169,0.0892018779343,0.0328638497653,0.0399061032864,0.0164319248826,0.00234741784038,0.0,0.00234741784038,0.0258215962441,0.00234741784038,0.00469483568075,0.00469483568075,0.0,0.0,0.0,0.00469483568075,0.0093896713615,0.0117370892019,0.0,0.0093896713615,0.0,0.00234741784038,0.0164319248826,0.00704225352113,0.0093896713615,0.0093896713615,0.00469483568075,0.00469483568075,0.00234741784038,0.0,0.0,0.0,0.00234741784038,0.0,0.0,0.00704225352113
0.0337436332767,0.230899830221,0.123514431239,0.277801358234,0.0606960950764,0.088285229202,0.0290747028862,0.00466893039049,0.00191001697793,0.00764006791171,0.0144312393888,0.0169779286927,0.0061544991511,0.00424448217317,0.00106112054329,0.00148556876061,0.0036078098472,0.0036078098472,0.00382003395586,0.0116723259762,0.00573005093379,0.00636672325976,0.00233446519525,0.00275891341256,0.0169779286927,0.00212224108659,0.0112478777589,0.00806451612903,0.00275891341256,0.0131578947368,0.000212224108659,0.0,0.000424448217317,0.00212224108659,0.0,0.0,0.000212224108659,0.000212224108659
0.0202774813234,0.156172180719,0.274991106368,0.100320170758,0.0202774813234,0.253646389185,0.051227321238,0.00391319815012,0.00498043400925,0.00320170757737,0.00960512273212,0.00782639630025,0.005691924582,0.00391319815012,0.0,0.00071149057275,0.00533617929562,0.00604766986837,0.00177872643187,0.00818214158662,0.002845962291,0.005691924582,0.0014229811455,0.00498043400925,0.00640341515475,0.00177872643187,0.008537886873,0.00889363215937,0.00249021700462,0.0163642831732,0.00106723585912,0.000355745286375,0.00071149057275,0.000355745286375,0.0,0.0,0.0,0.0
0.0155894365978,0.0771677111589,0.0288092788327,0.332086178406,0.135004520937,0.13874598572,0.0545006703458,0.0062981323855,0.00620459576591,0.00813768590403,0.03317432108,0.0228229351791,0.00897951548031,0.00841829576279,0.000561219717519,0.00364792816388,0.00748292956693,0.00520687182365,0.00689053097621,0.012752159137,0.00517569295046,0.0069840675958,0.00155894365978,0.00196426901132,0.0162753718081,0.00255666760203,0.016431266174,0.0120662239267,0.0042091478814,0.0129704112493,0.000561219717519,0.000187073239173,0.000498861971128,0.00355439154429,0.000654756337106,0.00102890281545,3.11788731955e-05,0.000810650703084
0.00840800973559,0.0247261865251,0.00990153778073,0.232381900653,0.107423387543,0.0886713131984,0.0710808717779,0.0146587011838,0.0112844341188,0.0232879743334,0.0690341851975,0.0422059962385,0.0179776523952,0.0180329682487,0.0030423719438,0.0117822768005,0.0150459121584,0.0132758048457,0.0136630158203,0.0271047682266,0.0115056975329,0.0198030755615,0.0042040048678,0.00564221705941,0.0347936718664,0.00475716340303,0.0284876645647,0.0228454475053,0.00907179997787,0.0224582365306,0.00121694877752,0.00110631707047,0.000940369509902,0.00636132315522,0.00110631707047,0.00182542316628,0.0,0.000885053656378
0.00423408013908,0.0202450719233,0.040742506239,0.123152847489,0.0486779014665,0.312452682051,0.156044079298,0.0137116899868,0.0178336090626,0.00314050977203,0.0176653674677,0.0199085887334,0.0223761321257,0.011160025797,0.00165437568348,0.00400975801251,0.0176653674677,0.0104870594173,0.0117769116451,0.00586041555674,0.0045144827973,0.0166559178981,0.0025797044556,0.0038695566834,0.0144968174298,0.00350503322771,0.0333118357962,0.012421837759,0.00701006645543,0.0282926282141,0.00134593275944,0.000869248240473,0.00106553010123,0.00445840226565,0.0010374898354,0.00134593275944,8.41207974652e-05,0.000336483189861
0.00334127299193,0.00820431388117,0.0159123991002,0.0805544528252,0.0554122006087,0.258336641524,0.15905782718,0.0189890168056,0.0249106788408,0.00317586343787,0.0220987164219,0.0247452692868,0.0379449517004,0.0134312557893,0.00201799655948,0.00615323541088,0.0337766309382,0.0195844912002,0.0216355696705,0.0068148736271,0.00688103744872,0.0223302897975,0.00294429006219,0.0059216620352,0.0206431123462,0.00479687706762,0.0440320232897,0.0175334127299,0.00893211591902,0.0351660711923,0.00185258700543,0.000959375413524,0.00191875082705,0.00549159719465,0.0017864231838,0.00155484980812,0.000297737197301,0.00086012968109
0.00220379892958,0.00913002413685,0.0113338230664,0.0724105362577,0.0548850876272,0.140413474656,0.117535942911,0.00996956658621,0.0158463637318,0.00797565326897,0.0362052681289,0.0338965263931,0.0250813306748,0.0240319026131,0.00524714030853,0.0170007345996,0.0466995487459,0.0293839857278,0.0383041242523,0.0154265925071,0.0119634799035,0.0296988141463,0.0060866827579,0.0136425648022,0.0354706684857,0.00776576765663,0.0687375380418,0.0271801867982,0.0152167068947,0.0448105782349,0.0035680554098,0.00304334137895,0.00262357015427,0.00975968097387,0.00241368454192,0.00346311260363,0.0,0.00157414209256
0.00372257053292,0.00783699059561,0.0135188087774,0.0536833855799,0.0513322884013,0.217084639498,0.206896551724,0.00960031347962,0.0170454545455,0.00391849529781,0.0258620689655,0.0262539184953,0.0323275862069,0.0162617554859,0.00235109717868,0.00431034482759,0.041144200627,0.0307601880878,0.041144200627,0.00666144200627,0.00764106583072,0.0186128526646,0.00489811912226,0.00960031347962,0.0197884012539,0.00333072100313,0.0436912225705,0.0131269592476,0.00940438871473,0.041144200627,0.00156739811912,0.00137147335423,0.000783699059561,0.00901253918495,0.00156739811912,0.00176332288401,0.0,0.000979623824451
0.00495710200191,0.0152526215443,0.0144899904671,0.124690181125,0.109437559581,0.0461391801716,0.0324118207817,0.00724499523356,0.00629170638704,0.0310772163966,0.0703527168732,0.0400381315539,0.0118207816969,0.0196377502383,0.00285986653956,0.00896091515729,0.0144899904671,0.0123927550048,0.0146806482364,0.0539561487131,0.026310772164,0.0402287893232,0.00438512869399,0.00800762631077,0.0833174451859,0.00972354623451,0.0440419447092,0.047664442326,0.0162059103908,0.0463298379409,0.00343183984747,0.00190657769304,0.00285986653956,0.0129647283127,0.00362249761678,0.00514775977121,0.0,0.00266920877026
0.00544884893066,0.0131453480452,0.0067429505517,0.0875221359488,0.101689143169,0.0497888571039,0.0392998229124,0.0111020296962,0.0108295872497,0.0304454434001,0.0608908868002,0.0388911592426,0.0185941969759,0.0207737365482,0.00476774281433,0.0134177904918,0.0236343822368,0.022476501839,0.0190709712573,0.0574172456069,0.0192071924806,0.0613676610816,0.00640239749353,0.0134859011034,0.0708350360986,0.0131453480452,0.0446805612314,0.046247105299,0.0107614766381,0.0510148481133,0.0024519820188,0.00211142896063,0.00115788039777,0.0123961313173,0.00299686691186,0.0032693093584,0.0002043318349,0.00231576079553
0.00298894653733,0.00766974960523,0.00552673133318,0.0889352582901,0.0983532596436,0.0759643582224,0.0675614707873,0.0111098578841,0.0172005413941,0.0169749605233,0.0618091585834,0.0231220392511,0.0222197157681,0.0344574780059,0.0046808030679,0.0173697270471,0.0255470336115,0.0244755244755,0.0243063388225,0.0260545905707,0.0243627340402,0.0615271824949,0.00851567787052,0.0128017144146,0.0469208211144,0.00772614482292,0.0521091811414,0.0384615384615,0.0142679900744,0.0453981502369,0.00225580870742,0.00174825174825,0.00327092262576,0.0148319422513,0.00383487480262,0.00372208436725,5.63952176855e-05,0.00186104218362
0.00195614964545,0.00668351128861,0.00888417963974,0.05208248431,0.0471921101964,0.145162604939,0.133588719537,0.00749857364088,0.0148341348113,0.00709104246475,0.0342326187953,0.0262450077431,0.0223327084522,0.0195614964545,0.00317874317385,0.00790610481702,0.0316244192681,0.034477137501,0.053142065368,0.0127964789306,0.00953622952156,0.0346401499715,0.00489037411362,0.0139375662238,0.0317059255033,0.00790610481702,0.0929171081588,0.0286901947999,0.0123889477545,0.0669166191214,0.00309723693863,0.00195614964545,0.00326024940908,0.00798761105225,0.00260819952726,0.00448284293748,8.1506235227e-05,0.00252669329204
0.00207828195359,0.00646576607782,0.00392564369011,0.0734326290267,0.0651195012123,0.0689296847939,0.0576145941577,0.014317053458,0.0157025747604,0.0174344763884,0.0462995035215,0.0420274795058,0.0288650271331,0.0172035561713,0.00484932455837,0.0147788938922,0.0357926336451,0.0280568063734,0.0304814686526,0.0360235538621,0.0197436785591,0.070892506639,0.0100450294423,0.0165107955201,0.0559981526383,0.010622329985,0.0610783974137,0.0437593811338,0.0132779124812,0.0529961898164,0.00392564369011,0.00196282184505,0.00346380325598,0.0153561944348,0.00300196282185,0.00450294423277,0.000230920217065,0.00323288303891
0.00126582278481,0.00632911392405,0.00506329113924,0.0601265822785,0.0518987341772,0.0854430379747,0.0658227848101,0.0120253164557,0.0113924050633,0.0145569620253,0.05,0.0215189873418,0.0151898734177,0.026582278481,0.00949367088608,0.0151898734177,0.0341772151899,0.0208860759494,0.0354430379747,0.0360759493671,0.0303797468354,0.0613924050633,0.0139240506329,0.0253164556962,0.0386075949367,0.0101265822785,0.079746835443,0.0367088607595,0.0215189873418,0.0721518987342,0.00506329113924,0.00443037974684,0.00443037974684,0.0101265822785,0.00443037974684,0.00253164556962,0.0,0.000632911392405
0.000726568176314,0.00411721966578,0.00920319689998,0.0498910147736,0.0489222572051,0.116008718818,0.0806490675708,0.0244611286026,0.0222814240736,0.0130782271736,0.0544926132235,0.0329377573262,0.0322111891499,0.0242189392105,0.00266408331315,0.00968757568419,0.0198595301526,0.0167110680552,0.0399612496973,0.0169532574473,0.0184063938,0.0576410753209,0.00605473480262,0.0251876967789,0.0445628481473,0.0101719544684,0.087914749334,0.037054976992,0.0184063938,0.0448050375394,0.00363284088157,0.00339065148946,0.00242189392105,0.0118672802131,0.00169532574473,0.00387503027367,0.000726568176314,0.00314846209736
0.00116472545757,0.00415973377704,0.00682196339434,0.0394342762063,0.0401830282862,0.102412645591,0.108153078203,0.0120632279534,0.028618968386,0.00607321131448,0.0513311148087,0.0322795341098,0.0273710482529,0.0312811980033,0.00324459234609,0.00490848585691,0.0207986688852,0.0242096505824,0.0543261231281,0.0123960066556,0.0120632279534,0.0503327787022,0.00599001663894,0.0148086522463,0.0383527454243,0.00931780366057,0.107321131448,0.0360232945092,0.0147254575707,0.0734608985025,0.00324459234609,0.00191347753744,0.00316139767055,0.0105657237937,0.00282861896839,0.00282861896839,0.0,0.0018302828619
0.00114565034751,0.00542274497823,0.00664477201558,0.0319254563507,0.0283357519285,0.0799663942565,0.0746964026579,0.011991140304,0.0228366302604,0.00855418926144,0.0403268922325,0.0305506759337,0.0386466050561,0.0172611319025,0.00259680745436,0.00481173145956,0.0220728633621,0.0190941724586,0.0420835560987,0.0236003971588,0.0193996792179,0.0610249751776,0.00427709463072,0.0154280913465,0.052547162606,0.0130604139617,0.12915298251,0.0481173145956,0.0198579393569,0.0891315970366,0.00442984801039,0.00381883449171,0.00381883449171,0.0121438936836,0.00336057435271,0.00526999159856,0.000305506759337,0.00229130069503
0.00164758217316,0.0035423016723,0.00502512562814,0.0274322431831,0.0225718757723,0.0687041766208,0.069610346816,0.00832028997446,0.0227366339896,0.00469560919351,0.0238075624022,0.0185352994481,0.0396243512645,0.0179586456875,0.00271851058572,0.00535464206277,0.0430018947195,0.0447318560013,0.0339401927671,0.022159980229,0.0157344097537,0.0493450860862,0.00453085097619,0.0155696515364,0.0502512562814,0.0102973885823,0.132959881374,0.0518164593459,0.0217480846857,0.12949995881,0.00675508690996,0.00271851058572,0.0041189554329,0.0105445259082,0.00337754345498,0.00181234039048,0.0,0.00280088969437
0.00496296861877,0.00893334351378,0.00626097579598,0.0484080323738,0.0548217148965,0.0519202870886,0.0368786745056,0.00679544933954,0.0073299228831,0.0290906314423,0.0918530961289,0.0436741238452,0.0135908986791,0.0264946170879,0.00343590135145,0.00641368252272,0.0254256700008,0.0402382224937,0.0271817973582,0.0584866763381,0.0245094296404,0.0222951821028,0.00809345651676,0.0151179659464,0.0883408414141,0.0118347713217,0.0672673131251,0.0529892341758,0.0153470260365,0.0596319767886,0.00503932198213,0.00374131480492,0.00389402153165,0.013361838589,0.00290142780789,0.00763533633657,0.000381766816828,0.00542108879896
0.00687007476258,0.0105071731663,0.00969892907658,0.0575873913922,0.0600121236613,0.0456657910689,0.0444534249343,0.00949686805415,0.00990099009901,0.0305112143867,0.0731460901192,0.0408163265306,0.0171751869064,0.021216407355,0.00545564760558,0.0101030511214,0.0309153364316,0.0361689230148,0.032531824611,0.0622347949081,0.0121236613457,0.048090523338,0.00727419680744,0.0131339664579,0.0769852495454,0.0171751869064,0.0616286118408,0.0420286926652,0.00990099009901,0.0648615881996,0.00404122044858,0.002828854314,0.002828854314,0.0109112952112,0.00202061022429,0.00444534249343,0.000202061022429,0.00505152556072
0.00298218747481,0.00652857258,0.00459418070444,0.0262754896429,0.0310308696703,0.0575481582977,0.04570000806,0.0101555573467,0.0108809543,0.0187797211252,0.0610945434029,0.0447328121222,0.0178931248489,0.0336906584992,0.00612557427259,0.00822116547111,0.0331264608689,0.0438462158459,0.0531957765777,0.0324010639155,0.0181349238333,0.0240992987829,0.00443298138148,0.00612557427259,0.078020472314,0.0121705488837,0.114209720319,0.0538405738696,0.0198275167244,0.0786652696059,0.00467478036592,0.00427178205852,0.00394938341259,0.015394535343,0.00298218747481,0.0047553800274,0.0,0.0056419763037
0.000455580865604,0.00455580865604,0.00455580865604,0.0186788154897,0.0209567198178,0.0578587699317,0.0446469248292,0.0141230068337,0.0109339407745,0.00546697038724,0.0574031890661,0.0419134396355,0.0318906605923,0.0246013667426,0.00455580865604,0.00501138952164,0.0300683371298,0.0314350797267,0.0391799544419,0.0259681093394,0.0214123006834,0.0455580865604,0.00774487471526,0.0100227790433,0.0765375854214,0.0141230068337,0.146241457859,0.0656036446469,0.0291571753986,0.0719817767654,0.00637813211845,0.00318906605923,0.00546697038724,0.0154897494305,0.00364464692483,0.00136674259681,0.0,0.00182232346241
0.000949442202706,0.00522193211488,0.00474721101353,0.0282459055305,0.0310942321386,0.0519819605981,0.0398765725136,0.00901970092571,0.00593401376691,0.0118680275338,0.0545929266556,0.0356040826015,0.0258723000237,0.0318063137906,0.00617137431759,0.0109185853311,0.0313315926893,0.0507951578448,0.0332304770947,0.0270591027771,0.0230239734156,0.0230239734156,0.0040351293615,0.00925706147638,0.0773795395205,0.0106812247804,0.135532874436,0.0583906954664,0.0265843816758,0.0911464514598,0.00688345596962,0.00308568715879,0.00450985046285,0.0182767624021,0.00308568715879,0.00356040826015,0.0,0.00522193211488
0.00300310786744,0.0049935398261,0.00433006250655,0.0337675035793,0.0270978105248,0.0234312253378,0.0199392394455,0.00356182561022,0.004120543353,0.0189964032545,0.0394245207249,0.0154694975032,0.00712365122045,0.0118727520341,0.00129203478018,0.00160631351049,0.0083807661417,0.0254914970144,0.0258057757447,0.0631700247931,0.0188916436778,0.0298564793798,0.0049935398261,0.0101616789468,0.14470789538,0.0255613367322,0.106819848448,0.116597408946,0.03114851416,0.110695952788,0.00551733770996,0.00328246673883,0.00317770716206,0.0291580822013,0.00548241785103,0.00663477319552,0.000104759576771,0.00433006250655
0.00293914246196,0.00708852005533,0.00380359612725,0.0325034578147,0.0245504840941,0.0378630705394,0.030428769018,0.00622406639004,0.0063969571231,0.015387275242,0.0551521438451,0.0179806362379,0.0129668049793,0.0236860304288,0.00311203319502,0.00328492392808,0.015214384509,0.03959197787,0.0312932226833,0.0368257261411,0.0224757952974,0.0191908713693,0.00570539419087,0.00691562932227,0.121196403873,0.0150414937759,0.112897648686,0.0954356846473,0.0300829875519,0.109785615491,0.0063969571231,0.00293914246196,0.00311203319502,0.0292185338866,0.00328492392808,0.0076071922545,0.000345781466113,0.00207468879668
0.00167946257198,0.00335892514395,0.00491842610365,0.0215930902111,0.0188639635317,0.0438159788868,0.040966890595,0.00572816698656,0.0103466890595,0.00635796545106,0.0209932821497,0.0151451535509,0.0174844049904,0.012266074856,0.00197936660269,0.00296904990403,0.0228526871401,0.0445057581574,0.0515535028791,0.0218929942418,0.0118462092131,0.0478346928983,0.00497840690979,0.0119361804223,0.0884416986564,0.0144553742802,0.11894193858,0.0788747600768,0.0317598368522,0.175593809981,0.00716770633397,0.00353886756238,0.0043486084453,0.018564059501,0.00470849328215,0.00422864683301,5.9980806142e-05,0.00344889635317
0.00211774671749,0.00285895806861,0.00264718339687,0.0190597204574,0.0198538754765,0.021124523507,0.0182655654384,0.00349428208386,0.00360016941974,0.00995340957222,0.0294366793731,0.0127594239729,0.00545319779754,0.0110652265989,0.00116476069462,0.00243540872512,0.00746505717916,0.0162537060568,0.0205421431597,0.0395489199492,0.0116476069462,0.0205950868276,0.00296484540449,0.00630029648454,0.130982634477,0.0214951291825,0.0953515459551,0.126217704363,0.047331639136,0.186785260483,0.0120182126218,0.00497670478611,0.00450021177467,0.0502435408725,0.0105357899195,0.0132359169843,0.000158831003812,0.00555908513342
0.00169050715215,0.0037711313394,0.00143042912874,0.0156046814044,0.0171651495449,0.0191157347204,0.0231469440832,0.00403120936281,0.00572171651495,0.0074122236671,0.024577373212,0.0136540962289,0.00988296488947,0.0154746423927,0.00130039011704,0.00247074122237,0.0113133940182,0.0158647594278,0.0217165149545,0.0198959687906,0.0114434330299,0.0270481144343,0.00351105331599,0.00923276983095,0.107412223667,0.0154746423927,0.0936280884265,0.134070221066,0.0404421326398,0.222366710013,0.0114434330299,0.00533159947984,0.00676202860858,0.0462938881664,0.0117035110533,0.011833550065,0.000260078023407,0.00650195058518
0.000899373897402,0.00287107821094,0.00318239994465,0.0119339997925,0.0121415476149,0.0236604517624,0.0208239648552,0.00283648690719,0.00601888685185,0.00567297381438,0.0204088692103,0.0130409215123,0.011311356325,0.0126604171711,0.00162579127607,0.00338994776713,0.0125566432599,0.0227264865613,0.0308900342454,0.0174340170881,0.00774845203916,0.0270849908333,0.00349372167837,0.00771386073541,0.0723650074371,0.0116572693625,0.12345636307,0.103497180809,0.0411290601543,0.266802725795,0.0198554083503,0.00972015635269,0.00933965201148,0.036666781971,0.00933965201148,0.00650316510429,0.000484278252447,0.00705662596423
0.00414221608561,0.0013807386952,0.0020711080428,0.0110459095616,0.0134622022782,0.032792544011,0.0248532965136,0.001725923369,0.00759406282361,0.00621332412841,0.0279599585778,0.013807386952,0.00621332412841,0.0176044183638,0.001725923369,0.0020711080428,0.0134622022782,0.0165688643424,0.01725923369,0.0196755264066,0.01725923369,0.0248532965136,0.0013807386952,0.00690369347601,0.0479806696583,0.00724887814981,0.0645495340007,0.0680013807387,0.031066620642,0.250604073179,0.0438384535727,0.0231273731446,0.032792544011,0.0583362098723,0.0196755264066,0.0303762512944,0.001725923369,0.0286503279254
0.00835945663532,0.00470219435737,0.00417972831766,0.0146290491118,0.0120167189133,0.0506792058516,0.0334378265413,0.0,0.00888192267503,0.00261233019854,0.0203761755486,0.00940438871473,0.0135841170324,0.0120167189133,0.00313479623824,0.00365726227795,0.0203761755486,0.0449320794148,0.0151515151515,0.0151515151515,0.0073145245559,0.0135841170324,0.00313479623824,0.00835945663532,0.0449320794148,0.00470219435737,0.0961337513062,0.0579937304075,0.0282131661442,0.257575757576,0.0313479623824,0.0161964472309,0.025078369906,0.0470219435737,0.0172413793103,0.030303030303,0.00156739811912,0.0120167189133
0.00300500834725,0.00400667779633,0.00434056761269,0.0213689482471,0.0143572621035,0.0487479131886,0.045409015025,0.0016694490818,0.00701168614357,0.00634390651085,0.0183639398998,0.012020033389,0.0183639398998,0.0153589315526,0.000667779632721,0.00434056761269,0.0200333889816,0.0390651085142,0.0293823038397,0.0196994991653,0.00534223706177,0.0123539232053,0.00500834724541,0.00667779632721,0.049081803005,0.00868113522538,0.0717863105175,0.0717863105175,0.0400667779633,0.194991652755,0.0303839732888,0.0103505843072,0.012020033389,0.0584307178631,0.0320534223706,0.037061769616,0.00601001669449,0.0143572621035
0.00139990667289,0.00256649556696,0.00221651889874,0.0198320111993,0.018315445637,0.0195986934204,0.0146990200653,0.00349976668222,0.00466635557629,0.00758282781148,0.025781614559,0.0144657022865,0.00699953336444,0.0128324778348,0.00128324778348,0.00209986000933,0.00758282781148,0.0200653289781,0.0179654689687,0.0310312645824,0.00699953336444,0.0193653756416,0.00338310779281,0.00711619225385,0.100209986001,0.0130657956136,0.0640457302846,0.160522631825,0.0421138590761,0.167055529631,0.0235650956603,0.0095660289314,0.012599160056,0.0622958469435,0.022631824545,0.0305646290247,0.000816612225852,0.0195986934204
0.0010649627263,0.00248491302804,0.00177493787717,0.0216542421015,0.01632942847,0.0159744408946,0.00922967696131,0.00425985090522,0.00354987575435,0.0102946396876,0.0308839190628,0.0127795527157,0.00638977635783,0.008164714235,0.00141995030174,0.00070997515087,0.0102946396876,0.0134895278665,0.0156194533191,0.0280440184594,0.00461483848065,0.0202342917998,0.00567980120696,0.00496982605609,0.0834220802272,0.0177493787717,0.0567980120696,0.136315228967,0.0564430244941,0.167554135605,0.0315938942137,0.0134895278665,0.0205892793752,0.0841320553781,0.0177493787717,0.0418885339013,0.000354987575435,0.022009229677
0.00108932461874,0.0039941902687,0.00181554103123,0.0323166303558,0.0286855482934,0.0203340595497,0.0214233841685,0.00326797385621,0.0039941902687,0.00980392156863,0.0334059549746,0.00907770515614,0.0137981118373,0.0119825708061,0.00108932461874,0.00217864923747,0.00980392156863,0.0188816267248,0.0123456790123,0.0403050108932,0.00907770515614,0.00762527233115,0.00326797385621,0.00580973129993,0.0838779956427,0.00871459694989,0.0649963689179,0.131445170661,0.0348583877996,0.12381989833,0.0254175744372,0.0174291938998,0.0265068990559,0.09767610748,0.0254175744372,0.0301379811184,0.000726216412491,0.023602033406
0.00192307692308,0.00192307692308,0.00384615384615,0.0346153846154,0.00769230769231,0.0153846153846,0.00961538461538,0.00384615384615,0.00576923076923,0.00769230769231,0.1,0.0384615384615,0.0192307692308,0.0134615384615,0.0153846153846,0.0134615384615,0.00769230769231,0.0134615384615,0.0153846153846,0.025,0.0115384615385,0.0346153846154,0.00769230769231,0.0230769230769,0.0769230769231,0.00961538461538,0.05,0.121153846154,0.0423076923077,0.132692307692,0.0173076923077,0.00769230769231,0.0115384615385,0.0557692307692,0.0153846153846,0.0173076923077,0.00384615384615,0.00769230769231
0.00251004016064,0.00301204819277,0.00150602409639,0.0140562248996,0.0120481927711,0.0215863453815,0.0296184738956,0.00100401606426,0.00552208835341,0.0100401606426,0.0486947791165,0.0150602409639,0.00602409638554,0.0261044176707,0.00401606425703,0.00200803212851,0.0215863453815,0.0230923694779,0.0100401606426,0.0220883534137,0.0135542168675,0.0220883534137,0.00301204819277,0.00853413654618,0.0602409638554,0.0160642570281,0.058734939759,0.0968875502008,0.0361445783133,0.152610441767,0.0190763052209,0.0130522088353,0.0245983935743,0.100903614458,0.0386546184739,0.0321285140562,0.00451807228916,0.019578313253
