0.353846153846,0.23956043956,0.0659340659341,0.10989010989,0.0461538461538,0.0263736263736,0.0175824175824,0.0,0.0021978021978,0.00659340659341,0.0175824175824,0.0153846153846,0.0043956043956,0.0021978021978,0.0,0.0,0.0021978021978,0.0043956043956,0.00879120879121,0.0241758241758,0.0021978021978,0.0,0.0,0.0,0.0263736263736,0.0021978021978,0.0021978021978,0.0,0.0,0.0197802197802,0.0,0.0,0.0,0.0,0.0,0.0,0.0,0.0
0.0386266094421,0.241246894059,0.127851818387,0.282810029365,0.0578269708606,0.0788344251186,0.0250734131466,0.00225886604924,0.00203297944432,0.00903546419697,0.0201039078383,0.0171673819742,0.00655071154281,0.0074542579625,0.000225886604924,0.000451773209849,0.00384007228371,0.00271063925909,0.00451773209849,0.0106166704314,0.00384007228371,0.00293652586402,0.00135531962955,0.00248475265417,0.0112943302462,0.00112943302462,0.00677659814773,0.0083578043822,0.00384007228371,0.0133273096905,0.00112943302462,0.000225886604924,0.00135531962955,0.00158120623447,0.000677659814773,0.000451773209849,0.0,0.0
0.0253353204173,0.178837555887,0.280178837556,0.103949329359,0.0156482861401,0.228763040238,0.0428464977645,0.00372578241431,0.00707898658718,0.00409836065574,0.0145305514158,0.00894187779434,0.00558867362146,0.0048435171386,0.00111773472429,0.00149031296572,0.00335320417288,0.00335320417288,0.00335320417288,0.00335320417288,0.00372578241431,0.00409836065574,0.00149031296572,0.00372578241431,0.00558867362146,0.000745156482861,0.0149031296572,0.00707898658718,0.00186289120715,0.0145305514158,0.0,0.0,0.0,0.00111773472429,0.0,0.000745156482861,0.0,0.0
0.014520905646,0.0716173613986,0.0299971340318,0.325510301564,0.136961436805,0.134159156768,0.0536254497978,0.00627328599178,0.00652803872242,0.00856606056746,0.0401553991657,0.0274814508168,0.00853421647613,0.0109225233258,0.00111454319651,0.00277043594561,0.00713307645766,0.00464923733401,0.00697385600102,0.0117504697003,0.00547718370856,0.00652803872242,0.00200617775372,0.00197433366239,0.016941056587,0.00347100595485,0.0147119701939,0.0109543674171,0.00515874279527,0.0167181479476,0.000509505461262,0.000350285004617,0.000636881826577,0.00343916186352,0.000573193643919,0.000636881826577,0.0,0.000668725917906
0.00829764453961,0.0244646680942,0.0107601713062,0.218094218415,0.10369379015,0.0940042826552,0.0713062098501,0.0155246252677,0.0143468950749,0.0199143468951,0.0747858672377,0.0492505353319,0.0167023554604,0.0252141327623,0.0017130620985,0.00936830835118,0.0154175588865,0.0115096359743,0.0113490364026,0.0267665952891,0.0144539614561,0.0173982869379,0.00337259100642,0.00497858672377,0.0335653104925,0.0046573875803,0.0256959314775,0.0265524625268,0.00894004282655,0.0251605995717,0.00128479657388,0.000214132762313,0.00107066381156,0.00669164882227,0.000802997858672,0.00144539614561,0.000107066381156,0.00112419700214
0.00530010027217,0.0188798166452,0.0398223750179,0.126973213007,0.0466695315857,0.295573700043,0.159117604928,0.0147829823807,0.0170462684429,0.00306546340066,0.0202549777969,0.0220598768085,0.0234636871508,0.0134364704197,0.00163300386764,0.00349520126056,0.0179916917347,0.0106861481163,0.0141527001862,0.00524280189085,0.00518550350953,0.015012175906,0.00200544334623,0.00406818507377,0.0146683856181,0.0031800601633,0.0330611660221,0.0143818937115,0.00647471708924,0.031628706489,0.00146110872368,0.00117461681707,0.00154705629566,0.00446927374302,0.000716229766509,0.000658931385188,5.72983813207e-05,0.000601633003868
0.00310093027908,0.00946950751892,0.0167050115035,0.0757560601514,0.0527825014171,0.25204227935,0.155246573972,0.0189723583742,0.025040845587,0.00393451368744,0.0222733486713,0.0276082824847,0.0395118535561,0.0195725384282,0.00230069020706,0.00590177053116,0.0314427661632,0.0196725684372,0.0233736787703,0.00763562402054,0.00770231069321,0.0218065419626,0.00210063018906,0.00566836717682,0.0184388649928,0.00460138041412,0.0443799806609,0.0191724183922,0.00843586409256,0.0401453769464,0.00246740688873,0.000800240072022,0.00206728685272,0.00593511386749,0.00146710679871,0.00140042012604,6.66866726685e-05,0.00100030009003
0.00240122244052,0.00731281379611,0.0084042785418,0.0728006985374,0.0582842174198,0.144400785855,0.114712944772,0.00895001091465,0.0124426981009,0.00676708142327,0.0366732154551,0.0270683256931,0.0276140580659,0.0257585679983,0.00371098013534,0.0185549006767,0.0446409080987,0.0305610128793,0.0414756603362,0.0142981881685,0.016699410609,0.0294695481336,0.00654878847413,0.0139707487448,0.0374372407771,0.00753110674525,0.0612311722331,0.0296878410827,0.0132067234228,0.0528268936913,0.00251036891508,0.00196463654224,0.00196463654224,0.0098231827112,0.00261951538965,0.00327439423707,0.000109146474569,0.00229207596595
0.0032087580219,0.00755001887505,0.015288788222,0.0509626274066,0.0481313703284,0.228576821442,0.181766704417,0.0120800302001,0.0194412986032,0.00622876557191,0.0249150622877,0.0309550773877,0.0300113250283,0.0177425443564,0.00302000755002,0.00509626274066,0.0394488486221,0.0294450736127,0.0386938467346,0.00830502076255,0.0086825217063,0.0192525481314,0.00264250660627,0.00566251415629,0.0205738014345,0.0039637599094,0.0585126462816,0.0196300490751,0.00641751604379,0.041147602869,0.00132125330313,0.00132125330313,0.00169875424689,0.00528501321253,0.000943752359381,0.00151000377501,0.0,0.000566251415629
0.00778848124616,0.0122976019676,0.0106579217053,0.120516499283,0.123795859807,0.0403771264603,0.0305390448862,0.0106579217053,0.00799344127895,0.030744004919,0.0727608116417,0.0424267267883,0.0141422422628,0.0217257634761,0.00348432055749,0.0112728018036,0.012912482066,0.0151670424267,0.0106579217053,0.0571838491494,0.0270547243288,0.0370977659356,0.00553392088543,0.00676368108219,0.0821889731502,0.0106579217053,0.0366878458701,0.0461160073786,0.0125025620004,0.0469358475097,0.0030744004919,0.00225456036073,0.0032793605247,0.01393728223,0.0030744004919,0.00266448042632,0.000204960032794,0.00286944045911
0.00568108457069,0.0109748224661,0.00929632020658,0.0847643641059,0.093608779858,0.0487411233054,0.0423499031633,0.0105229180116,0.00974822466107,0.02704970949,0.0671400903809,0.0409296320207,0.0205293737895,0.0224661071659,0.00451904454487,0.0138153647515,0.0250484183344,0.0205939315688,0.0174951581666,0.0546804389929,0.0160103292447,0.058360232408,0.00639122014203,0.0129761136217,0.0763072950291,0.0108457069077,0.04590058102,0.0495803744351,0.0128469980633,0.0520981278244,0.00322788896062,0.0015493867011,0.00225952227243,0.0126533247256,0.00264686894771,0.00400258231117,0.000129115558425,0.00225952227243
0.00237637207197,0.00712911621591,0.00469616385651,0.089000792124,0.0895100147109,0.0755912640036,0.066255516578,0.011768699785,0.0170306665158,0.0175964693901,0.0783071178002,0.0213873486477,0.022349213534,0.0394930406246,0.0034513975331,0.0192372977255,0.0268756365282,0.0220097318094,0.02353739957,0.0225189543963,0.0228018558334,0.0568066085776,0.00944890800045,0.0138055901324,0.0438497227566,0.0105239334616,0.0538078533439,0.0436234016069,0.013749009845,0.0433970804572,0.00254611293425,0.00169740862284,0.00271585379654,0.0128437252461,0.00299875523368,0.0030553355211,5.65802874279e-05,0.00215005092226
0.002002563281,0.00488625440564,0.00905158603012,0.0614386414611,0.0472604934316,0.142662608138,0.12600128164,0.0088112784364,0.0179429669978,0.00688881768664,0.0342838833707,0.0276353732778,0.021707785966,0.0201057353412,0.00256328099968,0.0088112784364,0.0279557834028,0.0331624479334,0.0593559756488,0.0115347644986,0.0125760974047,0.0296379365588,0.00825056071772,0.0114546619673,0.030038449215,0.00913168856136,0.0825857097084,0.0304389618712,0.0145786606857,0.0679269464915,0.00288369112464,0.0024030759372,0.00368471643704,0.0120954822172,0.00296379365588,0.00336430631208,0.0,0.00192246074976
0.0021625312998,0.00648759389939,0.00648759389939,0.068176644662,0.0679490097883,0.0713635328932,0.0628272251309,0.0125199180514,0.0163897109037,0.0173002503984,0.047917140906,0.0441611654906,0.026974732529,0.0232187571136,0.00250398361029,0.0105850216253,0.0324379694969,0.026291827908,0.0320965171864,0.0308445253813,0.0217391304348,0.0677213749146,0.00569087184157,0.0192351468245,0.0504211245163,0.01149556112,0.0659002959253,0.0505349419531,0.0136580924198,0.0525836558161,0.00375597541543,0.00102435693148,0.00330070566811,0.0143409970407,0.00295925335761,0.00443888003642,0.000227634873663,0.00227634873663
0.00125313283208,0.00877192982456,0.00125313283208,0.0513784461153,0.0482456140351,0.0714285714286,0.0789473684211,0.0131578947368,0.0238095238095,0.0125313283208,0.0601503759398,0.0332080200501,0.0175438596491,0.0206766917293,0.0100250626566,0.0119047619048,0.0338345864662,0.0231829573935,0.030701754386,0.0269423558897,0.0256892230576,0.0720551378446,0.0181704260652,0.0300751879699,0.0488721804511,0.0119047619048,0.0883458646617,0.031328320802,0.0144110275689,0.0526315789474,0.00501253132832,0.00187969924812,0.00375939849624,0.0100250626566,0.00438596491228,0.00187969924812,0.00062656641604,0.0
0.00120598166908,0.00482392667631,0.00892426435118,0.0460684997588,0.0472744814279,0.102749638205,0.0940665701881,0.0149541726966,0.0260492040521,0.0139893873613,0.0622286541245,0.0429329474192,0.0262904003859,0.0219488663772,0.00192957067053,0.0108538350217,0.0164013506995,0.0178485287024,0.034008683068,0.0173661360347,0.0168837433671,0.0590931017849,0.00699469368066,0.0287023637241,0.0489628557646,0.00988904968644,0.0786300048239,0.0364206464062,0.0123010130246,0.0583695127834,0.00241196333816,0.0031355523396,0.00265315967197,0.0142305836951,0.00265315967197,0.0045827303425,0.0,0.00217076700434
0.000743555849306,0.00487442167878,0.00735294117647,0.0363516192994,0.0358559153999,0.0988103106411,0.0944315928619,0.0116490416391,0.0256939854594,0.00495703899537,0.0589061467284,0.0351123595506,0.0256113681428,0.0354428288169,0.00256113681428,0.00520489094514,0.0230502313285,0.0208195637806,0.0524619960344,0.0149537343027,0.017514871117,0.0461830799736,0.00850958360872,0.0160277594184,0.0404824851289,0.00983146067416,0.108559153999,0.0355254461335,0.0147058823529,0.0807997356246,0.00322207534699,0.00214805023133,0.0031394580304,0.0109881031064,0.00231328486451,0.0031394580304,0.000660938532716,0.00140449438202
0.00155164770208,0.004359391163,0.00591103886508,0.0325107137579,0.0291118664105,0.0826806561253,0.0826067681395,0.00967932614157,0.0196542042264,0.00716713462391,0.0444805674597,0.0325107137579,0.0387173045663,0.021796955815,0.00332495936161,0.00391606324812,0.0240135953894,0.0178808925669,0.038052312694,0.020614748042,0.0190631003399,0.059036500665,0.00583715087927,0.0169942367371,0.0515738140978,0.0113048618295,0.121693512635,0.0442589035023,0.020614748042,0.0922860942811,0.00450716713462,0.00302940741835,0.00487660706369,0.0132259494606,0.00354662331905,0.004359391163,0.000221663957441,0.00302940741835
0.00147347740668,0.00458415193189,0.0049115913556,0.0270956123117,0.0196463654224,0.0676981008513,0.0672888015717,0.0108873608382,0.0225114603798,0.00474787164375,0.0306974459725,0.0241486574984,0.0365094957433,0.022265880812,0.0024557956778,0.00589390962672,0.0393745907007,0.0440406024885,0.0302881466929,0.0211198428291,0.0150622134905,0.0466601178782,0.00589390962672,0.0139980353635,0.0518991486575,0.0103962017027,0.13564178127,0.0500982318271,0.0238212180747,0.128438113949,0.00401113294041,0.00237393582187,0.00433857236411,0.0115422396857,0.00286509495743,0.00311067452521,0.0,0.00221021611002
0.00389693017337,0.00914585652935,0.00644186416415,0.0505805630666,0.0535231429935,0.0477970415142,0.0353904883092,0.00771433115954,0.00994114840146,0.0338794337522,0.0996500715763,0.0372196596151,0.0149514871958,0.0245745188484,0.00294257992683,0.00652139335136,0.0260855734054,0.0363448385557,0.0271989820264,0.0574200731669,0.0223477016065,0.0238587561635,0.00803244790838,0.00978209002704,0.0940830284714,0.0124860823922,0.063861937331,0.0534436138063,0.015031016383,0.0619532368379,0.00508986798155,0.00286305073962,0.00373787179895,0.0158263082551,0.0020677588675,0.00755527278511,0.000318116748847,0.00644186416415
0.00600240096038,0.0106042416967,0.0100040016006,0.0530212084834,0.0530212084834,0.0554221688675,0.0428171268507,0.0124049619848,0.00600240096038,0.0232092837135,0.0866346538615,0.0456182472989,0.0174069627851,0.0214085634254,0.00520208083233,0.0094037615046,0.0262104841937,0.0418167266907,0.0246098439376,0.0552220888355,0.0114045618247,0.046418567427,0.00740296118447,0.0220088035214,0.0802320928371,0.015006002401,0.0616246498599,0.0444177671068,0.0114045618247,0.0654261704682,0.0032012805122,0.00220088035214,0.00220088035214,0.0136054421769,0.0016006402561,0.00420168067227,0.000400160064026,0.00120048019208
0.00215552976289,0.00547172939811,0.00439396451666,0.0280218869176,0.0302603216714,0.0518156193003,0.0426131653126,0.00795887912452,0.00862211905157,0.021472392638,0.0694743823578,0.0489139446195,0.0186536229481,0.034654286188,0.00580334936163,0.00936826396949,0.0387995357321,0.0449345050572,0.0505720444371,0.0286851268446,0.0194826728569,0.0237108273918,0.00455977449842,0.0072127342066,0.0828220858896,0.0106118388327,0.110926877798,0.0501575194827,0.0197313878295,0.0786768363455,0.00605206433427,0.00389653457138,0.00315038965346,0.0157519482673,0.00257005471729,0.00306748466258,8.29049908805e-05,0.00489139446195
0.00092936802974,0.0046468401487,0.00650557620818,0.0283457249071,0.0278810408922,0.0566914498141,0.0501858736059,0.0148698884758,0.0139405204461,0.00789962825279,0.0687732342007,0.0311338289963,0.0190520446097,0.0255576208178,0.00371747211896,0.00650557620818,0.035780669145,0.0269516728625,0.0422862453532,0.0297397769517,0.0167286245353,0.0455390334572,0.00697026022305,0.00789962825279,0.0697026022305,0.0153345724907,0.116635687732,0.0613382899628,0.0283457249071,0.0906133828996,0.00650557620818,0.00185873605948,0.00371747211896,0.0167286245353,0.00371747211896,0.00511152416357,0.0,0.00185873605948
0.00284562485179,0.0059283851079,0.00545411429926,0.0256106236661,0.0305904671567,0.0497984349063,0.0379416646905,0.0106710931942,0.00995968698127,0.00995968698127,0.0611809343135,0.0436329143941,0.0154138012805,0.0341474982215,0.00853687455537,0.00972255157695,0.0260848944747,0.0483756224804,0.0348589044344,0.0308276025611,0.02252786341,0.0168366137064,0.00284562485179,0.0120939056201,0.0730377045293,0.00829973915106,0.138724211525,0.0566753616315,0.0244249466445,0.0979369219825,0.00853687455537,0.00497984349063,0.00355703106474,0.0170737491107,0.00308276025611,0.00331989566042,0.000237135404316,0.00426843727769
0.00392732736835,0.00703503859026,0.0042005327505,0.030940509528,0.0282084557066,0.0218564305717,0.019158527423,0.00351751929513,0.00399562871389,0.0207636090431,0.046274161601,0.0165289256198,0.00754729868178,0.0122942421966,0.00184413632949,0.00211734171163,0.00764975070009,0.0230517041186,0.0260228126494,0.0645106208592,0.0174509937846,0.0302233453999,0.0043029847688,0.0092548323202,0.134621952052,0.0231200054641,0.109043098149,0.113038726863,0.0313161669285,0.116419643467,0.0072057919541,0.00286865651253,0.00375657400451,0.0264326207226,0.00672768253535,0.00881087357421,0.000102452018305,0.00385902602281
0.0038443056223,0.00640717603716,0.00448502322601,0.0345987506007,0.027070318757,0.0373218004165,0.0253083453468,0.00464520262694,0.00512574082973,0.0137754284799,0.0571840461317,0.0253083453468,0.0142559666827,0.0309146243793,0.0038443056223,0.00256287041486,0.0144161460836,0.0281915745635,0.033797853596,0.0336376741951,0.020342783918,0.0281915745635,0.00848950824924,0.00688771423995,0.113246836457,0.0163382988948,0.114848630466,0.0988306903732,0.0307544449784,0.11212558065,0.00320358801858,0.00144161460836,0.00272304981579,0.0219445779273,0.00448502322601,0.00464520262694,0.000160179400929,0.00464520262694
0.00165620641562,0.00392259414226,0.00505578800558,0.0214725708973,0.0178405392841,0.0425092980009,0.0370176662018,0.00540446304045,0.00976290097629,0.00546257554626,0.0262377963738,0.0141794514179,0.0184507205951,0.0152254765225,0.00168526266853,0.00334146908415,0.0201650395165,0.04710018596,0.0480880985588,0.0213563458856,0.0114772198977,0.0438168293817,0.00441655044166,0.0119130636913,0.087139702464,0.0142375639238,0.120089493259,0.077289632729,0.0347512784751,0.182066480707,0.00740934449093,0.00421315667132,0.0046490004649,0.0198163644816,0.0036029753603,0.00406787540679,0.000174337517434,0.00293468154347
0.002120997879,0.002625997374,0.00201999798,0.020401979598,0.0188364811635,0.0208564791435,0.0158064841935,0.003231996768,0.0042924957075,0.0121704878295,0.0340874659125,0.0145944854055,0.00777699222301,0.012523987476,0.001211998788,0.0017674982325,0.00833249166751,0.016967983032,0.019391980608,0.0386324613675,0.0104534895465,0.0204524795475,0.0018684981315,0.00641349358651,0.133168366832,0.021613978386,0.0927179072821,0.122563377437,0.047368952631,0.184476315524,0.0107564892435,0.0037874962125,0.00520149479851,0.0495404504595,0.0105544894455,0.0132814867185,0.0001514998485,0.00797899202101
0.00298275191285,0.00155621838931,0.00220464271819,0.0163402930878,0.0181558812087,0.0223057969135,0.0206198936584,0.00337180651018,0.00337180651018,0.00778109194657,0.0224354817793,0.0147840746985,0.0054467643626,0.0151731292958,0.00155621838931,0.0027233821813,0.0108935287252,0.0145247049669,0.0212683179873,0.0180261963429,0.0101154195305,0.0282713007392,0.00337180651018,0.00648424328881,0.113344572688,0.0165996628193,0.0885747633251,0.152509402153,0.0390351445986,0.219426792893,0.0163402930878,0.00531707949682,0.00466865516794,0.0420178965115,0.00985604979899,0.0111528984568,0.0,0.00739203734924
0.00155629139073,0.00314569536424,0.00327814569536,0.0115894039735,0.0135430463576,0.022880794702,0.0208609271523,0.0032119205298,0.0055298013245,0.00543046357616,0.0216887417219,0.0131125827815,0.0104966887417,0.0147682119205,0.00172185430464,0.00354304635762,0.0130463576159,0.0216556291391,0.0306622516556,0.0168543046358,0.00933774834437,0.03,0.00294701986755,0.00718543046358,0.0693046357616,0.0120198675497,0.118708609272,0.105794701987,0.0397350993377,0.268642384106,0.0201655629139,0.00920529801325,0.00870860927152,0.0353642384106,0.00980132450331,0.00695364238411,0.00046357615894,0.00708609271523
0.00411522633745,0.00891632373114,0.00308641975309,0.0109739368999,0.0130315500686,0.0363511659808,0.0322359396433,0.00205761316872,0.00720164609053,0.00651577503429,0.0246913580247,0.0116598079561,0.00925925925926,0.0147462277092,0.0,0.00582990397805,0.0123456790123,0.0209190672154,0.0205761316872,0.0181755829904,0.00960219478738,0.0212620027435,0.00308641975309,0.00891632373114,0.0552126200274,0.00685871056241,0.0648148148148,0.0723593964335,0.0267489711934,0.234910836763,0.0408093278464,0.0195473251029,0.0294924554184,0.0661865569273,0.0205761316872,0.0329218106996,0.000685871056241,0.0233196159122
0.00720535254761,0.00411734431292,0.00205867215646,0.0123520329388,0.00669068450849,0.0514668039115,0.0370560988163,0.0036026762738,0.00566134843026,0.00308800823469,0.018013381369,0.0123520329388,0.0128667009779,0.00823468862584,0.00514668039115,0.00205867215646,0.0257334019557,0.0380854348945,0.0298507462687,0.0159547092126,0.00669068450849,0.013381369017,0.00102933607823,0.00823468862584,0.0550694801853,0.00926402470407,0.0777148739063,0.0741121976325,0.0257334019557,0.260936695831,0.0334534225425,0.00977869274318,0.0169840452908,0.0437467833248,0.0164693772517,0.022645393721,0.00308800823469,0.0200720535255
0.00297127764939,0.00396170353252,0.00330141961043,0.0168372400132,0.0125453945196,0.0442390227798,0.0488610102344,0.00363156157148,0.00561241333774,0.00363156157148,0.0247606470782,0.0148563882469,0.0161769560911,0.0125453945196,0.00099042588313,0.00198085176626,0.015186530208,0.0422581710135,0.0297127764939,0.0188180917795,0.00660283922086,0.0191482337405,0.00198085176626,0.0102344007923,0.0541432816111,0.00561241333774,0.0828656322219,0.0736216573126,0.0330141961043,0.21195113899,0.0207989435457,0.0115549686365,0.0118851105976,0.0548035655332,0.0260812149224,0.0320237702212,0.00561241333774,0.015186530208
0.00138105650823,0.00230176084705,0.00310737714351,0.019910231327,0.0178386465646,0.019910231327,0.0170330302682,0.00276211301646,0.00264702497411,0.0072505466682,0.0298078029693,0.0156519737599,0.00632984232938,0.0145010933364,0.0024168488894,0.00264702497411,0.00909195534584,0.0192197030729,0.015997237887,0.0318793877316,0.0096673955576,0.0210611117505,0.00253193693175,0.00609966624468,0.090459201289,0.0149614455058,0.0647945678444,0.153067096329,0.0462653930257,0.183910691679,0.0192197030729,0.0104730118541,0.0112786281505,0.0530555875245,0.0197951432846,0.0337207964093,0.000805616296467,0.0171481183105
0.00279134682484,0.00314026517795,0.00244242847174,0.0209351011863,0.0191905094208,0.0143056524773,0.0146545708304,0.00314026517795,0.00383810188416,0.00732728541521,0.0307048150733,0.013258897418,0.00907187718074,0.00593161200279,0.00139567341242,0.00244242847174,0.00697836706211,0.0157013258897,0.0129099790649,0.0240753663643,0.0101186322401,0.0150034891835,0.00418702023726,0.00697836706211,0.0764131193301,0.0146545708304,0.053035589672,0.129099790649,0.0481507327285,0.187020237264,0.0327983251919,0.013258897418,0.0195394277739,0.0889741800419,0.0150034891835,0.0422191207258,0.000697836706211,0.0286113049546
0.000360100828232,0.00324090745409,0.00180050414116,0.0284479654303,0.0259272596327,0.0198055455528,0.0244868563198,0.00396110911055,0.00216060496939,0.0129636298163,0.0414115952467,0.0111631256752,0.00756211739287,0.00864241987757,0.00180050414116,0.00252070579762,0.0115232265034,0.0244868563198,0.0147641339575,0.0334893770256,0.0100828231905,0.0090025207058,0.00288080662586,0.00540151242348,0.0842635938063,0.0118833273317,0.05905653583,0.133597407274,0.0410514944184,0.112711559237,0.0259272596327,0.00972272236226,0.0252070579762,0.108750450126,0.0306085703997,0.0280878646021,0.00144040331293,0.0198055455528
0.00228832951945,0.0,0.0,0.0297482837529,0.0274599542334,0.0091533180778,0.0205949656751,0.0091533180778,0.0091533180778,0.0205949656751,0.0846681922197,0.0366132723112,0.0,0.0343249427918,0.0091533180778,0.0045766590389,0.0137299771167,0.0137299771167,0.0091533180778,0.0320366132723,0.0205949656751,0.0114416475973,0.00686498855835,0.0045766590389,0.0823798627002,0.0045766590389,0.0366132723112,0.12585812357,0.0274599542334,0.173913043478,0.0228832951945,0.0205949656751,0.0228832951945,0.0434782608696,0.0,0.0114416475973,0.0,0.0183066361556
0.0030959752322,0.0030959752322,0.0030959752322,0.0190918472652,0.0170278637771,0.0237358101135,0.015995872033,0.0015479876161,0.00825593395253,0.00825593395253,0.0490196078431,0.0185758513932,0.00825593395253,0.0139318885449,0.00206398348813,0.00412796697626,0.014963880289,0.0242518059856,0.0128998968008,0.0252837977296,0.015479876161,0.0288957688338,0.00515995872033,0.00825593395253,0.077915376677,0.00877192982456,0.0536635706914,0.115067079463,0.0356037151703,0.152734778122,0.0221878224974,0.00980392156863,0.0247678018576,0.0794633642931,0.0283797729618,0.0376676986584,0.00412796697626,0.015479876161
