0.276255707763,0.24200913242,0.107305936073,0.109589041096,0.0319634703196,0.041095890411,0.0296803652968,0.00228310502283,0.00684931506849,0.00684931506849,0.0205479452055,0.00228310502283,0.00228310502283,0.00228310502283,0.0,0.00228310502283,0.00456621004566,0.0,0.0,0.0159817351598,0.00684931506849,0.00228310502283,0.0,0.00228310502283,0.0251141552511,0.0,0.0251141552511,0.0114155251142,0.00228310502283,0.0205479452055,0.0,0.0,0.0,0.0,0.0,0.0,0.0,0.0
0.0357983984927,0.240932642487,0.128827131418,0.28214790391,0.0532265661799,0.0798398492699,0.0254357041922,0.00211964201602,0.00141309467734,0.00800753650495,0.0242581252944,0.0138954309939,0.00376825247292,0.00471031559114,0.000471031559114,0.000706547338672,0.00376825247292,0.00400376825247,0.00423928403203,0.00942063118229,0.00565237870937,0.00353273669336,0.00188412623646,0.0016486104569,0.0157795572303,0.000942063118229,0.0105982100801,0.0108337258596,0.00400376825247,0.0129533678756,0.000471031559114,0.0,0.000706547338672,0.00259067357513,0.000471031559114,0.000235515779557,0.0,0.000706547338672
0.0256124721604,0.167780252413,0.263177431329,0.113956941351,0.0167037861915,0.230141054195,0.0445434298441,0.00556792873051,0.00668151447661,0.00408314773571,0.0100222717149,0.0115070527097,0.00705270972532,0.00445434298441,0.0011135857461,0.0,0.00445434298441,0.00334075723831,0.00742390497402,0.00371195248701,0.00296956198961,0.00668151447661,0.0011135857461,0.00296956198961,0.00668151447661,0.0011135857461,0.0122494432071,0.00705270972532,0.00259836674091,0.0193021529324,0.00296956198961,0.0,0.0,0.0018559762435,0.000742390497402,0.000371195248701,0.0,0.0
0.0149123656435,0.0762402762984,0.0292114521804,0.334559891546,0.128046221878,0.12985378135,0.0514831671024,0.00522901132952,0.00603595752235,0.0101029663342,0.0431877602401,0.0259191117136,0.00819857331913,0.0131048061715,0.000742390497402,0.00322778477131,0.00622962460863,0.00451889867984,0.00655240308576,0.0121041928924,0.00610051321778,0.00797262838514,0.00132339175624,0.00225944933992,0.0185274845873,0.00277589490333,0.0144927536232,0.0105548562022,0.00409928665957,0.0156224782931,0.000677834801975,0.000193667086279,0.000645556954262,0.00335689616216,0.000613279106549,0.000677834801975,0.0,0.000645556954262
0.00842208215605,0.0250489024125,0.0114105629211,0.230058682895,0.101825690067,0.080906324712,0.0662899369702,0.0146707237557,0.0119539230602,0.0220604216475,0.0811236687677,0.0498261247555,0.017496196479,0.0257009345794,0.00309715279287,0.00847641816996,0.01570310802,0.0112475548794,0.0105955227125,0.0246142143012,0.0141273636166,0.0177678765486,0.00412953705716,0.00619430558574,0.0326559443599,0.00532492936318,0.0297761356227,0.0220060856336,0.0076070419474,0.0265159747881,0.00124972831993,0.00070636818083,0.00081504020865,0.00690067376657,0.00103238426429,0.00168441643121,0.0,0.00097804825038
0.00474416438675,0.0170848128529,0.0411840037255,0.117498108155,0.0427265847837,0.308487106351,0.164008382327,0.0140578613423,0.0195005530008,0.00366726817626,0.0182199196694,0.0200244484545,0.0237790325397,0.0133884393737,0.00119331742243,0.00381279469119,0.0165900227021,0.0107398568019,0.0158332848245,0.00573374468828,0.00471505908377,0.0146399674021,0.00212468711799,0.00424937423599,0.0138541242214,0.00244484545084,0.029541882531,0.0146399674021,0.00640316665696,0.0334128878282,0.00128063333139,0.00110600151348,0.00154258105827,0.0048605855987,0.000902264392572,0.00116421211945,8.73159089586e-05,0.000756737877641
0.00320403572159,0.00954393619197,0.0159860931215,0.0736587361102,0.0474469970686,0.257584020724,0.157440861681,0.0200081805167,0.0235871565887,0.00371531801759,0.0243711227759,0.0270297907151,0.0416183788943,0.0178267093871,0.00238598404799,0.00541959233758,0.0331310927807,0.0212352580271,0.0226668484559,0.00732837957598,0.00787374735837,0.0220873951871,0.00245415502079,0.00576044720158,0.0183039061967,0.00385165996319,0.0430499693231,0.0188492739791,0.00787374735837,0.0393687367919,0.00194287272479,0.00163610334719,0.00214738564319,0.00552184879678,0.00160201786079,0.001363419456,0.000238598404799,0.000886222646397
0.00205455998174,0.00696267549367,0.00913137769661,0.0757904348819,0.0590115283643,0.141308069855,0.125784727771,0.00935966213903,0.0162081954115,0.00570711106038,0.0372103641137,0.032416390823,0.0256819997717,0.0284214130807,0.00308183997261,0.0166647642963,0.0442871818286,0.0289921241867,0.0359547996804,0.0130122132177,0.0152950576418,0.0256819997717,0.00547882661797,0.0133546398813,0.0378952174409,0.00844652436936,0.065403492752,0.0294486930716,0.012099075448,0.0440588973861,0.00376669329985,0.00216870220294,0.00308183997261,0.00878895103299,0.00251112886657,0.00365255107864,0.0,0.00182627553932
0.00332941637289,0.0084214649432,0.0117508813161,0.0471993732863,0.0407363885625,0.226400313357,0.189189189189,0.0111633372503,0.0168429298864,0.00313356835096,0.0248726987857,0.0278104191148,0.0231100665883,0.0231100665883,0.00332941637289,0.00567959263611,0.0419114766941,0.0305522914219,0.0446533490012,0.00959655307481,0.00998824911868,0.0207598903251,0.00352526439483,0.0078339208774,0.021151586369,0.00430865648257,0.0501370936154,0.0164512338425,0.00822561692127,0.0483744614179,0.00176263219741,0.00117508813161,0.00254602428515,0.00548374461418,0.00078339208774,0.00313356835096,0.000587544065805,0.000979240109675
0.00721810378463,0.0177526336325,0.01092469762,0.120561841592,0.108271556769,0.0421381193913,0.0347249317206,0.00721810378463,0.00838860710105,0.0306281701131,0.0844713226687,0.0419430355053,0.0119001170503,0.0257510729614,0.00273117440499,0.00897385875927,0.0115099492782,0.0124853687085,0.0130706203668,0.0579399141631,0.0241904018728,0.0327740928599,0.00624268435427,0.00897385875927,0.0885680842762,0.0087787748732,0.0374561061256,0.0511119781506,0.00897385875927,0.0399921966446,0.00312134217714,0.00273117440499,0.00273117440499,0.0156067108857,0.00273117440499,0.00487709715178,0.0,0.00253609051892
0.00564577518396,0.0112915503679,0.00710479573712,0.0904592742959,0.0836716569399,0.0481476782543,0.0374904846486,0.0112915503679,0.0111646790155,0.0287363613296,0.0791677239279,0.0393301192591,0.0167470185232,0.024042121289,0.00431362598325,0.0137655417407,0.0211875158589,0.0216950012687,0.017254503933,0.0553793453438,0.0189038315148,0.0598198426795,0.00608982491753,0.013575234712,0.0756153260594,0.0127505709211,0.0456102512053,0.0474498858158,0.0103400152246,0.0502410555697,0.00279116975387,0.00196650596295,0.00247399137275,0.0144633341791,0.00279116975387,0.00386957624968,0.000190307028673,0.00317178381122
0.0036974789916,0.00862745098039,0.00403361344538,0.0880672268908,0.0808963585434,0.0787114845938,0.06918767507,0.0125490196078,0.0151820728291,0.0163025210084,0.0837535014006,0.0241456582633,0.0233053221289,0.0494677871148,0.00268907563025,0.0161344537815,0.0254901960784,0.0222408963585,0.0210084033613,0.0198879551821,0.0237535014006,0.0535574229692,0.00806722689076,0.013781512605,0.0478991596639,0.00963585434174,0.0498599439776,0.0442577030812,0.0136694677871,0.0422969187675,0.00280112044818,0.00162464985994,0.00263305322129,0.0129971988796,0.00229691876751,0.00364145658263,5.60224089636e-05,0.00179271708683
0.00244220123738,0.00675675675676,0.00871051774666,0.0619505047216,0.0412732009118,0.137577336373,0.135542168675,0.00675675675676,0.0180722891566,0.00545424943015,0.0371214588082,0.0293064148486,0.0192119830674,0.0269456203191,0.00309345490068,0.00634972321719,0.0229566916314,0.0305275154673,0.0585314229893,0.0113155323999,0.0105828720287,0.0311787691306,0.00496580918268,0.0100130250733,0.03353956366,0.00903614457831,0.0880820579616,0.0286551611853,0.0134321068056,0.0702539889287,0.0038261152719,0.00276782806903,0.00415174210355,0.0105828720287,0.00341908173233,0.00325626831651,8.14067079127e-05,0.00227938782156
0.00252941823381,0.00549873529088,0.0068184317607,0.068734191136,0.0620257340812,0.0724733311338,0.058506543495,0.0151765094028,0.0166061805785,0.017485978225,0.0611459364346,0.0371714505664,0.0244143846915,0.0244143846915,0.00318926646871,0.0119872429341,0.031342791158,0.0248542835148,0.0300230946882,0.0342021335093,0.0237545364566,0.0737930276037,0.00813812823051,0.0175959529308,0.0487187946772,0.0139667876388,0.0635653799626,0.0405806664467,0.0145166611679,0.0487187946772,0.00428901352689,0.00263939293962,0.00395908940944,0.0131969646981,0.00417903882107,0.00549873529088,0.000219949411635,0.00406906411525
0.0,0.004914004914,0.00552825552826,0.0497542997543,0.0472972972973,0.0761670761671,0.0687960687961,0.0110565110565,0.0214987714988,0.017199017199,0.0571253071253,0.0325552825553,0.0257985257985,0.0300982800983,0.00614250614251,0.00982800982801,0.0362407862408,0.029484029484,0.0399262899263,0.0479115479115,0.02457002457,0.0583538083538,0.0104422604423,0.0282555282555,0.0411547911548,0.0110565110565,0.0841523341523,0.0386977886978,0.0128992628993,0.0411547911548,0.00429975429975,0.0012285012285,0.004914004914,0.012285012285,0.000614250614251,0.0036855036855,0.0,0.004914004914
0.00147311563958,0.00441934691873,0.00883869383747,0.0527866437515,0.0441934691873,0.0974711514854,0.0910876503806,0.0208691382274,0.0206236189541,0.0127670022097,0.0657991652345,0.0370734102627,0.0240608887798,0.0299533513381,0.000982077093052,0.0147311563958,0.0230788116867,0.0142401178493,0.0341271789836,0.0216056960471,0.0206236189541,0.0572059906703,0.00712005892463,0.018659464768,0.038301006629,0.00908421311073,0.0888779769212,0.0392830837221,0.0142401178493,0.0495948931991,0.00491038546526,0.00294623127916,0.00515590473852,0.014976675669,0.00220967345937,0.00343726982568,0.0,0.00319175055242
0.00177785303082,0.00423298340671,0.0071960717914,0.0329326109042,0.035980358957,0.101422282425,0.0958347443278,0.0111750761937,0.0261598374534,0.00567219776498,0.0621401964104,0.0358956992889,0.0253132407721,0.0411445987132,0.00414832373857,0.00685743311886,0.0230274297325,0.0192177446664,0.0567219776498,0.0136302065696,0.0139688452421,0.0453775821199,0.00634947511006,0.0144768032509,0.0403826617,0.00846596681341,0.107179139858,0.0355570606163,0.0127836098882,0.0761937013207,0.0037250253979,0.00355570606163,0.00287842871656,0.00982052150356,0.0034710463935,0.00270910938029,8.46596681341e-05,0.00253979004402
0.00172906329875,0.0042850699143,0.00496165990077,0.0324763193505,0.0275898361149,0.0854006916253,0.0717937152308,0.0119530897609,0.0248082995038,0.00932190648023,0.0453315290934,0.0325514960156,0.0366110359344,0.0242820628477,0.00323259660201,0.0048864832356,0.0228537062096,0.0160878063449,0.0430762291385,0.0230040595399,0.0196962862727,0.057134265524,0.00533754322658,0.0156367463539,0.0471357690573,0.0132310930687,0.127274094121,0.0445045857766,0.0166140430011,0.0909637648474,0.00466095324011,0.00293188994136,0.00481130657044,0.0136069763945,0.00255600661555,0.0042850699143,0.000150353330326,0.00323259660201
0.00137251735831,0.00314871629259,0.00500565154206,0.0270466655902,0.0198611335379,0.0664459874051,0.0632972711125,0.00791215888907,0.0225254319393,0.00508638785726,0.0311642176651,0.0205877603746,0.0370579686743,0.0206684966898,0.00217988051025,0.00427902470531,0.0403681575973,0.0424673017923,0.0363313418376,0.0168738898757,0.0148554819958,0.0503794606814,0.00363313418376,0.0132407556919,0.0591797190376,0.0102535120297,0.138543516874,0.0495720975295,0.0241401582432,0.131277248506,0.00411755207492,0.00266429840142,0.00387534312934,0.011626029388,0.00403681575973,0.00282577103181,0.0,0.00209914419506
0.00485095062984,0.0127533056881,0.00539863860418,0.0477270949065,0.0515609107269,0.0453798607308,0.0350520303576,0.00547687974337,0.00829356075424,0.0335654487129,0.112510758157,0.0371645411157,0.0151005398639,0.0258978170722,0.0034426101244,0.00594632657851,0.0195602847977,0.0336436898521,0.0272279164385,0.0564901024959,0.0231593772005,0.0218292778343,0.00907597214615,0.0136921993584,0.0962366012049,0.0136139582192,0.0668179328691,0.0518738752836,0.0165871215085,0.0617322588217,0.00289492215007,0.0025819575933,0.00399029809874,0.0133792348017,0.00281668101088,0.00625929113528,0.000234723417573,0.00618104999609
0.0063903950426,0.0147172734314,0.0079395817196,0.0522850503486,0.0476374903176,0.0553834237026,0.036599535244,0.00987606506584,0.0110379550736,0.0315646785438,0.0799767621998,0.0445391169636,0.0182029434547,0.0247869868319,0.00522850503486,0.00774593338497,0.0294345468629,0.0340821068939,0.0292408985283,0.0553834237026,0.0154918667699,0.045894655306,0.0063903950426,0.0152982184353,0.0786212238575,0.0131680867545,0.0699070487994,0.0437645236251,0.0145236250968,0.0666150271108,0.00251742835012,0.00154918667699,0.00309837335399,0.0106506584043,0.00213013168087,0.00503485670023,0.000193648334624,0.00309837335399
0.00199916701374,0.00449812578092,0.00516451478551,0.0293211162016,0.0289046230737,0.0522282382341,0.0414827155352,0.00957934194086,0.0111620158267,0.0167430237401,0.0759683465223,0.047563515202,0.0163265306122,0.0390670553936,0.00483132028322,0.00783007080383,0.0319866722199,0.0451478550604,0.049312786339,0.0362349021241,0.018908788005,0.026322365681,0.00524781341108,0.00633069554352,0.0815493544357,0.0110787172012,0.101541024573,0.0533111203665,0.020074968763,0.0812994585589,0.00416493127863,0.00216576426489,0.00283215326947,0.0155768429821,0.00374843815077,0.00574760516451,0.000166597251145,0.0045814244065
0.00237755587256,0.00618164526866,0.00570613409415,0.0275796481217,0.0275796481217,0.0504041844983,0.0461245839277,0.0123632905373,0.0152163575844,0.00951022349025,0.0689491203043,0.0394674274845,0.0209224916786,0.0413694721826,0.00475511174513,0.00713266761769,0.0332857822159,0.0266286257727,0.0328102710414,0.0271041369472,0.0242510699001,0.0423204945316,0.00855920114123,0.00665715644318,0.074179743224,0.0161673799334,0.100332857822,0.0694246314788,0.0299572039943,0.0822634331907,0.00523062291964,0.0038040893961,0.0038040893961,0.0190204469805,0.00427960057061,0.00190204469805,0.0,0.00237755587256
0.000705716302047,0.00423429781228,0.00705716302047,0.0192895789226,0.0272876970125,0.0442248882616,0.0329334274288,0.0119971771348,0.0103505057633,0.0119971771348,0.0731592566455,0.0374029640085,0.014820042343,0.0444601270289,0.00517525288167,0.0115266996001,0.0312867560574,0.0428134556575,0.0418725005881,0.029640084686,0.0244648318043,0.0214067278287,0.00188191013879,0.010820983298,0.0741002117149,0.0119971771348,0.135027052458,0.055281110327,0.0254057868737,0.0933897906375,0.00729240178781,0.00282286520819,0.00588096918372,0.0178781463185,0.00117619383674,0.00635144671842,0.0,0.00258762644084
0.00354307907199,0.00654106905597,0.00357714713999,0.0310700780159,0.0249037577079,0.0213947467039,0.0176472592239,0.00381562361598,0.00384969168398,0.0207133853439,0.0493646305318,0.0157394474159,0.00742683882397,0.0134909549279,0.00163526726399,0.00180560760399,0.00827854052397,0.0217694954519,0.0253125745239,0.0620379518278,0.0210199979559,0.0300139679079,0.00565529928798,0.00831260859197,0.132558852587,0.0244608728239,0.105747283072,0.123633018772,0.0318877116479,0.110619016796,0.00701802200797,0.00371341941199,0.00340680679999,0.0301502401799,0.00684768166797,0.00609818417198,6.81361359997e-05,0.00487173372398
0.00461709918803,0.00764209520777,0.00493551982168,0.0299315395638,0.0257920713262,0.0321604839994,0.0216526030887,0.0044578888712,0.00843814679191,0.016717083267,0.0577933450088,0.0199012896036,0.0103486705939,0.0313644324152,0.00429867855437,0.0033434166534,0.0146473491482,0.0308868014647,0.0353446903359,0.039961789524,0.0195828689699,0.0262697022767,0.00525394045534,0.00636841267314,0.109377487661,0.0128960356631,0.112084063047,0.106989332909,0.033434166534,0.117178793186,0.00477630950486,0.00206973411877,0.00398025792071,0.0202197102372,0.00573157140583,0.00732367457411,0.0,0.0022289444356
0.00124133949192,0.00383949191686,0.00461893764434,0.0197459584296,0.016454965358,0.044688221709,0.0346709006928,0.00508083140878,0.00967090069284,0.00562933025404,0.0263279445727,0.0142898383372,0.021045034642,0.0180138568129,0.00230946882217,0.00386836027714,0.0206986143187,0.0388279445727,0.0484122401848,0.021564665127,0.013019630485,0.0476616628176,0.00450346420323,0.0122979214781,0.0816108545035,0.0136547344111,0.120525404157,0.0819572748268,0.0335161662818,0.184844110855,0.00718822170901,0.00375288683603,0.0044168591224,0.0182736720554,0.00401270207852,0.00430138568129,2.88683602771e-05,0.00343533487298
0.00245086025195,0.00323513553257,0.0020097054066,0.0193127787854,0.0197539336307,0.0204891917063,0.0162737120729,0.00210773981668,0.00348022155777,0.0106857506985,0.0379883339052,0.0134307141807,0.00676437429538,0.0131856281555,0.00230380863683,0.00240184304691,0.0066663398853,0.0164697808931,0.0196558992206,0.0405862457723,0.0127934905152,0.0196068820156,0.00328415273761,0.00637223665507,0.130826920249,0.0202931228861,0.0846527131023,0.124111563159,0.0456350178913,0.192000392138,0.0126954561051,0.00470565168374,0.00539189255429,0.0486250673987,0.0109798539287,0.0115190431842,0.000392137640312,0.00686240870546
0.00215845606907,0.00190452006094,0.00177755205688,0.0170137125444,0.00990350431691,0.0194261046216,0.0182833925851,0.00190452006094,0.0044438801422,0.00711020822753,0.0227272727273,0.0135855764347,0.00888776028441,0.018156424581,0.00165058405282,0.00139664804469,0.00939563230066,0.0157440325038,0.0233621127476,0.020060944642,0.0113001523616,0.0300914169629,0.00317420010157,0.00711020822753,0.0966226510919,0.0151091924835,0.0917978669375,0.146648044693,0.0405027932961,0.239461655663,0.0172676485526,0.0068562722194,0.00520568816658,0.0385982732351,0.0123158963941,0.010157440325,0.000253936008126,0.00863382427628
0.00164335889669,0.00283559966488,0.00409228588,0.0139202165367,0.0109235032545,0.0255526197074,0.0220725655732,0.00219114519559,0.00554230843591,0.00473674034929,0.0216858928917,0.011793516788,0.00953792614552,0.014564671006,0.00112779532126,0.00331894051685,0.0130179802797,0.0210414384224,0.0323838370819,0.0175613842882,0.0102146033383,0.0279693239673,0.00273893149449,0.00786234452536,0.0694721917897,0.0116968486176,0.115615131791,0.104143842238,0.0431784494425,0.275343172005,0.0197203067603,0.00783012180189,0.00834568537733,0.0332538506155,0.00934458980473,0.00683121737449,0.000644454469292,0.00625120835213
0.00645161290323,0.00430107526882,0.00537634408602,0.015770609319,0.0100358422939,0.0254480286738,0.0250896057348,0.00215053763441,0.00358422939068,0.0089605734767,0.0204301075269,0.0154121863799,0.0078853046595,0.0172043010753,0.00143369175627,0.0010752688172,0.0172043010753,0.0168458781362,0.0161290322581,0.0150537634409,0.010752688172,0.0204301075269,0.00286738351254,0.00716845878136,0.0512544802867,0.00501792114695,0.0548387096774,0.0817204301075,0.0347670250896,0.23835125448,0.0476702508961,0.0175627240143,0.031541218638,0.0623655913978,0.0250896057348,0.0458781362007,0.000358422939068,0.026523297491
0.00767494356659,0.00270880361174,0.00180586907449,0.0158013544018,0.0112866817156,0.0469525959368,0.0297968397291,0.00180586907449,0.00632054176072,0.00496613995485,0.0212189616253,0.00677200902935,0.0130925507901,0.010835214447,0.000902934537246,0.00225733634312,0.0194130925508,0.0361173814898,0.0284424379233,0.0167042889391,0.00948081264108,0.0144469525959,0.00270880361174,0.00902934537246,0.0361173814898,0.00677200902935,0.0821670428894,0.0848758465011,0.0288939051919,0.257336343115,0.0352144469526,0.0139954853273,0.0139954853273,0.0492099322799,0.0194130925508,0.0302483069977,0.0058690744921,0.0153498871332
0.00230794592812,0.00329706561161,0.00461589185625,0.0178041543027,0.0115397296406,0.0557204088361,0.0379162545335,0.00230794592812,0.00659413122321,0.00857237059017,0.026706231454,0.010220903396,0.0148367952522,0.0115397296406,0.00197823936696,0.00197823936696,0.0154962083745,0.0336300692384,0.0270359380152,0.020441806792,0.00725354434553,0.0201121002308,0.00197823936696,0.00626442466205,0.0487965710518,0.00560501153973,0.0646224859875,0.0787998681174,0.0283547642598,0.220903395978,0.0319815364326,0.00857237059017,0.0121991427629,0.0629739531817,0.024727992087,0.0336300692384,0.0092317837125,0.0194526871085
0.0017813404587,0.00367401469606,0.00189267423736,0.0229347584057,0.0155867290136,0.0219327543977,0.0159207303496,0.00278334446671,0.00267201068804,0.00590069026943,0.0310621242485,0.0120240480962,0.00668002672011,0.0164773992429,0.00222667557337,0.00144733912269,0.00734802939212,0.0154753952349,0.0171454019149,0.0277221108884,0.00890670229348,0.020151413939,0.00378534847473,0.00512135381875,0.0879536851481,0.0153640614562,0.062124248497,0.153529280784,0.0435315074594,0.187374749499,0.0212647517257,0.0120240480962,0.0152527276776,0.0661322645291,0.0205967490537,0.0286127811178,0.000111333778668,0.0154753952349
0.00278164116829,0.00591098748261,0.00173852573018,0.0173852573018,0.0166898470097,0.0156467315716,0.0201668984701,0.000695410292072,0.00521557719054,0.00625869262865,0.029207232267,0.00799721835883,0.0086926286509,0.0107788595271,0.000695410292072,0.00173852573018,0.00695410292072,0.0111265646732,0.0107788595271,0.0246870653686,0.00591098748261,0.0163421418637,0.00312934631433,0.00312934631433,0.0810152990264,0.0104311543811,0.0625869262865,0.146731571627,0.0507649513213,0.176981919332,0.0281641168289,0.0146036161335,0.0177329624478,0.0994436717663,0.0121696801113,0.0392906815021,0.000347705146036,0.0260778859527
0.00112191473448,0.00299177262528,0.00336574420344,0.0287958115183,0.0254300673149,0.0216903515333,0.0205684367988,0.0037397157816,0.00336574420344,0.00897531787584,0.037397157816,0.0130890052356,0.00710545998504,0.0100972326103,0.00112191473448,0.00112191473448,0.0119670905011,0.0183246073298,0.0145848915482,0.0400149588631,0.0119670905011,0.00411368735976,0.00037397157816,0.00486163051608,0.0908750934929,0.009349289454,0.0620792819746,0.127898279731,0.0347793567689,0.127524308153,0.0269259536275,0.0134629768138,0.025804038893,0.10359012715,0.0291697830965,0.0314136125654,0.00037397157816,0.0205684367988
0.00212314225053,0.00424628450106,0.00636942675159,0.0254777070064,0.0106157112527,0.031847133758,0.0276008492569,0.00636942675159,0.00424628450106,0.0106157112527,0.0636942675159,0.0233545647558,0.00636942675159,0.0169851380042,0.00424628450106,0.00212314225053,0.0233545647558,0.00849256900212,0.0339702760085,0.0467091295117,0.0191082802548,0.0403397027601,0.00636942675159,0.0127388535032,0.0700636942675,0.00849256900212,0.0445859872611,0.0870488322718,0.0445859872611,0.167728237792,0.0169851380042,0.0127388535032,0.00849256900212,0.0615711252654,0.0169851380042,0.0127388535032,0.0,0.0106157112527
0.00502260170768,0.00200904068307,0.00150678051231,0.0185836263184,0.0135610246107,0.0286288297338,0.0170768458061,0.00150678051231,0.00602712204922,0.0080361627323,0.0502260170768,0.0296333500753,0.0100452034154,0.0271220492215,0.00452034153692,0.00251130085384,0.0125565042692,0.0205926670015,0.0190858864892,0.0276243093923,0.0135610246107,0.0256152687092,0.00602712204922,0.00853842290306,0.073832245103,0.00602712204922,0.0472124560522,0.0994475138122,0.0351582119538,0.141135107986,0.0205926670015,0.0170768458061,0.0210949271723,0.0838774485183,0.0296333500753,0.0321446509292,0.00602712204922,0.0271220492215
