0.39501039501,0.203742203742,0.0727650727651,0.0977130977131,0.037422037422,0.045738045738,0.027027027027,0.002079002079,0.002079002079,0.004158004158,0.018711018711,0.014553014553,0.004158004158,0.002079002079,0.0,0.0,0.004158004158,0.00623700623701,0.004158004158,0.0,0.010395010395,0.0,0.0,0.0,0.010395010395,0.0,0.012474012474,0.010395010395,0.0,0.012474012474,0.002079002079,0.0,0.0,0.0,0.0,0.0,0.0,0.0
0.0406424920905,0.242638111463,0.130201995619,0.271355560964,0.0440496471161,0.0866390849355,0.024093453395,0.00316378680944,0.00243368216111,0.0136286201022,0.019712825505,0.0155755658311,0.00462399610611,0.00340715502555,0.000243368216111,0.00194694572889,0.00413725967389,0.002190313945,0.00486736432222,0.0124117790217,0.00365052324166,0.00389389145778,0.00292041859333,0.00194694572889,0.0148454611828,0.00292041859333,0.0136286201022,0.006570941835,0.00194694572889,0.0138719883183,0.000730104648333,0.0,0.000730104648333,0.00316378680944,0.0,0.00121684108055,0.0,0.0
0.0266272189349,0.157650042265,0.278529163145,0.0870667793745,0.0160608622147,0.232037193576,0.043956043956,0.00633981403212,0.00549450549451,0.00380388841927,0.0147928994083,0.00803043110735,0.00676246830093,0.00887573964497,0.000422654268808,0.00169061707523,0.00464919695689,0.00422654268808,0.00718512256974,0.00422654268808,0.00422654268808,0.00972104818259,0.00169061707523,0.00549450549451,0.00803043110735,0.000845308537616,0.0152155536771,0.00591715976331,0.00295857988166,0.0211327134404,0.00211327134404,0.000422654268808,0.000845308537616,0.000845308537616,0.00126796280642,0.000422654268808,0.0,0.000422654268808
0.016769874477,0.0723347280335,0.0326694560669,0.326962343096,0.122175732218,0.136033472803,0.0532217573222,0.00468619246862,0.00569037656904,0.0108451882845,0.0393305439331,0.0259748953975,0.00830125523013,0.0102426778243,0.000602510460251,0.00341422594142,0.00733054393305,0.00562343096234,0.00756485355649,0.0130543933054,0.00572384937238,0.00575732217573,0.00180753138075,0.00204184100418,0.0183765690377,0.00307949790795,0.0177405857741,0.0127866108787,0.00461924686192,0.017640167364,0.000535564853556,0.000334728033473,0.000836820083682,0.00358158995816,0.000769874476987,0.00107112970711,6.69456066946e-05,0.000401673640167
0.00847313050896,0.0267273244242,0.0097241967586,0.217742394086,0.103838498721,0.0882001705999,0.0686380437873,0.0134773955075,0.0110889963037,0.0224623258459,0.0839351720216,0.0474267841911,0.0189365936878,0.0264429911857,0.00221779926073,0.00841626386125,0.014557861814,0.0126812624396,0.0113733295422,0.0266135911288,0.0158089280637,0.015353994882,0.00318453227182,0.00489053170316,0.0333807222064,0.00551606482798,0.0239408586864,0.0253625248792,0.00727893090702,0.0271253909582,0.00170599943133,0.00125106624964,0.000739266420245,0.00762013079329,0.000796133067956,0.00227466590844,0.0,0.000796133067956
0.00548554949533,0.0200614381543,0.0448561218732,0.117641527177,0.0368628926086,0.305027897937,0.163845526926,0.0136982007398,0.0188075982697,0.00300921572315,0.015641652561,0.0181493323303,0.0222243119554,0.00962322111466,0.00141056987023,0.00335402169143,0.016989530437,0.0105949470253,0.0166133784716,0.006206507429,0.00526612751552,0.0139803147138,0.00219421979813,0.00435709359915,0.0161118425177,0.0032913296972,0.033728292897,0.0164879944831,0.00811861325309,0.0342925208451,0.00112845589618,0.00125383988465,0.00150460786158,0.00548554949533,0.000971725910601,0.000909033916369,6.26919942323e-05,0.000752303930788
0.00343009820913,0.00906268053148,0.017511554015,0.0749927787406,0.0448801270942,0.254946562681,0.154318313114,0.0201834199884,0.0243717504333,0.00332177931831,0.0207972270364,0.0257798960139,0.0355285961872,0.0155979202773,0.00213027151935,0.00527151935298,0.0338316002311,0.021013864818,0.0250216637782,0.00686019641826,0.00909878682842,0.0219165222415,0.0032134604275,0.00602975158868,0.018089254766,0.00465771230503,0.0488879260543,0.0197501444252,0.00899046793761,0.0424971114962,0.00180531484691,0.00137203928365,0.00223859041017,0.00725736568458,0.00115540150202,0.00223859041017,0.000469381860196,0.00148035817447
0.00242522231205,0.00854602148054,0.00993186280171,0.0670978172999,0.0488509065712,0.139854486661,0.12241598337,0.00981637602495,0.0130500057743,0.00808407437348,0.0396119644301,0.0314124032798,0.0265619586557,0.0315278900566,0.00381106363321,0.0183623975055,0.0415752396351,0.0265619586557,0.038688070216,0.0148977942026,0.0139738999885,0.0278323132001,0.00542787850791,0.0135119528814,0.0348770065827,0.00669823305232,0.0706779073796,0.030834969396,0.0116641644532,0.0496593140085,0.00485044462409,0.00369557685645,0.00254070908881,0.0120106247835,0.00358009007969,0.00207876198175,0.000346460330292,0.00265619586557
0.00387596899225,0.00856793145655,0.0136678906569,0.0495716034272,0.0426356589147,0.207670338637,0.188086495308,0.0120359037128,0.0189718482252,0.00387596899225,0.0193798449612,0.03182374541,0.0289677682579,0.0208078335373,0.00407996736026,0.00489596083231,0.046307629539,0.0326397388821,0.0436556507548,0.00693594451244,0.00856793145655,0.031007751938,0.0030599755202,0.00611995104039,0.0175438596491,0.00346797225622,0.0491636066911,0.0132598939208,0.00795593635251,0.0542635658915,0.0016319869441,0.00244798041616,0.00265197878417,0.00591595267238,0.000815993472052,0.00265197878417,0.0,0.00101999184007
0.00765974601895,0.0207619431566,0.00907075186454,0.121951219512,0.107438016529,0.0368877242491,0.0255996774844,0.00544245111873,0.00806289054626,0.0350735738762,0.100987704092,0.0380971578311,0.0126990526104,0.0197540818383,0.00201572263657,0.0116911912921,0.0126990526104,0.0145132029833,0.0133037694013,0.0566418060875,0.02701068333,0.0324531344487,0.00645031243701,0.00645031243701,0.0840556339448,0.0118927635557,0.0362830074582,0.0419270308406,0.0126990526104,0.052811933078,0.00262043942753,0.00120943358194,0.00060471679097,0.014110058456,0.00221729490022,0.00201572263657,0.0,0.00483773432776
0.00596598121351,0.0123762376238,0.00818735719726,0.0873952779893,0.0799695354151,0.0489337395278,0.0397943640518,0.0100279258695,0.00812388931201,0.0292586951003,0.0841584158416,0.0387788778878,0.0174536684438,0.0227849708048,0.00387154100025,0.0132647880173,0.0245620715918,0.0246890073623,0.0212617415588,0.0531860878396,0.0242447321655,0.0540111703478,0.00704493526276,0.0126301091648,0.0689895912668,0.0121223660828,0.0466488956588,0.0467758314293,0.011931962427,0.0491876110688,0.003808073115,0.00158669713125,0.00196750444275,0.0133917237878,0.00298299060675,0.0046966235085,0.00019040365575,0.00374460522975
0.00326309385543,0.00735578784359,0.00602842763122,0.0828493999226,0.0777611857751,0.0788673192854,0.0589569160998,0.0107294950501,0.0168685360323,0.0169238427078,0.082683479896,0.0253857640617,0.021016536696,0.0520988883358,0.00403738731265,0.0207953099939,0.0223992035839,0.0248880039821,0.0278192577844,0.0253857640617,0.0239477904983,0.0500525413417,0.00785354792323,0.0147668823627,0.0435263536309,0.00868314805597,0.0494441679111,0.0439135003595,0.0151540290913,0.0458492340025,0.00254410707372,0.00248880039821,0.00287594712682,0.0141032022565,0.00293125380233,0.00359493390852,0.000276533377579,0.00188042696753
0.00174769621862,0.00595805529075,0.00945344772799,0.0583889418494,0.0383698760724,0.145376549094,0.131156657134,0.00786463298379,0.0150142993327,0.00643469971401,0.0355894502701,0.0297108357166,0.0191452176676,0.0247060692723,0.00222434064188,0.00659358118843,0.0260565618049,0.0350333651096,0.0490943755958,0.0127105179536,0.014378773435,0.0303463616142,0.00524308865586,0.0115189068955,0.0336828725771,0.00842071814426,0.0939783921195,0.031379091198,0.0135843660629,0.0666507785192,0.00405147759771,0.00198601843025,0.00349539243724,0.0119955513187,0.00293930727677,0.00389259612329,7.944073721e-05,0.00174769621862
0.00345839446657,0.0072311884301,0.00366799413121,0.0654998952002,0.0601551037518,0.0760846782645,0.0539719136449,0.0103751833997,0.010479983232,0.0170823726682,0.0574303081115,0.045483127227,0.0227415636135,0.0258855585831,0.00398239362817,0.00943198490882,0.0341647453364,0.0250471599245,0.0306015510375,0.0344791448334,0.021274365961,0.0709494864808,0.00492559211905,0.0154055753511,0.0518759169985,0.0139383776986,0.0704254873192,0.0424439320897,0.0164535736743,0.0548103123035,0.00450639278977,0.00251519597569,0.00461119262209,0.0158247746804,0.00440159295745,0.00492559211905,0.000209599664641,0.00324879480193
0.00331491712707,0.00165745856354,0.00386740331492,0.0502762430939,0.0524861878453,0.0845303867403,0.0624309392265,0.014364640884,0.0182320441989,0.0104972375691,0.0513812154696,0.0281767955801,0.021546961326,0.0209944751381,0.00662983425414,0.0110497237569,0.0232044198895,0.0232044198895,0.0430939226519,0.024861878453,0.024861878453,0.0624309392265,0.0138121546961,0.0292817679558,0.0447513812155,0.0187845303867,0.0878453038674,0.0403314917127,0.0171270718232,0.0640883977901,0.00718232044199,0.00386740331492,0.00386740331492,0.0116022099448,0.00386740331492,0.00552486187845,0.0,0.00497237569061
0.00157026956294,0.00654278984559,0.00968332897147,0.0515571839833,0.0450143941377,0.0984035592777,0.0819157288668,0.0217220622874,0.01779638838,0.00785134781471,0.075634650615,0.0434441245747,0.0256477361947,0.040041873855,0.00314053912588,0.0099450405653,0.0191049463491,0.0149175608479,0.0324522376341,0.0188432347553,0.0191049463491,0.0481549332635,0.00706621303324,0.0175346767862,0.0437058361685,0.00785134781471,0.086103114368,0.0382098926982,0.0201517927244,0.0497252028265,0.00575765506412,0.00418738550118,0.00209369275059,0.0141324260665,0.00497252028265,0.00366396231353,0.000523423187647,0.00183198115677
0.000696015312337,0.00600313206891,0.008265181834,0.0379328345224,0.0301026622586,0.0996171915782,0.0922220288846,0.012354271794,0.0300156603445,0.00756916652166,0.0531581694797,0.032973725422,0.0249695493301,0.0471550374108,0.00478510527232,0.00548112058465,0.0224464938229,0.0217504785105,0.0525491560814,0.0141813119889,0.0187924134331,0.0480250565512,0.00643814163912,0.014529319645,0.037149817296,0.00756916652166,0.0993561858361,0.0347137637028,0.0161823560118,0.0845658604489,0.00321907081956,0.00243605359318,0.00261005742126,0.0111362449974,0.00313206890552,0.00391508613189,0.000174003828084,0.00182704019488
0.0020915640251,0.00472538539004,0.00774653342629,0.0366411031064,0.028584708343,0.0868386397087,0.0740568595553,0.00859865210318,0.021225501588,0.00937330544581,0.0471763885661,0.0296692230227,0.0372608257805,0.0254860949725,0.00402819738167,0.00464792005578,0.0208381749167,0.0161902548609,0.0395073204741,0.0226198776048,0.0202184522426,0.0557750406693,0.00681694941514,0.0171198388721,0.0485707645828,0.011774730808,0.117824773414,0.0508947246107,0.0171973042064,0.0914865597645,0.00565496940119,0.00278875203347,0.00526764272988,0.0127043148191,0.00278875203347,0.00410566271593,7.74653342629e-05,0.00162677201952
0.00242535753115,0.00334532073263,0.0053525131722,0.0275988960442,0.0189010621393,0.0728443589529,0.0627247637367,0.00861420088651,0.0229154470185,0.00618884335536,0.0268461988793,0.0185665300661,0.0383875554069,0.0211591536339,0.00301078865936,0.00468344902568,0.03922388559,0.0422346742494,0.0345404365644,0.0159739064983,0.0195701262859,0.0512670402275,0.00418165091578,0.0131303838756,0.0532742326671,0.0102868612528,0.129714811408,0.04716902233,0.0245044743665,0.134983691561,0.0053525131722,0.00301078865936,0.00526888015388,0.0138830810404,0.00326168771431,0.00418165091578,8.36330183156e-05,0.00133812829305
0.00638181959686,0.0106623083508,0.0063039925286,0.0537785041637,0.0503541131606,0.0523776169352,0.0360339326018,0.00521441357304,0.00786053389369,0.0328430228033,0.104443925597,0.0336212934859,0.0150984512413,0.0231146392715,0.00147871429683,0.00396918048097,0.0235816016811,0.0374348198303,0.0296521130049,0.0614833839209,0.0246711806366,0.0245155265001,0.0052922406413,0.0130749474667,0.0865436998988,0.0154097595144,0.0626507899447,0.0508989026383,0.013775391081,0.0665421433575,0.00505875943653,0.00256829325239,0.0027239473889,0.0169663008794,0.00256829325239,0.00583703011908,0.000155654136509,0.00505875943653
0.00614754098361,0.0117362146051,0.00689269746647,0.0469448584203,0.0482488822653,0.0501117734724,0.0363263785395,0.00707898658718,0.00856929955291,0.0312965722802,0.0901639344262,0.0460134128167,0.0191877794337,0.0217958271237,0.00577496274218,0.00763785394933,0.0290611028316,0.0380029806259,0.0327868852459,0.0529061102832,0.0173248882265,0.0495529061103,0.00614754098361,0.0173248882265,0.0763785394933,0.0182563338301,0.0612891207154,0.045827123696,0.00894187779434,0.0689269746647,0.00391207153502,0.00149031296572,0.00298062593145,0.0117362146051,0.0024217585693,0.00763785394933,0.000372578241431,0.00279433681073
0.00289471507733,0.00645107931519,0.00678190389546,0.0283682077578,0.0296087999338,0.0543379373087,0.0401124803573,0.00835332065172,0.0108345050037,0.0208419485568,0.0712099909023,0.0436688445952,0.0170374658837,0.0311802166901,0.00496236870399,0.00835332065172,0.0307666859648,0.0473906211231,0.0494582747498,0.0343230502026,0.0204284178314,0.0253080803904,0.00545860557439,0.00686461004053,0.0761723596063,0.0110826234389,0.10594657183,0.0555785294847,0.0192705318005,0.0855181539988,0.0042180133984,0.0034736580928,0.00454883797866,0.016127698288,0.00339095194773,0.00487966255893,0.0,0.00479695641386
0.00318906605923,0.00637813211845,0.00501138952164,0.0391799544419,0.0328018223235,0.0633257403189,0.046013667426,0.00956719817768,0.0150341685649,0.00956719817768,0.0646924829157,0.0350797266515,0.0323462414579,0.0391799544419,0.00364464692483,0.00410022779043,0.0268792710706,0.0300683371298,0.0300683371298,0.0214123006834,0.0173120728929,0.0391799544419,0.00683371298405,0.00455580865604,0.0719817767654,0.0145785876993,0.120728929385,0.0619589977221,0.0259681093394,0.0788154897494,0.00592255125285,0.00227790432802,0.00182232346241,0.0232346241458,0.00410022779043,0.00136674259681,0.0,0.00182232346241
0.00349487418453,0.00559179869525,0.00582479030755,0.024697110904,0.0214352283318,0.0449673811743,0.0407735321528,0.00652376514445,0.012348555452,0.0109506057782,0.0659366262815,0.0386766076421,0.0274930102516,0.0421714818267,0.00652376514445,0.00605778191985,0.0314538676608,0.0403075489282,0.0368126747437,0.0333178005592,0.024697110904,0.0212022367195,0.00512581547064,0.00955265610438,0.069431500466,0.0107176141659,0.123718546132,0.0612767940354,0.0274930102516,0.0994874184529,0.00489282385834,0.00326188257223,0.00442684063374,0.0156104380242,0.00372786579683,0.00512581547064,0.0,0.00489282385834
0.00393303400508,0.00664787163691,0.00292367129581,0.0338658591765,0.0257561518917,0.0239114545265,0.0189342522015,0.00274964324249,0.00407225644774,0.0224844244892,0.0486582437089,0.0158365528523,0.00633462114093,0.0124952142285,0.00132261320525,0.00194911419721,0.010058821482,0.0258605687237,0.025616929449,0.0658870209878,0.0196999756361,0.0285754063555,0.00483797988236,0.00765723434618,0.136960077965,0.0230761198705,0.106017890084,0.113744735651,0.0302808812781,0.112770178553,0.00664787163691,0.00247119835718,0.0036197835091,0.025930179945,0.00570812014897,0.00849256900212,0.000104416831993,0.0041070620584
0.00472082044604,0.0055347550057,0.00537196809377,0.0314178740029,0.0234413153182,0.0377665635683,0.023929676054,0.00423245971024,0.00520918118183,0.0138368875142,0.0589288621195,0.023929676054,0.014488035162,0.0289760703239,0.00227901676705,0.00260459059092,0.0149763958978,0.0377665635683,0.0333713169461,0.0390688588637,0.0249063975256,0.0301155787075,0.0055347550057,0.00879049324434,0.104020836725,0.0149763958978,0.109230017907,0.0944164089207,0.0338596776819,0.112160182321,0.00667426338922,0.00374409897444,0.00260459059092,0.0213250854631,0.00651147647729,0.00586032882956,0.000162786911932,0.00325573823865
0.00168223214804,0.00388653634202,0.00414757236499,0.0230871860317,0.0160102094089,0.0439120598643,0.0375601833053,0.00562677649516,0.00974534485759,0.00719299263298,0.0230291780266,0.0139219212251,0.0167933174778,0.0171413655084,0.00197227217356,0.00330645629097,0.018533557631,0.0398224955044,0.0502349324207,0.0214629618887,0.0146180172864,0.0464934160914,0.00443761239051,0.0114855850107,0.0813852311619,0.0136608852022,0.121845814722,0.0813272231568,0.0341087070016,0.182377168049,0.00817912871976,0.00440860838796,0.00461163640582,0.0179244735774,0.00513370845177,0.00533673646963,2.90040025524e-05,0.00356749231394
0.00194795464762,0.00339643374457,0.00199790220269,0.0213775535688,0.0152839518506,0.0240247739873,0.0177313820488,0.00239748264322,0.00379601418511,0.0110883572249,0.0322661205734,0.0125368363219,0.00649318215873,0.0121372558813,0.00254732530843,0.00209779731282,0.0097397732381,0.0179311722691,0.0195294940313,0.0420058938115,0.0121872034364,0.0183307527097,0.0036461715199,0.0065431297138,0.129014534739,0.0199290744718,0.0827131511912,0.124369412117,0.0472503870936,0.189151391039,0.012636731432,0.00489486039658,0.00564407372259,0.0484990759702,0.0129364167624,0.0131861545377,0.000199790220269,0.00854103191649
0.00202659911336,0.00303989867004,0.00126662444585,0.0224192526916,0.0148195060165,0.0244458518049,0.0219126029132,0.00392653578214,0.00379987333756,0.00873970867638,0.0196326789107,0.0145661811273,0.00671310956301,0.0115262824573,0.00139328689044,0.00113996200127,0.0105129829006,0.0188727042432,0.0231792273591,0.0178594046865,0.0105129829006,0.030525649145,0.00303989867004,0.00620645978467,0.100696643445,0.0157061431286,0.0882837238759,0.140215326156,0.0377454084864,0.227485750475,0.0153261557948,0.00569981000633,0.0059531348955,0.0468651044965,0.0129195693477,0.011906269791,0.000126662444585,0.00899303356555
0.0013737580269,0.00268362033162,0.0044727005527,0.015143286157,0.0111498035207,0.0259416632056,0.022906616402,0.0023960895818,0.0051436056356,0.00591035430178,0.0187853423213,0.011629021437,0.00977604549375,0.0140570588799,0.00169323663781,0.00230024599853,0.0122999265199,0.022906616402,0.0322353918405,0.0163573048784,0.00827449602249,0.0287211271205,0.00290725535925,0.00744385163413,0.0687198492061,0.0121082393534,0.119005782563,0.105364045877,0.0428420817226,0.268393981023,0.0182741765439,0.00990383693812,0.0089454011054,0.0338327848951,0.0100955241047,0.00753969521741,0.000638957221814,0.00782722596722
0.00316567006683,0.0038691523039,0.00597959901512,0.0186422792824,0.0102004924376,0.0344706296166,0.0225114315864,0.00246218782976,0.0038691523039,0.00949701020049,0.0228631727049,0.0186422792824,0.0105522335561,0.0119591980302,0.0,0.00351741118537,0.0112557157932,0.0179387970454,0.0270840661273,0.0168835736898,0.00879352796342,0.0116074569117,0.00597959901512,0.00879352796342,0.0499472388322,0.00879352796342,0.0612029546254,0.0650721069293,0.0291945128386,0.246218782976,0.0492437565951,0.024270137179,0.0211044671122,0.0664790714034,0.023566654942,0.0298979950756,0.00175870559268,0.0327119240239
0.00600901352028,0.00600901352028,0.00450676014021,0.0100150225338,0.00951427140711,0.0470706059089,0.0470706059089,0.00100150225338,0.00200300450676,0.0050075112669,0.0160240360541,0.00801201802704,0.0160240360541,0.00951427140711,0.00150225338007,0.00200300450676,0.0190285428142,0.0445668502754,0.0295443164747,0.0120180270406,0.0100150225338,0.014521782674,0.00100150225338,0.00801201802704,0.0460691036555,0.0115172759139,0.0916374561843,0.0801201802704,0.0300450676014,0.245368052078,0.0325488232349,0.0130195292939,0.0185277916875,0.0475713570356,0.0135202804206,0.0260390585879,0.00200300450676,0.0120180270406
0.00360419397117,0.00327653997379,0.0045871559633,0.0209698558322,0.0180209698558,0.0435779816514,0.0448885976409,0.00196592398427,0.00753604193971,0.00819134993447,0.0291612057667,0.0108125819135,0.0137614678899,0.0101572739187,0.000327653997379,0.00294888597641,0.0193315858453,0.0321100917431,0.0330930537353,0.021625163827,0.00688073394495,0.012123197903,0.00327653997379,0.0108125819135,0.0537352555701,0.012123197903,0.0792922673657,0.0792922673657,0.0265399737877,0.203473132372,0.021625163827,0.0134338138925,0.0127785058978,0.0491480996068,0.0314547837484,0.031127129751,0.00655307994758,0.0163826998689
0.00207182320442,0.0033379373849,0.00195672191529,0.02394106814,0.0172651933702,0.0225598526703,0.0159990791897,0.00218692449355,0.00310773480663,0.00886279926335,0.0272790055249,0.0147329650092,0.011164825046,0.0132366482505,0.00149631675875,0.00207182320442,0.00759668508287,0.019682320442,0.0187615101289,0.0283149171271,0.00909300184162,0.0195672191529,0.00253222836096,0.0073664825046,0.0858655616943,0.0124309392265,0.059046961326,0.148250460405,0.0378683241252,0.182780847145,0.0230202578269,0.0116252302026,0.0126611418048,0.0699815837937,0.0207182320442,0.0323434622468,0.000115101289134,0.0191068139963
0.00470746469401,0.0053799596503,0.00369872225958,0.0258910558171,0.0168123739072,0.0201748486886,0.0161398789509,0.00168123739072,0.00100874243443,0.00739744451917,0.0275722932078,0.00941492938803,0.0053799596503,0.0084061869536,0.000672494956288,0.00403496973773,0.00504371217216,0.0107599193006,0.0144586415602,0.0225285810356,0.00672494956288,0.0174848688635,0.00201748486886,0.0084061869536,0.0773369199731,0.00941492938803,0.0464021519839,0.135507733692,0.0480833893746,0.184599865501,0.0413584398117,0.011768661735,0.0211835911231,0.0991930060525,0.0100874243443,0.0453934095494,0.0,0.0238735709482
0.000385059684251,0.00731613400077,0.00539083557951,0.0242587601078,0.0246438197921,0.0196380438968,0.0269541778976,0.000770119368502,0.00308047747401,0.0130920292645,0.0342703118983,0.0196380438968,0.00654601463227,0.00693107431652,0.000385059684251,0.00231035810551,0.012321909896,0.0242587601078,0.0142472083173,0.0442818636889,0.00962649210628,0.0142472083173,0.001540238737,0.00770119368502,0.0835579514825,0.0142472083173,0.0477474008471,0.134385829804,0.0273392375818,0.128994994224,0.0192529842126,0.0173276857913,0.0261840585291,0.0916442048518,0.0300346553716,0.0327300731613,0.000385059684251,0.0223334616866
0.0045766590389,0.00228832951945,0.0091533180778,0.025171624714,0.0091533180778,0.0320366132723,0.0114416475973,0.00228832951945,0.0,0.0160183066362,0.0800915331808,0.0160183066362,0.0137299771167,0.0274599542334,0.0,0.0091533180778,0.0091533180778,0.0137299771167,0.0114416475973,0.0549199084668,0.0183066361556,0.0045766590389,0.0,0.0114416475973,0.070938215103,0.0045766590389,0.0526315789474,0.12356979405,0.0297482837529,0.12585812357,0.0366132723112,0.0160183066362,0.0343249427918,0.0732265446224,0.0228832951945,0.0137299771167,0.00228832951945,0.0114416475973
0.00262191924489,0.0047194546408,0.00419507079182,0.0194022024122,0.0183534347142,0.0304142632407,0.0262191924489,0.00262191924489,0.00891452543262,0.00943890928159,0.0361824855794,0.0115364446775,0.00524383848977,0.0157315154693,0.00209753539591,0.00104876769795,0.0131095962244,0.00996329313057,0.0157315154693,0.0173046670163,0.0183534347142,0.0283167278448,0.0047194546408,0.00629260618773,0.0797063450446,0.0125852123755,0.0603041426324,0.105925537493,0.0277923439958,0.157839538542,0.0293654955427,0.0136339800734,0.0194022024122,0.0823282642895,0.0382800209754,0.0377556371264,0.00262191924489,0.0199265862611
