0.326086956522,0.215217391304,0.0673913043478,0.15,0.0304347826087,0.0369565217391,0.0130434782609,0.0,0.00217391304348,0.00434782608696,0.0260869565217,0.0108695652174,0.00434782608696,0.0,0.0,0.0,0.00217391304348,0.00434782608696,0.0,0.0260869565217,0.00434782608696,0.00652173913043,0.0,0.0,0.0217391304348,0.0,0.0260869565217,0.00869565217391,0.0,0.0108695652174,0.0,0.00217391304348,0.0,0.0,0.0,0.0,0.0,0.0
0.0396578538103,0.262830482115,0.130378434422,0.259201658891,0.0456194919647,0.0775012960083,0.0228097459824,0.00311041990669,0.00181441161223,0.00725764644894,0.0199585277346,0.0108864696734,0.00803525142561,0.00518403317781,0.000518403317781,0.00129600829445,0.00492483151892,0.00181441161223,0.00233281493002,0.0121824779679,0.00388802488336,0.00414722654225,0.00311041990669,0.00388802488336,0.0191809227579,0.000777604976672,0.0139968895801,0.00855365474339,0.00336962156558,0.0160705028512,0.000777604976672,0.000259201658891,0.00129600829445,0.00129600829445,0.000259201658891,0.000777604976672,0.0,0.00103680663556
0.0233686067019,0.164462081129,0.283509700176,0.0956790123457,0.00837742504409,0.225308641975,0.0493827160494,0.00749559082892,0.00617283950617,0.00396825396825,0.015873015873,0.0127865961199,0.0119047619048,0.00573192239859,0.0,0.00176366843034,0.00970017636684,0.00440917107584,0.00617283950617,0.00573192239859,0.00308641975309,0.00485008818342,0.000440917107584,0.0026455026455,0.00529100529101,0.000881834215168,0.0141093474427,0.0026455026455,0.00308641975309,0.0180776014109,0.000440917107584,0.000440917107584,0.000440917107584,0.000440917107584,0.000440917107584,0.000440917107584,0.0,0.000440917107584
0.0175537539655,0.074162848079,0.0347902714135,0.326683115968,0.123158265774,0.140923510751,0.0508283397956,0.00676771237222,0.00616848783927,0.0112442721184,0.0331688403243,0.0225590412407,0.00912936200211,0.00771942192457,0.000775467042651,0.00324286217836,0.00697920338386,0.00595699682763,0.00722594289743,0.0128657032076,0.00518152978498,0.00645047585478,0.00158618258724,0.00211491011632,0.018963694043,0.0031018681706,0.0181882270004,0.012618963694,0.00511103278111,0.0169897779344,0.000775467042651,0.000352485019387,0.00052872752908,0.00377158970744,0.000740218540712,0.00102220655622,0.0,0.000599224532957
0.00890073133398,0.0261352684393,0.0132660581666,0.216225409604,0.0998922841431,0.0862293780827,0.0700153069902,0.0130392879415,0.0110550484721,0.0226770225069,0.0708090027779,0.0446737343387,0.017801462668,0.0206360904813,0.0026078575883,0.00992119734679,0.0162707636487,0.0132660581666,0.0124156698226,0.0267021940019,0.0151369125234,0.0164408413175,0.00368501615738,0.00532910028913,0.0379273201429,0.00668972163955,0.0299336697092,0.027779352571,0.00901411644651,0.0297635920404,0.00130392879415,0.000907080900278,0.00119054368161,0.00788026532116,0.00170077668802,0.00175746924429,5.66925562674e-05,0.000963773456545
0.006283807858,0.0193696757685,0.0437923104331,0.119748647686,0.0332329219707,0.30878113562,0.157224759499,0.0131830401969,0.0177501376607,0.00307712240469,0.0144138891588,0.016972759369,0.0240663362809,0.00712596767402,0.00116606743757,0.00333624850193,0.0204061801574,0.0119521912351,0.0174586208013,0.00683445081463,0.00531208499336,0.01383085544,0.00210539954005,0.00576555566352,0.0156447381207,0.00343342078839,0.0366015612347,0.0156123473585,0.00670488776601,0.0372169857157,0.00145758429696,0.00103650438895,0.0014251935348,0.00443753441518,0.0014251935348,0.00129563048619,6.47815243093e-05,0.000453470670165
0.00355186094842,0.00819950878519,0.0191573776686,0.0736822218024,0.0436425467599,0.249385981485,0.153750236161,0.0174948044587,0.02304931041,0.00464764783677,0.0181371622898,0.0239939542792,0.0379746835443,0.0103532968071,0.00185150198375,0.00453429057245,0.034233893822,0.0204420933308,0.0251275269224,0.00661250708483,0.00880408086152,0.0235783109768,0.00313621764595,0.00559229170603,0.0211978084262,0.00476100510108,0.0537313432836,0.0224447383336,0.011033440393,0.0481012658228,0.00234271679577,0.00136028717174,0.00283393160778,0.00721707916116,0.00147364443605,0.0012847156622,0.000226714528623,0.00105800113357
0.0028532298562,0.00924446473408,0.00924446473408,0.0712166172107,0.054782013239,0.138552841817,0.115498744579,0.00798904359735,0.0157498288062,0.00776078520886,0.0381191508788,0.027162748231,0.0230540972381,0.0255649395115,0.00330974663319,0.0166628623602,0.0515863958,0.0313855284182,0.0388039260443,0.0179182834969,0.0146085368637,0.0241953891806,0.00490755535266,0.0104998858708,0.0365213421593,0.00821730198585,0.0698470668797,0.0295594613102,0.0135813741155,0.0515863958,0.00273910066195,0.00296735905045,0.0028532298562,0.0127824697558,0.00342387582744,0.0026249714677,0.0,0.0026249714677
0.00641925777332,0.00682046138415,0.0114343029087,0.0459378134403,0.0367101303912,0.215847542628,0.179538615848,0.0122367101304,0.0190571715145,0.00461384152457,0.0262788365095,0.0240722166499,0.0240722166499,0.0194583751254,0.00401203610832,0.00481444332999,0.0417251755266,0.0304914744233,0.0465396188566,0.00762286860582,0.012036108325,0.0218655967904,0.00581745235707,0.00722166499498,0.0190571715145,0.00601805416249,0.0609829488465,0.0182547642929,0.0104312938816,0.0521564694082,0.00220661985958,0.00200601805416,0.00200601805416,0.00501504513541,0.00260782347041,0.00320962888666,0.000200601805416,0.0012036108325
0.00891341256367,0.0193123938879,0.0108234295416,0.127334465195,0.10441426146,0.0411714770798,0.028013582343,0.0061544991511,0.00870118845501,0.0335314091681,0.0925297113752,0.0303480475382,0.0159168081494,0.0188879456706,0.00318336162988,0.00594227504244,0.00912563667233,0.0163412563667,0.0142190152801,0.0511460101868,0.0252546689304,0.0305602716469,0.00636672325976,0.00912563667233,0.0908319185059,0.0129456706282,0.0413837011885,0.0477504244482,0.0101867572156,0.0464770797963,0.0025466893039,0.00169779286927,0.00424448217317,0.0146434634975,0.00212224108659,0.00466893039049,0.0,0.00318336162988
0.00745999278065,0.0122728913488,0.00673805799543,0.0836241126218,0.0790518589821,0.0500541451089,0.0357959331007,0.0118517627241,0.0104680543858,0.0285765852485,0.0763446035375,0.0385633497774,0.0172061123812,0.0227409457346,0.00445193117555,0.0137769221514,0.022981590663,0.0254482011792,0.0210564312357,0.0556491396944,0.021838527253,0.0558296233907,0.00715918662014,0.0151004692576,0.0725544459151,0.0127541812056,0.0483094693779,0.0484297918421,0.013536277223,0.0498736614126,0.0030682228372,0.00204548189147,0.0028877391409,0.0138972446156,0.00198532065937,0.00391048008663,0.0,0.00270725544459
0.00274402195218,0.0112560900487,0.00604804838439,0.0810326482612,0.078456627653,0.078568628549,0.0599764798118,0.00952007616061,0.014896119169,0.0193201545612,0.0679845438764,0.0276082208658,0.0237441899535,0.0496163969312,0.00425603404827,0.0210001680013,0.0253682029456,0.0258722069777,0.0237441899535,0.0253122024976,0.0249201993616,0.0481043848351,0.00851206809654,0.015736125889,0.046760374083,0.0094080752646,0.0539284314275,0.0431763454108,0.0148401187209,0.046536372291,0.00341602732822,0.00190401523212,0.00285602284818,0.0146161169289,0.0030800246402,0.00364002912023,0.000168001344011,0.00207201657613
0.00250683682771,0.00782436949256,0.00957155879672,0.0619872379216,0.0381343056822,0.144333029474,0.124430264357,0.00987541780614,0.0126861136433,0.00524156791249,0.031677301732,0.0270434518383,0.0185353995746,0.0208903068976,0.00167122455181,0.00752051048314,0.0274992403525,0.030385900942,0.054162868429,0.0115466423579,0.0120024308721,0.0261318748101,0.00531753266484,0.0129140079003,0.0388179884534,0.0077484047402,0.096323305986,0.031677301732,0.0146611972045,0.0757368580978,0.00395016712246,0.00379823761775,0.0030385900942,0.012838043148,0.002354907323,0.00326648435126,0.0,0.00189911880887
0.00224627322851,0.00857667959975,0.00520726975699,0.071472329998,0.0568715540127,0.0727996732693,0.0578925872983,0.00959771288544,0.0131713293853,0.0199101490709,0.0606493771697,0.0414539513988,0.0217480089851,0.0287931386563,0.00347151317133,0.0126608127425,0.0336940984276,0.0225648356136,0.0293036552992,0.0368593016132,0.0263426587707,0.0626914437411,0.00622830304268,0.0178680824995,0.0518684909128,0.0128650193996,0.070757606698,0.0425770880131,0.0143965693282,0.0487032877272,0.0038799264856,0.00153154992853,0.00418623647131,0.0154176026138,0.00316520318562,0.00449254645701,0.000510516642843,0.0035736164999
0.0016694490818,0.00278241513634,0.00389538119087,0.0517529215359,0.0328324986088,0.085141903172,0.0756816917084,0.0155815247635,0.0211463550362,0.0183639398998,0.0606566499722,0.0239287701725,0.0217028380634,0.0283806343907,0.0100166944908,0.0122426265999,0.0383973288815,0.0239287701725,0.0372843628269,0.0289371174179,0.0267111853088,0.056204785754,0.0127991096272,0.0261547022816,0.0456316082359,0.0161380077908,0.0795770728993,0.0411797440178,0.0222593210907,0.0467445742905,0.00222593210907,0.00333889816361,0.00278241513634,0.0122426265999,0.00333889816361,0.00500834724541,0.0,0.00333889816361
0.0012370113805,0.00544285007422,0.0118753092528,0.0534388916378,0.0425531914894,0.103908955962,0.0910440376051,0.0175655616032,0.0225136071252,0.0111331024245,0.0583869371598,0.034388916378,0.0257298367145,0.0274616526472,0.00296882731321,0.0101434933201,0.0239980207818,0.017070757051,0.0393369619,0.0190499752598,0.0205343889164,0.0455220188026,0.00717466600693,0.019544779812,0.0437902028699,0.00816427511133,0.0791687283523,0.048985650668,0.0178129638793,0.0586343394359,0.00321622958931,0.00371103414151,0.00296882731321,0.0121227115289,0.00173181593271,0.00544285007422,0.000247402276101,0.00197921820881
0.00281930798804,0.00598035027766,0.00734728748398,0.0408372490389,0.0316104228962,0.0999572832123,0.094916702264,0.0111917983768,0.0238359675352,0.00692011960701,0.042802221273,0.0311832550192,0.027680478428,0.0298163178129,0.00435711234515,0.00486971379752,0.0202477573686,0.0222127296027,0.0546774882529,0.0152926099957,0.0193079880393,0.044767193507,0.00512601452371,0.0155489107219,0.0404955147373,0.00743272105938,0.112686885946,0.0393848782572,0.0174284493806,0.0873131140538,0.00418624519436,0.00307560871422,0.00410081161897,0.0117898334045,0.0035882101666,0.0035882101666,8.54335753951e-05,0.00153780435711
0.00258665287118,0.0038430271229,0.00657748872958,0.0363609489321,0.0248318675634,0.0818121350972,0.0676224964895,0.00761214987806,0.0218017884857,0.0101248983815,0.0444904293844,0.0279358510088,0.0345872441061,0.017884856995,0.00295617470993,0.0039908358584,0.0226886408987,0.0166284827433,0.0430123420294,0.0246840588279,0.0260882418151,0.0553543714434,0.00495159263912,0.0150025866529,0.0515113443204,0.0122681250462,0.129997782869,0.0490725001848,0.0189934225113,0.0983667134728,0.00458207080038,0.00421254896164,0.00458207080038,0.0129332643559,0.00266055723893,0.00502549700687,0.000221713103244,0.0021432266647
0.00181731984829,0.00371365360303,0.00426675094817,0.0282079646018,0.0183312262958,0.0704013906448,0.0620259165613,0.00608407079646,0.0203855878635,0.00600505689001,0.0239412136536,0.0188053097345,0.0339759797724,0.0163558786346,0.00276548672566,0.00418773704172,0.0392699115044,0.0410082174463,0.0341340075853,0.0205436156764,0.0173830594185,0.0473293299621,0.00402970922882,0.0146175726928,0.0573640960809,0.0118520859671,0.141750948167,0.0560998735777,0.0252844500632,0.134402654867,0.00426675094817,0.00268647281922,0.00379266750948,0.0134323640961,0.0033185840708,0.00323957016435,0.000237041719343,0.00268647281922
0.00569562575942,0.0111634264885,0.00759416767922,0.0507290400972,0.0457168894289,0.0554374240583,0.0353128797084,0.00706257594168,0.0101761846902,0.0335662211422,0.0992557715674,0.0325789793439,0.0151883353584,0.0232381530984,0.00349331713244,0.00470838396112,0.0260479951397,0.0385783718104,0.0324270959903,0.0564246658566,0.0242253948967,0.0207320777643,0.00463244228433,0.0136695018226,0.0897630619684,0.0126822600243,0.0700941676792,0.0528554070474,0.0166312272175,0.0644744835966,0.00364520048603,0.00341737545565,0.00258201701094,0.0141251518834,0.0028857837181,0.00501215066829,0.000379708383961,0.00379708383961
0.00671516508114,0.0113784741653,0.00876702107816,0.0535347882858,0.0432755083007,0.0552135795561,0.0384256668532,0.00820742398806,0.00969968289498,0.029658645775,0.0852452900578,0.0415967170304,0.0139899272524,0.0227569483305,0.00447677672076,0.00820742398806,0.0268606603246,0.0384256668532,0.0300317105018,0.0598768886402,0.0203320276068,0.0421563141205,0.00858048871479,0.0167879127029,0.0792762544301,0.0123111359821,0.0626748740907,0.0447677672076,0.0180936392464,0.0611826151837,0.00447677672076,0.00279798545048,0.00484984144749,0.0147360567058,0.00261145308711,0.00447677672076,0.000186532363365,0.00335758254057
0.00219597152809,0.00605785249129,0.00605785249129,0.0308950477056,0.025745873088,0.0599727396638,0.0477813115251,0.00711797667727,0.00961684082993,0.0199909132213,0.0642889595638,0.0437679842496,0.0187036195669,0.0299106466758,0.00401332727548,0.00620929880357,0.030062092988,0.0486142662426,0.061714372255,0.0340754202635,0.0197637437528,0.026275935181,0.00439194305619,0.00757231561411,0.0694381341814,0.00885960926851,0.111615932152,0.0512645767076,0.0190822353476,0.0847342117219,0.00560351355444,0.00287747993336,0.00355898833863,0.0157504164774,0.00318037255793,0.00522489777374,0.0,0.00401332727548
0.00180505415162,0.00270758122744,0.00361010830325,0.0306859205776,0.0293321299639,0.0582129963899,0.0424187725632,0.0166967509025,0.0112815884477,0.00992779783394,0.0649819494585,0.0388086642599,0.0306859205776,0.0261732851986,0.00676895306859,0.00857400722022,0.0270758122744,0.0356498194946,0.0361010830325,0.0221119133574,0.0221119133574,0.0415162454874,0.00812274368231,0.0108303249097,0.0726534296029,0.014440433213,0.111462093863,0.057761732852,0.0257220216606,0.0884476534296,0.0072202166065,0.00406137184116,0.00857400722022,0.0166967509025,0.00270758122744,0.00225631768953,0.0,0.00180505415162
0.00202839756592,0.00653594771242,0.00811359026369,0.0229885057471,0.0238900157764,0.0545413567726,0.0398918187965,0.0105927428443,0.00946585530764,0.0135226504395,0.0640072120802,0.0349335136353,0.0196078431373,0.0380887987379,0.00428217263917,0.00833896777102,0.0324543610548,0.0462023890016,0.0403425738111,0.0376380437232,0.026369168357,0.0205093531666,0.00247915258057,0.0126211404102,0.0732476898805,0.0110434978589,0.122830741492,0.0554428668019,0.0243407707911,0.0892494929006,0.0045075501465,0.00473292765382,0.00405679513185,0.0182555780933,0.00383141762452,0.00473292765382,0.0,0.00428217263917
0.00350889504895,0.00642127793958,0.00442120776168,0.0338959261728,0.0240359310853,0.0253342222534,0.0185620548089,0.00343871714797,0.00452647461314,0.0212989929471,0.0418962068845,0.015123337661,0.00831608126601,0.0120355100179,0.00164918067301,0.00207024807888,0.00940383873118,0.0238955752833,0.0278255377382,0.069967367276,0.0195445454226,0.0277904487877,0.00428085195972,0.00884241552335,0.134250324573,0.0220358609074,0.098424506123,0.115933892417,0.0308080985298,0.122214814555,0.00589494368223,0.00305273869259,0.00322818344503,0.0281062493421,0.00578967683077,0.00708796799888,3.50889504895e-05,0.00505280887049
0.00323886639676,0.00744939271255,0.00582995951417,0.0383805668016,0.0225101214575,0.0364372469636,0.0262348178138,0.00356275303644,0.00437246963563,0.0158704453441,0.0476113360324,0.0267206477733,0.0131174089069,0.0225101214575,0.00259109311741,0.00307692307692,0.0168421052632,0.0322267206478,0.035951417004,0.0387044534413,0.0263967611336,0.0310931174089,0.00647773279352,0.00890688259109,0.0974898785425,0.0144129554656,0.115789473684,0.0971659919028,0.0354655870445,0.115951417004,0.00502024291498,0.00307692307692,0.00194331983806,0.0251012145749,0.00323886639676,0.00599190283401,0.00080971659919,0.00242914979757
0.00195015629929,0.00430181536608,0.00438785167341,0.021136252832,0.0150563537813,0.0470045025667,0.0373684361467,0.00524821474662,0.00863230950128,0.00757119504431,0.0182110183831,0.0147408873211,0.0197023143767,0.0114715076429,0.00166336860822,0.00332673721644,0.020046459606,0.0414695001291,0.0503025610141,0.020849465141,0.0123318707161,0.0438785167341,0.00533425105394,0.0110126473372,0.0819352433394,0.0147982448593,0.123089277008,0.0841148297915,0.0343571653905,0.185436921047,0.0083455218102,0.0035561673693,0.00412974275144,0.0205339986808,0.00438785167341,0.00493274828644,8.60363073217e-05,0.00329805844733
0.00264725347452,0.00483632846307,0.00223998370921,0.023621646388,0.0147126202719,0.0238761899913,0.0154762510818,0.00234180115054,0.0029527057985,0.01226900168,0.0273379829965,0.0123199104007,0.00565086799369,0.00926538716082,0.00152726161992,0.0023927098712,0.00911266099883,0.0192944051316,0.018938044087,0.0403197067658,0.0097235656468,0.0198034923382,0.00371633660846,0.00631268136232,0.12655907957,0.0214325713995,0.089802983251,0.122384564476,0.0427633253576,0.20628213613,0.0102835615741,0.00376724532912,0.00503996334572,0.04907600672,0.0109453749427,0.0131853586519,5.09087206638e-05,0.00773812554091
0.00164265857973,0.00265352539803,0.00240080869345,0.0157947940359,0.012762193581,0.0221127116502,0.0224917867071,0.00341167551175,0.00480161738691,0.00694970937579,0.0185746777862,0.012762193581,0.00770785948951,0.010993176649,0.00088450846601,0.00227445034117,0.0103613848875,0.0197119029568,0.0257771038666,0.0193328278999,0.0114986100581,0.0347485468789,0.00353803386404,0.00808693454637,0.0942633308062,0.0137730603993,0.0935051806924,0.134571645186,0.037402072277,0.241597169573,0.0165529441496,0.00606520090978,0.00694970937579,0.0446044983573,0.0123831185241,0.0088450846601,0.000379075056861,0.0078342178418
0.00182052167362,0.00367243165197,0.0035468784331,0.0144700084748,0.0107975768229,0.0264917291817,0.0214382121222,0.00257384098685,0.00483379892652,0.0064032141624,0.0167613547192,0.011896167488,0.00988731598606,0.0111114598701,0.000973037446248,0.00169496845475,0.0125239335823,0.0200571267146,0.0337424275715,0.0150349979598,0.0078156878747,0.0256128566496,0.00329577199535,0.00932232650115,0.0678615147996,0.0122728271446,0.119620829279,0.108603534323,0.0410559025707,0.274145453404,0.0195235255344,0.00957343293889,0.00944787972002,0.0370068112621,0.00900844345397,0.00772152296054,0.000627766094353,0.00775291126526
0.00389380530973,0.00495575221239,0.00353982300885,0.0198230088496,0.0070796460177,0.0279646017699,0.0251327433628,0.00176991150442,0.00672566371681,0.00495575221239,0.0219469026549,0.00991150442478,0.012389380531,0.0102654867257,0.00212389380531,0.00141592920354,0.0113274336283,0.0208849557522,0.0194690265487,0.0155752212389,0.0070796460177,0.0176991150442,0.00318584070796,0.00743362831858,0.0463716814159,0.0116814159292,0.0686725663717,0.0704424778761,0.0410619469027,0.251681415929,0.0410619469027,0.0205309734513,0.027610619469,0.0661946902655,0.0230088495575,0.0297345132743,0.00283185840708,0.0325663716814
0.00764915859255,0.00101988781234,0.00356960734319,0.0203977562468,0.0122386537481,0.0474247832738,0.0331463539011,0.00203977562468,0.00662927078021,0.00662927078021,0.0122386537481,0.0127485976543,0.0163182049975,0.00917899031107,0.00050994390617,0.00101988781234,0.0158082610913,0.0316165221826,0.0311065782764,0.0122386537481,0.00815910249873,0.00764915859255,0.00407955124936,0.0086690464049,0.04793472718,0.0050994390617,0.09586945436,0.0841407445181,0.0234574196838,0.268740438552,0.0244773074962,0.0112187659357,0.0168281489036,0.0469148393677,0.0137684854666,0.0305966343702,0.00101988781234,0.017848036716
0.00337837837838,0.0027027027027,0.00472972972973,0.0266891891892,0.0131756756757,0.0483108108108,0.0418918918919,0.00202702702703,0.00540540540541,0.00743243243243,0.0168918918919,0.0111486486486,0.0195945945946,0.00810810810811,0.0,0.0027027027027,0.0219594594595,0.0304054054054,0.0263513513514,0.0165540540541,0.00574324324324,0.0175675675676,0.00405405405405,0.0101351351351,0.0550675675676,0.00540540540541,0.0739864864865,0.0679054054054,0.0341216216216,0.220608108108,0.0172297297297,0.0155405405405,0.0131756756757,0.0635135135135,0.0287162162162,0.0341216216216,0.00472972972973,0.0189189189189
0.00133422281521,0.00255726039582,0.00211251945742,0.0240160106738,0.0171225261285,0.0233488992662,0.0164554147209,0.00289081609962,0.00244607516122,0.00900600400267,0.0239048254392,0.0116744496331,0.00789415165666,0.00978430064487,0.00177896375361,0.00266844563042,0.00589281743384,0.0204580831666,0.0190126751167,0.0234600845008,0.00767178118746,0.0194574160551,0.00255726039582,0.00655992884145,0.0886146319769,0.0152323771403,0.0630420280187,0.156215254614,0.0429175005559,0.189570824994,0.0232377140316,0.0138981543251,0.0143428952635,0.0585946186346,0.0202357126974,0.0289081609962,0.00155659328441,0.0195686012897
0.00476676881171,0.00919305413687,0.0013619339462,0.0228123935989,0.0187265917603,0.0177051413006,0.0156622403813,0.00170241743275,0.00238338440586,0.00749063670412,0.0194075587334,0.0105549880831,0.00510725229826,0.00408580183861,0.00170241743275,0.00170241743275,0.00749063670412,0.0108954715696,0.016683690841,0.0224719101124,0.00749063670412,0.00919305413687,0.00374531835206,0.00749063670412,0.0878447395301,0.013619339462,0.0578821927137,0.120190670752,0.0592441266599,0.202928157984,0.0299625468165,0.0156622403813,0.0214504596527,0.087163772557,0.0122574055158,0.037112700034,0.0,0.0248552945182
0.00149365197909,0.00485436893204,0.00298730395818,0.0276325616131,0.0190440627334,0.0220313666916,0.0190440627334,0.00261389096341,0.00560119492158,0.01643017177,0.0324869305452,0.0145631067961,0.0108289768484,0.0067214339059,0.000746825989544,0.00186706497386,0.0126960418223,0.0197908887229,0.0179238237491,0.0399551904406,0.0067214339059,0.0100821508588,0.00149365197909,0.00634802091113,0.0862584017924,0.0119492158327,0.0631067961165,0.127333831217,0.0332337565347,0.134055265123,0.0186706497386,0.0171769977595,0.0257654966393,0.0941000746826,0.0276325616131,0.0283793876027,0.00112023898432,0.0272591486184
0.0,0.0,0.00220264317181,0.0308370044053,0.0242290748899,0.0264317180617,0.0176211453744,0.00440528634361,0.00440528634361,0.00881057268722,0.0726872246696,0.0440528634361,0.00660792951542,0.0264317180617,0.00660792951542,0.00220264317181,0.00660792951542,0.0220264317181,0.00660792951542,0.0242290748899,0.0330396475771,0.0264317180617,0.0,0.0176211453744,0.0616740088106,0.011013215859,0.0594713656388,0.127753303965,0.0330396475771,0.169603524229,0.0132158590308,0.00220264317181,0.0198237885463,0.0638766519824,0.00660792951542,0.00881057268722,0.0,0.00881057268722
0.00193798449612,0.00532945736434,0.00145348837209,0.0130813953488,0.0135658914729,0.0237403100775,0.0247093023256,0.00242248062016,0.00532945736434,0.0121124031008,0.0377906976744,0.0213178294574,0.015503875969,0.0208333333333,0.00436046511628,0.00339147286822,0.0130813953488,0.0237403100775,0.015019379845,0.0353682170543,0.00968992248062,0.015503875969,0.00726744186047,0.0111434108527,0.078003875969,0.0106589147287,0.0518410852713,0.100775193798,0.0276162790698,0.16230620155,0.0203488372093,0.0135658914729,0.015019379845,0.0838178294574,0.0295542635659,0.0421511627907,0.00339147286822,0.0232558139535
