0.374407582938,0.208530805687,0.0758293838863,0.127962085308,0.0308056872038,0.0379146919431,0.00710900473934,0.0,0.0,0.00473933649289,0.00947867298578,0.00710900473934,0.0,0.0,0.0,0.0,0.00236966824645,0.0,0.0,0.0189573459716,0.0118483412322,0.00473933649289,0.0,0.00236966824645,0.0260663507109,0.00236966824645,0.00473933649289,0.021327014218,0.00473933649289,0.0142180094787,0.0,0.0,0.0,0.00236966824645,0.0,0.0,0.0,0.0
0.0415879017013,0.259789359978,0.133675398326,0.274372130705,0.0394274912233,0.0772346745882,0.0245746691871,0.001080205239,0.00432082095598,0.00567107750473,0.0162030785849,0.0102619497705,0.00486092357548,0.00297056440724,0.000270051309749,0.00216041047799,0.00540102619498,0.00432082095598,0.00351066702674,0.0140426681069,0.00351066702674,0.00324061571699,0.000810153929247,0.00378071833648,0.0186335403727,0.00189035916824,0.01080205239,0.0102619497705,0.00270051309749,0.0126924115582,0.00162030785849,0.0,0.000540102619498,0.00297056440724,0.0,0.000270051309749,0.0,0.000540102619498
0.0263653483992,0.164312617702,0.307438794727,0.0852165725047,0.0122410546139,0.244350282486,0.045197740113,0.00470809792844,0.00376647834275,0.00564971751412,0.00612052730697,0.00612052730697,0.00423728813559,0.00141242937853,0.000470809792844,0.000470809792844,0.00235404896422,0.00282485875706,0.00470809792844,0.00423728813559,0.00659133709981,0.00329566854991,0.000470809792844,0.00235404896422,0.00659133709981,0.000941619585687,0.0108286252354,0.00470809792844,0.00235404896422,0.0202448210923,0.00235404896422,0.00141242937853,0.00235404896422,0.00329566854991,0.0,0.0,0.0,0.0
0.0199826891958,0.0777857223498,0.0364655853686,0.345501072517,0.110600985963,0.137507996839,0.0529108493584,0.00609641365296,0.00590825273774,0.0109509652655,0.0304820682648,0.0197192639145,0.00861776991683,0.00594588492078,0.000526850562601,0.00387611485342,0.0071877469612,0.0056071952734,0.00711248259512,0.0108757008994,0.0053437699921,0.00654799984947,0.00173108041998,0.00293531027735,0.0162947352576,0.00270951717909,0.0178376547624,0.0128702066007,0.00447822978211,0.0174613329319,0.00063974711173,0.000413954013472,0.000827908026945,0.00421480450081,0.000564482745644,0.000903172393031,0.0,0.000564482745644
0.0093343158929,0.0272660280029,0.0106239253255,0.223962171457,0.100343895849,0.0838246131172,0.072218128224,0.0152296732989,0.0117907148121,0.0275116678949,0.0617170228445,0.0429255711127,0.0145541635962,0.0174404323262,0.00196511913535,0.00761483664947,0.0161508228936,0.0128960943257,0.0135101940555,0.0265905183002,0.0144313436502,0.0162122328666,0.00472856791943,0.00552689756817,0.0350650945714,0.0066322770818,0.0308892164087,0.0286784573815,0.00976418570376,0.0319945959224,0.00122819945959,0.00122819945959,0.000982559567674,0.00859739621715,0.00282485875706,0.00165806927045,0.000122819945959,0.00196511913535
0.00566159270434,0.0201037393633,0.0465132047327,0.126046716615,0.0286808828016,0.319863036919,0.158863613249,0.0119673187104,0.0195613113198,0.00349188053022,0.0141031291318,0.0147133606807,0.0233244058718,0.00528867342442,0.000949249076177,0.00281384547581,0.0194257043089,0.0125097467539,0.0160355290369,0.00566159270434,0.00623792250059,0.0120351222158,0.00250872970133,0.00437332610096,0.0152218869716,0.00396650506831,0.0326812896227,0.014679458928,0.0067464487914,0.0342746720005,0.00166118588331,0.000813642065295,0.00111875783978,0.00454283486456,0.00108485608706,0.00145777536699,0.000101705258162,0.000915347323457
0.00424612058982,0.0102292905119,0.0194163514244,0.0779742144677,0.0424612058982,0.251794950977,0.158534702386,0.0185671273064,0.0257083301166,0.00409171620474,0.0169844823593,0.0231606577627,0.0409557631437,0.00849224117965,0.000965027406778,0.00467073264881,0.0367096425538,0.0198023623871,0.0257083301166,0.00667798965491,0.0097660773566,0.0225430402223,0.00239326796881,0.00567436115186,0.017795105381,0.00447772716745,0.0517254690033,0.0206515865051,0.010538099282,0.0405311510847,0.00212306029491,0.00123523508068,0.00196865590983,0.00648498417355,0.00223886358373,0.00142824056203,0.000115803288813,0.00115803288813
0.00316715542522,0.00844574780059,0.0109090909091,0.0742521994135,0.0538416422287,0.136656891496,0.112375366569,0.00774193548387,0.0175953079179,0.00844574780059,0.0328445747801,0.0297947214076,0.0247507331378,0.0208797653959,0.00387096774194,0.0136070381232,0.0487976539589,0.0303812316716,0.0418768328446,0.0168914956012,0.0143108504399,0.0259237536657,0.00774193548387,0.0132551319648,0.0365982404692,0.00821114369501,0.0676832844575,0.0329618768328,0.0133724340176,0.0493841642229,0.00504398826979,0.00422287390029,0.00340175953079,0.0130205278592,0.00258064516129,0.00328445747801,0.000117302052786,0.00175953079179
0.00258620689655,0.00754310344828,0.0140086206897,0.0549568965517,0.0364224137931,0.219827586207,0.170689655172,0.0120689655172,0.0176724137931,0.00538793103448,0.0290948275862,0.0346982758621,0.0299568965517,0.0101293103448,0.00237068965517,0.00452586206897,0.0450431034483,0.0306034482759,0.0459051724138,0.00883620689655,0.00711206896552,0.0202586206897,0.00193965517241,0.00668103448276,0.0163793103448,0.00581896551724,0.0618534482759,0.0202586206897,0.0051724137931,0.05625,0.00193965517241,0.00129310344828,0.00280172413793,0.00625,0.000862068965517,0.00193965517241,0.0,0.000862068965517
0.00960279353994,0.0209515495417,0.0157136621563,0.123308598865,0.0984286337844,0.0423395896988,0.0312090790048,0.00654735923178,0.00785683107813,0.0355739851593,0.0851156700131,0.038192928852,0.0124399825404,0.0141859450022,0.00174596246181,0.00698384984723,0.013531209079,0.0161501527717,0.0113487560017,0.0569620253165,0.029463116543,0.0349192492361,0.00414666084679,0.0102575294631,0.0833697075513,0.0102575294631,0.0423395896988,0.051724137931,0.0104757747708,0.0434308162375,0.00218245307726,0.000872981230904,0.00458315146224,0.0122217372326,0.00305543430816,0.0050196420777,0.000218245307726,0.00327367961589
0.00734564224737,0.0138309840514,0.00972801270598,0.0951624644299,0.0713387598438,0.0469856396003,0.0376546886374,0.0116471444643,0.0129045066508,0.0292502150751,0.070676990272,0.0395076434386,0.0195883793263,0.0187280788829,0.00390444047383,0.0143603997088,0.0248163589438,0.0228972271855,0.0231619350142,0.0559857057772,0.0217722189134,0.0500959565879,0.00807358877639,0.0140295149229,0.0700813976573,0.0140295149229,0.052279796175,0.0478459400437,0.0116471444643,0.0481106478724,0.00357355568791,0.00225001654424,0.00291178611607,0.0133015683939,0.00264707828734,0.00410297134538,6.61769571835e-05,0.00370590960228
0.00308367431655,0.00948822866631,0.00723477435806,0.0902567751883,0.0730593607306,0.0825475893969,0.0612583763269,0.0102591472454,0.016604400166,0.0178497301785,0.0590049220186,0.0268042459823,0.0243135859574,0.0311332503113,0.00379529146652,0.018383443041,0.0262112316907,0.0232461602325,0.0292356045781,0.027397260274,0.0206368973492,0.0471446361857,0.00818359722469,0.0163078930202,0.0491608847773,0.0103777501038,0.0608432663227,0.0473225404732,0.0150625630078,0.0489829804898,0.0034987843207,0.00278716717073,0.00373599003736,0.0157148787286,0.00343948289154,0.00379529146652,0.000177904287493,0.0016604400166
0.00245152663249,0.00794888938415,0.00921179704331,0.0633682490157,0.0346928162841,0.143971473145,0.128742292549,0.00772602332665,0.01426342768,0.00772602332665,0.0282297006166,0.0248124210683,0.0225837604933,0.013817695565,0.00126290765916,0.00653740435332,0.0267439268999,0.0314984027933,0.0575737315207,0.012926231335,0.0116633236758,0.0248124210683,0.00653740435332,0.0114404576183,0.0369957655449,0.00690884778248,0.0997697050739,0.0297897630191,0.0134462521358,0.0755515934923,0.00520020800832,0.00386301166332,0.00497734195082,0.0118119010475,0.00497734195082,0.00460589852166,0.0,0.0015600624025
0.00186084978807,0.00930424894035,0.00589269099555,0.0718494779283,0.0543781660292,0.074330610979,0.0560322547297,0.0104414349219,0.015610462111,0.0210896309315,0.0508632275406,0.0382508011992,0.0223301974568,0.0234673834384,0.00330817740101,0.0132327096041,0.0333919156415,0.0282228884524,0.0303938798718,0.0398015093559,0.0215031531066,0.0740204693477,0.00889072676522,0.0182983562494,0.0463144836142,0.0125090457976,0.0681277783521,0.0454874392639,0.0145766566732,0.0490023777525,0.00403184120748,0.00217099141941,0.00330817740101,0.0162307453737,0.00372169957614,0.00444536338261,0.000206761087563,0.00310141631345
0.0,0.00414078674948,0.00465838509317,0.0455486542443,0.0424430641822,0.0869565217391,0.0709109730849,0.0186335403727,0.0144927536232,0.0108695652174,0.0538302277433,0.0232919254658,0.0289855072464,0.0207039337474,0.00621118012422,0.0129399585921,0.0222567287785,0.0300207039337,0.0533126293996,0.0320910973085,0.0258799171843,0.0533126293996,0.0108695652174,0.0253623188406,0.0419254658385,0.0134575569358,0.0869565217391,0.037784679089,0.0238095238095,0.0548654244306,0.00465838509317,0.00258799171843,0.00621118012422,0.0170807453416,0.00414078674948,0.00724637681159,0.00103519668737,0.000517598343685
0.00100401606426,0.00803212851406,0.00978915662651,0.0574799196787,0.0404116465863,0.114457831325,0.0943775100402,0.0178212851406,0.0193273092369,0.0107931726908,0.0484437751004,0.0371485943775,0.0283634538153,0.0210843373494,0.00150602409639,0.00953815261044,0.0190763052209,0.0128012048193,0.0386546184739,0.0203313253012,0.019578313253,0.050953815261,0.00652610441767,0.0185742971888,0.0404116465863,0.0130522088353,0.0891064257028,0.0386546184739,0.0143072289157,0.0622489959839,0.00426706827309,0.00476907630522,0.0035140562249,0.0150602409639,0.00401606425703,0.00301204819277,0.0,0.00150602409639
0.00281882634321,0.00580849064662,0.00845647902964,0.0430511659691,0.0279320064918,0.0981464081319,0.0988297599727,0.0126420090544,0.027163235671,0.00708977534808,0.0369864183822,0.0338259161186,0.0277611685316,0.024600666268,0.00290424532331,0.00410011104467,0.0221235158452,0.0196463654224,0.0673101563167,0.0150337404971,0.0153754164175,0.0427949090288,0.00623558554711,0.0161441872384,0.0353634577603,0.00871273596993,0.12308875032,0.0364739045016,0.0199026223627,0.0781583667891,0.00410011104467,0.00273340736312,0.0033313402238,0.0119586572136,0.00264798838302,0.00452720594516,0.00034167592039,0.00187921756214
0.00301559282142,0.00514857310974,0.00750220653133,0.0395704619006,0.0269196822595,0.0898058252427,0.0720064724919,0.0097822889085,0.0201529861724,0.00897322741983,0.0338334804354,0.0261841718152,0.0347896440129,0.0155192703736,0.00228008237717,0.00433951162107,0.02493380406,0.0164754339512,0.0463371579876,0.0271403353928,0.020594292439,0.0535451603413,0.00492791997646,0.0181671079729,0.0511179758753,0.0125772285966,0.1246690203,0.0502353633422,0.0155192703736,0.0974551338629,0.00478081788761,0.00367755222124,0.00529567519859,0.0135333921742,0.00264783759929,0.00419240953222,0.0,0.00235363342159
0.00243348475016,0.00389357560026,0.00575924724205,0.0237670343933,0.0162232316677,0.0709766385464,0.0600259571707,0.00957170668397,0.0226314081765,0.00673264114212,0.0207657365347,0.0176833225178,0.0348799480857,0.0130597014925,0.00121674237508,0.00381245944192,0.039746917586,0.0420181700195,0.0374756651525,0.0180889033095,0.0179266709929,0.0436404931862,0.005029201817,0.0134652822842,0.059863724854,0.00940947436729,0.146171317326,0.054834523037,0.0237670343933,0.144305645685,0.00454250486697,0.0035691109669,0.00227125243348,0.0133841661259,0.00202790395847,0.00300129785853,0.0,0.00202790395847
0.00633425369498,0.0123436738671,0.00649667045639,0.0569270748741,0.0455579015754,0.0502679876563,0.0407666071139,0.00568458664934,0.00860808835472,0.0342699366575,0.0865681338314,0.0335390612311,0.0138866331005,0.0189215527042,0.00251745980185,0.00617183693357,0.0258242650642,0.034675978561,0.0347571869417,0.0576579503005,0.0250121812571,0.0224135130745,0.00795842130908,0.0129121325321,0.0918466785772,0.012100048725,0.0669969140815,0.0538411564073,0.0155920090953,0.0641546207569,0.00584700341075,0.0033295436089,0.0033295436089,0.0173785934708,0.0033295436089,0.00633425369498,0.000487250284229,0.00535975312652
0.00930398998032,0.0114510645912,0.01055645017,0.0481302558597,0.0359634997316,0.0556450169977,0.0372159599213,0.006799069601,0.00930398998032,0.037752728574,0.0728216138844,0.0388262658794,0.0180712113079,0.0236178207193,0.00447307210592,0.006799069601,0.0277330470567,0.0404365718375,0.0381105743425,0.0615494721775,0.0123456790123,0.0432993379853,0.00930398998032,0.0227232062981,0.068706387547,0.0150295222759,0.0749686884953,0.0443728752907,0.0139559849705,0.0629808552514,0.00375738056897,0.00375738056897,0.00250492037932,0.0157452138128,0.00250492037932,0.00536768652711,0.0,0.00411522633745
0.00295950155763,0.00747663551402,0.00498442367601,0.0341121495327,0.0270249221184,0.0621495327103,0.0490654205607,0.0066199376947,0.011292834891,0.0181464174455,0.0620716510903,0.0407320872274,0.0190031152648,0.0295950155763,0.00389408099688,0.00716510903427,0.0296728971963,0.0517133956386,0.0546728971963,0.0339563862928,0.0185358255452,0.0232866043614,0.00552959501558,0.00755451713396,0.0722741433022,0.011292834891,0.110358255452,0.0528037383178,0.0158878504673,0.0870716510903,0.00498442367601,0.00389408099688,0.00327102803738,0.0152647975078,0.00155763239875,0.00646417445483,0.0,0.00366043613707
0.00461467466544,0.00692201199815,0.0073834794647,0.0281495154592,0.0249192431934,0.0581449007845,0.0521458237194,0.00461467466544,0.010152284264,0.00784494693124,0.0535302261191,0.0355329949239,0.031379787725,0.0198431010614,0.00323027226581,0.00876788186433,0.0318412551915,0.03737886479,0.0502999538533,0.0346100599908,0.0143054914629,0.0290724503922,0.010152284264,0.0143054914629,0.0724503922473,0.0124596215967,0.116751269036,0.0572219658514,0.0235348407937,0.0844485463775,0.0073834794647,0.00553760959852,0.00507614213198,0.0193816335948,0.00461467466544,0.00507614213198,0.0,0.00692201199815
0.00409276944065,0.00704865848113,0.0109140518417,0.024783992724,0.0211459754434,0.0520691223283,0.0400181900864,0.00659390632106,0.0140973169623,0.0129604365621,0.056161891769,0.037289677126,0.0216007276035,0.0297862664848,0.00613915416098,0.0100045475216,0.0297862664848,0.0466120964075,0.0393360618463,0.0359254206457,0.0263756252842,0.0204638472033,0.00363801728058,0.0131878126421,0.0816280127331,0.0113688040018,0.12482946794,0.0566166439291,0.0227376080036,0.087539790814,0.0075034106412,0.00363801728058,0.00522964984084,0.0163710777626,0.00295588904047,0.00477489768076,0.000227376080036,0.00454752160073
0.00495397371935,0.00829175743096,0.0055512613309,0.0367858899585,0.0219591033659,0.0252266179467,0.018691588785,0.003372918277,0.00488370458857,0.0206591244466,0.0371723701778,0.0143700372426,0.00787014264634,0.00973227461176,0.00122970978849,0.00267022696929,0.00888904504251,0.0212212774928,0.0266320005622,0.0641205818284,0.0190780690043,0.0286698053545,0.00498910828473,0.00966200548099,0.136216709999,0.0233644859813,0.10164429766,0.125360129295,0.0307427447122,0.116330545991,0.00706204764247,0.00295130349238,0.00326751458084,0.0309184175392,0.00453235893472,0.00681610568477,0.000175672826927,0.00393507132317
0.00460147904684,0.00870994248151,0.00608052588332,0.0320460147905,0.0221857025472,0.0368118323747,0.0266228430567,0.0037797863599,0.00443714050945,0.0169268693509,0.0412489728841,0.0253081347576,0.0110106820049,0.022514379622,0.00279375513558,0.00213640098603,0.0151191454396,0.0341824157765,0.0351684470008,0.0351684470008,0.0249794576828,0.023336072309,0.00640920295809,0.00788824979458,0.111421528348,0.0138044371405,0.114543960559,0.111092851274,0.0345110928513,0.119145439606,0.005094494659,0.00164338537387,0.00262941659819,0.0215283483977,0.00361544782251,0.00723089564503,0.0,0.00427280197206
0.00287141790616,0.00390512835238,0.00502498133578,0.0212772066847,0.0143570895308,0.0461723999311,0.038677999196,0.00479526790329,0.00982024923907,0.00694883133291,0.0179463619135,0.0131223798312,0.019123643255,0.00993510595532,0.00106242462528,0.00264170447367,0.0226554872796,0.04008499397,0.0513696663412,0.0201860678803,0.0122609544593,0.038677999196,0.00416355596393,0.0114569574456,0.0798254177913,0.0136392350543,0.123470969965,0.0821799804744,0.0347728708436,0.19858726239,0.00867168207661,0.00430712685924,0.0045655544708,0.0194682134038,0.00427841268018,0.0043358410383,5.74283581232e-05,0.00330213059209
0.00268456375839,0.0034302759135,0.00318170519513,0.0216256524981,0.0159085259756,0.0240119313945,0.018593089734,0.00233656475267,0.00318170519513,0.0105393984589,0.0215759383545,0.0141188168034,0.00566741237882,0.00825254784986,0.00109371116083,0.00104399701715,0.00820283370619,0.0203330847626,0.0216753666418,0.0352473278648,0.00944568729804,0.0201342281879,0.00387770320656,0.00661198110863,0.124931643052,0.0215262242108,0.0889883171762,0.126771066368,0.0458364404673,0.201242853592,0.0122793934874,0.00442455878697,0.00502112851106,0.0518518518519,0.0134725329356,0.013870246085,0.000347999005717,0.0066616952523
0.00173031763688,0.00333704115684,0.00271907057224,0.0205166234087,0.0113706587566,0.0242244469163,0.0192806822395,0.00160672351996,0.00358422939068,0.00914596465208,0.0135953528612,0.00840439995056,0.00791002348288,0.009269558769,0.0006179705846,0.00296625880608,0.0102583117044,0.0190334940057,0.0241008527994,0.015449264615,0.0114942528736,0.0255839822024,0.00346063527376,0.00729205289828,0.0935607465085,0.013966135212,0.0993696700037,0.142627610926,0.0395501174144,0.241132122111,0.0166852057842,0.0049437646768,0.0055617352614,0.0499320232357,0.0121122234582,0.0124830058089,0.00037078235076,0.010752688172
0.00195221716092,0.00350159586006,0.00371850887794,0.0152148988256,0.0104738000062,0.0277338787146,0.0221561153977,0.00167332899507,0.00492702426327,0.0059496142047,0.0137584828484,0.01081466332,0.0112484893558,0.00793281893961,0.0010845650894,0.0019832047349,0.0136035449785,0.0224350035636,0.0313594248706,0.0146571224939,0.00814973195749,0.0250069722041,0.00328468284218,0.00911034675095,0.0652908183818,0.0105977503021,0.122834743268,0.106783179945,0.0400669331598,0.282947538037,0.0193052585913,0.0101639242664,0.00994701124849,0.0347680580087,0.0106907130241,0.00697220414614,0.000588763905674,0.00731306745995
0.000720720720721,0.00720720720721,0.00396396396396,0.0169369369369,0.0108108108108,0.0299099099099,0.0302702702703,0.00036036036036,0.00684684684685,0.00612612612613,0.0165765765766,0.018018018018,0.00936936936937,0.00828828828829,0.00108108108108,0.00324324324324,0.0111711711712,0.0165765765766,0.0205405405405,0.0126126126126,0.00828828828829,0.0194594594595,0.0018018018018,0.0104504504505,0.0486486486486,0.00612612612613,0.0634234234234,0.0814414414414,0.0353153153153,0.252252252252,0.0389189189189,0.0266666666667,0.0306306306306,0.0533333333333,0.0255855855856,0.0335135135135,0.00432432432432,0.0291891891892
0.00501253132832,0.00200501253133,0.00551378446115,0.0160401002506,0.00902255639098,0.0521303258145,0.0310776942356,0.00250626566416,0.00451127819549,0.00651629072682,0.0100250626566,0.0100250626566,0.0115288220551,0.00651629072682,0.0,0.0,0.0155388471178,0.0275689223058,0.0305764411028,0.0135338345865,0.00701754385965,0.00902255639098,0.00401002506266,0.00501253132832,0.0436090225564,0.00852130325815,0.0877192982456,0.077694235589,0.0295739348371,0.283709273183,0.0285714285714,0.0125313283208,0.0245614035088,0.0481203007519,0.0225563909774,0.0225563909774,0.00200501253133,0.0235588972431
0.00703324808184,0.00127877237852,0.0022378516624,0.0214194373402,0.0137468030691,0.0495524296675,0.0386828644501,0.00447570332481,0.00799232736573,0.00415601023018,0.0239769820972,0.0118286445013,0.0153452685422,0.00831202046036,0.00127877237852,0.00479539641944,0.0143861892583,0.0406010230179,0.0249360613811,0.0220588235294,0.0108695652174,0.0131074168798,0.0022378516624,0.0105498721228,0.0517902813299,0.00959079283887,0.0764066496164,0.082800511509,0.0217391304348,0.210677749361,0.0255754475703,0.00895140664962,0.0147058823529,0.0572250639386,0.0255754475703,0.0367647058824,0.00607416879795,0.01726342711
0.00202748366749,0.00428024329804,0.00236539761207,0.0228655102501,0.0138544717279,0.0264699256589,0.0168956972291,0.00225275963055,0.00236539761207,0.00833521063303,0.020725388601,0.0141923856724,0.00619508898401,0.00923631448524,0.0012390177968,0.00112637981527,0.00912367650372,0.0182473530074,0.0166704212661,0.0229781482316,0.00585717503942,0.0154314034692,0.00259067357513,0.00687091687317,0.0907862131111,0.0111511601712,0.0594728542465,0.168619058346,0.0421266050912,0.197792295562,0.0224149583239,0.012164902005,0.00968686641135,0.0601486821356,0.0214012164902,0.0289479612525,0.00112637981527,0.0219644063978
0.00269996625042,0.00404994937563,0.00303746203172,0.0205872426595,0.018899763753,0.0242996962538,0.018899763753,0.00269996625042,0.00573742828215,0.0118123523456,0.022274721566,0.00843739453257,0.00708741140736,0.00708741140736,0.00134998312521,0.000674991562605,0.0107998650017,0.00978737765778,0.0124873439082,0.0199122510969,0.00911238609517,0.0148498143773,0.00472494093824,0.00809989875127,0.0806614917314,0.00944988187648,0.0472494093824,0.134998312521,0.0573742828215,0.180560242997,0.0266621667229,0.017887276409,0.0199122510969,0.0857239284509,0.0148498143773,0.0472494093824,0.000337495781303,0.0276746540668
0.00236034618411,0.0051140833989,0.00275373721479,0.0263571990559,0.0267505900865,0.0239968528718,0.022423288749,0.00196695515342,0.0051140833989,0.0141620771046,0.0243902439024,0.0102281667978,0.00747442958301,0.00629425649095,0.0,0.00275373721479,0.00983477576711,0.0153422501967,0.0239968528718,0.0318646734854,0.00904799370574,0.00786782061369,0.00118017309205,0.00668764752164,0.0940204563336,0.0118017309205,0.0641227380016,0.131785995279,0.0424862313139,0.134539732494,0.0145554681353,0.0133752950433,0.0381589299764,0.0932336742722,0.0259638080252,0.0334382376082,0.00118017309205,0.0133752950433
0.00233644859813,0.00700934579439,0.00233644859813,0.035046728972,0.00934579439252,0.0280373831776,0.0116822429907,0.00467289719626,0.00233644859813,0.00233644859813,0.0560747663551,0.0163551401869,0.00700934579439,0.0233644859813,0.00233644859813,0.00233644859813,0.0233644859813,0.0303738317757,0.0280373831776,0.0467289719626,0.00934579439252,0.00700934579439,0.00233644859813,0.0116822429907,0.0864485981308,0.00934579439252,0.0794392523364,0.13785046729,0.0257009345794,0.147196261682,0.0257009345794,0.0116822429907,0.018691588785,0.053738317757,0.0163551401869,0.00233644859813,0.00233644859813,0.0116822429907
0.0085744908896,0.002679528403,0.0005359056806,0.0230439442658,0.0144694533762,0.0305466237942,0.016077170418,0.0021436227224,0.0032154340836,0.0123258306538,0.0385852090032,0.0182207931404,0.0101822079314,0.0171489817792,0.0032154340836,0.0010718113612,0.0144694533762,0.0171489817792,0.0139335476956,0.0300107181136,0.0091103965702,0.0209003215434,0.0021436227224,0.010718113612,0.0798499464094,0.0155412647374,0.050911039657,0.108252947481,0.0385852090032,0.159699892819,0.016077170418,0.0203644158628,0.013397642015,0.0771704180064,0.0300107181136,0.040192926045,0.0037513397642,0.0257234726688
