0.392405063291,0.2,0.0506329113924,0.0987341772152,0.0278481012658,0.0708860759494,0.0101265822785,0.00253164556962,0.00253164556962,0.00506329113924,0.0278481012658,0.00253164556962,0.0,0.00506329113924,0.0,0.0,0.00759493670886,0.00253164556962,0.0177215189873,0.0126582278481,0.0,0.00506329113924,0.0,0.0,0.0101265822785,0.0,0.0126582278481,0.0177215189873,0.0,0.00506329113924,0.00253164556962,0.0,0.0,0.00506329113924,0.0,0.0,0.0,0.00506329113924
0.0450178424376,0.259401592094,0.129838045567,0.270656052704,0.0392533626132,0.0661542684601,0.0247049135328,0.00164699423552,0.0041174855888,0.00850947021685,0.0159209442767,0.00713697502059,0.00548998078507,0.00164699423552,0.000274499039253,0.00192149327477,0.00713697502059,0.00164699423552,0.00521548174581,0.0115289596486,0.00466648366731,0.00219599231403,0.00192149327477,0.00466648366731,0.0222344221795,0.00137249519627,0.0112544606094,0.0164699423552,0.00274499039253,0.0186659346692,0.00109799615701,0.00082349711776,0.0,0.00301948943179,0.0,0.000274499039253,0.0,0.00137249519627
0.0244821092279,0.174199623352,0.289077212806,0.0979284369115,0.015065913371,0.233992467043,0.0353107344633,0.00376647834275,0.00847457627119,0.00564971751412,0.00988700564972,0.0108286252354,0.00659133709981,0.00282485875706,0.000941619585687,0.000470809792844,0.00282485875706,0.00517890772128,0.00329566854991,0.00188323917137,0.00235404896422,0.00282485875706,0.00141242937853,0.00423728813559,0.00517890772128,0.00235404896422,0.0108286252354,0.00706214689266,0.00141242937853,0.0221280602637,0.000941619585687,0.000470809792844,0.000470809792844,0.00329566854991,0.000470809792844,0.0,0.0,0.00188323917137
0.0221599201168,0.0811890314156,0.0375988939243,0.339119748061,0.104270681312,0.139488439972,0.0506951378754,0.0055687840848,0.00833397342346,0.0104078654275,0.0270758122744,0.0177048928489,0.00864121668331,0.00591443275213,0.000691297334665,0.00387894615562,0.00910208157309,0.00710500038405,0.00871802749827,0.0109071357247,0.00549197326984,0.00668254090176,0.00142100007681,0.0026883785237,0.0158614332898,0.00218910822644,0.0194331361856,0.0147476764728,0.00487748675013,0.0193947307781,0.00107535140948,0.000422459482295,0.000499270297258,0.00410937860051,0.000614486519702,0.00111375681696,0.000115216222444,0.000691297334665
0.0114336530522,0.0273772470304,0.0116242139364,0.220733024201,0.0886108111542,0.0906434605857,0.0652988629867,0.0123229371784,0.0132757415994,0.0235025090516,0.0609159626501,0.0399542653878,0.0173410404624,0.0135933430731,0.00171504795782,0.0111160515785,0.0154354316204,0.0160706345677,0.0148637489678,0.0304897414724,0.0171504795782,0.0159435939783,0.00400177856825,0.0076224353681,0.0388744203773,0.00838467890491,0.0343644794512,0.0264244426094,0.00965508479959,0.0326494314934,0.00177856825256,0.0024137711999,0.00107984501048,0.0076224353681,0.00158800736835,0.00285841326304,0.0,0.00127040589468
0.0072832211076,0.0219527277724,0.0458636800879,0.123814758829,0.0267624020888,0.311701250515,0.155352480418,0.0122303146901,0.0193074068984,0.00374467500344,0.0121272502405,0.0139480555174,0.0233612752508,0.00559983509688,0.00127112821218,0.00302322385598,0.0208190188264,0.012917411021,0.0160780541432,0.00748935000687,0.0065274151436,0.0153909578123,0.00223306307544,0.00360725573725,0.0166620860245,0.00316064312217,0.0351106225093,0.0157688607943,0.00790160780541,0.0374811048509,0.00178645046035,0.00130548302872,0.00103064449636,0.00425999725161,0.000961934863268,0.00140854747836,3.43548165453e-05,0.000721451147451
0.00425007944074,0.0117969494757,0.0197807435653,0.0778916428344,0.0396012074992,0.24487607245,0.146687321258,0.0197807435653,0.0270892913886,0.00377343501748,0.0162059103908,0.020813473149,0.039521766762,0.00687162376867,0.00150937400699,0.00381315538608,0.039323164919,0.0211312360979,0.0261757229107,0.00850015888147,0.00957260883381,0.0233555767398,0.00365427391166,0.00599777565936,0.0215681601525,0.00373371464887,0.0523117254528,0.0223625675246,0.0112408643152,0.0468700349539,0.00242294248491,0.0015888147442,0.00353511280585,0.00639497934541,0.00246266285351,0.00190657769304,0.00031776294884,0.00131077216397
0.00329605650383,0.0088287227781,0.0123602118893,0.0767510300177,0.0495585638611,0.124543849323,0.10665097116,0.00988816951148,0.0173042966451,0.00647439670394,0.0331959976457,0.0250735726898,0.0256621542084,0.0185991759859,0.00306062389641,0.0160094173043,0.0496762801648,0.0293113596233,0.0422601530312,0.0171865803414,0.0163625662154,0.0276633313714,0.00600353148911,0.0162448499117,0.0382577987051,0.00670982931136,0.0712183637434,0.0357857563273,0.015303119482,0.0554443790465,0.00482636845203,0.00353148911124,0.00200117716304,0.0142436727487,0.00447321954091,0.00341377280753,0.0,0.00282519128899
0.00427807486631,0.00620320855615,0.0190374331551,0.0511229946524,0.0389304812834,0.216042780749,0.187593582888,0.0109090909091,0.0188235294118,0.00877005347594,0.0205347593583,0.0245989304813,0.0282352941176,0.00919786096257,0.0027807486631,0.00449197860963,0.0406417112299,0.0352941176471,0.0468449197861,0.0083422459893,0.00898395721925,0.016256684492,0.00534759358289,0.00727272727273,0.0222459893048,0.00406417112299,0.0594652406417,0.015614973262,0.00812834224599,0.0532620320856,0.00192513368984,0.000855614973262,0.00256684491979,0.00513368983957,0.00106951871658,0.00256684491979,0.0,0.00256684491979
0.0118853414123,0.0207410859939,0.0172453973433,0.128641342344,0.084362619436,0.0477744115591,0.0286646469354,0.00722442321137,0.0102540200419,0.0372873456071,0.0619902120718,0.0340247028665,0.0128175250524,0.0160801677931,0.00233045910044,0.010720111862,0.0151479841529,0.0193428105337,0.0149149382428,0.0668841761827,0.0235376369145,0.0312281519459,0.00605919366115,0.00862269867164,0.0829643439758,0.0142158005127,0.0459100442787,0.0456769983687,0.010487065952,0.0466091820089,0.00302959683058,0.00116522955022,0.00233045910044,0.0167793055232,0.00582614775111,0.0041948263808,0.000233045910044,0.00279655092053
0.0080050118335,0.0179590700265,0.00884031741612,0.096825838786,0.0647361826535,0.0533899484895,0.0403034943617,0.0100932757901,0.0109285813727,0.0296533481832,0.0544340804678,0.0371014896283,0.0202561603787,0.016636502854,0.00278435194209,0.0139217597104,0.0241542530976,0.0243630794932,0.0218571627454,0.0554782124461,0.0196992899903,0.0542252540721,0.00675205345956,0.016636502854,0.0754559376305,0.012738410135,0.0522762077127,0.0496310733677,0.010719754977,0.0556870388417,0.00361965752471,0.00201865515801,0.00368926632326,0.0142001949046,0.00264513434498,0.00508144229431,0.000417652791313,0.00278435194209
0.0043156961277,0.00939994088087,0.00603015075377,0.0961868164351,0.0689328997931,0.0870233520544,0.0681052320426,0.0107596807567,0.0160804020101,0.0166124741354,0.0459355601537,0.0247709133905,0.0203369790127,0.0242979603902,0.00331067100207,0.020869051138,0.0268400827668,0.0251256281407,0.0284954182678,0.0241797221401,0.0227608631392,0.0500738989063,0.00880874963051,0.0165533550103,0.051197162282,0.00993201300621,0.0585279337866,0.0520248300325,0.0140703517588,0.0489506355306,0.0038427431274,0.00206916937629,0.00449305350281,0.0162577593852,0.00472953000296,0.00461129175288,5.91191250369e-05,0.00342890925214
0.00226707620301,0.00972648822583,0.0108234605821,0.0639900541173,0.0324703817464,0.145312271464,0.112403100775,0.0070206230803,0.0157964019307,0.00899517332163,0.0288869387158,0.0225244990493,0.0176978206816,0.00987275120667,0.000438788942519,0.00650870264736,0.0253034956852,0.0325435132368,0.0624542928185,0.0135293257277,0.0111159865438,0.0265467310224,0.00585051923358,0.0106040661109,0.0363463507386,0.00716688606114,0.104358636829,0.0377358490566,0.0168202427965,0.0743015942665,0.00577738774316,0.00482667836771,0.00621617668568,0.0117741699576,0.00446102091561,0.00460728389645,0.00014626298084,0.00277899663595
0.00338501856301,0.010155055689,0.0086263376283,0.0770910679188,0.0551430443328,0.0739244376501,0.0574361214239,0.00982747324743,0.0136492683992,0.0160515396375,0.0436776588775,0.0384363398122,0.0263157894737,0.0186721991701,0.00316663026862,0.0124481327801,0.0299191963311,0.028172089976,0.0355972919851,0.0374535924874,0.0253330421489,0.0587464511902,0.00742520200917,0.0224939943219,0.0520856082114,0.0127757152217,0.0685739244377,0.0449879886438,0.0149595981655,0.0525223848002,0.00338501856301,0.00251146538546,0.00622406639004,0.0137584625464,0.00458615418214,0.00600567809565,0.000545970735969,0.00393098929897
0.00256805341551,0.00564971751412,0.00308166409861,0.055469953775,0.040061633282,0.0811504879301,0.0559835644581,0.01489470981,0.0179763739086,0.0128402670776,0.0523882896764,0.0277349768875,0.0215716486903,0.0164355418593,0.0143810991269,0.0164355418593,0.0282485875706,0.030303030303,0.0436569080637,0.0328710837185,0.0231124807396,0.0513610683102,0.0133538777607,0.0282485875706,0.0477657935285,0.00667693888033,0.0991268618387,0.0390344119158,0.020030816641,0.0513610683102,0.00616332819723,0.00462249614792,0.00975860297894,0.0128402670776,0.00359527478172,0.00564971751412,0.0,0.00359527478172
0.00148551621689,0.00916068333746,0.00841792522902,0.0579351324585,0.0462985887596,0.130725427086,0.0968061401337,0.0178261946026,0.0269868779401,0.0116365436989,0.0406041099282,0.0331765288438,0.0259965337955,0.0170834364942,0.00173310225303,0.00841792522902,0.0215399851448,0.0123793018074,0.0311958405546,0.0287199801931,0.0195592968557,0.047041346868,0.00866551126516,0.0227779153256,0.0438227283981,0.00916068333746,0.082198564001,0.0388710076752,0.0108937855905,0.0549641000248,0.00346620450607,0.00173310225303,0.00767516712057,0.0123793018074,0.00173310225303,0.0047041346868,0.0,0.00222827432533
0.0032693436164,0.0062871992623,0.00997568949619,0.0403219046022,0.0286696286361,0.110990024311,0.101349652108,0.00905356693771,0.0217117947858,0.00829910302624,0.0367172436918,0.0251487970492,0.0251487970492,0.0194484030514,0.00251487970492,0.00335317293989,0.0194484030514,0.0245619917847,0.0684885572973,0.017352669964,0.0147539609355,0.0436750775421,0.00544890602733,0.0162628887585,0.0423338083662,0.00997568949619,0.115181490485,0.0411601978372,0.0153407662,0.0857573979378,0.00335317293989,0.00268253835192,0.00217956241093,0.00922122558471,0.00343700226339,0.00536507670383,0.000167658646995,0.00159275714645
0.00467642178307,0.00550610951878,0.00837230351486,0.0449539900437,0.0273796952783,0.0910393724544,0.0723336853221,0.00724091114799,0.0210438980238,0.00867400814603,0.0370342434756,0.0256448936491,0.0330366571127,0.0147081007693,0.00188565394479,0.00384673404737,0.0236083873887,0.0176497209232,0.0451048423593,0.0279076783829,0.0216473072862,0.0509880826671,0.0053552572032,0.0161411977674,0.048121888671,0.0117664806155,0.127998189772,0.0457082516217,0.0189319656057,0.0902096847187,0.00527983104541,0.00512897872982,0.00527983104541,0.0150098054005,0.00248906320712,0.00520440488762,0.000452556946749,0.0026399155227
0.00303694955289,0.00523030200776,0.00447106461954,0.0291040998819,0.0163657837017,0.0693436814577,0.0625949046735,0.00674877678421,0.0183060570272,0.006411337945,0.0233676396153,0.0185591361566,0.0365277543445,0.013666272988,0.00278387042349,0.00523030200776,0.0396490636072,0.0447106461954,0.038046229121,0.019234013835,0.0211742871605,0.045301164164,0.00371182723131,0.0153534671841,0.0547494516619,0.0129070355998,0.141808672178,0.0497722287835,0.0215117259997,0.135397334233,0.006411337945,0.0031213092627,0.00523030200776,0.0127383161802,0.00295258984309,0.00278387042349,8.43597098026e-05,0.00160283448625
0.00840830740772,0.0113512150004,0.00681072900025,0.0541494997057,0.0462456907425,0.0528041705205,0.0390986294459,0.00538131674094,0.00781972588918,0.0308584881863,0.0873623139662,0.0379214664088,0.0166484486673,0.0190027747414,0.00243840914824,0.00487681829648,0.0282519128899,0.0411166232237,0.0334650634827,0.0568401580762,0.0234591776675,0.0245522576305,0.00840830740772,0.0116875472967,0.0913142184478,0.0151349533339,0.0673505423358,0.0525519212982,0.013116959556,0.060960228706,0.00470865214832,0.00227024300008,0.00319515681493,0.013032876482,0.00327923988901,0.00580173211133,8.40830740772e-05,0.00824014125956
0.0102080123267,0.0115562403698,0.0111710323575,0.0606702619414,0.0408320493066,0.0610554699538,0.0396764252696,0.00712634822804,0.00693374422188,0.0329352850539,0.0689522342065,0.0379429892142,0.017719568567,0.017719568567,0.00423728813559,0.00866718027735,0.0269645608629,0.0358243451464,0.0396764252696,0.056625577812,0.0167565485362,0.0408320493066,0.00674114021572,0.0215716486903,0.0797380585516,0.0146379044684,0.0729969183359,0.041217257319,0.0129044684129,0.0618258859784,0.00404468412943,0.0021186440678,0.00269645608629,0.0113636363636,0.00192604006163,0.00751155624037,0.0,0.00462249614792
0.00381648396265,0.00860738936257,0.00657734470158,0.0340235485181,0.0297198538368,0.0617133576939,0.0485586682907,0.00576532683719,0.0116930572473,0.018676410881,0.0580592773041,0.0419813235891,0.0233861144945,0.0267153877385,0.00341047503045,0.00828258221681,0.0345107592367,0.0532683719042,0.0557044254974,0.0352415753147,0.0230613073488,0.0224928948437,0.00422249289484,0.00812017864393,0.0734064149411,0.012017864393,0.103613479497,0.04880227365,0.0181892001624,0.0780349167682,0.00527811611855,0.00276086073894,0.00259845716606,0.0130734876167,0.00251725537962,0.0064149411287,0.000568412505075,0.00511571254568
0.00237304224015,0.00379686758424,0.00569530137636,0.0327479829141,0.0232558139535,0.0593260560038,0.0398671096346,0.00664451827243,0.0175605125771,0.00759373516849,0.0365448504983,0.0370194589464,0.0242050308495,0.0147128618889,0.00332225913621,0.00854295206455,0.0398671096346,0.0303749406739,0.0393925011865,0.0270526815377,0.016136687233,0.0294257237779,0.0104413858567,0.0180351210252,0.0740389178927,0.0109159943047,0.141433317513,0.0716658756526,0.0327479829141,0.094447081158,0.00379686758424,0.000949216896061,0.000949216896061,0.0223065970574,0.00427147603227,0.00569530137636,0.0,0.00284765068818
0.00370612600828,0.00566819271855,0.00937431872684,0.0270329191193,0.0196206671027,0.0636581643776,0.0446915195117,0.0128624373229,0.0113363854371,0.0132984521474,0.051013734467,0.0335731414868,0.0239808153477,0.022454763462,0.00654022236756,0.00806627425332,0.025070852409,0.0575539568345,0.0412034009156,0.0327011118378,0.0194026596904,0.0228907782865,0.00479616306954,0.0159145410944,0.0654022236756,0.00675822977981,0.139524743841,0.0503597122302,0.0231087856987,0.0869849574886,0.00479616306954,0.0058862001308,0.00457815565729,0.0187486374537,0.00610420754306,0.00675822977981,0.000436014824504,0.00414214083279
0.00459852703431,0.00919705406862,0.00499371295132,0.036357104365,0.0232081911263,0.0269085683492,0.0189689240165,0.00240704149452,0.00495778695886,0.0199748518053,0.0367882162745,0.0137955811029,0.00797557032513,0.00865816418179,0.00136518771331,0.00255074546434,0.0104185378121,0.0252559726962,0.0259385665529,0.0639482665709,0.0185018861146,0.0269444943417,0.00528112089096,0.0105981677744,0.135369139572,0.0225615232621,0.107957607329,0.118591701096,0.0306089455721,0.115214657805,0.0067900125741,0.00337704329082,0.00405963714748,0.027914496138,0.00513741692114,0.00779594036285,0.000107777977367,0.00492186096641
0.0018290655138,0.00681742600599,0.00698370468906,0.0380778184237,0.0262720319255,0.0415696707682,0.02976388427,0.00349185234453,0.0054871965414,0.0151313601596,0.0375789823745,0.0231127369471,0.0161290322581,0.0147988027935,0.00199534419687,0.00266045892917,0.0191220485534,0.0357499168607,0.0347522447622,0.0312603924177,0.0217825074825,0.0259394745594,0.00665114732291,0.00964416361822,0.106252078484,0.0157964748919,0.10874625873,0.0999334885268,0.0289324908547,0.130528766212,0.00914532756901,0.00432324575989,0.00299301629531,0.0179580977719,0.00515463917526,0.00781509810442,0.0,0.00581975390755
0.00258892059663,0.0046188697008,0.00561913447677,0.0248301020858,0.0141213850725,0.0480127092466,0.038157159248,0.00494248477538,0.00853167014798,0.00776676178989,0.0162101732812,0.012679827013,0.0188873525345,0.00894354387926,0.00129446029831,0.00208878820864,0.022711894325,0.0424524138743,0.051454796858,0.0200347150716,0.0151216498485,0.041922861934,0.00550145626784,0.0116207231326,0.0811097055103,0.0148274543261,0.123209084758,0.0820511311818,0.0322438292489,0.186519961166,0.00835515283457,0.00450119149187,0.00476596746198,0.0177988291018,0.0045306110441,0.00514842164102,0.000294195522344,0.0045306110441
0.00259675405743,0.0045443196005,0.00294631710362,0.0273657927591,0.0160299625468,0.0271660424469,0.0174282147316,0.0030961298377,0.00359550561798,0.0120349563046,0.0227715355805,0.012734082397,0.00714107365793,0.00674157303371,0.00114856429463,0.00194756554307,0.00978776529338,0.0243196004994,0.0228714107366,0.0322097378277,0.0113857677903,0.0191760299625,0.00304619225968,0.00704119850187,0.117403245943,0.0186267166042,0.0894881398252,0.125243445693,0.0444943820225,0.19570536829,0.0118352059925,0.00494382022472,0.00629213483146,0.0502372034956,0.0141323345818,0.014481897628,0.000249687890137,0.00774032459426
0.00293892154357,0.00306670074112,0.00230002555584,0.0263225146946,0.0129056989522,0.024789164324,0.0215946843854,0.00396115512395,0.00204446716075,0.00805008944544,0.0148223869154,0.0134168157424,0.00881676463072,0.00677229746997,0.00217224635829,0.00306670074112,0.0132890365449,0.020572450805,0.0260669562995,0.0210835675952,0.00983899821109,0.031561461794,0.00242780475339,0.0100945566062,0.0914899054434,0.0150779453105,0.0888065422949,0.136212624585,0.0376948632763,0.231535905955,0.0182724252492,0.00843342703808,0.00562228469205,0.0434449271659,0.0111167901866,0.0122668029645,0.0,0.00805008944544
0.00197839467404,0.00420801406858,0.00433362642884,0.0156073357618,0.0117133525939,0.0300527571913,0.0219507599548,0.00191558849391,0.00483607586987,0.00712850144454,0.017146087175,0.0114621278734,0.0116191433237,0.00668885818365,0.000753674161537,0.00257505338525,0.0130950885567,0.0259389523929,0.0326592136666,0.0170832809948,0.00964074864967,0.0250910689612,0.00310890591634,0.00844743122723,0.064690365532,0.0109910815224,0.124701670644,0.104038437382,0.039693505841,0.264351212159,0.0216367290541,0.00979776409999,0.0102688104509,0.0328790352971,0.0113993216933,0.00766235397563,0.000408240170833,0.00844743122723
0.00554977454041,0.00624349635796,0.00242802636143,0.020117932709,0.00901838362817,0.0440513354145,0.0256677072494,0.0013874436351,0.00485605272286,0.00554977454041,0.020117932709,0.0100589663545,0.010752688172,0.0104058272633,0.0013874436351,0.000693721817551,0.0124869927159,0.0215053763441,0.0239334027055,0.0149150190773,0.0117932708984,0.0218522372529,0.00346860908776,0.00832466181061,0.0499479708637,0.00867152271939,0.0600069372182,0.0735345126604,0.0287894554284,0.247311827957,0.0374609781478,0.023239680888,0.0357266736039,0.0554977454041,0.0263614290669,0.0332986472425,0.00242802636143,0.0211585154353
0.0119940029985,0.00749625187406,0.00599700149925,0.0224887556222,0.00999500249875,0.0574712643678,0.0344827586207,0.00199900049975,0.00649675162419,0.00999500249875,0.0129935032484,0.007996001999,0.00949525237381,0.0104947526237,0.000999500249875,0.0,0.0194902548726,0.0329835082459,0.0254872563718,0.0184907546227,0.00749625187406,0.0144927536232,0.00349825087456,0.0129935032484,0.0359820089955,0.007996001999,0.0804597701149,0.0804597701149,0.0394802598701,0.247376311844,0.0264867566217,0.0124937531234,0.0209895052474,0.0434782608696,0.0149925037481,0.0164917541229,0.00649675162419,0.0214892553723
0.00677048070413,0.00575490859851,0.00406228842248,0.0226811103588,0.0118483412322,0.0487474610697,0.0358835477319,0.00135409614083,0.00846310088016,0.00270819228165,0.0203114421124,0.0125253893026,0.0118483412322,0.00440081245768,0.0,0.00270819228165,0.0155721056195,0.0450236966825,0.0335138794854,0.0250507786053,0.0125253893026,0.0155721056195,0.00406228842248,0.00812457684496,0.0531482735274,0.00914014895058,0.0798916723087,0.0724441435342,0.0257278266757,0.215978334462,0.0236966824645,0.0101557210562,0.0125253893026,0.0480704129993,0.0287745429926,0.0389302640487,0.00778605280975,0.0142180094787
0.00236993567317,0.0049655795057,0.0031599142309,0.0265207087236,0.0186209231464,0.0260692924049,0.0212165669789,0.00440130910732,0.00428845502765,0.0063198284618,0.0216679832976,0.0119625324455,0.00778693149757,0.0076740774179,0.00169281119512,0.00304706015122,0.00891547229432,0.0203137343415,0.0216679832976,0.0251664597675,0.0094797426927,0.0182823609073,0.0036113305496,0.00485272542602,0.0780950231351,0.0127525110033,0.0701952375578,0.149080239251,0.0418688635594,0.17706805101,0.0234736485724,0.0143324681187,0.0124139487642,0.0615054734229,0.022570815935,0.0288906443968,0.000564270398375,0.0231350863334
0.0043321299639,0.00613718411552,0.0043321299639,0.0252707581227,0.0176895306859,0.0263537906137,0.0184115523466,0.00180505415162,0.00613718411552,0.00902527075812,0.0158844765343,0.00758122743682,0.00649819494585,0.00469314079422,0.00072202166065,0.00216606498195,0.0140794223827,0.0202166064982,0.0162454873646,0.0209386281588,0.00974729241877,0.0166064981949,0.00216606498195,0.00505415162455,0.0631768953069,0.0111913357401,0.0606498194946,0.125992779783,0.0541516245487,0.175451263538,0.0335740072202,0.0212996389892,0.0191335740072,0.0815884476534,0.0191335740072,0.0379061371841,0.000361010830325,0.0342960288809
0.00187406296852,0.00899550224888,0.00224887556222,0.0423538230885,0.0213643178411,0.0288605697151,0.0217391304348,0.000749625187406,0.00374812593703,0.017616191904,0.0281109445277,0.0104947526237,0.00637181409295,0.00599700149925,0.00112443778111,0.00337331334333,0.00899550224888,0.0269865067466,0.0194902548726,0.0386056971514,0.01011994003,0.00562218890555,0.00112443778111,0.00599700149925,0.0873313343328,0.0127436281859,0.0712143928036,0.122188905547,0.0266116941529,0.125562218891,0.0183658170915,0.0157421289355,0.0329835082459,0.0850824587706,0.0198650674663,0.0322338830585,0.000374812593703,0.027736131934
0.00678733031674,0.00452488687783,0.0,0.0339366515837,0.0158371040724,0.0339366515837,0.0135746606335,0.00452488687783,0.00452488687783,0.00904977375566,0.0723981900452,0.0407239819005,0.00904977375566,0.0113122171946,0.0,0.0,0.0226244343891,0.0203619909502,0.0203619909502,0.0294117647059,0.0113122171946,0.0294117647059,0.00452488687783,0.0203619909502,0.079185520362,0.0226244343891,0.0678733031674,0.101809954751,0.0294117647059,0.156108597285,0.027149321267,0.0135746606335,0.0135746606335,0.0452488687783,0.00452488687783,0.00452488687783,0.0,0.0158371040724
0.00654664484452,0.00490998363339,0.00218221494817,0.0240043644299,0.0103655210038,0.0310965630115,0.0196399345336,0.00327332242226,0.00709219858156,0.00981996726678,0.0436442989634,0.0169121658483,0.0109110747409,0.0169121658483,0.00272776868522,0.00490998363339,0.013093289689,0.0234588106929,0.0147299509002,0.0289143480633,0.0169121658483,0.0212765957447,0.00927441352973,0.0114566284779,0.0583742498636,0.0114566284779,0.0660120021822,0.0916530278232,0.0316421167485,0.176213857065,0.0207310420076,0.0163666121113,0.0196399345336,0.0709219858156,0.025641025641,0.0327332242226,0.00218221494817,0.0223677032188
