0.435897435897,0.183431952663,0.0670611439842,0.0986193293886,0.0177514792899,0.0729783037475,0.0177514792899,0.00591715976331,0.0,0.0138067061144,0.0118343195266,0.00394477317554,0.00394477317554,0.0,0.0,0.0,0.00394477317554,0.00591715976331,0.0,0.00788954635108,0.00394477317554,0.0,0.0,0.0,0.00986193293886,0.0,0.0118343195266,0.0157790927022,0.0,0.00591715976331,0.00197238658777,0.0,0.0,0.0,0.0,0.0,0.0,0.0
0.0465761020238,0.244524535625,0.137787635154,0.26698087053,0.0363182700305,0.0773495980039,0.0266149154422,0.00221790962018,0.000831716107569,0.00803992237316,0.0144164125312,0.00914887718325,0.00554477405046,0.00415858053784,0.0,0.000831716107569,0.00499029664541,0.00304962572775,0.00665372886055,0.011644025506,0.00332686443027,0.00637649015803,0.00194067091766,0.0036041031328,0.0221790962018,0.00110895481009,0.00720820626559,0.0146936512337,0.0036041031328,0.0171887995564,0.00277238702523,0.0,0.00110895481009,0.0036041031328,0.00221790962018,0.00110895481009,0.0,0.000277238702523
0.0255874673629,0.173368146214,0.295039164491,0.0919060052219,0.0114882506527,0.227154046997,0.0469973890339,0.000522193211488,0.00313315926893,0.00365535248042,0.0151436031332,0.00574412532637,0.00626631853786,0.00417754569191,0.00104438642298,0.0,0.00626631853786,0.00313315926893,0.00835509138381,0.00156657963446,0.00208877284595,0.00156657963446,0.0,0.00208877284595,0.00626631853786,0.00574412532637,0.0198433420366,0.00783289817232,0.0,0.022454308094,0.000522193211488,0.000522193211488,0.0,0.000522193211488,0.0,0.0,0.0,0.0
0.0223735793767,0.0845444105651,0.0395200570229,0.332316952441,0.096107393181,0.140854551934,0.0511226388944,0.00522710173049,0.00633588088544,0.0101770086722,0.0289866550509,0.0179780620124,0.00871183621748,0.00502910545282,0.000237595533204,0.00356393299806,0.00819704589554,0.00510830396389,0.00831584366214,0.0133053498594,0.00645467865204,0.00879103472855,0.00225715756544,0.00273234863185,0.0184928523344,0.00296994416505,0.0196016314893,0.0173444739239,0.00530630024156,0.0192452381895,0.00126717617709,0.000356393299806,0.000871183621748,0.0039599255534,0.000673187344078,0.00114837841049,0.0,0.000514790321942
0.0103774208474,0.0295459052151,0.0129552515037,0.223411990217,0.0872496529843,0.0912816445238,0.0688082490581,0.0115671888426,0.0128891532818,0.0256461101196,0.0569766673276,0.0384691651795,0.018771895036,0.014145019499,0.00211514310265,0.0101791261815,0.0167889483773,0.0138145283892,0.0148060017186,0.0294798069932,0.014145019499,0.0175821270408,0.00462687553705,0.0059488399762,0.0402538171723,0.00581664353229,0.0315288518739,0.0300746909908,0.0101130279595,0.0316610483178,0.00224733954657,0.000991473329367,0.000991473329367,0.00892325996431,0.00158635732699,0.00244563421244,0.0,0.00178465199286
0.0074709562109,0.0219839142091,0.0436818588025,0.123074173369,0.0272743521001,0.305808757819,0.147131367292,0.012618409294,0.017873100983,0.0037890974084,0.0134405719392,0.0149776586238,0.0224128686327,0.00575513851653,0.000750670241287,0.00307417336908,0.0206613047364,0.0151563896336,0.0179803395889,0.00593386952636,0.00679177837355,0.0185880250223,0.00303842716711,0.00486148346738,0.0158713136729,0.00353887399464,0.0402502234138,0.0181948168007,0.00704200178731,0.0386058981233,0.00146559428061,0.00164432529044,0.00139410187668,0.00436103663986,0.00103663985702,0.00128686327078,7.14924039321e-05,0.00110813226095
0.00453857791225,0.0112442245574,0.0200760518461,0.0810810810811,0.0393752299955,0.245246759619,0.143108312549,0.0155374739338,0.0224884491148,0.00494745880525,0.0171321094165,0.0226111133827,0.0376170421556,0.00695097518093,0.00118575458969,0.00474301835875,0.0364721756552,0.0226928895613,0.0251052868299,0.00768696078832,0.00907715582451,0.0224884491148,0.00335282332257,0.00748252034182,0.0234288751687,0.00580610868054,0.0568344441264,0.0243693012226,0.0102629104142,0.0473892954982,0.00212618064358,0.00118575458969,0.00327104714397,0.00674653473443,0.00204440446498,0.00273950198307,0.000367992803696,0.00118575458969
0.0029765595932,0.0107900285254,0.0140146347513,0.0775145727397,0.0520897928811,0.127619992559,0.103311422547,0.0120302616892,0.0127744015875,0.00855760883046,0.0389433213444,0.0257968498078,0.0243085700112,0.0169911943445,0.00186034974575,0.0155029145479,0.0456405804291,0.0265409897061,0.0380751581297,0.0186034974575,0.0167431477118,0.0301376658812,0.00582909587002,0.0147587746496,0.0352226218529,0.00632518913556,0.0778866426888,0.0344784819546,0.0137665881186,0.0590350985985,0.00471288602257,0.0029765595932,0.00446483938981,0.0124023316383,0.00310058290959,0.00210839637852,0.0,0.00210839637852
0.00553760959852,0.00830641439778,0.0184586986617,0.0599907706507,0.0383017997231,0.200738347946,0.165897554222,0.00784494693124,0.0168435625288,0.00715274573143,0.0244577757268,0.0290724503922,0.0299953853253,0.00992155053069,0.0016151361329,0.00484540839871,0.0479926165205,0.0332256575911,0.0426857406553,0.0140747577296,0.00830641439778,0.0182279649285,0.00369173973235,0.0057683433318,0.0246885094601,0.00253807106599,0.0574526995847,0.0253807106599,0.00830641439778,0.0609137055838,0.00299953853253,0.00207660359945,0.00323027226581,0.00530687586525,0.00115366866636,0.00138440239963,0.000230733733272,0.00138440239963
0.0097549369498,0.0264097073519,0.0126100404473,0.123483226267,0.0899357601713,0.04568165596,0.0230787532715,0.0068998334523,0.00594813228646,0.0349750178444,0.0618605757792,0.037354270759,0.0118962645729,0.0190340233167,0.00333095408042,0.0068998334523,0.0111824886985,0.0157030692363,0.0157030692363,0.0687604092315,0.0245063050202,0.0314061384725,0.00475850582917,0.0102307875327,0.0856531049251,0.00999286224126,0.0440161789198,0.0525814894123,0.00999286224126,0.0554365929098,0.00404472995479,0.00237925291458,0.00166547704021,0.0161789198192,0.00594813228646,0.005710206995,0.0,0.00499643112063
0.0086301369863,0.013904109589,0.00979452054795,0.0968493150685,0.071095890411,0.0558219178082,0.0399315068493,0.0102054794521,0.0125342465753,0.0273287671233,0.0554109589041,0.0354794520548,0.0202054794521,0.0157534246575,0.00280821917808,0.0142465753425,0.0287671232877,0.0245890410959,0.0210273972603,0.0554794520548,0.0204109589041,0.0480136986301,0.00815068493151,0.0145205479452,0.077397260274,0.0121917808219,0.0497945205479,0.0532876712329,0.0126712328767,0.0514383561644,0.00308219178082,0.00164383561644,0.00287671232877,0.0130821917808,0.00232876712329,0.00465753424658,6.84931506849e-05,0.00452054794521
0.00386683584073,0.0101504440819,0.0068273820313,0.0934082532777,0.0640444686122,0.0861579360764,0.0690592713431,0.00924415443176,0.0180653736934,0.0192133405837,0.0477916742191,0.0233822729744,0.021267597124,0.0192133405837,0.00223551447042,0.020965500574,0.0270074315751,0.0257386260649,0.0309346867259,0.0268261736451,0.0239260467645,0.0519606066099,0.00876079995166,0.0148027309528,0.0490604797293,0.0100900247719,0.0620506313818,0.0518397679898,0.015890278533,0.0513564135098,0.00386683584073,0.00253761102048,0.00338348136064,0.0144402150927,0.00326264274062,0.00537731859102,0.0,0.00199383723038
0.00468297034119,0.00721028766818,0.00899427636958,0.0623652716866,0.0344161153646,0.147922396491,0.107262320672,0.00728462053074,0.0138259124359,0.00773061770609,0.032334795213,0.0182115513268,0.0194752099903,0.00899427636958,0.000966327213261,0.00416264030328,0.0229688545306,0.0325577938006,0.0597636214971,0.013974578161,0.0104066007582,0.0307738050992,0.00490596892886,0.0109269307961,0.0396937486063,0.00854827919423,0.104512004757,0.039396417156,0.0147179067866,0.0780495056865,0.00512896751654,0.00416264030328,0.00661562476771,0.013305582398,0.00364231026537,0.00557496469189,0.0,0.00453430461607
0.00338638672536,0.00948188283102,0.00722429168078,0.0785641720284,0.0623095157467,0.0803702449486,0.0573428152162,0.00959476238853,0.0121909922113,0.0218986341574,0.0401851224743,0.0334123490236,0.0241562253076,0.0158031380517,0.00124167513263,0.0128682695564,0.0310418783158,0.0257365391128,0.0332994694661,0.0399593633593,0.0250592617677,0.0615193588441,0.00598261654814,0.0183993678745,0.0494412461903,0.0100462806186,0.074048989728,0.0406366407044,0.0147872220341,0.0537306693758,0.00733717123829,0.00203183203522,0.00485382097302,0.018512247432,0.00361214584039,0.00541821876058,0.0,0.00451518230049
0.0017667844523,0.0123674911661,0.00765606595995,0.0571260306243,0.0400471142521,0.0889281507656,0.0530035335689,0.010011778563,0.020023557126,0.020023557126,0.0512367491166,0.0212014134276,0.0241460541814,0.010011778563,0.010011778563,0.0106007067138,0.0282685512367,0.0282685512367,0.0471142520612,0.0341578327444,0.0270906949352,0.047703180212,0.0123674911661,0.030035335689,0.0541813898704,0.00765606595995,0.0842167255595,0.0288574793875,0.0259128386337,0.0659599528857,0.00412249705536,0.00471142520612,0.00588928150766,0.010011778563,0.00294464075383,0.00647820965842,0.0,0.00588928150766
0.00273074822501,0.00764609503004,0.00791916985254,0.0576187875478,0.0431458219552,0.122064445658,0.0950300382305,0.0166575641726,0.0196613872201,0.00873839432004,0.0469688694702,0.0311305297652,0.0270344074276,0.0202075368651,0.00245767340251,0.0117422173676,0.0150191152376,0.0204806116876,0.0327689787002,0.0218459858001,0.0188421627526,0.0535226652103,0.00819224467504,0.0202075368651,0.0436919716002,0.0106499180776,0.0827416712179,0.0363189513927,0.0174767886401,0.0617149098853,0.00409612233752,0.00327689787002,0.00218459858001,0.0150191152376,0.00327689787002,0.00518842162753,0.0,0.00273074822501
0.00209925266605,0.0057939373583,0.00814510034428,0.0476950205727,0.0285498362583,0.108489377782,0.0937106390125,0.00906877151734,0.0246872113528,0.00890083130406,0.0356872953229,0.0282979259384,0.0273742547653,0.0167940213284,0.00201528255941,0.00352674447897,0.0246872113528,0.0257788227391,0.0586951045428,0.0167940213284,0.0162902006886,0.043160634814,0.00621378789151,0.0131833067428,0.0369468469225,0.00982450247712,0.117390209086,0.0424049038542,0.0141909480225,0.0894281635738,0.00403056511882,0.00428247543874,0.00529011671845,0.010328323117,0.00251910319926,0.00487026618524,0.0,0.00285498362583
0.00410496994576,0.00461809118898,0.00842984899575,0.0428822753262,0.0266090016127,0.0902360357719,0.0686849435567,0.00711039437033,0.0183990617212,0.00982260665592,0.037164638616,0.024483213605,0.0332795777745,0.0135610614279,0.0017592728339,0.00307872745932,0.0227239407711,0.0190587890339,0.0422958510482,0.0272687289254,0.0205981527635,0.0511655182525,0.00630406098812,0.0183990617212,0.0496994575575,0.0128280310805,0.127547280457,0.0531447001906,0.0188388799296,0.0949274299956,0.00469139422372,0.00535112153643,0.00564433367541,0.0122416068025,0.00469139422372,0.00549772760592,7.33030347456e-05,0.00278551532033
0.00319488817891,0.00386749621658,0.00849167647553,0.0299310576761,0.0146292248192,0.0702875399361,0.06196401547,0.00638977635783,0.0177400369934,0.00664200437195,0.0229527492854,0.0165629729275,0.0315285017656,0.012106944678,0.000840760047083,0.00327896418362,0.0394316462082,0.0481755506978,0.0370775180763,0.0188330250546,0.0168992769464,0.0490163107449,0.0061375483437,0.0174878089793,0.0587691272911,0.00941651252732,0.143601816042,0.0534723389945,0.0253909534219,0.132251555406,0.00622162434841,0.00336304018833,0.00496048427779,0.011518412645,0.00311081217421,0.00252228014125,0.0,0.00193374810829
0.00805221223936,0.01237497881,0.00762841159519,0.0539922020681,0.0402610611968,0.0550093236142,0.0384810984913,0.0055094083743,0.00864553314121,0.0335650110188,0.0767926767249,0.0328869299881,0.0164434649941,0.0177996270554,0.00271232412273,0.0069503305645,0.0266994405831,0.0411086624852,0.0330564502458,0.0582302085099,0.0216985929819,0.0204271910493,0.0069503305645,0.0132225800983,0.0872181725716,0.0140701813867,0.0710289879641,0.0594168503136,0.0158501440922,0.0675538226818,0.00567892863197,0.00347516528225,0.00432276657061,0.015426343448,0.0040684861841,0.00644176979149,0.000169520257671,0.00678081030683
0.00647566718995,0.0190345368917,0.00902668759812,0.0486656200942,0.0455259026688,0.0594583987441,0.0419937205651,0.00863422291994,0.00922291993721,0.0339481946625,0.0718210361068,0.0396389324961,0.0168759811617,0.0162872841444,0.00255102040816,0.0107927786499,0.0257064364207,0.0382653061224,0.0317896389325,0.0618131868132,0.0121664050235,0.0402276295133,0.00569073783359,0.0188383045526,0.0726059654631,0.0184458398744,0.0686813186813,0.0396389324961,0.0117739403454,0.0684850863422,0.00392464678179,0.0037284144427,0.00588697017268,0.0190345368917,0.00215855572998,0.00627943485086,0.000196232339089,0.00470957613815
0.00454155955441,0.00805484147386,0.00685518423308,0.0339331619537,0.0281062553556,0.0685518423308,0.0453299057412,0.00642673521851,0.0118251928021,0.0176520994002,0.0572407883462,0.0391602399314,0.0199657240788,0.0245072836332,0.00334190231362,0.00788346186804,0.0381319622965,0.060411311054,0.0561268209083,0.0362467866324,0.0234790059983,0.023736075407,0.00556983718937,0.00745501285347,0.0720651242502,0.0127677806341,0.096058269066,0.0497857754927,0.0164524421594,0.07823479006,0.00454155955441,0.0031705227078,0.00325621251071,0.012853470437,0.00334190231362,0.0063410454156,0.00025706940874,0.0063410454156
0.00379686758424,0.00237304224015,0.0109159943047,0.0360702420503,0.0242050308495,0.0635975320361,0.046986236355,0.0137636449929,0.0128144280968,0.0104413858567,0.0393925011865,0.0232558139535,0.0322733744661,0.0189843379212,0.00284765068818,0.00996677740864,0.0275272899858,0.0346464167062,0.0299003322259,0.0284765068818,0.0180351210252,0.0294257237779,0.00949216896061,0.0123398196488,0.0735643094447,0.0128144280968,0.132890365449,0.062173706692,0.0242050308495,0.106786900807,0.00569530137636,0.00427147603227,0.00427147603227,0.0175605125771,0.00427147603227,0.00616990982439,0.00047460844803,0.00332225913621
0.00176639434754,0.00706557739015,0.00706557739015,0.030470302495,0.0198719364098,0.0604990064032,0.0379774784721,0.00728637668359,0.0152351512475,0.0163391477147,0.0423934643409,0.0298079046147,0.0225215279311,0.0273791123868,0.0041951865754,0.00684477809671,0.0311327003754,0.0518878339589,0.0423934643409,0.0335614926032,0.0236255243983,0.0240671229852,0.0041951865754,0.0141311547803,0.0697725767278,0.0108191653787,0.132037977478,0.0527710311327,0.0240671229852,0.0960476926474,0.00971516891146,0.00640317950983,0.00507838374917,0.0161183484213,0.00375358798852,0.00485758445573,0.000662397880327,0.00618238021638
0.0049803693471,0.00919732441472,0.00479860404246,0.0384251854006,0.0239566671514,0.0273738548786,0.0227206630798,0.00254471426494,0.00487131016432,0.0200668896321,0.038243420096,0.0149411080413,0.00643449178421,0.00774320197761,0.00152682855896,0.00232659589937,0.0109422713392,0.0241020793951,0.0288279773157,0.0617638505162,0.0179584120983,0.0290824487422,0.00494401628617,0.0111967427657,0.122982405119,0.0224298385924,0.109858950124,0.113312490912,0.0283553875236,0.121019339828,0.00730696524647,0.00388977751927,0.00323542242257,0.0292642140468,0.00610731423586,0.00792496728225,3.63530609277e-05,0.00530754689545
0.00701214297931,0.00735419873439,0.00547289208141,0.0376261330597,0.0247990422439,0.0429279972636,0.0268513767744,0.00376261330597,0.0042756969386,0.0150504532239,0.0458354711818,0.0225756798358,0.0119719514281,0.0181289550197,0.00239439028562,0.00290747391825,0.0171027877544,0.0430990251411,0.0362579100393,0.0354027706516,0.0237728749786,0.0258252095091,0.00718317085685,0.00786728236703,0.0937232768941,0.0136822302035,0.108431674363,0.100393364118,0.0377971609372,0.117154096118,0.00667008722422,0.00342055755088,0.00342055755088,0.0206943731828,0.0042756969386,0.00889344963229,0.000513083632632,0.00547289208141
0.00275609968377,0.00545417621631,0.00615045403116,0.0268066958717,0.0158113087122,0.0507122341814,0.036670631582,0.00423569004033,0.0106182366764,0.00710783602657,0.0189735704546,0.0136354405408,0.0194377556645,0.00800719487075,0.000957381995416,0.00278511125939,0.0203081029331,0.0438945139111,0.0533522875627,0.0221648437727,0.0129391627259,0.0424729467057,0.0052801067626,0.011865734428,0.0778380573849,0.0132582900577,0.117990078041,0.0776349763556,0.0317386637268,0.185732107111,0.00951579680292,0.00504801415765,0.0048159215527,0.0203661260843,0.00464185209899,0.00519307203574,0.000145057878093,0.00368447010357
0.00324444895062,0.00567778566359,0.00248403122782,0.0280847612288,0.0170333569908,0.0288958734665,0.0207340565751,0.00288958734665,0.00466389536652,0.0108486261786,0.0224069755652,0.0126736287134,0.00659028693095,0.007959038832,0.000506945148535,0.00243333671297,0.0102909865153,0.0235729494069,0.0231166987732,0.0379701916253,0.0101389029707,0.0187569704958,0.00344722701004,0.00648889790125,0.117053634797,0.0179458582581,0.0903883199838,0.121971002738,0.0406570009125,0.19218290581,0.0125215451688,0.00572848017844,0.00613403629727,0.0487681232891,0.0125722396837,0.0137382135253,0.000253472574267,0.00917570718848
0.00349967595593,0.00388852883992,0.00324044069994,0.0225534672715,0.0128321451717,0.0287751134154,0.0238496435515,0.00337005832793,0.00401814646792,0.00699935191186,0.0176279974076,0.0152948801037,0.00894361633182,0.00855476344783,0.000777705767984,0.00324044069994,0.0106286454958,0.0234607906675,0.0243681140635,0.0213869086196,0.00946208684381,0.0304601425794,0.00362929358393,0.00738820479585,0.0865845755023,0.0115359688918,0.099805573558,0.136876215165,0.0378483473752,0.219701879456,0.0169799092677,0.00557355800389,0.00648088139987,0.0466623460791,0.0115359688918,0.0123136746598,0.000259235255995,0.00959170447181
0.00261332171857,0.00326665214821,0.00423109230626,0.0177332545189,0.0109199514669,0.0308931960302,0.0235198954671,0.00276887658277,0.0050399776001,0.00787107612855,0.0156488193386,0.0119155025978,0.0113555050866,0.00902218212364,0.000559997511122,0.00239554490869,0.0150265998818,0.0242665588153,0.033070964129,0.0162710387954,0.00849329558535,0.0271909902623,0.00311109728401,0.00858662850387,0.0651152661544,0.0134088292941,0.122235012289,0.103537317612,0.0388264941045,0.260741063373,0.0179199203559,0.0105777307656,0.0104221759014,0.0349376224995,0.0112621721681,0.00690663597051,0.000497775565442,0.00783996515571
0.00247087892693,0.00423579244617,0.00529474055771,0.0180021178962,0.0130603600424,0.0437698552771,0.0232968584539,0.00105894811154,0.00423579244617,0.00988351570773,0.0194140487116,0.00705965407695,0.0067066713731,0.0102364984116,0.00211789622309,0.00282386163078,0.0187080833039,0.0194140487116,0.0236498411578,0.0183551006001,0.00811860218849,0.0187080833039,0.00282386163078,0.00388280974232,0.0455347687963,0.011648429227,0.0603600423579,0.0917755030004,0.0236498411578,0.238263325097,0.0423579244617,0.0250617719732,0.0289445817155,0.0596540769502,0.025414754677,0.0381221320155,0.00105894811154,0.020825979527
0.00826873385013,0.0046511627907,0.0031007751938,0.0242894056848,0.0160206718346,0.0475452196382,0.0377260981912,0.00206718346253,0.0108527131783,0.0103359173127,0.0144702842377,0.0134366925065,0.0113695090439,0.00516795865633,0.0,0.00361757105943,0.0103359173127,0.035142118863,0.0289405684755,0.0118863049096,0.0118863049096,0.00826873385013,0.0046511627907,0.00981912144703,0.0366925064599,0.00361757105943,0.0976744186047,0.0744186046512,0.0206718346253,0.263565891473,0.031007751938,0.0165374677003,0.0201550387597,0.0366925064599,0.0196382428941,0.0242894056848,0.0031007751938,0.0180878552972
0.00763105507631,0.00497677504977,0.0056403450564,0.0235567352356,0.013603185136,0.0567352355674,0.0394824153948,0.00165892501659,0.00597213005972,0.00265428002654,0.0169210351692,0.0119442601194,0.0122760451228,0.00298606502986,0.000331785003318,0.000995355009954,0.0139349701393,0.0338420703384,0.028201725282,0.0225613802256,0.00431320504313,0.0119442601194,0.0036496350365,0.00962176509622,0.0544127405441,0.0132714001327,0.0786330457863,0.079296615793,0.0252156602522,0.211347047113,0.0238885202389,0.00995355009954,0.0132714001327,0.0554080955541,0.0335102853351,0.0368281353683,0.00530856005309,0.0242203052422
0.00398678664996,0.00501196035995,0.00364506207996,0.0275657819797,0.0143524319399,0.0274518737897,0.0218703724798,0.00273379655997,0.00489805216995,0.0107073698599,0.0210730151498,0.0104795534799,0.00569540949994,0.00797357329992,0.000797357329992,0.00307552112997,0.00751794053992,0.0244902608498,0.0187948513498,0.0238068117098,0.0113908189999,0.0162888711698,0.00432851121996,0.00489805216995,0.0818999886092,0.0113908189999,0.0676614648593,0.148308463379,0.0370201617496,0.182253103998,0.0248319854198,0.0118464517599,0.0124159927099,0.0627634126894,0.0195922086798,0.0332611914797,0.000797357329992,0.0231233625698
0.00709939148073,0.0077755240027,0.00135226504395,0.0283975659229,0.0121703853955,0.027045300879,0.0165652467884,0.00304259634888,0.00439486139283,0.00980392156863,0.0229885057471,0.0111561866126,0.00743745774172,0.00439486139283,0.00135226504395,0.00236646382691,0.0111561866126,0.0189317106153,0.0240027045301,0.026369168357,0.00709939148073,0.0145368492224,0.00540906017579,0.00845165652468,0.0733603786342,0.00642325895876,0.0594996619337,0.127789046653,0.0449628127113,0.193035835024,0.0246788370521,0.0162271805274,0.0175794455713,0.0693035835024,0.0135226504395,0.0456389452333,0.00101419878296,0.0236646382691
0.00223630264629,0.00521803950801,0.00409988818487,0.0391352963101,0.0245993291092,0.0234811777861,0.0253447633246,0.00409988818487,0.00559075661573,0.0160268356318,0.0316809541558,0.00782705926202,0.00931792769288,0.00335445396944,0.000372717107715,0.00074543421543,0.0141632500932,0.0242266120015,0.0201267238166,0.0443533358181,0.00931792769288,0.00559075661573,0.00111815132315,0.00372717107715,0.0797614610511,0.0122996645546,0.0518076779724,0.122623928438,0.0365262765561,0.14200521804,0.0134178158777,0.015654118524,0.0316809541558,0.0831159150205,0.0245993291092,0.0298173686172,0.00186358553858,0.0290719344018
0.00236966824645,0.00473933649289,0.00473933649289,0.0545023696682,0.00236966824645,0.042654028436,0.0331753554502,0.00710900473934,0.00710900473934,0.0165876777251,0.0521327014218,0.0331753554502,0.00947867298578,0.0236966824645,0.00236966824645,0.00710900473934,0.00947867298578,0.0260663507109,0.0284360189573,0.042654028436,0.0473933649289,0.0165876777251,0.00710900473934,0.0118483412322,0.0781990521327,0.00236966824645,0.0781990521327,0.085308056872,0.0189573459716,0.127962085308,0.0118483412322,0.00947867298578,0.0142180094787,0.042654028436,0.00947867298578,0.0118483412322,0.00473933649289,0.0118483412322
0.00546149645003,0.00600764609503,0.00436919716002,0.0283997815401,0.0163844893501,0.0398689240852,0.0240305843801,0.00218459858001,0.00327689787002,0.00709994538504,0.0256690333151,0.0120152921901,0.00764609503004,0.0207536865101,0.00109229929001,0.00218459858001,0.0152921900601,0.0136537411251,0.00873839432004,0.0316766794102,0.0103768432551,0.0218459858001,0.00382304751502,0.0103768432551,0.0682687056253,0.0163844893501,0.0753686510104,0.110868377936,0.0376843255052,0.158929546696,0.0240305843801,0.0136537411251,0.0120152921901,0.0830147460404,0.0207536865101,0.0376843255052,0.00327689787002,0.0158383397051
