0.33547008547,0.275641025641,0.0982905982906,0.102564102564,0.0106837606838,0.0405982905983,0.0149572649573,0.0,0.00213675213675,0.0106837606838,0.0042735042735,0.00641025641026,0.0042735042735,0.0,0.0,0.0,0.00213675213675,0.00854700854701,0.0106837606838,0.0042735042735,0.0042735042735,0.00641025641026,0.00213675213675,0.0,0.017094017094,0.0,0.0106837606838,0.0042735042735,0.00641025641026,0.017094017094,0.0,0.0,0.0,0.0,0.0,0.0,0.0,0.0
0.0447085455574,0.249009620826,0.151103565365,0.257498585173,0.0302773061686,0.0741369552915,0.0263157894737,0.00198075834748,0.00141482739106,0.00905489530277,0.0178268251273,0.00792303338993,0.00396151669496,0.0048104131296,0.000848896434635,0.00339558573854,0.00169779286927,0.00367855121675,0.00622524052066,0.0118845500849,0.00509337860781,0.00679117147708,0.00226372382569,0.00226372382569,0.018675721562,0.00141482739106,0.0130164119977,0.014714204867,0.00282965478212,0.0175438596491,0.00452744765139,0.0,0.000565930956423,0.00198075834748,0.0,0.0,0.0,0.000565930956423
0.0176411290323,0.165322580645,0.307459677419,0.100806451613,0.0100806451613,0.23185483871,0.0367943548387,0.00252016129032,0.00453629032258,0.00201612903226,0.00907258064516,0.00806451612903,0.0105846774194,0.00504032258065,0.00100806451613,0.00100806451613,0.00302419354839,0.00403225806452,0.0070564516129,0.00504032258065,0.00352822580645,0.00655241935484,0.00100806451613,0.000504032258065,0.00756048387097,0.00151209677419,0.0105846774194,0.00403225806452,0.00252016129032,0.0241935483871,0.000504032258065,0.0,0.00151209677419,0.00201612903226,0.00100806451613,0.0,0.0,0.0
0.0228511530398,0.0841090146751,0.0392033542977,0.335094339623,0.0928721174004,0.142054507338,0.0527882599581,0.00452830188679,0.00649895178197,0.0109853249476,0.0295597484277,0.0168553459119,0.00867924528302,0.00528301886792,0.000503144654088,0.00327044025157,0.00981132075472,0.00599580712788,0.00737945492662,0.0135849056604,0.00624737945493,0.0074213836478,0.00230607966457,0.00276729559748,0.0183647798742,0.00318658280922,0.0184067085954,0.0160587002096,0.00431865828092,0.0196645702306,0.000712788259958,0.000503144654088,0.00100628930818,0.00473794549266,0.000922431865828,0.000922431865828,0.0,0.000545073375262
0.0125599297724,0.0301843473563,0.0133702478223,0.222297251671,0.0894050914984,0.0879870349112,0.0731312039976,0.0118846647309,0.0116820852184,0.0193801066919,0.0564521574718,0.0432169626578,0.0186373151462,0.0136403538389,0.00135053008306,0.0100614491188,0.0159362549801,0.013707880343,0.0169491525424,0.0286312377608,0.0140455128638,0.0185022621379,0.00364643122426,0.00675265041529,0.0393679519211,0.00614491187791,0.0320075629685,0.0287662907691,0.00972381659801,0.0308596123979,0.00222837463705,0.00108042406645,0.00121547707475,0.00904855155649,0.00209332162874,0.00209332162874,6.75265041529e-05,0.00189074211628
0.00810800618471,0.0230041105706,0.0466870309613,0.121280687861,0.0255307915677,0.307613983482,0.152053399706,0.0121054417921,0.0196854847833,0.00411057057737,0.0133876381189,0.0148583927292,0.0245880001508,0.00705207979787,0.000565674850096,0.00256439265377,0.0199494663801,0.0140664479391,0.0170456688162,0.00592073009767,0.00648640494777,0.0147452577592,0.00184787117698,0.00437455217408,0.0168571105329,0.00339404910058,0.0357506505261,0.0167816872195,0.00758004299129,0.0395972395067,0.00135761964023,0.00124448467021,0.00218727608704,0.003922012294,0.00120677301354,0.00124448467021,0.000113134970019,0.00113134970019
0.00519001458351,0.0108518486746,0.017972033971,0.0808098138458,0.0371450630522,0.245431929313,0.144205198593,0.015355580338,0.0246203997598,0.0041176975208,0.0174573217809,0.0236767607446,0.0409625117955,0.00724886334391,0.000900746332676,0.00488976580595,0.0370163850047,0.023204941237,0.0286094192331,0.00875010723171,0.0109805267221,0.0218752680793,0.00437505361585,0.00724886334391,0.0200308827314,0.00424637556833,0.0509136141374,0.0222613022218,0.00956506819937,0.0499270824397,0.00210174144291,0.00197306339538,0.00300248777559,0.0061336535987,0.00235909753796,0.00261645363301,0.000386034142575,0.00158702925281
0.00379266750948,0.0107458912769,0.0117572692794,0.0772439949431,0.0456384323641,0.126295828066,0.0978508217446,0.0094816687737,0.0178255372946,0.0078381795196,0.0299620733249,0.0286978508217,0.0289506953224,0.0165613147914,0.00265486725664,0.0154235145386,0.0481668773704,0.0300884955752,0.0408343868521,0.0174462705436,0.0165613147914,0.0278128950695,0.00682680151707,0.0113780025284,0.0394437420986,0.00809102402023,0.0750948166877,0.0376738305942,0.0169405815424,0.0549936788875,0.00568900126422,0.00328697850822,0.00404551201011,0.0139064475348,0.0031605562579,0.00442477876106,0.0,0.00341340075853
0.00476947535771,0.0068135362253,0.0181694299341,0.0574608221667,0.0299795593913,0.212128094481,0.163524869407,0.00953895071542,0.0156711333182,0.00704065409948,0.0215761980468,0.030888030888,0.0283897342721,0.0145355439473,0.00136270724506,0.00953895071542,0.0483761071996,0.034749034749,0.0445151033386,0.00885759709289,0.00635930047695,0.0163524869407,0.00454235748353,0.00658641835112,0.0181694299341,0.00635930047695,0.0592777651601,0.0208948444243,0.0113558937088,0.064274358392,0.00204406086759,0.00272541449012,0.00272541449012,0.00590506472859,0.000908471496707,0.00340676811265,0.0,0.000227117874177
0.012342631449,0.0266600839299,0.0113552209331,0.11133053567,0.0866452727722,0.0424586521846,0.0286349049617,0.00987410515922,0.012342631449,0.0303628733646,0.0725746729203,0.0372747469761,0.0101209577882,0.0202419155764,0.00296223154777,0.00839298938534,0.012589484078,0.0145643051098,0.0172796840286,0.0589977783263,0.0276474944458,0.0318439891385,0.00320908417675,0.0076524314984,0.0898543569489,0.0111083683041,0.0431992100716,0.0488768205381,0.0138237472229,0.0585040730684,0.00320908417675,0.0024685262898,0.00320908417675,0.012342631449,0.00469019995063,0.00518390520859,0.0,0.00617131572451
0.00908548312222,0.0160488096028,0.00921811791233,0.101797201406,0.0713575170767,0.057895085881,0.0431726241793,0.00802440480138,0.011273957159,0.0272564493667,0.0509317594005,0.034020823662,0.0205583924663,0.0133297964056,0.00331586975264,0.0136613833809,0.02520061012,0.0250679753299,0.0225479143179,0.0558392466344,0.0164467139731,0.0482127462033,0.00769281782612,0.0142582399363,0.0746070694343,0.0145898269116,0.0511970289807,0.0551097552888,0.0135950659858,0.0507991246104,0.00378009151801,0.00271901319716,0.00305060017243,0.0134624311957,0.0023874262219,0.00431063067843,6.63173950527e-05,0.00411167849327
0.0039552988448,0.00960572576595,0.00966850828729,0.0915369161226,0.0619035660472,0.0849447513812,0.0678679055751,0.0113636363636,0.0141888498242,0.0182697137117,0.0495981918634,0.0217227523857,0.0239829231542,0.0207810145655,0.00188347564038,0.018144148669,0.0284404821698,0.0265570065294,0.0290055248619,0.0254269211452,0.0229784028127,0.0541813159216,0.0102335509794,0.0135610246107,0.0522350577599,0.0111125062783,0.0639753892516,0.0466474133601,0.0178930185836,0.0514188849824,0.00295077850326,0.0023229532898,0.00357860371673,0.0160095429432,0.00408086388749,0.00414364640884,0.0,0.00382973380211
0.00291501606996,0.00919351222064,0.00919351222064,0.0645788175499,0.0343074968234,0.143508483444,0.109724194633,0.00515733612378,0.0138276403319,0.0107631362583,0.0299723447193,0.0202556244861,0.01958292847,0.00949248822782,0.00112116002691,0.00568054413633,0.0238433365722,0.0322894087749,0.05583376934,0.0165184243964,0.011585320278,0.0306450407355,0.00568054413633,0.0124822482996,0.0411092009866,0.00769863218477,0.099334778384,0.0356528888557,0.0166679124,0.0825921219822,0.00508259212198,0.00373720008969,0.00657747215786,0.0112116002691,0.00351296808431,0.00388668809328,0.000149488003588,0.00463412811122
0.00430934078733,0.0101327742837,0.00757046354531,0.0786163522013,0.054856743536,0.0804798509201,0.0567202422548,0.00978336827393,0.0154903331004,0.0187514558584,0.0426275331936,0.0361052876776,0.0223619846261,0.0165385511297,0.00186349871884,0.0111809923131,0.0326112275798,0.0263219194037,0.0329606335896,0.0361052876776,0.0200326112276,0.0674353598882,0.00663871418588,0.0192173305381,0.0510132774284,0.0153738644305,0.0720941066853,0.0426275331936,0.0173538318192,0.0535755881668,0.00593990216632,0.00326112275798,0.00407640344747,0.0109480549732,0.00337759142791,0.00675518285581,0.000232937339856,0.00465874679711
0.00322372662798,0.0122501611863,0.00838168923275,0.0548033526757,0.0393294648614,0.0805931656995,0.0625402965828,0.0128949065119,0.0161186331399,0.0122501611863,0.0419084461638,0.0206318504191,0.0174081237911,0.0161186331399,0.00644745325596,0.0122501611863,0.0464216634429,0.0257898130239,0.0425531914894,0.0425531914894,0.0315925209542,0.0657640232108,0.0103159252095,0.0296582849774,0.0444874274662,0.0154738878143,0.0947775628627,0.0438426821406,0.0148291424887,0.0425531914894,0.000644745325596,0.00257898130239,0.00386847195358,0.0116054158607,0.00451321727917,0.00644745325596,0.0,0.00257898130239
0.00109739368999,0.00576131687243,0.0115226337449,0.0609053497942,0.041426611797,0.125377229081,0.0962962962963,0.0156378600823,0.0208504801097,0.0134430727023,0.0485596707819,0.0367626886145,0.0310013717421,0.0189300411523,0.00109739368999,0.00987654320988,0.0200274348422,0.0139917695473,0.0427983539095,0.0249657064472,0.0194787379973,0.0460905349794,0.00631001371742,0.0216735253772,0.0337448559671,0.00932784636488,0.0694101508916,0.0400548696845,0.0194787379973,0.0556927297668,0.00521262002743,0.00384087791495,0.00603566529492,0.0134430727023,0.00246913580247,0.00466392318244,0.0,0.00274348422497
0.0035799522673,0.00468803273099,0.00912035458575,0.0432151380839,0.0294067507671,0.115751789976,0.100409137402,0.00963177633822,0.0250596658711,0.0073303784521,0.0355438117968,0.0266791680873,0.0233549266962,0.017388339584,0.00230139788612,0.0035799522673,0.0225877940675,0.0223320831913,0.0637572451415,0.0168769178316,0.0169621547903,0.0429594272076,0.00554040231845,0.0150869416979,0.0420218206614,0.00801227412206,0.107228094102,0.0369928400955,0.0153426525742,0.0915444936925,0.00536992840095,0.0035799522673,0.00366518922605,0.0109955676781,0.00306853051483,0.00562563927719,0.000255710876236,0.00315376747358
0.00359599749844,0.00594121325829,0.00867729831144,0.0433083176986,0.0275171982489,0.093574108818,0.0746560350219,0.00805190744215,0.020090681676,0.00828642901814,0.036507191995,0.025641025641,0.0329111944966,0.0142276422764,0.00132895559725,0.00343964978111,0.0254846779237,0.0189180737961,0.041588492808,0.0275171982489,0.0199343339587,0.0555816135084,0.00390869293308,0.0185272045028,0.046200750469,0.0125859912445,0.115462789243,0.0481550969356,0.0188398999375,0.100609756098,0.00523764853033,0.00555034396498,0.00437773608505,0.0114915572233,0.00297060662914,0.00531582238899,0.000547217010632,0.00343964978111
0.00211380738987,0.00372030100617,0.00845522955948,0.026718525408,0.0148812040247,0.0721231081424,0.0585101885516,0.00684873594318,0.0185169527353,0.00752515430794,0.0226600152194,0.0182632958485,0.0351737549674,0.00997717088019,0.00135283672952,0.00312843493701,0.0362729348102,0.0440517460049,0.0380485330177,0.020038894056,0.015642174685,0.0497167498098,0.0065105267608,0.0155576223894,0.0567345903441,0.0116682167921,0.142386065782,0.0543671260675,0.0241819565401,0.138327555593,0.00524224232688,0.00405851018855,0.00498858544009,0.0128519489304,0.00236746427666,0.00372030100617,0.0,0.0032975395282
0.00851104523286,0.0147269771445,0.00573778330305,0.0519269388926,0.0436071531032,0.0487711580759,0.0332791431577,0.00487711580759,0.00612030218992,0.0358611456441,0.0863536387109,0.0271588409678,0.0137706799273,0.0187434254566,0.00200822415607,0.00468585636416,0.0240030601511,0.0412164100602,0.0298364731759,0.0634025054987,0.0238118007077,0.021994835995,0.0070765994071,0.0151094960314,0.0953428325524,0.0153963851965,0.0706703643492,0.0622549488381,0.0154920149182,0.0679927321411,0.00411207803385,0.0021994835995,0.00449459692072,0.0170220904657,0.00258200248637,0.00573778330305,9.56297217175e-05,0.00401644831214
0.00753332045586,0.0141008305969,0.00676067220398,0.053119567317,0.0434614641684,0.0708904771103,0.0363144678385,0.00540853776318,0.0079196445818,0.033030712768,0.0600734015839,0.0438477882944,0.019895692486,0.0175777477303,0.00386324125942,0.00811280664477,0.0278153370678,0.0357349816496,0.0351554954607,0.0631639945915,0.0144871547228,0.0453930847981,0.00907861695963,0.019702530423,0.0764921769364,0.0177709097933,0.0732084218659,0.0421093297276,0.0150666409117,0.0618118601507,0.00309059300753,0.00173845856674,0.00386324125942,0.00985126521151,0.00270426888159,0.0059880239521,0.000193162062971,0.00367007919645
0.00398478536497,0.0104147799312,0.00579605143996,0.0322405361348,0.0309726498823,0.065386705307,0.0453722151784,0.00652055786995,0.0124071726137,0.0210106864698,0.0550624886796,0.039032783916,0.0164825212824,0.0253577250498,0.00362253214997,0.0069733743887,0.0352291251585,0.0482702408984,0.0591378373483,0.0409346132947,0.0221880094186,0.0234558956711,0.00479985509871,0.00706393769245,0.0748052888969,0.0115921028799,0.102336533237,0.0477268610759,0.0156674515486,0.0863973917769,0.00534323492121,0.00153957616374,0.00344140554247,0.0160297047636,0.00262633580873,0.00615830465495,0.000362253214997,0.00425647527622
0.00187353629977,0.00702576112412,0.00889929742389,0.0370023419204,0.0248243559719,0.0702576112412,0.0491803278689,0.0135831381733,0.0117096018735,0.0117096018735,0.0393442622951,0.031850117096,0.0206088992974,0.0182669789227,0.00608899297424,0.00327868852459,0.0309133489461,0.0309133489461,0.0435597189696,0.0266978922717,0.0168618266979,0.0327868852459,0.0126463700234,0.0126463700234,0.0725995316159,0.0140515222482,0.126463700234,0.0599531615925,0.0168618266979,0.096018735363,0.0112412177986,0.0056206088993,0.00515222482436,0.0201405152225,0.00140515222482,0.00421545667447,0.0,0.00374707259953
0.0022040996253,0.00418778928808,0.00771434868856,0.0273308353538,0.0211593564029,0.0586290500331,0.0445228124311,0.00881639850121,0.00969803835133,0.0138858276394,0.0526779810447,0.0359268238924,0.0238042759533,0.0299757549041,0.00308573947542,0.00815516861362,0.0326206744545,0.0445228124311,0.0352655940048,0.0381309235177,0.0339431342297,0.0209389464404,0.00176327970024,0.0123429579017,0.0597310998457,0.011240908089,0.13070310778,0.0484901917567,0.0231430460657,0.109984571303,0.00352655940048,0.00308573947542,0.00551024906326,0.0180736169275,0.00418778928808,0.0050694291382,0.0,0.00595106898832
0.00558882235529,0.00892759934676,0.00518962075848,0.0363636363636,0.0235528942116,0.0276900743967,0.0225004536382,0.00290328434041,0.00500816548721,0.0224641625839,0.0359644347668,0.0148430411903,0.00765741244783,0.00885501723825,0.00130647795318,0.00297586644892,0.0111776447106,0.0233714389403,0.0281981491562,0.0647432407911,0.016222101252,0.0293957539467,0.00413718018508,0.00990745781165,0.12349845763,0.0224278715297,0.104300489929,0.121248412266,0.0301941571403,0.119070949011,0.00704046452549,0.00399201596806,0.00341135909998,0.0276900743967,0.00616947922337,0.00696788241698,0.000217746325531,0.00482671021593
0.00414722654225,0.00570243649559,0.0063936409193,0.0374978399862,0.0235009504061,0.0445826853292,0.0300673924313,0.00414722654225,0.0082944530845,0.0205633316053,0.0438914809055,0.0198721271816,0.0120960774149,0.0122688785208,0.00276481769483,0.00276481769483,0.0176257128046,0.0340418178676,0.0364610333506,0.0419906687403,0.0221185415587,0.026092966995,0.00760324866079,0.00950406082599,0.0972870226369,0.0155520995334,0.0990150336962,0.0997062381199,0.0349058233973,0.131328840505,0.00552963538967,0.00241921548298,0.00276481769483,0.0217729393468,0.00483843096596,0.00794885087265,0.000172801105927,0.00276481769483
0.00320994198545,0.00559531171776,0.00512412757311,0.0241187384045,0.0142533203758,0.0487381099626,0.0365756692287,0.00397561622051,0.0090113967665,0.00803957946815,0.0189651618223,0.0127808699237,0.0183467326324,0.00777453838678,0.00111906234355,0.00335718703066,0.0236770032688,0.0401095503136,0.0509173366316,0.0215861236269,0.0112200724446,0.043996819507,0.00521247460023,0.0131342580322,0.0797479164826,0.0138704832582,0.120416997968,0.0801602026092,0.0326884000353,0.190299496422,0.00848131460376,0.00444680036517,0.00530082162735,0.0188179167771,0.00480018847366,0.00500633153694,0.000117796036163,0.00500633153694
0.00274415641692,0.00441025138433,0.00333218993483,0.0280786004802,0.0173469887784,0.027686578135,0.019405106091,0.00294016758955,0.00436124859117,0.0122016954966,0.0216102317832,0.0124957122556,0.00754643014652,0.00779144411231,0.00102905865634,0.00196011172637,0.0101925809771,0.0218062429558,0.026167491547,0.0331748909688,0.00940853628657,0.0193561032979,0.00308717596903,0.00764443573284,0.118047728721,0.0186210614005,0.0904101533787,0.121036899103,0.0429264468075,0.190914882148,0.0123977066693,0.00563532121331,0.00563532121331,0.0524819914735,0.0141128044299,0.0130347429803,0.000343019552114,0.00862449159602
0.00273190115485,0.00322861045573,0.00347696510617,0.0245871103936,0.0103067179933,0.0283124301503,0.024214578418,0.00384949708183,0.00372531975661,0.00707810753756,0.0186265987831,0.0139078604247,0.0067055755619,0.0111759592698,0.000372531975661,0.00310443313051,0.0111759592698,0.0239662237675,0.0279398981746,0.0233453371414,0.00807152613933,0.0311685086303,0.00360114243139,0.00707810753756,0.0870483049795,0.0131627964734,0.0881659009065,0.133987333913,0.0317893952564,0.231342356886,0.0178815348317,0.00782317148889,0.00707810753756,0.0470632062585,0.0120452005464,0.0110517819446,0.0,0.00981000869241
0.00217717947932,0.00450768145718,0.00558093894698,0.0191959768176,0.0103646009015,0.0310018092055,0.0218331237926,0.00239183097728,0.00542761644844,0.00640888043912,0.017264113336,0.0115298518905,0.0116525098893,0.00867805341756,0.000674618993591,0.00205452148048,0.0143509858637,0.0244089417681,0.0347735426697,0.017049461838,0.0091686854129,0.0260341602527,0.00367973996504,0.0091686854129,0.0606850449235,0.0128790898776,0.118150317378,0.104412621508,0.0392505596271,0.265738554475,0.0197786023121,0.0105792523995,0.0104872589004,0.0333016466836,0.00972064640765,0.00714482843212,0.000521296495048,0.00797276992426
0.00365898280278,0.0032930845225,0.00475667764362,0.0168313208928,0.00804976216612,0.03951701427,0.0241492864984,0.00292718624222,0.0084156604464,0.00622027076473,0.0168313208928,0.0113428466886,0.0109769484083,0.00914745700695,0.000365898280278,0.00439077936334,0.0168313208928,0.0160995243322,0.0267105744603,0.0171972191731,0.0124405415295,0.0160995243322,0.00219538968167,0.0084156604464,0.0508598609587,0.0084156604464,0.0647639956092,0.0695206732528,0.0270764727406,0.251372118551,0.03951701427,0.0252469813392,0.028905964142,0.0658616904501,0.0201244054153,0.0303695572631,0.000731796560556,0.0303695572631
0.00497265042268,0.00646444554948,0.00447538538041,0.0188960716062,0.00845350571855,0.057682744903,0.0343112879165,0.00198906016907,0.0104425658876,0.00845350571855,0.00845350571855,0.0109398309299,0.0124316260567,0.00596718050721,0.0014917951268,0.0014917951268,0.0139234211835,0.0273495773247,0.0283441074092,0.0134261561412,0.0104425658876,0.0154152163103,0.00248632521134,0.00944803580308,0.0313276976629,0.0114370959722,0.0810542018896,0.0785678766783,0.0313276976629,0.270014917951,0.0298359025361,0.0193933366484,0.0208851317752,0.0482347091,0.0179015415216,0.0218796618598,0.00198906016907,0.0183988065639
0.00507958008805,0.00304774805283,0.00575685743312,0.0260751777853,0.0135455469015,0.046054859465,0.0358956992889,0.00135455469015,0.00880460548595,0.00474094141551,0.0172705722994,0.00711141212326,0.0118523535388,0.00846596681341,0.0,0.00135455469015,0.0149001015916,0.0301388418557,0.0325093125635,0.0240433457501,0.00609549610566,0.0152387402641,0.00304774805283,0.0104977988486,0.0558753809685,0.00982052150356,0.0880460548595,0.0853369454792,0.0287842871656,0.205215035557,0.0253979004402,0.0115137148662,0.0125296308838,0.0497798848629,0.0291229258381,0.0358956992889,0.0101591601761,0.0196410430071
0.00233754090697,0.00444132772324,0.00303880317906,0.0307386629266,0.0169471715755,0.0240766713417,0.0198690977092,0.00455820476858,0.0036231884058,0.00736325385694,0.0213884992987,0.0102851799906,0.00724637681159,0.00771388499299,0.00151940158953,0.00210378681627,0.0122720897616,0.0246610565685,0.0212716222534,0.028517999065,0.010752688172,0.015778401122,0.00245441795231,0.00642823749416,0.0846189808322,0.0146096306685,0.0638148667602,0.140719962599,0.0464001870033,0.18466573165,0.0205703599813,0.0126227208976,0.0114539504441,0.0599579242637,0.020453482936,0.0276998597475,0.000467508181393,0.0225572697522
0.00288080662586,0.00720201656464,0.00216060496939,0.0259272596327,0.0180050414116,0.0273676629456,0.0169247389269,0.00144040331293,0.000720201656464,0.0090025207058,0.0176449405834,0.00720201656464,0.00684191573641,0.0100828231905,0.00324090745409,0.000360100828232,0.00864241987757,0.0226863521786,0.0169247389269,0.024846957148,0.0090025207058,0.0169247389269,0.00216060496939,0.00396110911055,0.0795822830393,0.0158444364422,0.0514944184372,0.131076701476,0.049693914296,0.17104789341,0.0280878646021,0.0237666546633,0.0244868563198,0.0828231904933,0.0133237306446,0.0406913935902,0.000360100828232,0.0255671588045
0.00271002710027,0.00580720092915,0.00348432055749,0.0449090205188,0.0274874177313,0.024777390631,0.024777390631,0.00116144018583,0.00503290747193,0.0131629887727,0.0197444831591,0.0100658149439,0.00890437475803,0.00735578784359,0.00077429345722,0.00154858691444,0.0100658149439,0.0220673635308,0.0267131242741,0.0329074719319,0.00696864111498,0.0038714672861,0.00193573364305,0.00464576074332,0.0809136662795,0.00929152148664,0.0642663569493,0.11149825784,0.0391018195896,0.134727061556,0.0259388308169,0.0181958962447,0.0391018195896,0.0785907859079,0.0274874177313,0.0313588850174,0.00193573364305,0.0267131242741
0.00485436893204,0.0145631067961,0.0,0.0315533980583,0.0169902912621,0.0291262135922,0.0194174757282,0.00485436893204,0.00485436893204,0.0121359223301,0.0776699029126,0.0291262135922,0.00242718446602,0.0169902912621,0.00242718446602,0.00242718446602,0.0194174757282,0.00728155339806,0.00485436893204,0.0194174757282,0.00485436893204,0.0266990291262,0.00242718446602,0.00242718446602,0.0800970873786,0.00970873786408,0.0631067961165,0.116504854369,0.0266990291262,0.160194174757,0.0339805825243,0.00970873786408,0.0218446601942,0.0461165048544,0.0242718446602,0.0315533980583,0.00242718446602,0.0169902912621
0.00313315926893,0.00939947780679,0.00313315926893,0.0355091383812,0.00574412532637,0.0240208877285,0.020365535248,0.00261096605744,0.0104438642298,0.00574412532637,0.0391644908616,0.022454308094,0.00835509138381,0.0193211488251,0.000522193211488,0.00313315926893,0.020365535248,0.021409921671,0.0167101827676,0.023498694517,0.0130548302872,0.0161879895561,0.00522193211488,0.00522193211488,0.0595300261097,0.00939947780679,0.0548302872063,0.0966057441253,0.0417754569191,0.176501305483,0.0250652741514,0.0167101827676,0.0229765013055,0.0804177545692,0.0193211488251,0.0402088772846,0.00208877284595,0.0198433420366
