0.402569593148,0.197002141328,0.0620985010707,0.0963597430407,0.0256959314775,0.0535331905782,0.017130620985,0.0,0.00428265524625,0.0,0.0192719486081,0.0149892933619,0.00214132762313,0.0,0.0,0.0,0.00214132762313,0.00428265524625,0.00214132762313,0.0128479657388,0.0,0.00428265524625,0.00214132762313,0.00428265524625,0.0192719486081,0.0,0.00856531049251,0.0107066381156,0.00214132762313,0.0214132762313,0.0,0.0,0.00214132762313,0.00428265524625,0.0,0.0,0.0,0.00428265524625
0.0480769230769,0.26171875,0.143629807692,0.241586538462,0.0330528846154,0.0703125,0.0222355769231,0.00270432692308,0.00390625,0.00931490384615,0.0177283653846,0.00931490384615,0.00450721153846,0.00150240384615,0.000901442307692,0.00120192307692,0.00480769230769,0.00330528846154,0.00420673076923,0.0129206730769,0.00480769230769,0.00600961538462,0.00150240384615,0.00120192307692,0.0171274038462,0.00240384615385,0.0177283653846,0.0120192307692,0.00751201923077,0.0189302884615,0.00420673076923,0.000600961538462,0.000901442307692,0.00420673076923,0.0,0.00270432692308,0.0,0.00120192307692
0.0260663507109,0.170142180095,0.277251184834,0.106161137441,0.0113744075829,0.236018957346,0.0364928909953,0.00189573459716,0.00331753554502,0.00663507109005,0.00710900473934,0.00947867298578,0.00331753554502,0.0042654028436,0.000473933649289,0.00142180094787,0.00473933649289,0.00379146919431,0.00284360189573,0.0109004739336,0.00568720379147,0.00331753554502,0.00236966824645,0.00142180094787,0.0104265402844,0.00142180094787,0.0184834123223,0.00710900473934,0.00236966824645,0.0175355450237,0.00142180094787,0.000473933649289,0.000473933649289,0.00331753554502,0.000473933649289,0.0,0.0,0.0
0.0234214551016,0.0803146165611,0.0393270701333,0.334891850557,0.0935547301726,0.136989294298,0.0523050032773,0.00463185492681,0.00672929866725,0.0114048503386,0.030675114704,0.0188332969194,0.00664190517806,0.00607384749836,0.000393270701333,0.00441337120385,0.00926370985362,0.00681669215643,0.00852086519554,0.0138955647804,0.00607384749836,0.00812759449421,0.00161677954992,0.00358313305659,0.0191828708761,0.00340834607822,0.0199257155342,0.0137207778021,0.00502512562814,0.0217172820625,0.00104872187022,0.000436967445925,0.000830238147258,0.00358313305659,0.00069914791348,0.000830238147258,0.0,0.00109241861481
0.0104447439353,0.0297843665768,0.0121967654987,0.21320754717,0.0867924528302,0.0940026954178,0.0734501347709,0.00795148247978,0.0125336927224,0.0245956873315,0.0582210242588,0.038679245283,0.0160377358491,0.0130727762803,0.00181940700809,0.0103099730458,0.0179245283019,0.0152964959569,0.017115902965,0.0330188679245,0.0188679245283,0.0167789757412,0.00390835579515,0.00532345013477,0.0341644204852,0.00747978436658,0.0316037735849,0.0305929919137,0.0088948787062,0.0357142857143,0.00222371967655,0.00101078167116,0.00154986522911,0.0078167115903,0.00215633423181,0.00377358490566,0.0,0.0016846361186
0.00798872180451,0.0239270050125,0.0479714912281,0.12578320802,0.0265899122807,0.296522556391,0.153273809524,0.0109257518797,0.0205983709273,0.00450344611529,0.0129229323308,0.0134320175439,0.0254151002506,0.00524749373434,0.000900689223058,0.00207550125313,0.0196976817043,0.0132753759398,0.0178571428571,0.00657894736842,0.00736215538847,0.0143327067669,0.0015664160401,0.0047384085213,0.0175046992481,0.00383771929825,0.0394736842105,0.0164865288221,0.00646146616541,0.0390820802005,0.00125313283208,0.00093984962406,0.00266290726817,0.00571741854637,0.00113565162907,0.00101817042607,7.8320802005e-05,0.000861528822055
0.00608162897558,0.0127038471934,0.0193711145148,0.0804126497883,0.0371655104063,0.243175060816,0.152491215425,0.0164429227858,0.0242364176953,0.00468510676638,0.0199117037571,0.0194161636183,0.0382917379944,0.00720785656365,0.00121632579512,0.00454995945581,0.0343724659879,0.0209027840346,0.0278853950806,0.00819893684116,0.00995585187855,0.0221641589332,0.00279304441842,0.00612667807911,0.0223443553473,0.00504549959456,0.0539237769168,0.0213082259663,0.00896477160105,0.049283719254,0.00292819172898,0.00211730786557,0.00292819172898,0.00680241463195,0.00148662041625,0.00202720965853,0.00031534372466,0.000765834759888
0.00737196068288,0.00957061562338,0.0142265907915,0.06867563373,0.0519917227108,0.133083290222,0.103078116917,0.00892395240559,0.0159079151578,0.00737196068288,0.0333678220383,0.028453181583,0.0214692188308,0.0195292291774,0.00219865494051,0.0135799275737,0.0433264355923,0.0279358510088,0.0474650801862,0.0156492498707,0.0161665804449,0.0306518365235,0.00685463010864,0.0139679255044,0.0391877909984,0.00711329539576,0.0702276254527,0.039317123642,0.0130625969995,0.0535437144335,0.00594930160372,0.00439730988101,0.00504397309881,0.0111226073461,0.00271598551474,0.00297465080186,0.000258665287118,0.00426797723745
0.00867052023121,0.0118015414258,0.0171001926782,0.0556358381503,0.0382947976879,0.201589595376,0.169556840077,0.00842967244701,0.0190269749518,0.00578034682081,0.0243256262042,0.0243256262042,0.0286608863198,0.0125240847784,0.000722543352601,0.00770712909441,0.0447976878613,0.0368497109827,0.0443159922929,0.0113198458574,0.00818882466281,0.0183044315992,0.00385356454721,0.00818882466281,0.0190269749518,0.00602119460501,0.0546724470135,0.02408477842,0.00939306358382,0.0573217726397,0.0014450867052,0.0021676300578,0.00337186897881,0.00626204238921,0.0016859344894,0.00361271676301,0.0002408477842,0.000722543352601
0.014913859604,0.0213422473644,0.0115710979686,0.125996400103,0.102082797634,0.0365132424788,0.029827719208,0.00694265878118,0.00694265878118,0.0455129853433,0.0650552841347,0.0347132939059,0.0123425044999,0.0138853175624,0.00205708408331,0.011828233479,0.0123425044999,0.0154281306248,0.0156852661353,0.0619696580098,0.0290563126768,0.0275134996143,0.00437130367704,0.0102854204166,0.0827976343533,0.00874260735408,0.0437130367704,0.0547698637182,0.0092568783749,0.0527127796349,0.00385703265621,0.0017999485729,0.0017999485729,0.0136281820519,0.00102854204166,0.0035998971458,0.0,0.00411416816662
0.0100693518272,0.0166044278474,0.0104027740731,0.0968925046679,0.0680848226194,0.0610162710056,0.041477727394,0.0102027207255,0.0114030408109,0.0289410509469,0.0533475593492,0.0374766604428,0.0211389703921,0.0136703120832,0.00286743131502,0.0138036809816,0.0282742064551,0.0270738863697,0.0209389170445,0.0594825286743,0.0174713256868,0.0480794878634,0.00600160042678,0.0142704721259,0.0704854627901,0.0126700453454,0.0494131768472,0.0510136036276,0.0130034675914,0.0508135502801,0.00386769805281,0.00260069351827,0.00340090690851,0.0120032008536,0.00273406241664,0.00426780474793,6.66844491864e-05,0.00466791144305
0.00558332792313,0.00908913847952,0.0089592936441,0.0951113419464,0.0618061416607,0.0831006946699,0.0693371421152,0.0111666558463,0.016620138934,0.0173992079465,0.0485619684477,0.0233720703759,0.0257741998312,0.0209699409206,0.00214243978446,0.0183730442122,0.0266831136792,0.0253197429072,0.0312926053366,0.0259040446666,0.0229825358696,0.0499253392196,0.00934882815036,0.0153866129975,0.0488216581185,0.0103875868337,0.061741219243,0.0511588651561,0.0140881646433,0.0507693306499,0.00402518989807,0.00279166396157,0.00363565539181,0.015711225086,0.00532363825229,0.00428487956892,0.0,0.00305135363241
0.00369198312236,0.0079867389994,0.0125075346594,0.0610307414105,0.0336045810729,0.148131404461,0.117088607595,0.00542495479204,0.0140144665461,0.00896624472574,0.0304400241109,0.0230560578662,0.0170283303195,0.00987040385775,0.000979505726341,0.00602772754671,0.0246383363472,0.0316455696203,0.0584689572031,0.0127335744424,0.0113773357444,0.0270494273659,0.0046714888487,0.0102471368294,0.0427968655817,0.00617842073538,0.0969710669078,0.0360156720916,0.0153707052441,0.0831072935503,0.00459614225437,0.00512356841471,0.00745931283906,0.00971971066908,0.00354128993369,0.00459614225437,0.000301386377336,0.00354128993369
0.00415874524715,0.00914923954373,0.00867395437262,0.0753326996198,0.0501425855513,0.0823431558935,0.0585788973384,0.00855513307985,0.0146150190114,0.0192490494297,0.0446768060837,0.0361216730038,0.0231701520913,0.0160408745247,0.00403992395437,0.0133079847909,0.0324382129278,0.0257842205323,0.0368346007605,0.0357652091255,0.0207937262357,0.0619058935361,0.00843631178707,0.019605513308,0.0510931558935,0.00962452471483,0.0684410646388,0.0475285171103,0.0181796577947,0.0554895437262,0.0043963878327,0.00166349809886,0.00570342205323,0.0144961977186,0.00427756653992,0.00617870722433,0.0,0.00320817490494
0.00550584996559,0.00412938747419,0.00825877494838,0.0598761183758,0.0330350997935,0.0564349621473,0.0626290433586,0.00894700619408,0.0144528561597,0.0172057811425,0.057123193393,0.0350997935306,0.0233998623538,0.0268410185822,0.00825877494838,0.0185822436339,0.029593943565,0.029593943565,0.0412938747419,0.0426703372333,0.0419821059876,0.0557467309016,0.0116999311769,0.0233998623538,0.0412938747419,0.0123881624226,0.0715760495526,0.0378527185134,0.0185822436339,0.0619408121129,0.00344115622849,0.0020646937371,0.00825877494838,0.0130763936683,0.0,0.0110116999312,0.0,0.00275292498279
0.00261399941911,0.00726110949753,0.00871333139704,0.05896020912,0.0409526575661,0.135927969794,0.0888759802498,0.0136508858554,0.0200406622132,0.0133604414755,0.0438571013651,0.0299157711298,0.0258495498112,0.0165553296544,0.00203311065931,0.00871333139704,0.0229451060122,0.0194597734534,0.0424048794656,0.0188788846936,0.0243973279117,0.0514086552425,0.00638977635783,0.0220737728725,0.0365959918676,0.00958466453674,0.0752250943944,0.0429857682254,0.0145222189951,0.0546035434214,0.00493755445832,0.00319488817891,0.00929422015684,0.0113273308161,0.00290444379901,0.00638977635783,0.0,0.00319488817891
0.00455860436574,0.00657491014289,0.00885421232576,0.0465503638117,0.027439291663,0.114929429298,0.0875778031034,0.00710090295433,0.0228806872973,0.00692557201718,0.0390987989831,0.0263873060402,0.0246339966687,0.0185850793372,0.00341895327431,0.00306829140002,0.0207767160515,0.0248093276059,0.0643464539318,0.0195493994915,0.0228806872973,0.0429560796002,0.00639957920575,0.0187604102744,0.0391864644517,0.0099938634172,0.112211799772,0.0372578241431,0.0163057771544,0.0805645656176,0.00403261155431,0.00376961514859,0.00482160077146,0.0126238274744,0.00341895327431,0.00385728061716,0.0,0.00289296046287
0.00281947093457,0.00630234679492,0.00995107388672,0.0445310556431,0.025706940874,0.0976034497056,0.0763744920806,0.0072974541836,0.0185753379219,0.0101169251182,0.0388091881582,0.0268678994942,0.0330873206734,0.0126046935898,0.00140973546729,0.00315117339746,0.0218923625508,0.0181607098433,0.0423749896343,0.0259557177212,0.0245459822539,0.0504187743594,0.0054730906377,0.0150924620615,0.0495895182022,0.0106974044282,0.121817729497,0.0443652044116,0.0169168256074,0.0983497802471,0.00489261132764,0.00539016502198,0.00630234679492,0.010780330044,0.00240484285596,0.00539016502198,0.000248776847168,0.00373165270752
0.00451687184483,0.00549109910548,0.00717385528297,0.0327694624037,0.0179789212647,0.0716499867151,0.0642989992029,0.0058453635639,0.0212558675051,0.00717385528297,0.0233814542556,0.0150562394828,0.0357807103002,0.00991940483571,0.00221415286511,0.00416260738641,0.039854751572,0.0460543795944,0.0371092020193,0.0218758303073,0.0207244708175,0.043220263927,0.00664245859534,0.0154105039412,0.0457886812506,0.0100965370649,0.141440085023,0.047471437428,0.0232043220264,0.134531928084,0.00628819413692,0.00371977681339,0.00566823133469,0.011425028784,0.00301124789655,0.00442830573023,0.000619962802232,0.00274554955274
0.00850149476831,0.0132660687593,0.00990284005979,0.0563340807175,0.0451233183857,0.0533445440957,0.0352204783259,0.00326980568012,0.00990284005979,0.0321375186846,0.0885650224215,0.030269058296,0.0139200298954,0.0165358744395,0.00289611360239,0.0046711509716,0.0232623318386,0.0423206278027,0.0353139013453,0.0617526158445,0.0220478325859,0.0226083707025,0.00579222720478,0.0130792227205,0.0931427503737,0.0126121076233,0.0681988041854,0.0576420029895,0.0133594917788,0.067264573991,0.00420403587444,0.00355007473842,0.00336322869955,0.0133594917788,0.00345665171898,0.00588565022422,0.000186846038864,0.00373692077728
0.00590751680587,0.0138521083724,0.0130372784681,0.0572418007741,0.0440008148299,0.0609085353432,0.0356488083113,0.00774088409045,0.0101853738032,0.0382970055001,0.0621307801996,0.0401303727847,0.0211855775107,0.0197596251782,0.00162965980851,0.00835200651864,0.0266856793644,0.0368710531677,0.038093298024,0.0582603381544,0.0146669382766,0.0566306783459,0.00733346913832,0.0191485027501,0.0700753717661,0.0177225504176,0.0657975147688,0.0397229578326,0.0136484008963,0.063353025056,0.00529639437767,0.00203707476064,0.00162965980851,0.0118150336117,0.00203707476064,0.00488897942554,0.000203707476064,0.00407414952129
0.00344401271635,0.00997880607559,0.00600494524903,0.0373542917697,0.02975980219,0.0696750264924,0.0468915577534,0.00626986930413,0.0114800423878,0.0198693041328,0.0556340515719,0.037177675733,0.0225185446839,0.0208406923349,0.00370893677146,0.00512186506535,0.0349699752738,0.045831861533,0.0590780642882,0.0375309078064,0.0232250088308,0.0196926880961,0.00450370893677,0.00759448957965,0.0704697986577,0.0106852702225,0.108618862593,0.0481278700106,0.017043447545,0.0886612504415,0.00432709290004,0.00273754856941,0.00317908866125,0.0152772871777,0.00300247262451,0.00503355704698,0.000176616036736,0.00450370893677
0.00294985250737,0.00688298918387,0.00983284169125,0.0363815142576,0.0294985250737,0.0752212389381,0.0540806293019,0.00983284169125,0.0142576204523,0.0167158308751,0.0339233038348,0.0408062930187,0.0260570304818,0.0172074729597,0.00294985250737,0.00540806293019,0.0349065880039,0.0329400196657,0.0378564405113,0.0255653883972,0.0172074729597,0.0339233038348,0.00884955752212,0.0191740412979,0.0703048180924,0.0122910521141,0.117010816126,0.0560471976401,0.0245821042281,0.0766961651917,0.00737463126844,0.00884955752212,0.00196656833825,0.0147492625369,0.00688298918387,0.00737463126844,0.0,0.00344149459194
0.00442282176028,0.00707651481645,0.00707651481645,0.031844316674,0.0243255196816,0.0579389650597,0.0482087571871,0.00420168067227,0.0123839009288,0.0139318885449,0.0579389650597,0.0333923042901,0.0183547103052,0.0252100840336,0.00442282176028,0.00818222025652,0.0336134453782,0.0499778858912,0.0422379478107,0.0353825740823,0.0298540468819,0.0192392746572,0.00508624502433,0.0112781954887,0.0709862892525,0.0114993365767,0.126492702344,0.0482087571871,0.0212295444494,0.0895621406457,0.00641309155241,0.00663423264042,0.00641309155241,0.0143741707209,0.00221141088014,0.00486510393631,0.000221141088014,0.00530738611234
0.00548722800378,0.00840113528855,0.00567644276254,0.0392809839167,0.0229328287606,0.032582781457,0.0225543992431,0.00280037842952,0.00533585619678,0.0230463576159,0.0412866603595,0.0146073793756,0.0082119205298,0.00889309366131,0.000681173131504,0.00215704824976,0.0125260170293,0.0251655629139,0.0269820245979,0.0635383159886,0.0210028382214,0.0281929990539,0.00522232734153,0.00976348155156,0.120227057711,0.0200946073794,0.103122043519,0.113263954588,0.0300851466414,0.114891201514,0.00631977294229,0.00427625354778,0.00378429517502,0.0267928098392,0.00715231788079,0.00771996215705,0.000113528855251,0.00582781456954
0.00702196615052,0.00720201656464,0.00630176449406,0.0394310406914,0.0304285199856,0.0448325531149,0.0343896290961,0.00468131076701,0.00612171407994,0.0261073100468,0.0424918977314,0.0228664025927,0.0144040331293,0.0167446885128,0.00198055455528,0.00270075621174,0.0216060496939,0.0385307886208,0.0338494778538,0.0363701836514,0.020165646381,0.0324090745409,0.0034209578682,0.00864241987757,0.0918257111991,0.014043932301,0.107310046813,0.101368383147,0.0261073100468,0.111631256752,0.00666186532229,0.00198055455528,0.00270075621174,0.0214259992798,0.00504141159525,0.00414115952467,0.0,0.00306085703997
0.00240273542186,0.00545236114962,0.00557557835074,0.0283091519576,0.0138003265256,0.0519668545729,0.0407540892709,0.00311123432831,0.00933370298494,0.00844037827681,0.0192218833749,0.0135846964236,0.0174352339587,0.00899485568185,0.00092412900841,0.00332686443027,0.0219634660999,0.0421094784832,0.0517512244709,0.0221790962018,0.0143856082309,0.0398299602625,0.0056371869513,0.0124757416135,0.0756553614885,0.0130918276191,0.119674706589,0.0788590087176,0.030434648677,0.188645534917,0.0075162492684,0.00492868804485,0.00434340633952,0.0189138403721,0.00505190524597,0.00508270954625,0.000184825801682,0.00465144934233
0.00342891219003,0.00501913233613,0.00412463350395,0.0316056254038,0.0156040351836,0.0295681558416,0.0227600258411,0.00253441335785,0.00422402226308,0.0121751229936,0.0236048302937,0.0161009789793,0.00829896138747,0.00869651642399,0.00104358197088,0.00253441335785,0.0115787904388,0.0226109427024,0.0262386324107,0.0385131441634,0.0107836803658,0.0203250012424,0.00452218854048,0.0085474332853,0.111812354023,0.0181384485415,0.091189186503,0.115489738111,0.038214977886,0.178949460816,0.0134671768623,0.00556577051136,0.0081001838692,0.0476072156239,0.0130696218258,0.012473289271,0.000397555036525,0.0110818466431
0.00318390219052,0.00445746306673,0.00560366785532,0.0286551197147,0.00980641874682,0.0312022414671,0.0234335201223,0.00292919001528,0.00611309220581,0.0103158430973,0.0187213448803,0.014773306164,0.00891492613347,0.00802343352012,0.0,0.00318390219052,0.00980641874682,0.0227967396842,0.0281456953642,0.0216505348956,0.0105705552725,0.0271268466633,0.00394803871625,0.00560366785532,0.0829088130413,0.0163015792155,0.0953897096281,0.130030565461,0.0374426897606,0.218797758533,0.0183392766174,0.00649516046867,0.00929699439633,0.0424095771778,0.0100611309221,0.0109526235354,0.000382068262863,0.0122261844116
0.00188463558563,0.00481972379275,0.0046961411314,0.0214106960793,0.0112151265177,0.0313282046529,0.0255507152347,0.00197732258164,0.00466524546606,0.00778570766521,0.0161584329719,0.0119875181512,0.010875274199,0.00855809929867,0.000926869960145,0.00240986189638,0.0153242500077,0.0251799672506,0.0324713442704,0.0172397812587,0.00895974294806,0.0252726542466,0.00454166280471,0.00945407359347,0.0613278956962,0.0118021441592,0.115364414373,0.10371674854,0.0388976426607,0.259091049526,0.0201130781351,0.012512744462,0.0111842308524,0.0333982142305,0.0100719869002,0.00794018599191,0.000648808972101,0.00923780393611
0.00225309800976,0.00638377769433,0.00563274502441,0.0240330454375,0.0146451370635,0.0390536988359,0.0368006008261,0.000751032669921,0.00638377769433,0.00938790837401,0.0157716860683,0.0123920390537,0.00788584303417,0.00901239203905,0.0018775816748,0.00225309800976,0.0150206533984,0.0202778820879,0.0232820127676,0.0161472024033,0.00863687570409,0.0172737514082,0.0018775816748,0.00788584303417,0.0506947052197,0.0101389410439,0.0627112279384,0.0769808486669,0.0364250844912,0.243334585054,0.0458129928652,0.0229064964326,0.028914757792,0.0424333458505,0.0206533984228,0.0292902741269,0.00112654900488,0.0236575291025
0.00406710726995,0.00813421453991,0.00355871886121,0.0208439247585,0.0152516522623,0.0518556176919,0.0381291306558,0.0045754956787,0.00508388408744,0.0137264870361,0.0167768174886,0.0132180986274,0.00660904931368,0.0101677681749,0.00254194204372,0.000508388408744,0.0162684290798,0.0366039654296,0.0315200813421,0.0132180986274,0.0132180986274,0.0147432638536,0.00305033045247,0.0101677681749,0.0432130147433,0.00864260294865,0.0833756990341,0.0782918149466,0.0193187595323,0.259786476868,0.0299949161159,0.00965937976614,0.0147432638536,0.0421962379258,0.0152516522623,0.0183019827148,0.00254194204372,0.0208439247585
0.0107564191534,0.00277585010409,0.00346981263012,0.0263705759889,0.0159611380985,0.0492713393477,0.0322692574601,0.00242886884108,0.00798056904927,0.00763358778626,0.0176960444136,0.0117973629424,0.00971547536433,0.00485773768217,0.000693962526024,0.00138792505205,0.0183900069396,0.0371269951423,0.0333102012491,0.0267175572519,0.0058986814712,0.0124913254684,0.00173490631506,0.00728660652325,0.059680777238,0.00867453157529,0.0811936155448,0.0763358778626,0.0326162387231,0.217210270645,0.0274115197779,0.00902151283831,0.0145732130465,0.0412907702984,0.0222068008328,0.0399028452464,0.00451075641915,0.0173490631506
0.00290191526407,0.00475914103308,0.00441091120139,0.0306442251886,0.0192687173535,0.0297156123041,0.0198491004063,0.00348229831689,0.0053395240859,0.00905397562391,0.017527568195,0.0148578061521,0.00661636680209,0.00882182240279,0.000928612884504,0.00185722576901,0.0121880441091,0.025769007545,0.0210098665119,0.0261172373767,0.0102147417295,0.0123041207197,0.00290191526407,0.00777713290772,0.0760301799187,0.0136970400464,0.0652350551364,0.137666860128,0.0398142774231,0.172721996518,0.0250725478816,0.0136970400464,0.0132327336042,0.0591990713871,0.0215902495647,0.0351712130006,0.000928612884504,0.027626233314
0.00392716886826,0.0071403070332,0.00392716886826,0.0296322741878,0.0160656908247,0.0299892895395,0.0164227061764,0.00071403070332,0.00642627632988,0.0135665833631,0.016779721528,0.00963941449482,0.00606926097822,0.00571224562656,0.0,0.0017850767583,0.0089253837915,0.0139235987147,0.018921813638,0.0242770439129,0.0071403070332,0.0135665833631,0.00392716886826,0.00571224562656,0.0742591931453,0.0132095680114,0.0564084255623,0.120671188861,0.0456979650125,0.183148875402,0.0296322741878,0.0135665833631,0.0203498750446,0.0785433773652,0.017850767583,0.0521242413424,0.0,0.0303463048911
0.0025041736227,0.00709515859766,0.00542570951586,0.0404841402337,0.0221202003339,0.0333889816361,0.029632721202,0.0,0.00709515859766,0.0158597662771,0.0196160267112,0.0112687813022,0.00459098497496,0.00417362270451,0.000834724540902,0.0,0.0108514190317,0.0221202003339,0.0233722871452,0.037979966611,0.00876460767947,0.00417362270451,0.00292153589316,0.00834724540902,0.0726210350584,0.0104340567613,0.0659432387312,0.104757929883,0.0329716193656,0.131886477462,0.0217028380634,0.0258764607679,0.0371452420701,0.0918196994992,0.0279632721202,0.0271285475793,0.0025041736227,0.0246243739566
0.0,0.00279329608939,0.00558659217877,0.0195530726257,0.00558659217877,0.0614525139665,0.00558659217877,0.0,0.0,0.00558659217877,0.0474860335196,0.0139664804469,0.00837988826816,0.0391061452514,0.00558659217877,0.00837988826816,0.0279329608939,0.0279329608939,0.0474860335196,0.0251396648045,0.0111731843575,0.0251396648045,0.0,0.00558659217877,0.0446927374302,0.0111731843575,0.0558659217877,0.0837988826816,0.0614525139665,0.156424581006,0.0167597765363,0.00558659217877,0.0223463687151,0.0782122905028,0.0111731843575,0.0167597765363,0.0111731843575,0.0251396648045
0.00168161434978,0.0134529147982,0.012331838565,0.0207399103139,0.0140134529148,0.0297085201794,0.0201793721973,0.00168161434978,0.00392376681614,0.0112107623318,0.0369955156951,0.02466367713,0.0134529147982,0.0156950672646,0.00112107623318,0.00280269058296,0.0196188340807,0.0263452914798,0.0190582959641,0.0319506726457,0.0179372197309,0.0190582959641,0.00336322869955,0.0072869955157,0.0650224215247,0.00336322869955,0.0543721973094,0.0997757847534,0.0459641255605,0.144618834081,0.0218609865471,0.0128923766816,0.0179372197309,0.0801569506726,0.0269058295964,0.0341928251121,0.00616591928251,0.0184977578475
