0.389496717724,0.225382932166,0.074398249453,0.111597374179,0.0153172866521,0.0415754923414,0.0131291028446,0.00437636761488,0.0,0.00437636761488,0.019693654267,0.00437636761488,0.00218818380744,0.0,0.0,0.00218818380744,0.00437636761488,0.0,0.0,0.0109409190372,0.00875273522976,0.0,0.0,0.0,0.0175054704595,0.0,0.00218818380744,0.0153172866521,0.00437636761488,0.0284463894967,0.0,0.0,0.0,0.0,0.0,0.0,0.0,0.0
0.0453190220632,0.252832438879,0.146690518784,0.248360166965,0.0381633870006,0.0813953488372,0.0199761478831,0.00238521168754,0.00387596899225,0.00655933214073,0.0169946332737,0.010137149672,0.00626118067979,0.00506857483602,0.000596302921884,0.000596302921884,0.00387596899225,0.00298151460942,0.00417412045319,0.0116279069767,0.00536672629696,0.00506857483602,0.00238521168754,0.00238521168754,0.0181872391175,0.00178890876565,0.0137149672033,0.0146094215862,0.00417412045319,0.0158020274299,0.00119260584377,0.0,0.00119260584377,0.00387596899225,0.000596302921884,0.00149075730471,0.0,0.000298151460942
0.0299953853253,0.166128287956,0.286571296724,0.0867558837102,0.0138440239963,0.239963082603,0.0281495154592,0.00599907706507,0.00184586986617,0.00369173973235,0.00830641439778,0.00599907706507,0.00922934933087,0.00461467466544,0.000461467466544,0.00230733733272,0.00646054453161,0.00323027226581,0.0106137517305,0.00553760959852,0.00184586986617,0.00507614213198,0.00138440239963,0.00276880479926,0.00784494693124,0.00184586986617,0.0207660359945,0.011075219197,0.00276880479926,0.0179972311952,0.000461467466544,0.0,0.0,0.00415320719889,0.000461467466544,0.0,0.0,0.00184586986617
0.0247240215309,0.0850287382538,0.0415564273333,0.320363105556,0.0917799470851,0.140999908767,0.0539640543746,0.0046528601405,0.00748106924551,0.0121795456619,0.0291944165678,0.0193869172521,0.00743545296962,0.00447039503695,0.000775476690083,0.00396861600219,0.00875832497035,0.0067968251072,0.00875832497035,0.0135936502144,0.00593011586534,0.00738983669373,0.00232643007025,0.00291944165678,0.0208922543564,0.00337560441566,0.0199799288386,0.0165587081471,0.00456162758872,0.0216221147706,0.00127725572484,0.000273697655323,0.000364930207098,0.0035580695192,0.00123163944896,0.00104917434541,0.0,0.00082109296597
0.010042749542,0.0265997150031,0.0152676935604,0.221144059171,0.0789848680193,0.0982560901133,0.0763384678021,0.00990703671032,0.0124855805116,0.0251068738549,0.05557440456,0.0375245979507,0.0170998167877,0.0122141548483,0.00156069756395,0.0113320214426,0.0197462170048,0.0160141141345,0.0154034063921,0.0273461355771,0.0139784216598,0.016217683382,0.00379995928615,0.00617493383999,0.0382710185248,0.00569993892923,0.0372531722874,0.0277532740721,0.00882133405714,0.0363710388817,0.0016964103956,0.00128927190066,0.00128927190066,0.00834633914637,0.00128927190066,0.00244283096967,0.0,0.00135712831648
0.010354135611,0.0247774062286,0.0493936585955,0.124813665847,0.0269932718263,0.29410579751,0.149188187422,0.0097900970952,0.0198219249829,0.00382740421417,0.0168405785424,0.0141815398251,0.0222392329076,0.00507634664196,0.000443173119536,0.00201442327062,0.0207485596874,0.0137383667056,0.018855001813,0.00632528906974,0.00572096208855,0.0126102896741,0.00253817332098,0.00560009669232,0.0174449055235,0.00318278876758,0.0403690423432,0.0171225978002,0.00761451996293,0.0412553885822,0.00189355787438,0.00141009628943,0.00124894242778,0.00479432738407,0.00104750010072,0.00193384633979,4.02884654124e-05,0.000644615446598
0.00438199571327,0.013717551798,0.018528221005,0.0797332698261,0.0375803762801,0.244629673732,0.143986663491,0.0138604429626,0.0282448201953,0.0038580614432,0.0184329602286,0.0220528697309,0.0400571564658,0.00690640628721,0.00147654203382,0.00557275541796,0.0347225529888,0.0214336746844,0.0282448201953,0.00909740414384,0.00800190521553,0.0213860442963,0.00290545367945,0.00623958085258,0.0219099785663,0.00442962610145,0.0538699690402,0.0240533460348,0.0108597285068,0.0514408192427,0.00314360562039,0.00219099785663,0.00238151940938,0.0061919504644,0.00200047630388,0.00161943319838,9.52607763753e-05,0.000762086211003
0.00769340361875,0.0132497506767,0.0099729306169,0.0762216840006,0.0498646530845,0.139336087762,0.0963100156717,0.0106852828038,0.0175238637983,0.00869069668044,0.0368998432825,0.0249323265422,0.0245049152301,0.0155292776749,0.00128223393646,0.0158142185497,0.0435959538396,0.0262145604787,0.0482974782733,0.0162416298618,0.0125373984898,0.0269269126656,0.00655364011968,0.0099729306169,0.0388944294059,0.00527140618322,0.0762216840006,0.0333380823479,0.0131072802394,0.0586978202023,0.00569881749537,0.00242199743553,0.00712352186921,0.0112551645534,0.0027069383103,0.00313434962245,0.0,0.00327682005984
0.00873259381638,0.01038470616,0.0179372197309,0.0512154826528,0.0379985839037,0.205569978759,0.16355912202,0.0108567382582,0.0162851073873,0.01038470616,0.0264337974982,0.0318621666273,0.0224215246637,0.0129808827,0.00212414444182,0.00519235308001,0.041302808591,0.0344583431673,0.0382345999528,0.0108567382582,0.00896860986547,0.0212414444182,0.00165211234364,0.00778852962001,0.0264337974982,0.00637243332547,0.0630162851074,0.0238376209582,0.00920462591456,0.0592400283219,0.00141609629455,0.00165211234364,0.00188812839273,0.00401227283455,0.00212414444182,0.00141609629455,0.000236016049091,0.000708048147274
0.0146904512067,0.0228226652676,0.0146904512067,0.125131164743,0.0821091290661,0.0519412381952,0.0314795383001,0.00419727177335,0.00865687303253,0.0414480587618,0.0731899265477,0.0377754459601,0.0115424973767,0.0186253934942,0.00183630640084,0.00891920251836,0.0139034627492,0.0136411332634,0.014165792235,0.0477439664218,0.0325288562434,0.0285939139559,0.00550891920252,0.00970619097587,0.0839454354669,0.00629590766002,0.0377754459601,0.0511542497377,0.0104931794334,0.0564008394544,0.00367261280168,0.00236096537251,0.00209863588667,0.0178384050367,0.00550891920252,0.00367261280168,0.0,0.00393494228751
0.0112824621136,0.0166232725816,0.00988049936578,0.0992055544429,0.0660257694105,0.0565458308298,0.040456639295,0.00854529674878,0.0130182255157,0.0297082582282,0.052006141932,0.0331797850324,0.0185593163763,0.015555110488,0.00340476667334,0.0180252353295,0.0263702516857,0.0267708124708,0.0260364510314,0.0503371386608,0.0181587555912,0.050670939315,0.00774417517858,0.0171573536284,0.0749048668135,0.014219907871,0.0496027772214,0.0538754255958,0.0119500634221,0.048000534081,0.00313772614994,0.00280392549569,0.00267040523399,0.0121503438147,0.00300420588824,0.00420588824354,0.0,0.00420588824354
0.00643762727452,0.0129409446233,0.00899954016948,0.0895355711752,0.064901793339,0.0851343362018,0.0649674834133,0.00742297838797,0.017145109374,0.0168166590028,0.0495303159693,0.0214806542731,0.0227287656835,0.0200354726401,0.00183932207843,0.0202325428628,0.0257505090981,0.0298889837746,0.0319910661499,0.0288379425869,0.0222032450897,0.0470997832228,0.00867108979833,0.0163568284832,0.0498587663404,0.0116271431387,0.0613545293306,0.0484135847074,0.0153057872955,0.0509098075281,0.00472968534454,0.0030874334888,0.00426985482494,0.0152400972213,0.00453261512186,0.0055179662353,0.0,0.00420416475071
0.00330882352941,0.00669117647059,0.0123529411765,0.0603676470588,0.0355147058824,0.139779411765,0.111617647059,0.00507352941176,0.0132352941176,0.00941176470588,0.0294117647059,0.02375,0.0175735294118,0.0113970588235,0.00125,0.00455882352941,0.0258823529412,0.0325735294118,0.0595588235294,0.0124264705882,0.0152205882353,0.0268382352941,0.00492647058824,0.01375,0.0379411764706,0.00985294117647,0.101691176471,0.0383088235294,0.0190441176471,0.0727941176471,0.00588235294118,0.00330882352941,0.00816176470588,0.0117647058824,0.00536764705882,0.00470588235294,7.35294117647e-05,0.00463235294118
0.00323741007194,0.0118705035971,0.00983213429257,0.0778177458034,0.0541966426859,0.0796163069544,0.0565947242206,0.00887290167866,0.0123501199041,0.0213429256595,0.0395683453237,0.0323741007194,0.0272182254197,0.0153477218225,0.00191846522782,0.0118705035971,0.0401678657074,0.0243405275779,0.0333333333333,0.0388489208633,0.0215827338129,0.0509592326139,0.0101918465228,0.0185851318945,0.0459232613909,0.0165467625899,0.0763788968825,0.044964028777,0.0142685851319,0.0587529976019,0.00383693045564,0.0031175059952,0.00419664268585,0.015587529976,0.00323741007194,0.00695443645084,0.000119904076739,0.00407673860911
0.00561797752809,0.0063202247191,0.0063202247191,0.0498595505618,0.0323033707865,0.0765449438202,0.0625,0.00772471910112,0.0119382022472,0.0189606741573,0.060393258427,0.0245786516854,0.0196629213483,0.0182584269663,0.00912921348315,0.0210674157303,0.0259831460674,0.0294943820225,0.0533707865169,0.0421348314607,0.0224719101124,0.0667134831461,0.0126404494382,0.0224719101124,0.0491573033708,0.00842696629213,0.0863764044944,0.0344101123596,0.0161516853933,0.065308988764,0.00210674157303,0.00351123595506,0.00210674157303,0.0140449438202,0.00421348314607,0.00421348314607,0.0,0.00351123595506
0.00416914830256,0.0116140559857,0.0080405002978,0.0655151876117,0.0294818344253,0.138475282906,0.0890410958904,0.0110184633711,0.027397260274,0.0131030375223,0.040202501489,0.0312686122692,0.026503871352,0.0160810005956,0.00208457415128,0.013698630137,0.0241215008934,0.0154854079809,0.0422870756403,0.0226325193568,0.0178677784395,0.0360333531864,0.00625372245384,0.0142942227516,0.040202501489,0.0092316855271,0.0875521143538,0.0443716497915,0.0157832042883,0.0571768910066,0.00684931506849,0.00387135199524,0.00387135199524,0.0154854079809,0.00208457415128,0.00476474091721,0.0,0.00208457415128
0.00374468085106,0.00748936170213,0.0112340425532,0.0453617021277,0.0293617021277,0.116170212766,0.0981276595745,0.0096170212766,0.0233191489362,0.00774468085106,0.0345531914894,0.0268936170213,0.0272340425532,0.015914893617,0.00195744680851,0.00365957446809,0.0187234042553,0.0245106382979,0.0579574468085,0.0172765957447,0.0185531914894,0.0392340425532,0.0063829787234,0.0172765957447,0.0375319148936,0.00970212765957,0.113361702128,0.0366808510638,0.0166808510638,0.0867234042553,0.00459574468085,0.00417021276596,0.00434042553191,0.0114893617021,0.00357446808511,0.00476595744681,0.000425531914894,0.00365957446809
0.00544281160096,0.00707565508125,0.010730114299,0.0471969520255,0.0287691470337,0.0954824663712,0.0699790062981,0.00754218178991,0.0230153176269,0.0109633776534,0.0386439623668,0.0270585491019,0.0303242360625,0.0125184666822,0.00186610683462,0.00311017805769,0.0224710364668,0.0177280149289,0.0489853044087,0.0264365134904,0.0230153176269,0.0440090195164,0.00396547702356,0.0171059793173,0.0517844646606,0.0101080786875,0.119275328513,0.0436980017106,0.0183500505404,0.0966487831428,0.00482077598943,0.00520954824664,0.004043231475,0.0112743954591,0.0025658968976,0.00427649482933,0.000233263354327,0.00427649482933
0.00453802868034,0.00390270466509,0.00735160646215,0.029315665275,0.0162461426756,0.0765111635506,0.061626429479,0.00580867671084,0.015701579234,0.00626247957887,0.021237974224,0.0168814666909,0.0352151025594,0.0102559448176,0.00145216917771,0.0027228172082,0.0370303140316,0.0431112724632,0.0414775821383,0.0214194953712,0.0215102559448,0.0428389907424,0.00580867671084,0.0155200580868,0.0522780903975,0.0117081139953,0.13614086041,0.0532764567072,0.0225993828281,0.145035396624,0.00444726810673,0.00426574695952,0.00490107097477,0.0134325648938,0.00281357778181,0.00299509892903,0.0,0.00235977491378
0.00965929048121,0.015191429575,0.00825430277485,0.0591851071303,0.042588689849,0.0605900948367,0.0385493501932,0.00544432736214,0.00904460835968,0.0385493501932,0.07569371268,0.0302072356867,0.0132595714787,0.0198454513523,0.00219529329118,0.00588338602037,0.0239726027397,0.0464524060414,0.0356515630488,0.0513698630137,0.022655426765,0.0224798033017,0.00605900948367,0.0120302072357,0.0891289076221,0.0111520899192,0.0654197400773,0.0574288724974,0.0180014049877,0.0677906568318,0.00465402177731,0.0016684229013,0.00263435194942,0.012205830699,0.00263435194942,0.00658587987355,0.000175623463295,0.00570776255708
0.00687424181156,0.0175899716943,0.0137484836231,0.0604528912252,0.0402345329559,0.0608572583906,0.0349777598059,0.00424585523655,0.00626769106349,0.030327537404,0.0675293166195,0.0406389001213,0.0153659522847,0.0163768701981,0.00181965224424,0.00909826122119,0.0281035179943,0.0404367165386,0.0398301657905,0.0556004852406,0.0113222806308,0.0418520016175,0.0086938940558,0.0218358269309,0.0752122927618,0.0139506672058,0.069146785281,0.0495349777598,0.0149615851193,0.0655074807926,0.00465022240194,0.00262838657501,0.0030327537404,0.0137484836231,0.0028305701577,0.00424585523655,0.0,0.00646987464618
0.0038969840732,0.00779396814639,0.0102507624534,0.0380379532362,0.0262622839715,0.0643002372077,0.0510843781769,0.006099627245,0.00974246018299,0.0209251101322,0.0586241951881,0.039054557777,0.0180447305998,0.0225347339885,0.00372754998306,0.00576075906472,0.0310911555405,0.0508302270417,0.0615892917655,0.0325313453067,0.0227041680786,0.0205862419519,0.00423585225347,0.00779396814639,0.0656557099288,0.0126228397154,0.116824805151,0.0483734327347,0.0169434090139,0.0849711962047,0.00593019315486,0.00220264317181,0.00347339884785,0.0125381226703,0.00279566248729,0.00508302270417,0.0,0.00508302270417
0.00283152430392,0.00707881075979,0.00660689004247,0.0372817366682,0.0283152430392,0.0740915526192,0.0566304860783,0.00943841434639,0.0113260972157,0.00896649362907,0.0410571024068,0.0438886267107,0.0268994808872,0.0160453043889,0.000943841434639,0.00566304860783,0.0401132609722,0.0231241151487,0.0405851816895,0.0320906087777,0.0179329872581,0.0297310051911,0.00849457291175,0.00613496932515,0.0764511562058,0.0132137800849,0.125530910807,0.0509674374705,0.0179329872581,0.0887210948561,0.00755073147711,0.00755073147711,0.00330344502124,0.0198206701274,0.00707881075979,0.0023596035866,0.0,0.00424728645588
0.0026235242676,0.0083078268474,0.0074333187582,0.0347616965457,0.0247048535199,0.0548753825973,0.041539134237,0.0085264538697,0.0111499781373,0.0107127240927,0.0553126366419,0.0358548316572,0.0222999562746,0.0264538696983,0.004372540446,0.0059029296021,0.0384783559248,0.0487538259729,0.0404459991255,0.0373852208133,0.0273283777875,0.0222999562746,0.0030607783122,0.0133362483603,0.0649322256231,0.0120244862265,0.125929164845,0.0507214691736,0.0201136860516,0.0935723655444,0.0056843025798,0.0059029296021,0.0069960647136,0.0126803672934,0.0041539134237,0.0056843025798,0.0002186270223,0.0054656755575
0.00513202225182,0.00967640836794,0.00560213116039,0.040586069106,0.0239755543368,0.0318890542976,0.0256992870015,0.00274230196662,0.00595471284181,0.0222909974144,0.0418005171198,0.0162579330878,0.00885371777795,0.00908877223223,0.00105774504427,0.00254642325472,0.011948601426,0.0273838439238,0.025542584032,0.05727493536,0.021429131082,0.0258168142286,0.0051711979942,0.010303220246,0.120269529108,0.0228786335501,0.106166261851,0.102052808901,0.0298519156938,0.119799420199,0.00673822768941,0.00368251978375,0.00505367076706,0.0253858810624,0.00587636135705,0.00846196035415,7.83514847606e-05,0.00568048264515
0.00757995932705,0.00721020521353,0.00905897578111,0.0458495100758,0.025882787946,0.0414124607136,0.0360510260677,0.00295803290812,0.00573118875947,0.0186725827325,0.0419670918839,0.0223701238676,0.0110926234054,0.0138657792568,0.0012941393973,0.0025882787946,0.0151599186541,0.0378997966352,0.0351266407839,0.0390090589758,0.0223701238676,0.0245886485487,0.00887409872435,0.0110926234054,0.0950268071732,0.0134960251433,0.119430578665,0.0926234054354,0.0279164355703,0.109262340544,0.00757995932705,0.00573118875947,0.00480680347569,0.0184877056757,0.00591606581623,0.0077648363838,0.0,0.00425217230542
0.0033162869983,0.00604370060437,0.00588873392221,0.0273981094065,0.016116534945,0.0540213854021,0.0392995505966,0.00344026034403,0.0122113745545,0.00740740740741,0.0200526886719,0.0156826282349,0.0187819618782,0.0100418410042,0.00092980009298,0.00260344026034,0.0243297690996,0.0464590113126,0.0499612583295,0.0235549356888,0.015403688207,0.0371920037192,0.00591972725864,0.0119324345266,0.0762436076244,0.0141019680769,0.119138385247,0.0749418874942,0.0297536029754,0.174523477452,0.00808926080893,0.00588873392221,0.00511390051139,0.0188129552146,0.00514489384782,0.00588873392221,0.000185960018596,0.00418410041841
0.00414610069102,0.00577492596249,0.00335636722606,0.034304047384,0.0184600197433,0.0295162882527,0.0245804540967,0.00251727541955,0.00508390918065,0.012783810464,0.0259624876604,0.015251727542,0.00878578479763,0.00942744323791,0.000444225074038,0.00197433366239,0.011994076999,0.0257156959526,0.0253701875617,0.0370681145114,0.0115992102665,0.0192991115499,0.00478775913129,0.00745310957552,0.109476801579,0.0184106614018,0.0879565646594,0.1114017769,0.0358341559724,0.186673247779,0.0123889437315,0.00705824284304,0.00666337611056,0.0447680157947,0.0113524185587,0.0125370187562,0.000296150049358,0.00952615992103
0.00352956006555,0.00441195008194,0.00466406151519,0.0235724190092,0.0126055716627,0.0359258792386,0.0265977562082,0.00491617294844,0.00428589436531,0.00882390016387,0.0194125803605,0.0131097945292,0.00781545443086,0.00781545443086,0.000630278583134,0.00176478003277,0.0127316273793,0.0258414219085,0.0286146476743,0.0215555275432,0.0107147359133,0.0255893104752,0.0037816714988,0.00693306441447,0.0742468170932,0.0141182402622,0.104878356233,0.122526156561,0.0373124921215,0.218832724064,0.0213034161099,0.00831967729737,0.00693306441447,0.0371864364049,0.0141182402622,0.011471070213,0.000252111433253,0.0128576830959
0.00202423033929,0.00453185896855,0.00519653161727,0.0209674008278,0.0127194175051,0.0355901990997,0.0246231003958,0.00253784102239,0.00589141665911,0.00885223118523,0.0146227982719,0.0130517538294,0.0114202846007,0.00888244357836,0.000725097434968,0.00259826580863,0.0160125683555,0.0282183751775,0.0346234025197,0.0147134354512,0.00972839058582,0.0241699144989,0.00350463760234,0.00873138161274,0.0596996888124,0.0126287803257,0.120064050273,0.100365569957,0.0365267832865,0.253965376597,0.0187316837367,0.011964107677,0.0108764615245,0.0319647119248,0.0110879482764,0.00861053204024,0.000845947007462,0.00873138161274
0.00307101727447,0.00460652591171,0.00652591170825,0.0222648752399,0.0157389635317,0.0376199616123,0.0337811900192,0.00115163147793,0.0042226487524,0.00499040307102,0.0180422264875,0.01113243762,0.00882917466411,0.0122840690979,0.000767754318618,0.00268714011516,0.00959692898273,0.0176583493282,0.0214971209213,0.0145873320537,0.0084452975048,0.0188099808061,0.00383877159309,0.0084452975048,0.0403071017274,0.00767754318618,0.0687140115163,0.0729366602687,0.0241842610365,0.24452975048,0.0506717850288,0.026103646833,0.031094049904,0.0587332053743,0.0249520153551,0.0280230326296,0.00191938579655,0.0295585412668
0.00493962678375,0.00768386388584,0.00439077936334,0.0181119648738,0.0153677277717,0.0510428100988,0.0301866081229,0.00439077936334,0.00823271130626,0.00987925356751,0.0175631174533,0.0142700329308,0.0126234906696,0.0137211855104,0.000548847420417,0.0032930845225,0.0186608122942,0.0373216245884,0.0252469813392,0.0137211855104,0.0104281009879,0.0164654226125,0.000548847420417,0.0120746432492,0.0373216245884,0.00548847420417,0.0916575192097,0.0740944017563,0.0279912184413,0.244785949506,0.0236004390779,0.0203073545554,0.02634467618,0.0400658616905,0.0181119648738,0.0181119648738,0.00274423710209,0.0186608122942
0.00376712328767,0.0041095890411,0.00342465753425,0.0229452054795,0.0184931506849,0.0541095890411,0.0373287671233,0.00342465753425,0.00547945205479,0.00650684931507,0.0174657534247,0.0119863013699,0.0181506849315,0.00513698630137,0.0,0.00239726027397,0.0147260273973,0.0455479452055,0.0383561643836,0.025,0.00856164383562,0.0191780821918,0.000684931506849,0.00958904109589,0.0554794520548,0.0140410958904,0.0808219178082,0.0743150684932,0.0267123287671,0.207191780822,0.0267123287671,0.013698630137,0.0126712328767,0.0414383561644,0.0174657534247,0.0311643835616,0.00547945205479,0.0164383561644
0.00253470126735,0.0043452021726,0.0041038020519,0.0339167169584,0.0202776101388,0.0282438141219,0.0224502112251,0.0036210018105,0.00325890162945,0.00832830416415,0.0177429088715,0.0150875075438,0.00905250452625,0.00977670488835,0.00084490042245,0.0012070006035,0.012070006035,0.0234158117079,0.0214846107423,0.0294508147254,0.00808690404345,0.0170187085094,0.0043452021726,0.0067592033796,0.077248038624,0.0129149064575,0.0630054315027,0.130597465299,0.0387447193724,0.180808690404,0.0202776101388,0.0172601086301,0.0142426071213,0.0572118286059,0.0205190102595,0.0296922148461,0.0004828002414,0.0295715147858
0.0024347826087,0.00521739130435,0.00626086956522,0.0281739130435,0.0153043478261,0.0309565217391,0.0194782608696,0.00278260869565,0.00313043478261,0.00973913043478,0.0166956521739,0.008,0.00591304347826,0.00626086956522,0.00139130434783,0.00104347826087,0.00765217391304,0.0184347826087,0.0194782608696,0.0264347826087,0.00834782608696,0.0107826086957,0.0024347826087,0.00278260869565,0.0768695652174,0.0121739130435,0.0514782608696,0.125913043478,0.0448695652174,0.184695652174,0.0386086956522,0.0149565217391,0.0205217391304,0.0848695652174,0.016347826087,0.0413913043478,0.0,0.0281739130435
0.00370675453048,0.00741350906096,0.00288303130148,0.0506589785832,0.0242998352554,0.0317133443163,0.0292421746293,0.00247116968699,0.00535420098847,0.0102965403624,0.0197693574959,0.00864909390445,0.00823723228995,0.00494233937397,0.000411861614498,0.000823723228995,0.0119439868204,0.0226523887974,0.0214168039539,0.0345963756178,0.0119439868204,0.00453047775947,0.00411861614498,0.00288303130148,0.0757825370675,0.0148270181219,0.0679571663921,0.120263591433,0.0222405271829,0.142504118616,0.0177100494234,0.0160626029654,0.0308896210873,0.0856672158155,0.0205930807249,0.0300658978583,0.00164744645799,0.0288303130148
0.0,0.0156739811912,0.00313479623824,0.025078369906,0.012539184953,0.0532915360502,0.012539184953,0.0,0.00313479623824,0.012539184953,0.0595611285266,0.00626959247649,0.012539184953,0.0376175548589,0.0,0.00626959247649,0.0219435736677,0.025078369906,0.0156739811912,0.0313479623824,0.00940438871473,0.00940438871473,0.00313479623824,0.0156739811912,0.0909090909091,0.012539184953,0.0658307210031,0.0564263322884,0.0344827586207,0.131661442006,0.0376175548589,0.0156739811912,0.0219435736677,0.0877742946708,0.0,0.0376175548589,0.00313479623824,0.012539184953
0.00270855904659,0.010292524377,0.0032502708559,0.0373781148429,0.0092091007584,0.0384615384615,0.0254604550379,0.00216684723727,0.00487540628386,0.00758396533044,0.0308775731311,0.0146262188516,0.00975081256771,0.0195016251354,0.00108342361863,0.00433369447454,0.0162513542795,0.0173347778982,0.0232936078007,0.0335861321777,0.0108342361863,0.0173347778982,0.00595882990249,0.0092091007584,0.0660888407367,0.0108342361863,0.0687973997833,0.0790899241603,0.0303358613218,0.173889490791,0.0200433369447,0.0173347778982,0.0178764897075,0.0617551462622,0.0281690140845,0.0373781148429,0.0032502708559,0.0297941495125
