0.392201834862,0.224770642202,0.0619266055046,0.098623853211,0.0137614678899,0.0344036697248,0.0206422018349,0.00688073394495,0.0,0.0160550458716,0.00917431192661,0.00229357798165,0.0045871559633,0.0045871559633,0.00229357798165,0.0,0.0045871559633,0.0,0.00229357798165,0.0114678899083,0.0,0.0,0.00917431192661,0.0,0.0137614678899,0.0045871559633,0.0,0.0321100917431,0.00229357798165,0.0183486238532,0.00229357798165,0.0,0.00229357798165,0.00229357798165,0.0,0.0,0.0,0.00229357798165
0.041958041958,0.231328671329,0.144895104895,0.276363636364,0.0360839160839,0.0783216783217,0.0243356643357,0.00251748251748,0.00307692307692,0.0103496503497,0.0134265734266,0.00811188811189,0.00643356643357,0.00475524475524,0.00027972027972,0.000839160839161,0.00447552447552,0.00363636363636,0.00755244755245,0.00783216783217,0.00671328671329,0.00559440559441,0.000839160839161,0.00307692307692,0.0159440559441,0.0013986013986,0.0145454545455,0.00783216783217,0.00643356643357,0.0204195804196,0.00195804195804,0.00027972027972,0.0013986013986,0.00335664335664,0.000559440559441,0.00223776223776,0.0,0.000839160839161
0.0237580993521,0.179265658747,0.263498920086,0.107991360691,0.0107991360691,0.237041036717,0.0404967602592,0.00377969762419,0.00377969762419,0.00323974082073,0.0107991360691,0.0097192224622,0.00647948164147,0.00323974082073,0.000539956803456,0.000539956803456,0.00377969762419,0.00269978401728,0.00539956803456,0.0048596112311,0.00431965442765,0.00377969762419,0.00161987041037,0.00161987041037,0.0151187904968,0.00215982721382,0.0161987041037,0.00809935205184,0.00107991360691,0.0215982721382,0.0,0.0,0.000539956803456,0.00107991360691,0.0,0.0,0.0,0.00107991360691
0.0270931413274,0.0847872242223,0.0414012738854,0.320409858765,0.0958644881381,0.137819625219,0.0536324194591,0.00484630296317,0.00646173728422,0.0113080402474,0.0293547493769,0.0164774300748,0.00876950060002,0.00576940828949,0.000507707929475,0.00410781870211,0.00789255054002,0.00738484261054,0.00863103480107,0.0120003692421,0.0069694452137,0.00655404781686,0.00304624757685,0.00383088710422,0.0187390381242,0.00332317917474,0.0215545093695,0.0144465983569,0.00544632142527,0.0217852857011,0.00120003692421,0.000507707929475,0.000830794793686,0.00429243976738,0.000692328994738,0.00133850272316,0.0,0.000923105326318
0.00990228867467,0.0287887730343,0.0134435044921,0.225654141255,0.0790215751853,0.0987605744639,0.0730539707522,0.0120663650075,0.0129188799266,0.0225588563184,0.0558725162306,0.0390189520624,0.0184930159355,0.0131156141386,0.00144271755525,0.0118696307955,0.0194111089252,0.0182307036527,0.0167224080268,0.0245917765099,0.0150173781887,0.0133779264214,0.00413141845367,0.00504951144337,0.0356744704571,0.00655780706932,0.0347563774674,0.0289855072464,0.00970555446259,0.0311495835793,0.00183618597941,0.00118040527248,0.00118040527248,0.00911535182635,0.00177060790872,0.00400026231228,0.0,0.00157387369664
0.00991587759581,0.0201975047751,0.0526273011745,0.12289186004,0.0311699922786,0.285894257732,0.154590157272,0.0119478197261,0.021335392368,0.00357621814931,0.0158085097736,0.0145893444955,0.0237330840818,0.00524241069614,0.000772138009509,0.00247896939895,0.0201975047751,0.0137765676434,0.0209696427846,0.00613646523347,0.00548624375178,0.0136546511155,0.00272280245459,0.00573007680741,0.0186938675987,0.00308855203804,0.0368187914008,0.0164993700979,0.00743690819685,0.0394603161702,0.00170683138944,0.00109724875036,0.00158491486162,0.00438899500142,0.00150363717641,0.00150363717641,4.06388426058e-05,0.000731499166904
0.00591311146948,0.0144162635,0.0217465669745,0.0810731564287,0.0362116991643,0.238381468993,0.141377119679,0.0150515564678,0.027952890583,0.0049846063627,0.0180325465474,0.0224307286322,0.0387528710355,0.00762351561355,0.00146606069491,0.00469139422372,0.0382641841372,0.0210624053169,0.0293700825881,0.00918731368812,0.0100669501051,0.0181791526169,0.00361628304745,0.00703709133558,0.0223329912525,0.00454478815423,0.0532180032253,0.0236035771881,0.0102135561746,0.0482822655525,0.00229682842203,0.00185701021356,0.00302985876949,0.00752577823389,0.00200361628305,0.00254117187118,9.77373796609e-05,0.00156379807457
0.00402913373625,0.00914303424764,0.0131721679839,0.07593367426,0.0475747714241,0.149077948241,0.101503176817,0.0113125677979,0.0221602355494,0.00976290097629,0.0336277700294,0.0264993026499,0.0268092360143,0.0153417015342,0.00216953355029,0.0147218348055,0.0437006043701,0.0269642026964,0.040756237409,0.0199907019991,0.0144119014412,0.025569502557,0.00588873392221,0.0102278010228,0.0359522702619,0.00604370060437,0.0722144738881,0.0365721369905,0.0145668681234,0.0511390051139,0.0046490004649,0.00309933364327,0.00526886719355,0.0102278010228,0.00356423368976,0.00309933364327,0.000154966682163,0.00309933364327
0.00669310857709,0.00892414476946,0.015121467526,0.0567674764502,0.0299950421418,0.214427367377,0.164600892414,0.0114030738721,0.015121467526,0.00669310857709,0.0294992563213,0.0354486861676,0.02825979177,0.0153693604363,0.00223103619236,0.0039662865642,0.0384234010907,0.0329697570649,0.0456122954883,0.00892414476946,0.00842835894893,0.0195835399108,0.00297471492315,0.00818046603867,0.0205751115518,0.00669310857709,0.063212692117,0.0178482895389,0.00991571641051,0.0540406544373,0.00148735746158,0.00148735746158,0.00371839365394,0.00694100148736,0.00123946455131,0.0019831432821,0.0,0.00123946455131
0.0161290322581,0.0253833950291,0.0153358011634,0.124801692226,0.0864621893178,0.0462718138551,0.0285563194077,0.00528820729773,0.0132205182443,0.0346377578001,0.0719196192491,0.0312004230566,0.0132205182443,0.0195663670016,0.0018508725542,0.00793231094659,0.0161290322581,0.0124272871497,0.0224748810153,0.0470650449498,0.0333157059757,0.0309360126917,0.00370174510841,0.0100475938657,0.0748281332628,0.0103120042306,0.0391327340032,0.0536753040719,0.0129561078794,0.0584346906399,0.00158646218932,0.00211528291909,0.00237969328398,0.0132205182443,0.00370174510841,0.00475938656795,0.0,0.00502379693284
0.0108406627122,0.0174541487693,0.00899979545919,0.101997681871,0.0657939592282,0.0525669871139,0.0419308652076,0.00838617304152,0.0119315470103,0.0296584168542,0.0489534328765,0.0367491647917,0.0225676689166,0.0157496420536,0.00259085020795,0.0149996590987,0.027476648258,0.026181223154,0.0254312401991,0.0534533306061,0.0197722779028,0.0420672257449,0.008113451967,0.0157496420536,0.0743846730756,0.0150678393673,0.049226153951,0.0566578032317,0.0115224653985,0.0501806777119,0.00327265289425,0.00272721074521,0.00354537396877,0.0100224994886,0.0036135542374,0.00552260175905,0.000136360537261,0.00470443853549
0.00607882868161,0.0122883848618,0.00823583240735,0.0927511602065,0.0643832930257,0.0862801490293,0.072357670436,0.00921628864632,0.0173213935551,0.0207856722662,0.0467350807242,0.0186940322897,0.0218968560037,0.018759396039,0.00150336623309,0.0203281260213,0.0296097784169,0.0289561409242,0.0327472383816,0.0252957709654,0.02222367475,0.0399372508007,0.00921628864632,0.0137263873456,0.0503300869338,0.00875874240146,0.0615726518073,0.0475848094647,0.0162102098176,0.054840185633,0.00405255245441,0.00359500620956,0.00385646120661,0.0141839335904,0.00398718870514,0.00699392117132,0.000130727498529,0.00457546244853
0.00421022067364,0.00921893147503,0.0107433217189,0.0611207897793,0.0357868757259,0.141840882695,0.111425667828,0.00413763066202,0.0128484320557,0.0090737514518,0.0308507549361,0.0223577235772,0.0208333333333,0.0147357723577,0.0010162601626,0.00566202090592,0.0244628339141,0.034262485482,0.0592334494774,0.0158972125436,0.0113966318235,0.0278745644599,0.00486353077816,0.0115418118467,0.0397793263647,0.00950929152149,0.095818815331,0.0343350754936,0.0162601626016,0.0781068524971,0.00457317073171,0.00413763066202,0.00638792102207,0.0124854819977,0.00457317073171,0.00457317073171,0.000290360046458,0.00377468060395
0.00627488837939,0.0129117895499,0.0106190418728,0.0786774466031,0.0558706407626,0.0819355617232,0.0539399058767,0.00989501629058,0.0146011825751,0.0211174128153,0.0403040907445,0.0359599372511,0.0254615663087,0.0147218535055,0.00229274767708,0.0127911186195,0.0333051767829,0.0264269337517,0.0377700012067,0.0378906721371,0.0182213104863,0.0528538675033,0.00772293954386,0.0172559430433,0.0475443465669,0.00953300349946,0.0717992035719,0.048871726801,0.0177386267648,0.0547846023893,0.00627488837939,0.00374079884156,0.00374079884156,0.0117050802462,0.00543019186678,0.00567153372753,0.000482683721491,0.00386146977193
0.00562983814215,0.0112596762843,0.0126671358198,0.0541871921182,0.0288529204785,0.0647431386348,0.0612244897959,0.00562983814215,0.0105559465165,0.0140745953554,0.0555946516538,0.0260380014075,0.0239268121042,0.0105559465165,0.00492610837438,0.0204081632653,0.0464461646728,0.0302603800141,0.0464461646728,0.0450387051372,0.0408163265306,0.0541871921182,0.0126671358198,0.018296973962,0.0372976776918,0.0204081632653,0.0844475721323,0.0415200562984,0.0168895144265,0.0562983814215,0.00703729767769,0.000703729767769,0.009148486981,0.00844475721323,0.00422237860662,0.00351864883885,0.000703729767769,0.00492610837438
0.00692840646651,0.00635103926097,0.0112586605081,0.058025404157,0.0398383371824,0.130484988453,0.0877598152425,0.0141454965358,0.0193418013857,0.0187644341801,0.0424364896074,0.0352193995381,0.0228060046189,0.00923787528868,0.00115473441109,0.0127020785219,0.026558891455,0.0176096997691,0.0453233256351,0.0285796766744,0.0196304849885,0.0389722863741,0.00577367205543,0.0155889145497,0.0424364896074,0.010103926097,0.0765011547344,0.0418591224018,0.0190531177829,0.0557159353349,0.0060623556582,0.00433025404157,0.00721709006928,0.0109699769053,0.00461893764434,0.00375288683603,0.0,0.00288683602771
0.00260190806592,0.00797918473547,0.0109280138768,0.0430182133565,0.0291413703382,0.119514310494,0.08855160451,0.00841283607979,0.0217692974848,0.00893321769297,0.0393755420642,0.0255854293148,0.0270598438855,0.0198612315698,0.00121422376409,0.00355594102342,0.0242844752819,0.0248048568951,0.061751951431,0.016565481353,0.0193408499566,0.0380745880312,0.00607111882047,0.01526452732,0.0408499566349,0.00945359930616,0.10988725065,0.0358196010408,0.0155247181266,0.0895923677363,0.00477016478751,0.00416305290546,0.00442324371206,0.010841283608,0.00372940156114,0.00390286209887,0.0,0.00338248048569
0.00397598815,0.00623684415686,0.00919934513136,0.0459187651049,0.0275200748421,0.0934747018009,0.0630700865362,0.0069384891245,0.0202697435098,0.0134871754892,0.0389023154284,0.0256490215951,0.0325095501676,0.0127855305216,0.00132532938333,0.00249473766274,0.0244016527637,0.0172292819833,0.0474779761441,0.0288454042255,0.0219848756529,0.0426444219225,0.00514539642941,0.0155141498402,0.0470102128323,0.0100569112029,0.129258595151,0.0462306073127,0.0200358618539,0.095189833944,0.00506743587745,0.0065486863647,0.0065486863647,0.0126296094176,0.00226085600686,0.00756217354019,7.79605519607e-05,0.00452171201372
0.00409406836142,0.00590307531182,0.0091402456441,0.0292297438827,0.0187565457488,0.0712177473103,0.067980576978,0.00542702085119,0.0204703418071,0.00609349709607,0.0217080834047,0.0178996477197,0.0315148052937,0.010568409026,0.000571265352756,0.00361801390079,0.0376083023898,0.0450347519756,0.0373226697134,0.0194230219937,0.0213272398362,0.0386556222032,0.00533180995906,0.0123774159764,0.0556031610016,0.0137103684662,0.138722269828,0.0509378272874,0.0222793487575,0.145006188708,0.00523659906693,0.00380843568504,0.00628391888032,0.00961630010473,0.00228506141103,0.00314195944016,0.0,0.00209463962677
0.00880669308675,0.0168207837957,0.00845442536328,0.0619110523998,0.0469396741524,0.0642007926024,0.0417437252312,0.0040510788199,0.00898282694848,0.0348745046235,0.0816380449141,0.0331131660062,0.0139145750771,0.0194627917217,0.00140907089388,0.00457948040511,0.0234258036107,0.0420959929546,0.0393659180978,0.0493174812858,0.0229854689564,0.0216644649934,0.00722148833113,0.0125055041832,0.0789960369881,0.0124174372523,0.0607661822985,0.0527520915896,0.0140907089388,0.0666666666667,0.00431527961251,0.00466754733598,0.00519594892118,0.0137384412153,0.00290620871863,0.00695728753853,0.0,0.0070453544694
0.0117790414297,0.014012997563,0.0132006498781,0.0613322502031,0.0489439480097,0.0578797725426,0.0420389926889,0.00649878147847,0.00995125913891,0.0296506904955,0.0686433793664,0.0355402112104,0.0168562144598,0.0166531275386,0.00426482534525,0.00954508529651,0.0324939073924,0.0444760357433,0.0349309504468,0.049147034931,0.0136068237206,0.0387896019496,0.00528025995126,0.0192932575142,0.0739236393176,0.0125913891145,0.0698619008936,0.0438667749797,0.0129975629569,0.070268074736,0.00304630381803,0.00365556458164,0.00487408610885,0.00792038992689,0.00182778229082,0.00588952071487,0.0,0.00446791226645
0.00514942528736,0.00947126436782,0.0100229885057,0.0390804597701,0.032367816092,0.0702528735632,0.0450574712644,0.00744827586207,0.0103908045977,0.0204137931034,0.0549885057471,0.0425747126437,0.0201379310345,0.023908045977,0.00349425287356,0.00744827586207,0.0302528735632,0.0535172413793,0.0518620689655,0.031816091954,0.023908045977,0.0210574712644,0.00606896551724,0.00873563218391,0.0626206896552,0.0115862068966,0.10124137931,0.0466206896552,0.0198620689655,0.0858850574713,0.0047816091954,0.00331034482759,0.00468965517241,0.0144367816092,0.00294252873563,0.0064367816092,0.000275862068966,0.00588505747126
0.00380952380952,0.00904761904762,0.00857142857143,0.0442857142857,0.0295238095238,0.0780952380952,0.0571428571429,0.0114285714286,0.0142857142857,0.00619047619048,0.0409523809524,0.0357142857143,0.032380952381,0.0119047619048,0.00333333333333,0.00666666666667,0.0342857142857,0.0285714285714,0.0428571428571,0.032380952381,0.02,0.0290476190476,0.00809523809524,0.0052380952381,0.0757142857143,0.0114285714286,0.118571428571,0.0509523809524,0.022380952381,0.0880952380952,0.00428571428571,0.00714285714286,0.00571428571429,0.012380952381,0.00142857142857,0.0052380952381,0.0,0.00285714285714
0.00344036697248,0.00848623853211,0.00894495412844,0.0373853211009,0.0229357798165,0.0577981651376,0.0449541284404,0.00619266055046,0.0098623853211,0.0135321100917,0.0559633027523,0.0371559633028,0.0256880733945,0.029128440367,0.00206422018349,0.00802752293578,0.0383027522936,0.045871559633,0.0371559633028,0.0332568807339,0.0309633027523,0.0158256880734,0.00573394495413,0.0121559633028,0.0582568807339,0.0107798165138,0.124082568807,0.0520642201835,0.0192660550459,0.0942660550459,0.00779816513761,0.00596330275229,0.00573394495413,0.0167431192661,0.00321100917431,0.00550458715596,0.0,0.00550458715596
0.00619736214842,0.00997139679008,0.00754806928333,0.0433815350389,0.0258620689655,0.0340457651359,0.0234387414588,0.002264420785,0.00544255522009,0.0218894009217,0.0411568409344,0.0175194660734,0.00814396948991,0.00905768314,0.000595900206579,0.00301922771333,0.0117590974098,0.0293580168441,0.0269346893374,0.0569283330685,0.018750993167,0.0254250754807,0.00580009534403,0.00929604322263,0.112823772446,0.0212140473542,0.101382488479,0.107977117432,0.0287223899571,0.121245828699,0.00707134911807,0.00325758779596,0.00460829493088,0.0274908628635,0.00603845542666,0.00798506276816,0.00027808676307,0.00611790878754
0.00659937888199,0.0097049689441,0.00931677018634,0.049301242236,0.0304736024845,0.0450310559006,0.0291149068323,0.00368788819876,0.00679347826087,0.0227096273292,0.0438664596273,0.0194099378882,0.0153338509317,0.018051242236,0.00097049689441,0.00446428571429,0.0161102484472,0.0347437888199,0.0362965838509,0.0384316770186,0.0219332298137,0.0211568322981,0.00679347826087,0.00815217391304,0.0892857142857,0.0122282608696,0.110054347826,0.102872670807,0.0289208074534,0.115877329193,0.00582298136646,0.0021350931677,0.00135869565217,0.0196040372671,0.00485248447205,0.00368788819876,0.0,0.00485248447205
0.00370336079993,0.00669691077987,0.00635743603987,0.0307687559794,0.0153998086597,0.0566614202389,0.0432984600191,0.00327130203993,0.00965959941981,0.00725241489985,0.0204302070796,0.0127765947597,0.0191648921396,0.00953615405981,0.000894978859982,0.00391939017992,0.0245964879795,0.0442860228991,0.049007807919,0.0202141776996,0.0145356911397,0.0383915069592,0.00543159583989,0.0121902292998,0.0775854087584,0.0143505230997,0.113724037898,0.0717834768386,0.0278060673394,0.182853439496,0.00919667931982,0.00570934789989,0.00564762521989,0.0177144091596,0.00530815047989,0.00546245717989,9.25840199981e-05,0.00432058759991
0.00353651947542,0.00638538238617,0.00466624097451,0.0317304386267,0.0199911587013,0.0333513433862,0.0237241514809,0.00275062625866,0.00471535930056,0.0118375165774,0.026867724348,0.0172896507687,0.00751510388526,0.00977454688344,0.000982366520949,0.0028979812368,0.0141460779017,0.0250012279582,0.0249029913061,0.0308954270838,0.00997102018763,0.0190087921804,0.00407682106194,0.00795716881969,0.107470897392,0.0214155901567,0.0901812466231,0.108207672283,0.0348248931676,0.182720172897,0.0128198830984,0.0057959624736,0.00697480229874,0.0476938945921,0.01242693649,0.0143916695319,0.000147354978142,0.0109533867086
0.00268199233716,0.0037037037037,0.00383141762452,0.0240102171137,0.0155810983397,0.0272030651341,0.0264367816092,0.00357598978289,0.00434227330779,0.00817369093231,0.0201787994891,0.0159642401022,0.00919540229885,0.00779054916986,0.000766283524904,0.00229885057471,0.014687100894,0.021711366539,0.0297573435504,0.0197956577267,0.00766283524904,0.0270753512133,0.00319284802043,0.00727969348659,0.0855683269476,0.0139208173691,0.0919540229885,0.121711366539,0.036398467433,0.227075351213,0.017496807152,0.00970625798212,0.00830140485313,0.0436781609195,0.0107279693487,0.0149425287356,0.0,0.0116219667944
0.0030986248008,0.00619724960161,0.00545948179189,0.0226347164021,0.0120993920793,0.0375376261583,0.0270023018356,0.00203623915481,0.00687599598654,0.00666942099982,0.0171752346102,0.0130142241634,0.0110960278581,0.00976804580063,0.000678746384938,0.00274449625214,0.0148733990439,0.0241102520215,0.0366523047866,0.0164374668004,0.0082925101812,0.0235790591985,0.00354128548663,0.00811544590686,0.0586672962285,0.0131912884377,0.121023431506,0.101487339904,0.0347636191938,0.246001298471,0.0210116272207,0.0125715634775,0.0105058136103,0.0344390013575,0.00917783155285,0.00799740305731,0.000501682110606,0.00897125656613
0.00623700623701,0.00831600831601,0.00623700623701,0.0182952182952,0.0149688149688,0.0299376299376,0.024948024948,0.000831600831601,0.00623700623701,0.00831600831601,0.024948024948,0.0112266112266,0.0141372141372,0.00790020790021,0.000831600831601,0.0024948024948,0.0128898128898,0.0195426195426,0.0232848232848,0.0133056133056,0.00665280665281,0.0182952182952,0.0045738045738,0.00748440748441,0.047817047817,0.0137214137214,0.0644490644491,0.0760914760915,0.0295218295218,0.22869022869,0.0511434511435,0.0232848232848,0.029106029106,0.0532224532225,0.0216216216216,0.0336798336798,0.0016632016632,0.0340956340956
0.0110144927536,0.00869565217391,0.00347826086957,0.0220289855072,0.0110144927536,0.0626086956522,0.024347826087,0.00115942028986,0.0063768115942,0.0150724637681,0.0168115942029,0.00985507246377,0.0121739130435,0.00347826086957,0.00115942028986,0.00347826086957,0.0150724637681,0.0365217391304,0.0301449275362,0.0121739130435,0.00869565217391,0.0173913043478,0.00173913043478,0.0063768115942,0.0330434782609,0.00347826086957,0.0933333333333,0.0828985507246,0.0197101449275,0.24347826087,0.0313043478261,0.0179710144928,0.0173913043478,0.0469565217391,0.024347826087,0.0231884057971,0.00463768115942,0.0173913043478
0.00896116827083,0.00763358778626,0.00531032193827,0.0238964487222,0.0185861267839,0.0517756388981,0.0315300365085,0.00165947560571,0.00564221705941,0.00464653169598,0.0202456023896,0.0102887487554,0.00962495851311,0.00663790242283,0.0,0.000331895121142,0.0172585462994,0.0338533023565,0.037504148689,0.0245602389645,0.00730169266512,0.0152671755725,0.00298705609028,0.0109525389977,0.053767009625,0.00497842681713,0.0909392631928,0.0786591437106,0.0238964487222,0.19183538002,0.0232326584799,0.0172585462994,0.0172585462994,0.0404912047793,0.0278791901759,0.0384998340524,0.00962495851311,0.0252240292068
0.00341981132075,0.00483490566038,0.00377358490566,0.0305424528302,0.021108490566,0.0333726415094,0.0245283018868,0.00259433962264,0.00424528301887,0.00955188679245,0.0219339622642,0.016391509434,0.00884433962264,0.0100235849057,0.00129716981132,0.00318396226415,0.0159198113208,0.0221698113208,0.0224056603774,0.0245283018868,0.00966981132075,0.0222877358491,0.00341981132075,0.00530660377358,0.0781839622642,0.0123820754717,0.0650943396226,0.131839622642,0.0308962264151,0.171933962264,0.0228773584906,0.0156839622642,0.0146226415094,0.053891509434,0.0194575471698,0.030070754717,0.0,0.0277122641509
0.00328347318497,0.00656694636994,0.00437796424663,0.0335643925575,0.0142283838015,0.0313754104341,0.0175118569865,0.00218898212331,0.00802626778548,0.0102152499088,0.0186063480482,0.0131338927399,0.00912075884714,0.00656694636994,0.000364830353885,0.00109449106166,0.0105800802627,0.0145932141554,0.0207953301715,0.0211601605254,0.00875592849325,0.0109449106166,0.00437796424663,0.00656694636994,0.0769792046698,0.00948558920102,0.0616563298066,0.134987230938,0.0372126960963,0.177307551988,0.0273622765414,0.0193360087559,0.0229843122948,0.0663991244072,0.0175118569865,0.0426851514046,0.0,0.0280919372492
0.00212314225053,0.00509554140127,0.00552016985138,0.0356687898089,0.0288747346072,0.0284501061571,0.028025477707,0.00212314225053,0.00509554140127,0.0131634819533,0.0216560509554,0.00976645435244,0.00764331210191,0.0067940552017,0.000424628450106,0.000424628450106,0.0144373673036,0.0271762208068,0.0301486199575,0.0297239915074,0.00636942675159,0.00509554140127,0.00382165605096,0.00891719745223,0.0815286624204,0.0191082802548,0.0743099787686,0.115923566879,0.0377919320594,0.112101910828,0.011889596603,0.0216560509554,0.0386411889597,0.0709129511677,0.031847133758,0.0297239915074,0.000424628450106,0.0276008492569
0.0,0.00294985250737,0.0,0.0176991150442,0.0176991150442,0.0412979351032,0.0147492625369,0.0,0.023598820059,0.0176991150442,0.0324483775811,0.0442477876106,0.00884955752212,0.0206489675516,0.00294985250737,0.0147492625369,0.023598820059,0.0324483775811,0.0147492625369,0.0353982300885,0.0117994100295,0.00884955752212,0.00884955752212,0.0176991150442,0.0914454277286,0.00884955752212,0.094395280236,0.0737463126844,0.0176991150442,0.117994100295,0.023598820059,0.00589970501475,0.0294985250737,0.0678466076696,0.00294985250737,0.0265486725664,0.00884955752212,0.0176991150442
0.00457927876359,0.00744132799084,0.0034344590727,0.0429307384087,0.0154550658271,0.039496279336,0.0251860331998,0.00171722953635,0.0022896393818,0.00457927876359,0.0331997710361,0.0171722953635,0.0125930165999,0.0103033772181,0.000572409845449,0.00171722953635,0.0234688036634,0.0240412135089,0.0194619347453,0.0349170005724,0.0188895248998,0.0257584430452,0.00572409845449,0.011448196909,0.0663995420721,0.0143102461362,0.0606754436176,0.0995993131082,0.028048082427,0.150543789353,0.0148826559817,0.016599885518,0.0246136233543,0.0618202633085,0.0188895248998,0.0360618202633,0.0011448196909,0.0200343445907
