0.422434367542,0.255369928401,0.0453460620525,0.0787589498807,0.0286396181384,0.0405727923628,0.0190930787589,0.0,0.0,0.00477326968974,0.0167064439141,0.00238663484487,0.0119331742243,0.0,0.0,0.0,0.00238663484487,0.0,0.0,0.00954653937947,0.00477326968974,0.00238663484487,0.0,0.00238663484487,0.00238663484487,0.0,0.0143198090692,0.0238663484487,0.00238663484487,0.00238663484487,0.00238663484487,0.0,0.0,0.0,0.00238663484487,0.0,0.0,0.00238663484487
0.0436062065276,0.24050294275,0.130818619583,0.261369716426,0.0347779561263,0.0890850722311,0.0267522739433,0.00401284109149,0.00267522739433,0.0123060460139,0.0125735687533,0.00642054574639,0.00615302300696,0.00347779561263,0.0,0.00107009095773,0.00535045478866,0.00428036383093,0.00615302300696,0.0104333868379,0.00561797752809,0.00347779561263,0.00267522739433,0.00321027287319,0.0171214553237,0.00321027287319,0.0123060460139,0.0115034777956,0.00374531835206,0.0251471375067,0.000535045478866,0.00133761369716,0.00107009095773,0.00454788657036,0.0,0.00187265917603,0.0,0.000802568218299
0.0350969093766,0.182294394971,0.281299109481,0.104766893662,0.0104766893662,0.217915138816,0.0293347302252,0.00104766893662,0.00366684127816,0.0062860136197,0.00838135149293,0.00785751702462,0.00890518596124,0.00523834468308,0.0,0.0,0.00261917234154,0.00261917234154,0.00419067574646,0.00942902042954,0.00419067574646,0.00314300680985,0.00314300680985,0.00471451021477,0.0115243583028,0.00261917234154,0.0183342063908,0.00471451021477,0.00209533787323,0.0214772132006,0.0,0.0,0.000523834468308,0.000523834468308,0.000523834468308,0.0,0.00104766893662,0.0
0.0270447314243,0.08277185102,0.0422515440764,0.313821822946,0.0921766797679,0.142850458544,0.0535279805353,0.00346247426539,0.00790754257908,0.0120718697361,0.0294310312558,0.0193243496163,0.00832865431406,0.00519371139809,0.000374321542205,0.00397716638593,0.0104810031817,0.00809470335018,0.0106681639528,0.0108553247239,0.00832865431406,0.00645704660303,0.0017312371327,0.00247988021711,0.0208684259779,0.00247988021711,0.0225996631106,0.0138031068688,0.00528729178364,0.0200729927007,0.00074864308441,0.000795433277185,0.00116975481939,0.00524050159087,0.000935803855512,0.00149728616882,4.67901927756e-05,0.000842223469961
0.010575504181,0.031726512543,0.0133423512051,0.220609936055,0.075319724545,0.109936055091,0.0766109198229,0.00909985243483,0.0156173143138,0.0255164781112,0.056197737334,0.0389818002951,0.0188145597639,0.0122356123955,0.00147565174619,0.0110673880964,0.0190605017216,0.0144490900148,0.0186301032956,0.0238563698967,0.0134038366945,0.0144490900148,0.0035046728972,0.0055336940482,0.0326487948844,0.006517461879,0.0359690113133,0.0245327102804,0.0092843089031,0.0306197737334,0.00159862272504,0.000799311362518,0.00110673880964,0.00965322183965,0.0027668470241,0.00233644859813,0.0,0.00215199212986
0.00962954120409,0.02268115077,0.0514503999045,0.13222712984,0.0315546536151,0.28236043134,0.147069356572,0.00851537941188,0.022959691218,0.00453623015399,0.0149616012097,0.014364728821,0.0231188571883,0.00525247702041,0.000915204329314,0.00222832358442,0.0194182483785,0.0145636862839,0.0211292825594,0.00648601329036,0.00736142612709,0.0155584735983,0.00258644701763,0.00501372806494,0.0182245036011,0.00362102582468,0.0373642115316,0.0179061716605,0.00799809000836,0.0356133858581,0.00194978313637,0.00123353626995,0.00214874059926,0.0050933110501,0.000875412836736,0.00115395328479,0.0,0.000875412836736
0.0091407678245,0.0130935322891,0.0201096892139,0.0797470230743,0.0409111122091,0.236572953209,0.144720588962,0.0139829042937,0.0297939621523,0.00469390780177,0.0192203172093,0.0213943376649,0.0315232966056,0.00686792825732,0.00108701022778,0.00454567913434,0.0383912248629,0.0209002421068,0.0289539997035,0.00849844359899,0.0134888087356,0.0197144127674,0.00390335490884,0.00568209891793,0.0230248530066,0.004891546025,0.0529176342705,0.0248035970157,0.00884431048965,0.0486190029152,0.00271752556945,0.00197638223232,0.00301398290429,0.00637383269924,0.0018281535649,0.00251988734621,4.94095558081e-05,0.00148228667424
0.00269058295964,0.0113602391629,0.0124065769806,0.07533632287,0.0518684603886,0.158146487294,0.100149476831,0.00986547085202,0.0159940209268,0.0103139013453,0.0306427503737,0.0258594917788,0.0221225710015,0.01644245142,0.00209267563528,0.0153961136024,0.0434977578475,0.026307922272,0.0433482810164,0.0189835575486,0.0152466367713,0.0239162929746,0.0050822122571,0.00971599402093,0.0348281016442,0.00687593423019,0.0733931240658,0.0331838565022,0.0140508221226,0.0506726457399,0.00553064275037,0.00433482810164,0.00478325859492,0.0130044843049,0.00298953662182,0.00523168908819,0.000149476831091,0.00418535127055
0.00717644147488,0.011135857461,0.0155902004454,0.0586488492947,0.0378619153675,0.216035634744,0.14847809948,0.00717644147488,0.0160851274437,0.00668151447661,0.0334075723831,0.0336550358822,0.0279633754021,0.0158376639446,0.00123731749567,0.00346448898787,0.0467706013363,0.0341499628805,0.0356347438753,0.0126206384558,0.011135857461,0.0178173719376,0.00692897797575,0.00717644147488,0.0262311309082,0.00321702548874,0.0564216778025,0.016580054442,0.00593912397921,0.0551843603069,0.00371195248701,0.00247463499134,0.00321702548874,0.00717644147488,0.00197970799307,0.00395941598614,0.0,0.00123731749567
0.0132520540684,0.0299496421945,0.0204081632653,0.119003445534,0.0932944606414,0.0463821892393,0.0283593957063,0.00662602703419,0.0119268486615,0.0397561622051,0.0633448184469,0.0397561622051,0.0156374238007,0.0132520540684,0.00106016432547,0.00874635568513,0.00848131460376,0.0212032865094,0.018022793533,0.0477073946462,0.041081367612,0.023058574079,0.00477073946462,0.0132520540684,0.0779220779221,0.0090113967665,0.0442618605884,0.0429366551816,0.0119268486615,0.0559236681686,0.00371057513915,0.00132520540684,0.00371057513915,0.00927643784787,0.00344553405778,0.00450569838325,0.000265041081368,0.00344553405778
0.0118579708214,0.0190526946906,0.0116581173806,0.0979948038105,0.0646192791953,0.0636200119912,0.0425687828925,0.00679501698754,0.0105922323629,0.0293118379855,0.0496302711345,0.036106854973,0.0179868096729,0.0150556258744,0.00266471254413,0.0129904736527,0.0323762574112,0.0305775764439,0.0233828525748,0.051562187729,0.0185197521817,0.0427686363334,0.00832722670042,0.0147225368063,0.0748118046766,0.0138565052295,0.0540270468323,0.0440343747918,0.0114582639398,0.0486310039305,0.00319765505296,0.00279794817134,0.00439677569782,0.010925321431,0.00426354007061,0.00652854573313,0.000266471254413,0.00606222103791
0.00639345310402,0.01106067387,0.00965411418707,0.101144428106,0.0595869829295,0.10018541014,0.0668755194681,0.00780001278691,0.0161754363532,0.019116424781,0.0464804040662,0.0198836391535,0.0232721692986,0.0193721629052,0.00115082155872,0.022185282271,0.0307525094303,0.0279393900646,0.0343967776996,0.0251262706988,0.0218016750847,0.0341410395755,0.00805575091107,0.0144492040151,0.0464164695352,0.00971804871811,0.0636787929161,0.0453295825075,0.0150885493255,0.050827952177,0.0052426315453,0.00364426826929,0.00537050060738,0.0148967457324,0.00345246467617,0.00415574451761,6.39345310402e-05,0.00511476248322
0.00356989861488,0.0108524917892,0.0126374410967,0.0571897758104,0.0357703841211,0.145937455376,0.111452234757,0.00371269455947,0.0128516350136,0.0111380836784,0.0327002713123,0.021347993717,0.017992289019,0.0102099100386,0.000856775667571,0.00564043981151,0.0249892903042,0.0297729544481,0.0582607453948,0.0167071255176,0.0149221762102,0.0242753105812,0.00649721547908,0.0115664715122,0.0357703841211,0.00713979722976,0.0934599457375,0.0399828644866,0.0163501356561,0.0808939026132,0.00492646008853,0.00606882764529,0.00835356275882,0.0103527059832,0.00564043981151,0.00606882764529,0.000356989861488,0.00378409253177
0.00936240815359,0.010784546101,0.00995496563167,0.0794027020621,0.0533301730268,0.078810144584,0.0567670063996,0.00936240815359,0.0155250059256,0.0210950462195,0.0380421900924,0.0336572647547,0.0260725290353,0.0148139369519,0.00189618392984,0.0139843564826,0.0388717705617,0.0231097416449,0.0359089831714,0.031405546338,0.0197914197677,0.0533301730268,0.00580706328514,0.0139843564826,0.0419530694477,0.0139843564826,0.0713439203603,0.0516710120882,0.0145769139607,0.0623370466935,0.00568855178952,0.00225171841669,0.00592557478075,0.0170656553686,0.00592557478075,0.00651813225883,0.00071106897369,0.00497748281583
0.00471698113208,0.0125786163522,0.0125786163522,0.0518867924528,0.0353773584906,0.0786163522013,0.0723270440252,0.0141509433962,0.0102201257862,0.0157232704403,0.0566037735849,0.0212264150943,0.0165094339623,0.0243710691824,0.00471698113208,0.0165094339623,0.0393081761006,0.0322327044025,0.0298742138365,0.0393081761006,0.0400943396226,0.0511006289308,0.0110062893082,0.0283018867925,0.0361635220126,0.0117924528302,0.0833333333333,0.0345911949686,0.0172955974843,0.0534591194969,0.0062893081761,0.00786163522013,0.00393081761006,0.0110062893082,0.00314465408805,0.00943396226415,0.000786163522013,0.00157232704403
0.00318379160637,0.00636758321274,0.0153400868307,0.0645441389291,0.0413892908828,0.13979739508,0.0827785817656,0.0095513748191,0.0217076700434,0.00839363241679,0.0451519536903,0.0272069464544,0.0188133140376,0.0127351664255,0.00260492040521,0.00897250361795,0.0202604920405,0.0127351664255,0.0370477568741,0.0251808972504,0.0217076700434,0.0373371924747,0.00492040520984,0.0159189580318,0.049493487699,0.0095513748191,0.0876989869754,0.0457308248915,0.018523878437,0.0558610709117,0.00578871201158,0.00578871201158,0.00376266280753,0.0107091172214,0.00492040520984,0.013024602026,0.0,0.005499276411
0.0038451455038,0.00943808441842,0.0100498121122,0.0476273704448,0.0307611640304,0.12601590492,0.0857292668007,0.0072533426549,0.0191383378485,0.00952547408896,0.0375775583326,0.0304116053482,0.0191383378485,0.0187887791663,0.00139823472866,0.00428209385651,0.0187887791663,0.0247312767631,0.0644061871887,0.0169535960849,0.0199248448833,0.0400244691078,0.00742812199598,0.0136327886044,0.0371406099799,0.00760290133706,0.109586646858,0.0360045442629,0.0166914270733,0.0849427597658,0.0057677182557,0.00498121122083,0.00620466660841,0.0121471642052,0.00314602813947,0.00393253517434,0.000436948352705,0.00454426286813
0.00567423230975,0.00776034712951,0.0104305740988,0.0542389853138,0.0287049399199,0.102469959947,0.0740987983979,0.00734312416555,0.0160213618158,0.0102636849132,0.0343791722296,0.025867823765,0.0333778371162,0.0105140186916,0.00141855807744,0.00358811748999,0.0201101468625,0.0232810413885,0.0438918558077,0.0264519359146,0.0255340453939,0.0415554072096,0.00442256341789,0.0146862483311,0.0474799732977,0.0115153538051,0.11782376502,0.0408878504673,0.0146862483311,0.0976301735648,0.00600801068091,0.00550734312417,0.00742656875834,0.0117656875834,0.00308744993324,0.00617489986649,0.000250333778371,0.00367156208278
0.00559251759715,0.0049175585768,0.00925658085045,0.0301803104811,0.0176453572462,0.0802237007039,0.0633497251953,0.00385690868769,0.0188024298525,0.00848519911291,0.0247806383184,0.017548934529,0.0327837238453,0.0101243853052,0.00106064988911,0.00289268151577,0.0382798187253,0.042136727413,0.0382798187253,0.022080802237,0.0163918619227,0.0462829042522,0.00559251759715,0.0132099122553,0.0557323305371,0.0129206441038,0.140198630797,0.0451258316459,0.0197666570244,0.131713431685,0.00636389933468,0.00578536303153,0.00588178574872,0.0098351171536,0.00482113585961,0.00443544499084,0.0,0.0036640632533
0.0098195080894,0.017113999813,0.00953895071542,0.0620031796502,0.0449826989619,0.0624707752735,0.0408678574769,0.00589170485364,0.00701393434957,0.032544655382,0.0795847750865,0.0301131581408,0.016272327691,0.0202936500514,0.00177686336856,0.00561114747966,0.0271205461517,0.0469466005798,0.0346955952492,0.0524642289348,0.0256242401571,0.0190779014308,0.0059852239783,0.0129991583279,0.0808940428318,0.0123445244553,0.0613485457776,0.0567661086692,0.0132797157019,0.0646217151407,0.00467595623305,0.00280557373983,0.00467595623305,0.0124380435799,0.00280557373983,0.00579818572898,0.0,0.00673337697559
0.0127126565713,0.0147691157226,0.013647410731,0.0564591512432,0.0401944288652,0.0654327911759,0.0398205272013,0.00878668910077,0.0089736399327,0.0340250514115,0.0615068237054,0.0364554122266,0.0149560665545,0.0166386240419,0.00392596747056,0.0115909515797,0.032529444756,0.0454290521593,0.0429986913442,0.0596373153861,0.0140213123948,0.0358945597308,0.0084127874369,0.0185081323612,0.0717891194616,0.0138343615629,0.0695457094784,0.0386988222098,0.0115909515797,0.0620676762012,0.00280426247897,0.00280426247897,0.00411291830249,0.0117779024117,0.0029912133109,0.00579547578987,0.0,0.00486072163021
0.00661109514228,0.0139886940692,0.00862316757689,0.0377503113922,0.0290313308422,0.075117370892,0.0481939254575,0.00680272108844,0.0119766216346,0.0190667816422,0.0572961578998,0.0407205135575,0.0181086519115,0.0246239340807,0.00277857621922,0.00871898054997,0.0359298649037,0.0572961578998,0.0549008335729,0.0317140940883,0.0169588962346,0.0176295870461,0.00546133946536,0.00804828973843,0.0649611957459,0.0104436140653,0.0974417936189,0.0433074638306,0.0181086519115,0.085081920092,0.00469483568075,0.00507808757306,0.0045032097346,0.0148510108269,0.00316182811153,0.00431158378844,0.000191625946153,0.00651528216921
0.00193986420951,0.00678952473327,0.0121241513094,0.0426770126091,0.0339476236663,0.074684772066,0.0581959262852,0.00727449078565,0.0111542192047,0.0126091173618,0.0315227934045,0.0339476236663,0.033462657614,0.0252182347236,0.00436469447139,0.00872938894277,0.0392822502425,0.0305528612997,0.041222114452,0.0276430649855,0.0237633365664,0.0460717749758,0.0130940834142,0.0082444228904,0.0484966052376,0.0130940834142,0.103297769156,0.04898157129,0.0193986420951,0.0882638215325,0.00581959262852,0.00678952473327,0.00581959262852,0.0145489815713,0.00339476236663,0.00727449078565,0.0,0.00630455868089
0.00463929482719,0.0106703781025,0.011598237068,0.0338668522385,0.0259800510322,0.0582231500812,0.0429134771515,0.00556715379262,0.00904662491301,0.0120621665507,0.0556715379262,0.0340988169798,0.0173973556019,0.0276038042218,0.00347947112039,0.00835073068894,0.0357225701693,0.0487125956855,0.038738111807,0.0373463233588,0.0306193458594,0.0213407562051,0.00301554163767,0.011598237068,0.0630944096497,0.00997448387845,0.119229877059,0.0505683136163,0.0178612850847,0.100440733009,0.00603108327534,0.0051032243099,0.0051032243099,0.0150777081884,0.00255161215495,0.00904662491301,0.0,0.00765483646486
0.00669696244917,0.010723112493,0.00597943075819,0.0438890217651,0.0256716893885,0.0353185043451,0.0247947062106,0.00294985250737,0.00601929362991,0.0254723750299,0.0428127242287,0.017021446225,0.0113210555688,0.0099258550586,0.000558080204098,0.0029897153791,0.0133141991549,0.027744558718,0.0281830503069,0.0553296659491,0.0200111616041,0.0252331977996,0.00558080204098,0.00972654069999,0.112174121024,0.0227616997529,0.104958941242,0.102806346169,0.0258311408754,0.113609184406,0.00737463126844,0.00446464163278,0.00546121342582,0.0224826596508,0.00593956788647,0.00817188870286,0.000199314358606,0.00649764809057
0.00442722744881,0.0140195535879,0.00461169525918,0.049252905368,0.0302527209002,0.0494373731784,0.0372624976942,0.00258254934514,0.00682530898358,0.0254565578307,0.0435344032466,0.023611879727,0.0130972145361,0.0151263604501,0.000368935620734,0.00405829182808,0.0193691200885,0.0516509869028,0.0374469655045,0.0427965320052,0.02010699133,0.0193691200885,0.00737871241468,0.00737871241468,0.0804279653201,0.014572957019,0.101826231323,0.081903707803,0.0285925106069,0.109020475927,0.00700977679395,0.00608743774211,0.00276701715551,0.02010699133,0.00479616306954,0.00682530898358,0.0,0.00664084117322
0.00375252573848,0.00619006382501,0.00660701112929,0.0294108213862,0.0176400782578,0.0588216427724,0.0420154591231,0.00356008852112,0.0101029539113,0.0093011321723,0.0210077295616,0.0142403540845,0.0195003046923,0.00987844382437,0.000801821738991,0.00330350556464,0.0235414862568,0.0422720420796,0.0520221944257,0.0236377048655,0.0136630424324,0.0361140511242,0.00670322973796,0.0127008563456,0.0777446358126,0.015876070432,0.11289650085,0.0695019083357,0.0286089996472,0.175791398056,0.00885211199846,0.0056448250425,0.00622213669457,0.0169344751275,0.00481093043395,0.00542031495558,6.41457391193e-05,0.00484300330351
0.00481927710843,0.00619621342513,0.00398328005901,0.0353085812638,0.0212441603147,0.0349151708876,0.0232603884927,0.00304893041554,0.00506515859356,0.0141627735432,0.0273420211458,0.0163757069093,0.00909761494959,0.00909761494959,0.000491762970248,0.00226210966314,0.0151954757807,0.0275879026309,0.0264076715023,0.0332923530858,0.00983525940497,0.0172608802557,0.00427833784116,0.0083107941972,0.109466437177,0.0186378165724,0.0835997049422,0.107499385296,0.0344234079174,0.174575854438,0.0128841898205,0.00708138677158,0.00565527415786,0.0502581755594,0.011802311286,0.0136218342759,0.000147528891075,0.0115072535038
0.00312418640979,0.00559750065087,0.00390523301224,0.0333246550378,0.0182244207238,0.033715178339,0.0235615725072,0.00260348867482,0.00520697734965,0.0121062223379,0.0201770372299,0.0154907576152,0.0113251757355,0.0118458734705,0.000260348867482,0.00390523301224,0.0143191877115,0.026165061182,0.0305909919292,0.0222598281697,0.0102837802656,0.0209580838323,0.00455610518094,0.00741994272325,0.077974485811,0.0160114553502,0.100755011716,0.116506118198,0.0288987242905,0.20945066389,0.0132777922416,0.00768029159073,0.00872168706066,0.0445196563395,0.0111950013017,0.011585524603,0.000260348867482,0.0122363967717
0.00354919415838,0.00610926863327,0.00570198405772,0.0232734043172,0.01320765695,0.0379938325479,0.0278408099145,0.00177459707919,0.00631291092104,0.00721475533834,0.0169895851516,0.0139349508349,0.011956711468,0.00933845348228,0.000785477395706,0.00244370745331,0.0157677314249,0.0261825798569,0.0370047128644,0.0163204747774,0.01137487636,0.0256589282597,0.00343282713679,0.00861115959737,0.0612090533543,0.0125094548205,0.115057892593,0.0971082795136,0.033600977483,0.244661662885,0.019666026648,0.0132367487054,0.0107057659859,0.0325827660441,0.00957118752546,0.0083784255542,0.000349101064758,0.00858206784197
0.00561572402728,0.00561572402728,0.00561572402728,0.0296831127156,0.00962695547533,0.0469314079422,0.0252707581227,0.0,0.00561572402728,0.00681909346169,0.016446048937,0.0100280786201,0.0112314480546,0.0116325711994,0.00160449257922,0.00160449257922,0.0188527878059,0.0220617729643,0.0224628961091,0.0140393100682,0.012434817489,0.0184516646611,0.00481347773767,0.00481347773767,0.0493381468111,0.00962695547533,0.076213397513,0.0661853188929,0.0292819895708,0.224227837946,0.0401123144805,0.0256718812675,0.0280786201364,0.0489370236663,0.0276774969916,0.0377055756117,0.0,0.0256718812675
0.00757134536983,0.00291205591147,0.00582411182295,0.0163075131043,0.0145602795574,0.0506697728596,0.0349446709377,0.00174723354688,0.00524170064065,0.0116482236459,0.0128130460105,0.0104834012813,0.0133954571928,0.00582411182295,0.00291205591147,0.00116482236459,0.0151426907397,0.0291205591147,0.0331974373908,0.0116482236459,0.00990099009901,0.0122306348282,0.000582411182295,0.00757134536983,0.039603960396,0.00698893418754,0.0960978450786,0.0745486313337,0.0326150262085,0.255678509027,0.0285381479324,0.0163075131043,0.0326150262085,0.0349446709377,0.0227140361095,0.019801980198,0.00116482236459,0.0209668025626
0.00828729281768,0.0107044198895,0.00414364640884,0.0296961325967,0.0210635359116,0.0417817679558,0.037638121547,0.00138121546961,0.00725138121547,0.0113950276243,0.0224447513812,0.00932320441989,0.0169198895028,0.00863259668508,0.000690607734807,0.00172651933702,0.0141574585635,0.0331491712707,0.0390193370166,0.0279696132597,0.00966850828729,0.0155386740331,0.00103591160221,0.0120856353591,0.0417817679558,0.0103591160221,0.0928867403315,0.080455801105,0.024861878453,0.19682320442,0.0193370165746,0.00966850828729,0.016229281768,0.0369475138122,0.023135359116,0.0331491712707,0.00863259668508,0.0200276243094
0.00305362159521,0.010870892879,0.00464150482472,0.0373763283254,0.0192988884817,0.0337119824111,0.0257725662636,0.00317576645902,0.00537437400757,0.00940515451325,0.0252839868084,0.0125809209723,0.0100158788323,0.0101380236961,0.000855014046659,0.00232075241236,0.012092341517,0.0234518138512,0.0233296689874,0.0263832905826,0.0113594723342,0.0171002809332,0.00207646268474,0.00830585073898,0.0797605960669,0.0131916452913,0.0666910956394,0.11579333089,0.0357884450959,0.160254061317,0.0252839868084,0.0160009771589,0.0160009771589,0.0526444363015,0.0207646268474,0.0340784170026,0.000610724319042,0.0251618419445
0.00341296928328,0.00834281380356,0.00379218809253,0.0337504740235,0.0219946909367,0.031475161168,0.0193401592719,0.00113765642776,0.00417140690178,0.0102389078498,0.0178232840349,0.00985968904058,0.00455062571104,0.00682593856655,0.000379218809253,0.00113765642776,0.00910125142207,0.0219946909367,0.0140310959424,0.0216154721274,0.00948047023132,0.0155479711794,0.00455062571104,0.00417140690178,0.0656048540008,0.00948047023132,0.0709139173303,0.112627986348,0.0439893818733,0.186575654152,0.0288206295032,0.0155479711794,0.0193401592719,0.070534698521,0.0140310959424,0.0481607887751,0.000379218809253,0.0352673492605
0.00168847615027,0.00928661882651,0.0067539046011,0.0447446179823,0.0329252849304,0.0354579991558,0.0223723089911,0.000844238075137,0.00717602363867,0.0173068805403,0.0202617138033,0.00886449978894,0.00844238075137,0.00759814267623,0.000844238075137,0.00168847615027,0.0113972140144,0.0227944280287,0.0211059518784,0.0375685943436,0.00759814267623,0.0080202617138,0.00337695230055,0.00295483326298,0.080202617138,0.0177289995779,0.0679611650485,0.0966652596032,0.027437737442,0.135078092022,0.0227944280287,0.0278598564795,0.0379907133812,0.0658505698607,0.0223723089911,0.0257492612917,0.00168847615027,0.0295483326298
0.0,0.00265957446809,0.00531914893617,0.0452127659574,0.0212765957447,0.0478723404255,0.0186170212766,0.00797872340426,0.00265957446809,0.00265957446809,0.0531914893617,0.0345744680851,0.00797872340426,0.0186170212766,0.0,0.0106382978723,0.0372340425532,0.0212765957447,0.0132978723404,0.0345744680851,0.0398936170213,0.0239361702128,0.00797872340426,0.0106382978723,0.0585106382979,0.0132978723404,0.0239361702128,0.109042553191,0.031914893617,0.159574468085,0.0132978723404,0.0159574468085,0.0186170212766,0.0452127659574,0.0159574468085,0.0106382978723,0.00797872340426,0.00797872340426
0.00330396475771,0.00991189427313,0.00385462555066,0.0313876651982,0.0137665198238,0.034140969163,0.0291850220264,0.00165198237885,0.00495594713656,0.011013215859,0.0390969162996,0.0203744493392,0.00991189427313,0.0170704845815,0.000550660792952,0.00220264317181,0.0176211453744,0.0286343612335,0.0214757709251,0.0297356828194,0.0203744493392,0.0181718061674,0.00550660792952,0.00715859030837,0.0561674008811,0.00991189427313,0.0660792951542,0.0892070484581,0.034140969163,0.154185022026,0.0176211453744,0.0181718061674,0.0181718061674,0.0638766519824,0.0269823788546,0.0324889867841,0.00165198237885,0.0302863436123
