0.388535031847,0.233545647558,0.0764331210191,0.0828025477707,0.0127388535032,0.0552016985138,0.00849256900212,0.00212314225053,0.00424628450106,0.00212314225053,0.0276008492569,0.00212314225053,0.0,0.00212314225053,0.0,0.0,0.00212314225053,0.00212314225053,0.00424628450106,0.0191082802548,0.0,0.00849256900212,0.0,0.0,0.0106157112527,0.00212314225053,0.00636942675159,0.0254777070064,0.00212314225053,0.00849256900212,0.00424628450106,0.0,0.0,0.00212314225053,0.0,0.0,0.0,0.00424628450106
0.0595207420768,0.248389590312,0.121618139655,0.251739242463,0.039938160268,0.0796186549858,0.0267972172121,0.00231898995104,0.00206132440093,0.0136562741561,0.015459933007,0.00901829425406,0.00592630765267,0.00257665550116,0.0,0.0015459933007,0.00515331100232,0.00592630765267,0.00515331100232,0.0136562741561,0.00412264880186,0.00541097655243,0.00206132440093,0.00257665550116,0.0188095851585,0.00206132440093,0.0121102808554,0.00979129090441,0.00463797990209,0.0188095851585,0.000772996650348,0.000515331100232,0.00231898995104,0.00412264880186,0.000515331100232,0.00128832775058,0.0,0.0
0.035175879397,0.171412618649,0.273590173088,0.0982691233948,0.0111669458403,0.233947515355,0.0295924064768,0.0072585147962,0.0,0.0111669458403,0.0117252931323,0.00781686208822,0.00670016750419,0.00502512562814,0.0,0.000558347292016,0.00558347292016,0.00335008375209,0.0072585147962,0.00335008375209,0.00502512562814,0.00167504187605,0.00279173646008,0.00279173646008,0.0139586823004,0.00279173646008,0.0128419877164,0.00390843104411,0.00167504187605,0.0217755443886,0.000558347292016,0.0,0.00167504187605,0.00558347292016,0.0,0.0,0.0,0.0
0.0248703223416,0.0816042978881,0.0418673582808,0.302102630604,0.0938310485365,0.15163023342,0.0530752130419,0.00430715079659,0.00764171915524,0.0114394220082,0.0328825490923,0.019034827714,0.00778065950352,0.00578918117821,0.000879955539089,0.004677658392,0.0106520933679,0.00699333086328,0.0095405705817,0.0108373471656,0.00717858466099,0.00657650981845,0.00148203038162,0.00389032975176,0.018062245276,0.00412189699889,0.0222304557243,0.0146350500185,0.00532604668396,0.0213505001853,0.0016209707299,0.000926268988514,0.00106520933679,0.00620600222305,0.00101889588737,0.00194516487588,0.0,0.000926268988514
0.013334183999,0.0290289651652,0.0140359831568,0.219854536175,0.0699247160903,0.107120071456,0.0751563098124,0.0118667857599,0.014354982774,0.0210539747352,0.0513589383693,0.0391731529922,0.0173535791757,0.0114201862958,0.00121219854536,0.0129513844583,0.0206711751946,0.017544978946,0.0182467781039,0.0267321679214,0.0146101824678,0.016524180171,0.00389179532985,0.00676279188465,0.0375143549828,0.00631619242057,0.0373867551359,0.0245629705244,0.00874058951129,0.0301773637872,0.00178639785632,0.00121219854536,0.00172259793288,0.00854918974097,0.00248819701416,0.00312619624856,0.0,0.0022329973204
0.00995877719277,0.0260805681401,0.0521203216195,0.130933431289,0.0270193053345,0.280845679768,0.143912493368,0.0102444798172,0.0195910371005,0.00538753520264,0.0163666789111,0.0148565364679,0.0234276151994,0.00555079384515,0.000857107873148,0.00285702624383,0.0220807313987,0.0134688380066,0.0214276968287,0.00632627239705,0.00714256560957,0.0154687563773,0.00163258642504,0.00559160850578,0.019101261173,0.00355087547447,0.040610587323,0.0166931961961,0.00759152687645,0.0365291212604,0.00159177176442,0.00199991837068,0.00195910371005,0.00363250479572,0.00134688380066,0.00118362515816,4.08146606261e-05,0.00102036651565
0.00759416767922,0.0138720129607,0.0229850141758,0.0743215876873,0.0402490886999,0.235925475901,0.144086674767,0.0135682462535,0.0240988254354,0.00445524503848,0.0200486026731,0.0212130417173,0.0365026326448,0.00587282300527,0.000911300121507,0.00561968408262,0.0406034831916,0.0239975698663,0.032401782098,0.00799918995545,0.0112393681652,0.0191373025516,0.00415147833131,0.00612596192791,0.022529364115,0.00516403402187,0.0527541514783,0.0242000810045,0.00956865127582,0.0500202511138,0.00222762251924,0.00187322802754,0.00263264479546,0.00632847306602,0.00192385581207,0.00212636695018,0.0,0.00167071688943
0.00601456157012,0.0115542893321,0.0115542893321,0.0748654637544,0.0466919911364,0.156062044951,0.103038936372,0.00997150997151,0.0193099081988,0.00791389680279,0.031180753403,0.0280151946819,0.0245330800886,0.0151946818613,0.00237416904084,0.0117125672681,0.0440012662235,0.022792022792,0.045584045584,0.0166191832858,0.0137701804368,0.0289648622982,0.00364039252928,0.0104463437797,0.0359290914846,0.00838873061095,0.0672681228237,0.031180753403,0.0164609053498,0.0587211142767,0.00538144982589,0.00443178220956,0.00379867046534,0.0123456790123,0.00332383665717,0.00332383665717,0.0,0.00364039252928
0.00801402454295,0.00951665414475,0.0157776108189,0.0646130728775,0.0323065364388,0.186326070624,0.143250688705,0.00976709241172,0.022539444027,0.00525920360631,0.0320560981718,0.0298021537691,0.022789882294,0.0130227898823,0.00250438266967,0.00425745053844,0.0495867768595,0.0430753819184,0.045830202855,0.0112697220135,0.0115201602805,0.0265464562985,0.00576008014025,0.00826446280992,0.0220385674931,0.00400701227148,0.0671174555472,0.0240420736289,0.00701227147508,0.0468319559229,0.00550964187328,0.00300525920361,0.00450788880541,0.00701227147508,0.0015026296018,0.0022539444027,0.0,0.0015026296018
0.0138398914518,0.029579375848,0.0127544097693,0.132700135685,0.0871099050204,0.0442333785617,0.0282225237449,0.00949796472185,0.00868385345997,0.0461329715061,0.0681139755767,0.0369063772049,0.0146540027137,0.0195386702849,0.00325644504749,0.0116689280868,0.0198100407056,0.0154681139756,0.0173677069199,0.0488466757123,0.0293080054274,0.0260515603799,0.00515603799186,0.0078697421981,0.0746268656716,0.0141112618725,0.042605156038,0.044776119403,0.0103120759837,0.0431478968792,0.00298507462687,0.00135685210312,0.00217096336499,0.0127544097693,0.00298507462687,0.00732700135685,0.0,0.00407055630936
0.0116794988908,0.0191830875636,0.0120709904737,0.101526817173,0.0632258906434,0.0600287093827,0.0405846274305,0.00861281482448,0.0112227587107,0.026490930445,0.0486102048806,0.0371917003784,0.0189873417722,0.0155944147201,0.00221845230328,0.0147461829571,0.0326242985776,0.0276001565966,0.0264256818478,0.0531123580843,0.0146809343599,0.0414328591935,0.00952629518465,0.0161816520945,0.0694897559702,0.0116794988908,0.0527208665014,0.0498499282265,0.00991778676758,0.0557875505677,0.00482839618948,0.00241419809474,0.00489364478664,0.00939579799034,0.00391491582931,0.00574187654965,0.00013049719431,0.0056766279525
0.00675321269342,0.0102281667978,0.00970364542355,0.0955940204563,0.0554681353265,0.0943482821925,0.067597692106,0.00924468922109,0.0166535536323,0.0168502491477,0.0474691843693,0.0207841594545,0.018227117755,0.0167846839759,0.00177025963808,0.0193417256753,0.0290453710989,0.0262916338841,0.0342250196696,0.0264227642276,0.0241935483871,0.0428140571728,0.00858903750328,0.0142276422764,0.0502884867558,0.0117361657488,0.0627458693942,0.0460923157619,0.0154078153685,0.0534356150013,0.00465512719643,0.00393391030685,0.00517964857068,0.0165879884605,0.00452399685287,0.00734329923944,6.55651717808e-05,0.00537634408602
0.00448631673396,0.00986989681472,0.012412142964,0.0598175564528,0.0302826379542,0.14789890833,0.108045461343,0.00463586062509,0.0152534768955,0.0102437565425,0.0348437266338,0.0181695827725,0.0213100044863,0.0109167040526,0.00127112307462,0.00478540451623,0.0248990578735,0.0302826379542,0.0597427845073,0.0161507402423,0.0109914759982,0.0226558995065,0.00515926424406,0.0106923882159,0.0362643935995,0.00852400179453,0.101166442351,0.0373112008374,0.0159264244056,0.0791087184089,0.00672947510094,0.00628084342755,0.00912217735905,0.0112905637805,0.00411245700613,0.00456108867953,0.000224315836698,0.00456108867953
0.00525,0.01175,0.010125,0.072875,0.05275,0.078,0.05525,0.007375,0.014875,0.016875,0.04175,0.0315,0.0205,0.01575,0.0025,0.012,0.039625,0.03125,0.04475,0.03825,0.017875,0.05775,0.005,0.020375,0.04875,0.0165,0.07075,0.046125,0.01175,0.0555,0.005375,0.00425,0.004375,0.015,0.005375,0.007,0.000125,0.005125
0.00593723494487,0.0101781170483,0.0101781170483,0.0407124681934,0.027989821883,0.0754877014419,0.0474978795589,0.00254452926209,0.0144189991518,0.0127226463104,0.0542832909245,0.0262934690416,0.00932994062765,0.0161153519932,0.0101781170483,0.0245971162002,0.0364715860899,0.0381679389313,0.0347752332485,0.0449533502969,0.0373197625106,0.0568278201866,0.0169635284139,0.0356234096692,0.0424088210348,0.0101781170483,0.0924512298558,0.0474978795589,0.0161153519932,0.0474978795589,0.00508905852417,0.0127226463104,0.00678541136556,0.00763358778626,0.00848176420696,0.00932994062765,0.0,0.00424088210348
0.0037037037037,0.0123456790123,0.0117283950617,0.0685185185185,0.0401234567901,0.133333333333,0.091975308642,0.0114197530864,0.0154320987654,0.012962962963,0.0361111111111,0.0302469135802,0.025,0.0135802469136,0.000617283950617,0.00802469135802,0.0163580246914,0.0194444444444,0.0453703703704,0.0287037037037,0.0141975308642,0.0324074074074,0.00740740740741,0.0163580246914,0.0453703703704,0.00895061728395,0.0719135802469,0.0509259259259,0.0231481481481,0.0567901234568,0.0070987654321,0.00864197530864,0.00277777777778,0.0114197530864,0.00277777777778,0.0070987654321,0.000308641975309,0.00740740740741
0.00410818212941,0.00975693255734,0.0107839780897,0.0492125984252,0.0289284491612,0.120592262924,0.0911502909962,0.00659020883259,0.019428277987,0.0085587127696,0.0426223895926,0.0290996234166,0.0200273878809,0.0168606641561,0.00128380691544,0.00368024649093,0.0208832591578,0.0254193769257,0.0666723724752,0.0172030126669,0.0161759671345,0.0409962341664,0.00684697021568,0.0112975008559,0.0381718589524,0.00958575830195,0.115029099623,0.0320095857583,0.0145498117083,0.0849024306744,0.00530640191715,0.00385142074632,0.00676138308798,0.00950017117426,0.00368024649093,0.00445053064019,0.0,0.00402259500171
0.00410594960148,0.00853393446582,0.00756782867724,0.0503180098221,0.0274535061589,0.100877546091,0.067868931648,0.00676274052009,0.0163432895902,0.00974156670155,0.0334111585219,0.0239111182675,0.0269704532646,0.0123983576202,0.00128814105145,0.00265679091861,0.023750100636,0.021495853796,0.0492713952178,0.0282585943161,0.0261653651075,0.0417840753563,0.00547459946864,0.0160212543273,0.0482247806135,0.0103856372273,0.126720875936,0.0442798486434,0.0179534659045,0.0962080347798,0.0052330730215,0.00587714354722,0.00692375815152,0.0131229369616,0.00305933499718,0.00571612591579,0.000322035262861,0.00354238789147
0.0045759906533,0.00564696718917,0.00924934280985,0.0309609580372,0.0177197935936,0.0785707331321,0.0650374841788,0.00623113620874,0.0194723006523,0.00788628176419,0.023464122286,0.0173303475806,0.0298899815013,0.0117807418947,0.00107097653588,0.00262876058806,0.0437153149645,0.0455651835264,0.0400155778405,0.0218089767306,0.0198617466654,0.0434232304547,0.00652322071853,0.0153831175153,0.0528672962711,0.0110018498686,0.128906630318,0.0529646577743,0.0202511926784,0.132022198423,0.0058416901957,0.00545224418265,0.00516015967287,0.0096387888229,0.00301820660111,0.00214195307176,0.0,0.00292084509785
0.0101513473606,0.015688445921,0.0122739018088,0.0698597268365,0.0512181616833,0.0633074935401,0.0408822443706,0.00581395348837,0.00645994832041,0.0281469176818,0.0813030638612,0.0282392026578,0.0147655961609,0.0188261351052,0.00193798449612,0.00516795865633,0.0269472129937,0.0437430786268,0.030546327058,0.0478036175711,0.0261166482097,0.0191952750092,0.00599852344038,0.0143041712809,0.0812107788852,0.0139350313769,0.061738648948,0.0492801771872,0.015873015873,0.0683831672204,0.00452196382429,0.0031376891842,0.00359911406423,0.0143964562569,0.0031376891842,0.00516795865633,9.22849760059e-05,0.00682908822444
0.00891840607211,0.0166982922201,0.011385199241,0.0669829222011,0.0462998102467,0.0776091081594,0.0447817836812,0.00645161290323,0.00929791271347,0.0254269449715,0.053320683112,0.0375711574953,0.0132827324478,0.0172675521822,0.00189753320683,0.0100569259962,0.0352941176471,0.0373814041746,0.0349146110057,0.0559772296015,0.0161290322581,0.0288425047438,0.00740037950664,0.019165085389,0.0692599620493,0.0184060721063,0.076660341556,0.0377609108159,0.0127134724858,0.0679316888046,0.00512333965844,0.00360531309298,0.00151802656546,0.00948766603416,0.00284629981025,0.00645161290323,0.000379506641366,0.00550284629981
0.00596703921197,0.0117446486077,0.00767190755825,0.0394014017806,0.0292669066111,0.0705626065543,0.0505777609396,0.00672475847698,0.0113657889752,0.0191324114416,0.0548399318053,0.0360863799962,0.0200795605228,0.0213108543285,0.00217844288691,0.00899791627202,0.0340973669256,0.055408221254,0.0555976510703,0.0394014017806,0.0238681568479,0.0211214245122,0.00483046031445,0.00795605228263,0.0592915324872,0.0107974995264,0.0944307634022,0.047168024247,0.0166698238303,0.0864747111195,0.00511460503883,0.00445160068195,0.00445160068195,0.0150596703921,0.00388331123319,0.0078613373745,0.000378859632506,0.00577760939572
0.0034096444228,0.00876765708719,0.0112031173892,0.0457866536775,0.0345835362884,0.0711154408183,0.0560155869459,0.0107160253288,0.0102289332684,0.00974184120799,0.0433511933755,0.0326351680468,0.0214320506576,0.0141256697516,0.000974184120799,0.00487092060399,0.0336093521676,0.0336093521676,0.0501704822211,0.0336093521676,0.0180224062348,0.0258158792012,0.0126643935704,0.00925474914759,0.0657574281539,0.0131514856308,0.103263516805,0.0608865075499,0.0258158792012,0.0798830979055,0.00584510472479,0.00779347296639,0.00487092060399,0.0180224062348,0.00925474914759,0.00584510472479,0.0,0.0038967364832
0.00298028427327,0.0116918844567,0.0114626318203,0.03507565337,0.0215497478221,0.0580009170105,0.0414947271894,0.00802384227419,0.00733608436497,0.0146721687299,0.0563961485557,0.0396607060981,0.024300779459,0.0302613480055,0.00343878954608,0.00298028427327,0.042411737735,0.052040348464,0.0364511691884,0.0309491059147,0.0293443374599,0.0165061898212,0.00527281063732,0.0128381476387,0.0566254011921,0.0103163686382,0.116231086657,0.0492893168271,0.0220082530949,0.103622191655,0.00894085281981,0.00389729481889,0.00596056854654,0.010774873911,0.00275103163686,0.00802384227419,0.000229252636405,0.00618982118294
0.00708243959691,0.0109271925209,0.00825610101582,0.0471083410903,0.0257396090493,0.0349265449836,0.0269537415517,0.00327815775628,0.00578736492776,0.0244850054636,0.0441134809179,0.0187381116192,0.008175158849,0.0112104901048,0.000728479501396,0.00319721558946,0.0133554575256,0.0288154113886,0.0294629487231,0.0591687239467,0.0232304018779,0.0231899307944,0.0059492492614,0.0101582419361,0.110121817961,0.0217734428751,0.0990732121899,0.0973734266866,0.0262252620503,0.112671496216,0.00760856368125,0.0044518191752,0.00465417459225,0.0220162693755,0.00615160467846,0.00789186126513,0.000161884333644,0.00578736492776
0.00781860828772,0.0103596559812,0.00996872556685,0.0471071149335,0.028342455043,0.0521892103206,0.034401876466,0.0027365129007,0.00820953870211,0.0216966379984,0.038506645817,0.0220875684128,0.0148553557467,0.0127052384676,0.000977326035966,0.000977326035966,0.0152462861611,0.0416340891321,0.039483971853,0.0406567630962,0.0281469898358,0.0254104769351,0.00586395621579,0.00723221266615,0.0787724784988,0.0134870992963,0.106724003127,0.0916731821736,0.028342455043,0.113565285379,0.0084050039093,0.00390930414386,0.00312744331509,0.0203283815481,0.00547302580141,0.0056684910086,0.000586395621579,0.00332290852228
0.00385381206243,0.00658359560665,0.00806089023059,0.0310231871026,0.0171173485773,0.0583531376453,0.0416532853748,0.00353266105723,0.010373177468,0.00854261673839,0.0209390455392,0.0163465861648,0.0184019525981,0.0100199113623,0.00147729462393,0.00356477615775,0.0255315049136,0.0419423212795,0.056233541011,0.0216455777507,0.0138737234248,0.0365148692915,0.00520264628428,0.0123321985998,0.0749887597148,0.0139379536258,0.116449354486,0.0710707174513,0.0281649431563,0.166099299891,0.00960241505556,0.00613398419937,0.00616609929989,0.0165392767679,0.00549168218897,0.00584494829469,0.000417496306763,0.00597340869677
0.00402048533001,0.00765806729527,0.0052170583449,0.0374766668262,0.0202460154119,0.0348920691141,0.0246972670272,0.00268032355334,0.00430766285359,0.0117742784665,0.0275211793424,0.0155554491935,0.00885464031015,0.0111520604987,0.00110084717369,0.00325467860049,0.0149810941464,0.0267553726128,0.0256066625185,0.0334083185756,0.0119178672283,0.0202460154119,0.00454697745656,0.00756234145408,0.108026611784,0.0196237974441,0.0895993873546,0.105011247786,0.0347006174317,0.166610826593,0.0116785526253,0.00775379313646,0.00746661561288,0.0451347341215,0.0112956492605,0.0161298042407,0.000430766285359,0.0111041975781
0.00304918467453,0.00609836934907,0.00344690441469,0.0331433116797,0.016041362853,0.036325069601,0.0291661142781,0.00265146493438,0.00556807636219,0.0070263820761,0.017897388307,0.0174996685669,0.00795439480313,0.0114012992178,0.000928012727032,0.00251889168766,0.0155110698661,0.0228025984356,0.0274426620708,0.0181625348005,0.0112687259711,0.0285032480445,0.00543550311547,0.00782182155641,0.0798090945247,0.0120641654514,0.102479119714,0.112819832958,0.0324804454461,0.207742277608,0.0197534137611,0.00848468779,0.00928012727032,0.0422908657033,0.0114012992178,0.0110035794777,0.000132573246719,0.0125944584383
0.00342317981762,0.00595460690965,0.00667376233352,0.024796479015,0.0128584989788,0.0399562753502,0.028651152087,0.00256019330898,0.00644363259788,0.00690389206915,0.0187268072376,0.0141242125248,0.0138077841383,0.010844863792,0.000460259471277,0.00284785547853,0.017835054512,0.0272416074562,0.0345482265627,0.0153611598539,0.0106435002733,0.0262635560797,0.00325058251589,0.00903259212381,0.0615021718494,0.0119667462532,0.118631878722,0.0978626700803,0.0332825130167,0.232689928947,0.0192445991428,0.0119955124702,0.0116790840837,0.0302908264534,0.010844863792,0.00759428127607,0.000460259471277,0.00874492995426
0.00683554483313,0.0132689987937,0.00361881785283,0.0233212706072,0.0124648170487,0.0357860876558,0.0289505428227,0.00120627261761,0.00723763570567,0.00804181745074,0.0245275432248,0.0116606353036,0.00763972657821,0.00924809006836,0.00120627261761,0.00160836349015,0.0100522718134,0.0172899075191,0.0225170888621,0.0184961801367,0.0100522718134,0.021712907117,0.0032167269803,0.00844390832328,0.0454362685967,0.0100522718134,0.0663449939686,0.0784077201448,0.0257338158424,0.233212706072,0.0398069963812,0.0249296340973,0.0313630880579,0.0402090872537,0.0209087253719,0.0418174507439,0.00160836349015,0.0317651789304
0.0105571847507,0.0058651026393,0.00879765395894,0.0222873900293,0.0158357771261,0.0545454545455,0.0381231671554,0.00117302052786,0.00762463343109,0.00645161290323,0.0175953079179,0.00703812316716,0.0129032258065,0.00410557184751,0.0,0.00117302052786,0.0146627565982,0.0281524926686,0.033431085044,0.0123167155425,0.00351906158358,0.00762463343109,0.0058651026393,0.00527859237537,0.0480938416422,0.00821114369501,0.0815249266862,0.0709677419355,0.0222873900293,0.258651026393,0.0340175953079,0.0111436950147,0.0328445747801,0.0346041055718,0.0205278592375,0.0258064516129,0.00703812316716,0.0193548387097
0.00996441281139,0.00889679715302,0.00498220640569,0.0309608540925,0.0217081850534,0.0540925266904,0.0387900355872,0.00106761565836,0.00604982206406,0.00925266903915,0.0202846975089,0.011743772242,0.00960854092527,0.00533807829181,0.0,0.00142348754448,0.0195729537367,0.0252669039146,0.0334519572954,0.0202846975089,0.0131672597865,0.0163701067616,0.00142348754448,0.00427046263345,0.0615658362989,0.0110320284698,0.0861209964413,0.085409252669,0.0213523131673,0.200711743772,0.0209964412811,0.0185053380783,0.0128113879004,0.0391459074733,0.0259786476868,0.0288256227758,0.00427046263345,0.0153024911032
0.0039821407023,0.00856763605647,0.00362012791119,0.0380113430675,0.0190660069989,0.0384940267889,0.025582237239,0.00241341860746,0.00482683721491,0.00953300349946,0.0207554000241,0.014239169784,0.00989501629058,0.0114637383854,0.000362012791119,0.00386146977193,0.014239169784,0.0222034511886,0.0247375407264,0.0290816942199,0.00820562326536,0.0188246651382,0.00362012791119,0.00506817907566,0.0736092675275,0.0144805116447,0.0687824303125,0.114516712924,0.0345118860866,0.163388439725,0.0230481477012,0.0168939302522,0.0156872209485,0.0536985640159,0.0231688186316,0.0287196814287,0.000362012791119,0.028478339568
0.00533223954061,0.00656275635767,0.00697292863002,0.0360951599672,0.0229696472518,0.0348646431501,0.0168170631665,0.00205086136177,0.00369155045119,0.0114848236259,0.012715340443,0.0143560295324,0.0110746513536,0.0045118949959,0.0,0.00246103363413,0.0102543068089,0.0213289581624,0.019688269073,0.032403609516,0.00984413453651,0.01394585726,0.00287120590648,0.00533223954061,0.0721903199344,0.01394585726,0.059064807219,0.105414273995,0.0414273995078,0.176374077112,0.0221493027071,0.0237899917966,0.0209187858901,0.0652173913043,0.0151763740771,0.0484003281378,0.0,0.0283018867925
0.00262008733624,0.00524017467249,0.00131004366812,0.0410480349345,0.0384279475983,0.0393013100437,0.0314410480349,0.00131004366812,0.00829694323144,0.0139737991266,0.0262008733624,0.0144104803493,0.0144104803493,0.00436681222707,0.0,0.000873362445415,0.0152838427948,0.0165938864629,0.0213973799127,0.0371179039301,0.00873362445415,0.0056768558952,0.00305676855895,0.00349344978166,0.0733624454148,0.0139737991266,0.0707423580786,0.106986899563,0.0248908296943,0.122707423581,0.0222707423581,0.0270742358079,0.0375545851528,0.0628820960699,0.0196506550218,0.0305676855895,0.00262008733624,0.0301310043668
0.0,0.00335570469799,0.010067114094,0.0436241610738,0.0201342281879,0.0436241610738,0.0335570469799,0.0,0.00335570469799,0.00335570469799,0.0704697986577,0.0134228187919,0.0234899328859,0.010067114094,0.00335570469799,0.0,0.0234899328859,0.0201342281879,0.00671140939597,0.0335570469799,0.0201342281879,0.0201342281879,0.0,0.0134228187919,0.0469798657718,0.0134228187919,0.0604026845638,0.0973154362416,0.0167785234899,0.174496644295,0.0469798657718,0.0234899328859,0.0167785234899,0.0302013422819,0.00335570469799,0.0134228187919,0.00671140939597,0.0302013422819
0.00501113585746,0.010579064588,0.00556792873051,0.0445434298441,0.0116926503341,0.0395322939866,0.021714922049,0.00278396436526,0.00668151447661,0.00668151447661,0.0283964365256,0.0172605790646,0.00835189309577,0.0100222717149,0.0,0.00389755011136,0.0167037861915,0.0228285077951,0.0144766146993,0.0300668151448,0.0133630289532,0.0155902004454,0.00668151447661,0.00890868596882,0.0707126948775,0.0100222717149,0.0523385300668,0.104120267261,0.03285077951,0.168708240535,0.0161469933185,0.0161469933185,0.0256124721604,0.0590200445434,0.0244988864143,0.0350779510022,0.00389755011136,0.0295100222717
