0.440559440559,0.235431235431,0.0629370629371,0.0722610722611,0.025641025641,0.032634032634,0.016317016317,0.0,0.0,0.002331002331,0.016317016317,0.00699300699301,0.004662004662,0.004662004662,0.0,0.0,0.002331002331,0.0,0.0,0.011655011655,0.0,0.0,0.0,0.004662004662,0.013986013986,0.0,0.030303030303,0.004662004662,0.004662004662,0.004662004662,0.0,0.0,0.0,0.002331002331,0.0,0.0,0.0,0.0
0.0521962350257,0.278379920137,0.138334284084,0.243011979464,0.0256702795208,0.0710211066743,0.0171135196805,0.00114090131204,0.00427837992014,0.00884198516828,0.0179691956646,0.00884198516828,0.00684540787222,0.00541928123217,0.0,0.000570450656018,0.00656018254421,0.0031374786081,0.00741585852824,0.0122646891044,0.00827153451226,0.00598973188819,0.000855675984027,0.0062749572162,0.00884198516828,0.00142612664005,0.0114090131204,0.0156873930405,0.00598973188819,0.0168282943525,0.00171135196805,0.000285225328009,0.00114090131204,0.00142612664005,0.00199657729606,0.00256702795208,0.0,0.000285225328009
0.0285252960172,0.165231431647,0.286329386437,0.0925726587729,0.0182992465016,0.213670613563,0.0339074273412,0.0037674919268,0.0048439181916,0.0043057050592,0.0102260495156,0.0113024757804,0.0113024757804,0.0059203444564,0.0,0.0016146393972,0.00645855758881,0.0043057050592,0.002691065662,0.005382131324,0.00645855758881,0.005382131324,0.0021528525296,0.0032292787944,0.0156081808396,0.0,0.01345532831,0.00807319698601,0.0032292787944,0.024219590958,0.0016146393972,0.0,0.0021528525296,0.0037674919268,0.0,0.0,0.0,0.0
0.0278409916235,0.0855565777369,0.0405752190965,0.294969253861,0.0892848496586,0.148743523943,0.0588776448942,0.00295356606788,0.00798915411805,0.0107006246066,0.0297293371423,0.017818234639,0.00750496295938,0.00634290417857,0.000774705853871,0.00459981600736,0.0109911393018,0.00866702174018,0.0125405510095,0.0118142642715,0.00808599234978,0.00837650704498,0.00169466905534,0.00411562484869,0.0189802934198,0.00338933811069,0.0216917639084,0.0150583450346,0.00576187478817,0.0239674623541,0.00174308817121,0.000919963201472,0.000823124969738,0.00319566164722,0.00106522054907,0.00179150728708,0.0,0.00106522054907
0.0151398511676,0.0272004105722,0.0140492686682,0.203746471645,0.068129330254,0.118103669489,0.085771105979,0.00866050808314,0.0166153451373,0.0211059789582,0.052861175263,0.0359250705671,0.0187323582243,0.0144983320503,0.00211701308699,0.0114831921991,0.0225173210162,0.0171285604311,0.0187323582243,0.0256607646908,0.0155889145497,0.0137926610213,0.00340005132153,0.0064151911727,0.0357326148319,0.00590197587888,0.0344495765974,0.0276494739543,0.00949448293559,0.0303438542469,0.00153964588145,0.00153964588145,0.00160379779317,0.00763407749551,0.00263022838081,0.00282268411599,0.0,0.00128303823454
0.0112024534651,0.0260254717383,0.053115815479,0.132853431018,0.0320313498318,0.279976146867,0.144694807684,0.0108190995442,0.0211696554074,0.00430208288964,0.0151211824339,0.0146526387528,0.0218511734889,0.00566511905269,0.00046854368105,0.00238531328534,0.0207011117264,0.0145674489926,0.0208714912468,0.00796524257784,0.0065170166546,0.0132896025898,0.00315202112706,0.00494100609107,0.0173361161988,0.00362056480811,0.037952038165,0.0152489670742,0.00711334497593,0.0358648890403,0.00221493376496,0.00170379520382,0.00204455424458,0.00489841121097,0.00144822592324,0.00149082080334,4.25948800954e-05,0.000681518081527
0.00785579768631,0.0163572773742,0.0205004035513,0.0822168415389,0.0425073984396,0.242238364272,0.135754640839,0.0111918213613,0.028517621738,0.00425073984396,0.0179176755448,0.0224912563896,0.0360505784235,0.00726392251816,0.000699488835082,0.0046811945117,0.0343287597525,0.0225988700565,0.0324455205811,0.00914716168953,0.0102771051924,0.0185633575464,0.00360505784235,0.00645682001614,0.0243744955609,0.00441216034436,0.0531073446328,0.0228679042238,0.0102771051924,0.0470271724509,0.00247511433952,0.00177562550444,0.00322841000807,0.00597255851493,0.00290556900726,0.00188323917137,0.0,0.00177562550444
0.00519390581717,0.0122922437673,0.0138504155125,0.0709833795014,0.0465720221607,0.138504155125,0.107860110803,0.00831024930748,0.0157548476454,0.00934903047091,0.0351454293629,0.0251038781163,0.021987534626,0.0131578947368,0.00242382271468,0.0161011080332,0.047783933518,0.0335872576177,0.0431094182825,0.0188711911357,0.0161011080332,0.0271814404432,0.00571329639889,0.01108033241,0.0351454293629,0.00917590027701,0.0718490304709,0.034972299169,0.0136772853186,0.0554016620499,0.00554016620499,0.00277008310249,0.00571329639889,0.00796398891967,0.00346260387812,0.00484764542936,0.000173130193906,0.00328947368421
0.00757377905458,0.0120135805693,0.0130582397493,0.0579785844868,0.0438756855576,0.191433794724,0.147035779577,0.0104465917994,0.0172368764691,0.00757377905458,0.0339514233481,0.0308174458083,0.0295116218334,0.0146252285192,0.00104465917994,0.00522329589971,0.0464873335074,0.036040741708,0.0376077304779,0.00835727343954,0.00940193261948,0.0263776442935,0.0054844606947,0.00809610864455,0.0219378427788,0.00470096630974,0.0626795507966,0.018803865239,0.0107077565944,0.0504048054322,0.00470096630974,0.00235048315487,0.00391747192478,0.00783494384957,0.00208931835989,0.00522329589971,0.000522329589971,0.00287281274484
0.0174356223176,0.0348712446352,0.0136802575107,0.113197424893,0.0912017167382,0.0517703862661,0.0321888412017,0.0056330472103,0.00912017167382,0.0388948497854,0.0619635193133,0.0289699570815,0.00777896995708,0.0201180257511,0.00134120171674,0.00777896995708,0.0177038626609,0.0190450643777,0.0163626609442,0.0512339055794,0.0346030042918,0.0284334763948,0.00509656652361,0.0112660944206,0.0767167381974,0.0134120171674,0.0445278969957,0.0504291845494,0.00885193133047,0.0549892703863,0.00241416309013,0.00241416309013,0.00429184549356,0.00992489270386,0.00429184549356,0.00268240343348,0.000536480686695,0.00482832618026
0.0157795437654,0.0196672574467,0.0114344520039,0.103881996455,0.0604310788405,0.070664913384,0.044251329255,0.00840432222286,0.0120061746041,0.0221828368875,0.0416785775542,0.0389343090732,0.0202389800469,0.0108055571437,0.00148647876051,0.0158938882854,0.0331599108113,0.02955805843,0.0227545594877,0.0538562689383,0.0165227831456,0.0492253158767,0.00806128866274,0.0156080269853,0.0700360185238,0.0149219598651,0.0451089131553,0.0465382196558,0.0110914184438,0.0477388371162,0.00405923046138,0.00388771368132,0.00297295752101,0.0122348636442,0.00274426848093,0.00743239380253,0.000114344520039,0.00463095306157
0.00807922856398,0.0112066718791,0.0086004691165,0.0897185301016,0.0587698722961,0.0891321344801,0.0670445660672,0.0095126400834,0.0190252801668,0.0158326817826,0.0471722700026,0.0226739640344,0.0185691946833,0.0197419859265,0.00156372165754,0.0203283815481,0.0334897054991,0.030362262184,0.0330336200156,0.0258014073495,0.0224784988272,0.0489966119364,0.00990357049778,0.0134870992963,0.0447615324472,0.0119885327078,0.061701850404,0.0459343236904,0.0158326817826,0.0522543653896,0.0056684910086,0.00436538962731,0.00560333593954,0.0123794631222,0.00514725045609,0.0056684910086,0.000195465207193,0.00397445921293
0.00408472012103,0.0108925869894,0.0130862329803,0.0555219364599,0.0298789712557,0.156127080182,0.105143721634,0.00438729198185,0.0145234493192,0.0114220877458,0.0337367624811,0.0236006051437,0.0164145234493,0.0102874432678,0.00189107413011,0.00431164901664,0.0247352496218,0.0305597579425,0.0619515885023,0.0165658093797,0.0139183055976,0.0257186081694,0.00468986384266,0.0100605143722,0.0384266263238,0.00869894099849,0.103479576399,0.0376701966717,0.0125567322239,0.0720121028744,0.00680786686838,0.00514372163389,0.00801815431165,0.0110438729198,0.00438729198185,0.00431164901664,0.000302571860817,0.0036308623298
0.00558591378264,0.0121432908318,0.0102003642987,0.0727383120826,0.0466302367942,0.085488767456,0.0666666666667,0.0120218579235,0.0150576806315,0.0165148755313,0.0324225865209,0.0384942319369,0.0258652094718,0.0139647844566,0.00121432908318,0.0131147540984,0.0428658166363,0.0336369156041,0.0395871281117,0.0321797207043,0.0159077109897,0.0570734669095,0.00595021250759,0.0225865209472,0.0428658166363,0.01372191864,0.0737097753491,0.0394656952034,0.0134790528233,0.0586520947177,0.005343047966,0.00218579234973,0.00388585306618,0.0150576806315,0.00340012143291,0.00461445051609,0.0,0.00570734669095
0.00563607085346,0.00644122383253,0.00402576489533,0.0450885668277,0.0330112721417,0.0901771336554,0.0571658615137,0.0024154589372,0.0128824476651,0.0128824476651,0.0499194847021,0.0152979066023,0.0169082125604,0.0128824476651,0.00885668276973,0.0112721417069,0.036231884058,0.0418679549114,0.0475040257649,0.0297906602254,0.0305958132045,0.0619967793881,0.012077294686,0.0281803542673,0.0346215780998,0.0225442834138,0.0958132045089,0.036231884058,0.0257648953301,0.061191626409,0.00644122383253,0.0104669887279,0.012077294686,0.00885668276973,0.00161030595813,0.00724637681159,0.0,0.00402576489533
0.000973393900065,0.0103828682674,0.0139519792343,0.0609993510707,0.0360155743024,0.148604802077,0.0743024010383,0.014600908501,0.0171966255678,0.0158987670344,0.0412070084361,0.0269305645685,0.0236859182349,0.0126541207008,0.00064892926671,0.00908500973394,0.0262816353018,0.0207657365347,0.0463984425698,0.024659312135,0.0194678780013,0.0360155743024,0.00389357560026,0.0126541207008,0.0425048669695,0.00454250486697,0.0898767034393,0.0395846852693,0.0162232316677,0.0645684620376,0.00616482803374,0.00486696950032,0.00389357560026,0.0113562621674,0.00421804023361,0.00811161583387,0.0,0.00681375730045
0.00317892824705,0.00971843778383,0.0114441416894,0.0436875567666,0.0270663033606,0.128792007266,0.0821980018165,0.00590372388738,0.0188010899183,0.00971843778383,0.0375113533152,0.027974568574,0.0194368755677,0.0169845594914,0.00290644868302,0.0039055404178,0.019527702089,0.0255222524977,0.0765667574932,0.0211625794732,0.0178019981835,0.0389645776567,0.00799273387829,0.0138056312443,0.035876475931,0.00871934604905,0.109536784741,0.0360581289737,0.0140781108084,0.0798365122616,0.00608537693006,0.00663033605813,0.00526793823797,0.0121707538601,0.00426884650318,0.005540417802,0.0,0.00535876475931
0.00488629956775,0.00911482803984,0.0112760759256,0.0514940800601,0.0282841571133,0.109847772975,0.0693478669423,0.00629580905845,0.0170080811877,0.0109941740274,0.0373989851532,0.0237737267431,0.0303514376997,0.0124976508175,0.00178537868822,0.00310092087953,0.0256530727307,0.0194512309716,0.0393722984401,0.0263108438263,0.0263108438263,0.0485810937794,0.00535613606465,0.0172899830859,0.0435068596129,0.0093027626386,0.120372110506,0.041815448224,0.0161623754933,0.0880473595189,0.00657771095659,0.00657771095659,0.00751738395039,0.0117459124225,0.00300695358015,0.00413456117271,0.000375869197519,0.00507423416651
0.00438238891154,0.00468813697513,0.00774561761109,0.0310843864656,0.0165103954342,0.0876477782307,0.0671626579698,0.00540154912352,0.0166123114554,0.0070322054627,0.0257847533632,0.0136567468406,0.0364859355891,0.00927435792907,0.00101916021199,0.00315939665715,0.0447411333062,0.0396453322462,0.0391357521402,0.0198736241337,0.0201793721973,0.0394415002038,0.0066245413779,0.0147778230738,0.054932735426,0.0109050142682,0.137382796576,0.041581736649,0.0218100285365,0.136261720342,0.00560538116592,0.00519771708113,0.00468813697513,0.00978393803506,0.00326131267835,0.00377089278435,0.000407664084794,0.00234406848757
0.0100552586285,0.0187516985234,0.0110517256998,0.0659480025365,0.0445692544615,0.0697526949905,0.0429386719812,0.00579762659661,0.00923996738835,0.0336081166772,0.0796267777878,0.0297128363076,0.016305824803,0.0145846544071,0.00135881873358,0.00534468701875,0.0218316876529,0.0476492435909,0.0353292870731,0.0479210073376,0.0214693359906,0.0217410997373,0.0111423136154,0.0108705498686,0.076637376574,0.0105081982064,0.0675785850168,0.0488268864933,0.0132258356735,0.0624150738292,0.00507292327204,0.00253646163602,0.00579762659661,0.0152187698161,0.00362351662288,0.00688468158348,0.000181175831144,0.00489174744089
0.0125120307988,0.0173243503369,0.0117420596728,0.0592877767084,0.0400384985563,0.0679499518768,0.0483156881617,0.00750721847931,0.00750721847931,0.0327237728585,0.0631376323388,0.0383060635226,0.0190567853705,0.014051973051,0.00346487006737,0.00808469682387,0.0290664100096,0.0379210779596,0.0331087584216,0.0550529355149,0.0130895091434,0.0394610202117,0.00769971126083,0.0227141482194,0.0712223291627,0.0169393647738,0.0706448508181,0.037343599615,0.0117420596728,0.0617901828681,0.0055822906641,0.00327237728585,0.00365736284889,0.0109720885467,0.00250240615977,0.00673724735322,0.000192492781521,0.00827718960539
0.00463797990209,0.0108219531049,0.00867474018724,0.0371897277334,0.0264536631452,0.0760972258009,0.0580606372928,0.00506742248561,0.009619513871,0.0194108047754,0.0529932148072,0.0374473932835,0.0208709095594,0.0249076698445,0.00420853731856,0.00523919951902,0.0389074980675,0.0620973975779,0.0561710899253,0.0310057545306,0.0182083655415,0.0190672507086,0.00403676028515,0.00704285836984,0.0559134243752,0.010478399038,0.106329983681,0.0435454779696,0.0143433822898,0.0899252769905,0.00463797990209,0.00463797990209,0.00395087176844,0.0126256119557,0.00403676028515,0.00472386841879,0.000429442583527,0.00618397320278
0.00537345513165,0.0134336378291,0.00698549167114,0.0542718968297,0.0295540032241,0.0789897904352,0.0628694250403,0.00429876410532,0.012896292316,0.0139709833423,0.0397635679742,0.0311660397636,0.0274046211714,0.0236432025793,0.00376141859215,0.00322407307899,0.0435249865664,0.0306286942504,0.0333154218162,0.0290166577109,0.0134336378291,0.0370768404084,0.0123589468028,0.00752283718431,0.0569586243955,0.0112842557765,0.0924234282644,0.055346587856,0.0182697474476,0.0967221923697,0.00806018269747,0.00537345513165,0.00752283718431,0.012896292316,0.00322407307899,0.00644814615798,0.0,0.00698549167114
0.00578168362627,0.00925069380204,0.0122571692877,0.0335337650324,0.0224329324699,0.0689176688252,0.0358464384829,0.00485661424607,0.0106382978723,0.0164199814986,0.0645235892692,0.0367715078631,0.0261332099907,0.0268270120259,0.00439407955597,0.00971322849214,0.040703052729,0.054347826087,0.0390841813136,0.0282146160962,0.0261332099907,0.0145698427382,0.00439407955597,0.0143385753932,0.0550416281221,0.0111008325624,0.117021276596,0.0434782608696,0.0187326549491,0.0978260869565,0.00323774283071,0.00624421831637,0.00670675300648,0.0148011100833,0.00277520814061,0.00578168362627,0.000462534690102,0.00670675300648
0.00909554573274,0.0121557293438,0.00735294117647,0.0525756545393,0.0272866371982,0.0379122747365,0.0256715402924,0.00348520911255,0.00701292077525,0.0255865351921,0.0468803128188,0.0175535532132,0.00794797687861,0.0130057803468,0.000977558653519,0.00297517851071,0.0133883032982,0.029709282557,0.0280941856511,0.0590360421625,0.0184461067664,0.0255865351921,0.00565283917035,0.00947806868412,0.103748724923,0.0214212852771,0.100858551513,0.0927405644339,0.0232488949337,0.10846650799,0.00824549472968,0.00437776266576,0.00467528051683,0.0247364841891,0.00586535192112,0.00782046922815,8.5005100306e-05,0.00684291057463
0.0093550955414,0.0135350318471,0.0107484076433,0.0509554140127,0.0272691082803,0.0511544585987,0.0396098726115,0.00298566878981,0.00736464968153,0.0177149681529,0.0412022292994,0.0224920382166,0.015525477707,0.0135350318471,0.000796178343949,0.00238853503185,0.0195063694268,0.0400079617834,0.0368232484076,0.0392117834395,0.0254777070064,0.0246815286624,0.00537420382166,0.00975318471338,0.0758359872611,0.0135350318471,0.108479299363,0.0808121019108,0.0250796178344,0.114251592357,0.00796178343949,0.00437898089172,0.00577229299363,0.0193073248408,0.00398089171975,0.00716560509554,0.0,0.00597133757962
0.00371969445367,0.00727333111923,0.00680836931252,0.032248422451,0.0179010295583,0.0607771504484,0.0441381600797,0.00381932912654,0.00983062105613,0.00780471604118,0.0236466290269,0.0170043175025,0.0181667220193,0.00916638990369,0.000896712055795,0.00348721355032,0.0246429757556,0.0434407173696,0.0560943208236,0.0239787446031,0.0127864496845,0.036997675191,0.00650946529392,0.0107273331119,0.0758219860511,0.0143141813351,0.117436067752,0.0664563268017,0.0256061109266,0.164563268017,0.00883427432747,0.0058784456991,0.00687479242776,0.0165725672534,0.00405181002989,0.00581202258386,0.000199269345732,0.00571238791099
0.00456363208657,0.00658668548577,0.00409315455187,0.0359444836509,0.0224417784051,0.038955539873,0.0281345565749,0.00414020230534,0.00522230063514,0.0121383203952,0.032745236415,0.019430722183,0.00931545518701,0.011714890614,0.000940955069395,0.00395201129146,0.0151023288638,0.0297812279464,0.0262055986827,0.0360856269113,0.0114796518466,0.0199011997177,0.00470477534698,0.00799811808986,0.100917431193,0.0237120677488,0.083321571395,0.0970124676547,0.0279934133145,0.161561985415,0.0135968007528,0.00804516584333,0.00931545518701,0.0461538461538,0.0114326040932,0.0140672782875,0.000658668548577,0.0106327922842
0.00379970145203,0.00678518116434,0.0051567376849,0.0322974623422,0.0173700637807,0.0398968652463,0.0264622065409,0.00298547971231,0.00556384855476,0.0105848826164,0.0206269507396,0.0143845840684,0.0112634007328,0.0113991043561,0.000678518116434,0.00284977608902,0.0172343601574,0.0271407246573,0.0316189442258,0.0215768761026,0.0111276971095,0.0257836884245,0.00420681232189,0.00868503189035,0.0773510652734,0.0157416203013,0.0929569819514,0.111548378342,0.0289048717601,0.203419731307,0.017505767404,0.0071922920342,0.0111276971095,0.0396254579997,0.0119419188492,0.0105848826164,0.000135703623287,0.0124847333424
0.00392079431344,0.00665688818684,0.00502087329347,0.024822294934,0.013511226447,0.0431569446012,0.0289123321674,0.00242581518673,0.00696716687352,0.00739027417353,0.0180525781338,0.0148087555004,0.013595847907,0.00899808191357,0.00101545752003,0.00197450073339,0.0177987137538,0.0278404603407,0.0367821279476,0.0186167212005,0.010887961187,0.0266557599007,0.00403362292677,0.00916732483358,0.0629301590883,0.0128906690737,0.11658016473,0.0892192259957,0.0326356764075,0.227011170033,0.0198578359472,0.013426604987,0.0134830192937,0.0298995825341,0.00944939636692,0.00863138892023,0.000564143066682,0.0104084395803
0.00818553888131,0.00727603456116,0.00454752160073,0.0322874033652,0.0113688040018,0.0391086857663,0.0281946339245,0.0,0.00227376080036,0.00909504320146,0.0204638472033,0.0118235561619,0.0104592996817,0.0172805820828,0.000454752160073,0.00136425648022,0.0172805820828,0.018644838563,0.0245566166439,0.0181900864029,0.0140973169623,0.018644838563,0.000909504320146,0.00409276944065,0.0404729422465,0.00545702592087,0.0827648931332,0.0659390632106,0.0231923601637,0.221919054116,0.0413824465666,0.0281946339245,0.0386539336062,0.0459299681673,0.0190995907231,0.0281946339245,0.00136425648022,0.0368349249659
0.0140656396517,0.0040187541862,0.0040187541862,0.0207635632954,0.0120562625586,0.0542531815137,0.0381781647689,0.00267916945747,0.0060281312793,0.0113864701942,0.0154052243804,0.0107166778299,0.0120562625586,0.00468854655057,0.0,0.00267916945747,0.0180843938379,0.0314802411253,0.0294708640322,0.0147354320161,0.00669792364367,0.0107166778299,0.0,0.00535833891494,0.0475552578701,0.00937709310114,0.0951105157401,0.0743469524447,0.0174146014735,0.261219022103,0.0261219022103,0.0194239785666,0.0314802411253,0.032819825854,0.0133958472873,0.0180843938379,0.00468854655057,0.0194239785666
0.0105857445307,0.00705716302047,0.00811573747354,0.0416372618207,0.0201129146083,0.0508115737474,0.0416372618207,0.00282286520819,0.00564573041637,0.00952717007763,0.0271700776288,0.0119971771348,0.0119971771348,0.00952717007763,0.0,0.00247000705716,0.0187014820042,0.0321100917431,0.0324629498941,0.0314043754411,0.0102328863797,0.0141143260409,0.00529287226535,0.00670430486944,0.060691601976,0.00917431192661,0.0850388143966,0.0726887791108,0.0183486238532,0.188426252646,0.0225829216655,0.0134086097389,0.0127028934368,0.030698659139,0.0204657727594,0.030345800988,0.00494001411433,0.0183486238532
0.00354340673247,0.00885851683118,0.00544166033915,0.0331561629967,0.0212604403948,0.0384712730954,0.0277145026576,0.00341685649203,0.0041761579347,0.00949126803341,0.0240445456846,0.0175904834219,0.00746646418628,0.00898506707163,0.000885851683118,0.00392305745381,0.011642622121,0.0259427992913,0.0254365983295,0.0294862060238,0.00911161731207,0.0189825360668,0.0055682105796,0.00746646418628,0.0756770437864,0.0159453302961,0.0641609719058,0.119716527461,0.0316375601114,0.147557580359,0.02556314857,0.0163249810175,0.0188559858264,0.049987344976,0.0227790432802,0.0311313591496,0.000759301442673,0.027841052898
0.00552486187845,0.00849978750531,0.00722481937952,0.0378240543986,0.0203994900127,0.0361240968976,0.0174245643859,0.00254993625159,0.00339991500212,0.00764980875478,0.0186995325117,0.00594985125372,0.00849978750531,0.00637484062898,0.000849978750531,0.00212494687633,0.0123246918827,0.020824479388,0.0237994050149,0.0280492987675,0.00977475563111,0.0165745856354,0.00254993625159,0.00722481937952,0.0756481087973,0.0165745856354,0.0637484062898,0.102847428814,0.0365490862728,0.161070973226,0.0314492137697,0.0242243943901,0.0233744156396,0.0565235869103,0.0152996175096,0.0492987675308,0.0,0.0331491712707
0.00382592061215,0.00669536107126,0.00334768053563,0.0349115255858,0.0368244858919,0.0454328072692,0.0277379244381,0.000956480153037,0.00765184122429,0.0167384026781,0.0282161645146,0.0114777618364,0.00860832137733,0.00191296030607,0.0,0.000956480153037,0.0114777618364,0.0224772835964,0.025824964132,0.0315638450502,0.00669536107126,0.00382592061215,0.000956480153037,0.00669536107126,0.0669536107126,0.00765184122429,0.0659971305595,0.10856049737,0.0353897656624,0.108082257293,0.0320420851267,0.0229555236729,0.0487804878049,0.065518890483,0.0263032042085,0.0353897656624,0.00143472022956,0.0301291248207
0.0,0.013986013986,0.0,0.0174825174825,0.0104895104895,0.0524475524476,0.013986013986,0.00699300699301,0.0034965034965,0.00699300699301,0.0769230769231,0.020979020979,0.013986013986,0.020979020979,0.00699300699301,0.013986013986,0.0244755244755,0.0174825174825,0.0174825174825,0.027972027972,0.0384615384615,0.013986013986,0.0034965034965,0.0174825174825,0.0874125874126,0.00699300699301,0.0559440559441,0.0769230769231,0.027972027972,0.153846153846,0.00699300699301,0.00699300699301,0.0454545454545,0.0314685314685,0.0034965034965,0.013986013986,0.013986013986,0.027972027972
0.00259909031839,0.00714749837557,0.00584795321637,0.0461338531514,0.0149447693307,0.0441845354126,0.0272904483431,0.000649772579597,0.00389863547758,0.00779727095517,0.0337881741391,0.0214424951267,0.00974658869396,0.0155945419103,0.0,0.00194931773879,0.00844704353476,0.0233918128655,0.0188434048083,0.0350877192982,0.0181936322287,0.0136452241715,0.00389863547758,0.0129954515919,0.0825211176088,0.00779727095517,0.0922677063028,0.0753736192333,0.0350877192982,0.170240415854,0.00844704353476,0.0110461338532,0.0285899935023,0.0428849902534,0.0188434048083,0.0272904483431,0.00259909031839,0.0194931773879
