0.358353510896,0.239709443099,0.108958837772,0.0823244552058,0.0169491525424,0.0484261501211,0.0217917675545,0.0,0.00242130750605,0.0121065375303,0.0169491525424,0.0121065375303,0.00484261501211,0.0,0.0,0.0,0.00242130750605,0.0,0.00484261501211,0.00484261501211,0.00242130750605,0.00726392251816,0.0,0.0,0.0121065375303,0.00484261501211,0.00968523002421,0.0121065375303,0.0,0.00484261501211,0.00484261501211,0.0,0.0,0.00484261501211,0.0,0.0,0.0,0.0
0.0449505543902,0.257716511837,0.15433023674,0.24543002697,0.0344620916991,0.0674258315853,0.0173808810309,0.00209769253821,0.00299670362601,0.0107881330536,0.0224752771951,0.00869044051543,0.00779142942763,0.00389571471381,0.000299670362601,0.00329637398861,0.00269703326341,0.00569373688942,0.00179802217561,0.0107881330536,0.00599340725202,0.00389571471381,0.00299670362601,0.00389571471381,0.0185795624813,0.00239736290081,0.0161821995805,0.00958945160324,0.00569373688942,0.0173808810309,0.00269703326341,0.000599340725202,0.00149835181301,0.00299670362601,0.0,0.000299670362601,0.0,0.000299670362601
0.0288043478261,0.198913043478,0.295108695652,0.0744565217391,0.0184782608696,0.211413043478,0.033152173913,0.00326086956522,0.00489130434783,0.00489130434783,0.0141304347826,0.00489130434783,0.00434782608696,0.00217391304348,0.00108695652174,0.00163043478261,0.00380434782609,0.00326086956522,0.0054347826087,0.00597826086957,0.00597826086957,0.00434782608696,0.00326086956522,0.00163043478261,0.00815217391304,0.00108695652174,0.0135869565217,0.00760869565217,0.00597826086957,0.0228260869565,0.00054347826087,0.0,0.00108695652174,0.00054347826087,0.00271739130435,0.0,0.0,0.00054347826087
0.0290578660942,0.0872235258875,0.0419391881771,0.293224824005,0.0847770732438,0.141694542913,0.056917469669,0.00409406360777,0.0067901542763,0.00963602775975,0.0319536671826,0.0200708971991,0.011083928304,0.00574167457187,0.000798841679565,0.00499276049728,0.00923660691997,0.00863747566029,0.0107843626741,0.0151779919117,0.00858754805532,0.00893704129013,0.00239652503869,0.00499276049728,0.0185730690499,0.00334514953318,0.0243646712267,0.0150282090968,0.00524239852214,0.0222177842129,0.000848769284537,0.000798841679565,0.0010984073094,0.00509261570722,0.00174746617405,0.0021968146188,0.0,0.000698986469619
0.0125023209754,0.0287182026366,0.0140496379278,0.211363495698,0.0600977904314,0.12452806833,0.0906108807328,0.00891254564585,0.0184440180727,0.0173299498669,0.0505663180046,0.0372593922139,0.0177631986136,0.0108931113449,0.00136163891812,0.0124404282973,0.022528934827,0.0174537352231,0.019929442347,0.0225908275051,0.0137401745374,0.0159683109488,0.00439438014483,0.00699387262487,0.0363928947206,0.00581791174104,0.0304511976233,0.0256854614099,0.010955004023,0.0298322708424,0.00303274122671,0.00198056569908,0.00198056569908,0.00736522869345,0.00179488766479,0.00241381444575,0.0,0.00185678034289
0.0116412382044,0.0242966751918,0.0514595643355,0.132639562572,0.029940911897,0.268498103889,0.148999029897,0.00899550224888,0.0224446600229,0.00361583913925,0.0164035629244,0.0142428785607,0.0228415204163,0.00555604550666,0.000705529588147,0.00260164035629,0.0205044536555,0.0141987829615,0.0236793368022,0.00758444307258,0.00674662668666,0.0158744157333,0.00255754475703,0.00493870711703,0.0185642472881,0.00361583913925,0.0392450833407,0.0155657465385,0.0076726342711,0.0401269953259,0.00268983155481,0.00123467677926,0.00207249316518,0.0045418467237,0.00167563277185,0.00119058118,0.0,0.000837816385925
0.00602110147489,0.0157432469756,0.0223719825443,0.0860078440038,0.0397171739491,0.242059327183,0.136496713252,0.0130917527482,0.0270673369055,0.00535822791802,0.0187261779816,0.0212671932829,0.0341932276418,0.00712589073634,0.000773352483014,0.00458487543501,0.0366790034801,0.0230348561012,0.0337513119372,0.0101640612053,0.00867259570237,0.0178975860355,0.00331436778435,0.00585538308568,0.0232005744904,0.00557918577031,0.0540794343479,0.0225929403966,0.0096116665746,0.0449649229409,0.00276197315362,0.00182290228139,0.00386676241507,0.00618681986411,0.00176766281832,0.00193338120753,5.52394630724e-05,0.0016019444291
0.00570308322937,0.0160399215826,0.0121190518624,0.0727143111745,0.0475851006951,0.146676171805,0.111388344324,0.00534664052754,0.0224558902156,0.00819818214222,0.0327927285689,0.0283371947959,0.0261985385849,0.017287471039,0.00285154161469,0.0139012653716,0.0481197647478,0.0276243093923,0.0441988950276,0.0128319372661,0.0144359294243,0.0245945464267,0.00837640349314,0.0105150597042,0.0351096061308,0.00712885403671,0.0648725717341,0.0340402780253,0.0121190518624,0.0550703974336,0.00534664052754,0.00392086972019,0.00285154161469,0.00926751024773,0.00463375512386,0.00374264836927,0.0,0.00160399215826
0.00684570826751,0.00816219062665,0.0163243812533,0.0621379673512,0.0394944707741,0.200368615061,0.160610847815,0.00684570826751,0.0210637177462,0.00447604002106,0.02738283307,0.0339652448657,0.0202738283307,0.0184307530279,0.000789889415482,0.00473933649289,0.0473933649289,0.0284360189573,0.0408109531332,0.0157977883096,0.0115850447604,0.0231700895208,0.00473933649289,0.00763559768299,0.0226434965771,0.00658241179568,0.0587151132175,0.0157977883096,0.00974196945761,0.0523959978936,0.00421274354924,0.00236966824645,0.00236966824645,0.0057925223802,0.00105318588731,0.00421274354924,0.0,0.00263296471827
0.0179250407387,0.0301466594242,0.015752308528,0.142857142857,0.0787615426399,0.048886474742,0.0285171102662,0.0024443237371,0.0127648017382,0.0361216730038,0.0768604019555,0.0312330255296,0.0108636610538,0.0190114068441,0.00190114068441,0.00706137968495,0.0168386746334,0.0192829983705,0.0130363932645,0.0586637696904,0.0315046170559,0.0320478001086,0.00706137968495,0.00814774579033,0.0708853883759,0.0133079847909,0.0358500814775,0.0380228136882,0.00706137968495,0.0562194459533,0.00407387289517,0.0024443237371,0.00217273221076,0.0108636610538,0.00407387289517,0.00434546442151,0.000543183052689,0.0024443237371
0.0145168967158,0.021299381247,0.0134459781057,0.101975249881,0.0679438362684,0.0600904331271,0.0411708710138,0.00761542122799,0.013326987149,0.0259400285578,0.0470014278915,0.0371251784864,0.0213588767254,0.0143979057592,0.00154688243693,0.0144574012375,0.0278438838648,0.0264754878629,0.0267134697763,0.0499167063303,0.0182651118515,0.0486078058068,0.00850785340314,0.015409328891,0.0699071870538,0.013326987149,0.0497382198953,0.0467634459781,0.00934079009995,0.0497382198953,0.0042241789624,0.00380771061399,0.00309376487387,0.0103522132318,0.00380771061399,0.0055925749643,0.000118990956687,0.00523560209424
0.00558358560377,0.012445341406,0.00928355196771,0.102253615876,0.0550285906492,0.0916246215943,0.0694920955264,0.0084090144635,0.0193070972082,0.0163471241171,0.0426505213589,0.0213252606794,0.0245543222334,0.0201143625967,0.0016818028927,0.0177598385469,0.0287251934073,0.0318197107299,0.0318197107299,0.027648839556,0.0213925327952,0.0455432223343,0.00955264043054,0.0154725866128,0.0409687184662,0.0122435250589,0.0627648839556,0.0411032626976,0.0129162462159,0.0534813319879,0.00652539522368,0.00450723175244,0.00551631348806,0.0154053144971,0.00457450386815,0.00612176252943,0.0,0.00403632694248
0.00475188907066,0.00802368154553,0.0135545688245,0.058814364727,0.0313157279738,0.155254342915,0.111085144504,0.00381709122069,0.014255667212,0.00989327724546,0.0361455168653,0.022980447145,0.0180727584327,0.00989327724546,0.00132429695412,0.00467398924982,0.0296798317364,0.0309262288697,0.0613850588144,0.0158136636286,0.0118407727662,0.0227467476825,0.00482978889149,0.0100490768871,0.0370803147153,0.0108280750954,0.0899742930591,0.0337306224196,0.0167484614785,0.0782893199346,0.00778998208304,0.00514138817481,0.00732258315806,0.00965957778297,0.00366129157903,0.00420659032484,0.000311599283322,0.00412869050401
0.00460313510824,0.0105747698432,0.00957949738741,0.0731525255039,0.0451604876835,0.084349340632,0.0592187111222,0.0115700422991,0.0154267230654,0.0190345857178,0.035954217467,0.0457825329684,0.0273699925355,0.0131873600398,0.00124409056979,0.0176660860911,0.0390644438915,0.0334660363274,0.0381935804927,0.0337148544414,0.0202786762876,0.0562328937547,0.0084598158746,0.0213983578004,0.0415526250311,0.0164219955213,0.0634486190595,0.0425478974869,0.0148046777805,0.0585966658373,0.00435431699428,0.00373227170938,0.00497636227917,0.01194326947,0.0029858173675,0.00559840756407,0.000248818113959,0.00410549888032
0.00237341772152,0.00791139240506,0.0126582278481,0.0474683544304,0.0300632911392,0.0941455696203,0.0601265822785,0.00553797468354,0.0142405063291,0.0158227848101,0.0316455696203,0.0253164556962,0.0237341772152,0.0134493670886,0.00474683544304,0.0134493670886,0.0371835443038,0.0379746835443,0.0490506329114,0.0253164556962,0.0261075949367,0.0601265822785,0.0189873417722,0.0261075949367,0.0292721518987,0.0174050632911,0.0893987341772,0.0427215189873,0.0126582278481,0.0767405063291,0.00474683544304,0.0110759493671,0.00949367088608,0.00474683544304,0.00395569620253,0.0110759493671,0.0,0.00316455696203
0.00461254612546,0.00738007380074,0.0110701107011,0.0636531365314,0.0365928659287,0.15098400984,0.0891758917589,0.0079950799508,0.0187576875769,0.0123001230012,0.0485854858549,0.0270602706027,0.0178351783518,0.0110701107011,0.000307503075031,0.010147601476,0.0273677736777,0.0218327183272,0.0427429274293,0.0252152521525,0.0175276752768,0.029520295203,0.00615006150062,0.0138376383764,0.0461254612546,0.0079950799508,0.0851783517835,0.0362853628536,0.0150676506765,0.0587330873309,0.00584255842558,0.00615006150062,0.00953259532595,0.00953259532595,0.00522755227552,0.00645756457565,0.000615006150062,0.00553505535055
0.00446233266253,0.00927465220054,0.0118995537667,0.0445358299064,0.0321987925453,0.126257765334,0.0861842680899,0.00664975063435,0.0182868142445,0.0104121095459,0.0390235366174,0.0271239828506,0.0191617814332,0.0181118208067,0.00201242453408,0.00463732610027,0.0215241928428,0.0265990025374,0.0699973750984,0.021349199405,0.0177618339312,0.0339487269227,0.00621226703999,0.017236853618,0.0345612039549,0.00936214891942,0.110945839531,0.0334237466095,0.0138244815819,0.0788345437046,0.00612477032111,0.00743722110421,0.00594977688337,0.0100621226704,0.00463732610027,0.00446233266253,0.0,0.005512293289
0.00230061349693,0.00792433537832,0.0096284935242,0.0498466257669,0.0294819359237,0.11460463531,0.0744717109748,0.00494205862304,0.0169563735515,0.010736196319,0.0349352419905,0.026670074983,0.0334867075665,0.0134628493524,0.00144853442399,0.00230061349693,0.022920927062,0.019427402863,0.0467791411043,0.0248807089298,0.0226653033401,0.0414110429448,0.00613496932515,0.0167859577369,0.0453306066803,0.0103101567825,0.116138377641,0.0395364689843,0.0169563735515,0.0932174505794,0.00639059304703,0.00664621676892,0.00673142467621,0.0110770279482,0.0040899795501,0.00468643490116,0.000255623721881,0.00443081117928
0.00548836263848,0.00691127147068,0.00894399837382,0.0319138123793,0.015550360809,0.0859843480028,0.0708405325744,0.00863908933835,0.018091269438,0.00813090761256,0.0264254497408,0.0183961784734,0.033641630247,0.0100619981705,0.000711454416099,0.00376054477081,0.0470576278077,0.0473625368432,0.0390283565403,0.0201239963411,0.0183961784734,0.0365890842565,0.00691127147068,0.0126029067995,0.0495985364366,0.0110783616221,0.12928143104,0.0422807195853,0.0177863604025,0.131009248907,0.00406545380628,0.00538672629332,0.00691127147068,0.00985872548023,0.00416709015144,0.00396381746112,0.0,0.00304909035471
0.0131199404485,0.0189820415,0.0109798083186,0.0700660649484,0.0434539871592,0.0727644924165,0.0470829068577,0.00576905182842,0.00893272541174,0.0338699171862,0.0772308551224,0.0347073601935,0.0148878756862,0.0126546943333,0.00093049223039,0.00493160882107,0.0266120777892,0.0494091374337,0.0313575881641,0.0461524146273,0.0253093886666,0.019168139946,0.00828138085047,0.0109798083186,0.0760212152229,0.00911882385782,0.0612263887597,0.0488508420955,0.0132129896715,0.0651344561273,0.00400111659068,0.00390806736764,0.00418721503675,0.0133990881176,0.00260537824509,0.00567600260538,0.0,0.00502465804411
0.0123524069028,0.0181653042688,0.0105358764759,0.0686648501362,0.0552225249773,0.0661217075386,0.0376021798365,0.00799273387829,0.00926430517711,0.0328792007266,0.0619436875568,0.0432334241599,0.0147138964578,0.0158038147139,0.00181653042688,0.00853769300636,0.0319709355132,0.039055404178,0.0345140781108,0.0574023614896,0.0136239782016,0.0368755676658,0.00708446866485,0.0216167120799,0.0601271571299,0.0185286103542,0.0617620345141,0.044323342416,0.0103542234332,0.0557674841054,0.0047229791099,0.00544959128065,0.00236148955495,0.0138056312443,0.00217983651226,0.00762942779292,0.000363306085377,0.00563124432334
0.00596730952175,0.00830234368244,0.0087347574159,0.0389172360114,0.0278474444348,0.0867421949321,0.0577704747903,0.00691861973536,0.00908068840266,0.0180748940586,0.0478249589207,0.0425495113725,0.0199775144859,0.0199775144859,0.00242151690738,0.00804289544236,0.0401279944651,0.0607108881778,0.0616621983914,0.0304419268356,0.0179019285653,0.0179884113119,0.00467006832137,0.00657268874859,0.0563002680965,0.0105508950964,0.0987632967223,0.0476519934273,0.0173830320851,0.0786128167431,0.00562137853498,0.00397820634783,0.00415117184122,0.012626481017,0.0032863443743,0.00622675776183,8.6482746692e-05,0.00553489578829
0.003125,0.00520833333333,0.0104166666667,0.0369791666667,0.0203125,0.0895833333333,0.0479166666667,0.00572916666667,0.0161458333333,0.0130208333333,0.0489583333333,0.0359375,0.0364583333333,0.0213541666667,0.00208333333333,0.00729166666667,0.04375,0.0442708333333,0.0432291666667,0.0338541666667,0.01875,0.0244791666667,0.0166666666667,0.0140625,0.0463541666667,0.00885416666667,0.109375,0.0609375,0.0171875,0.0734375,0.0046875,0.00729166666667,0.0078125,0.0171875,0.003125,0.0015625,0.000520833333333,0.00208333333333
0.00525594149909,0.00845521023766,0.00959780621572,0.0306215722121,0.0287934186472,0.066042047532,0.0457038391225,0.00868372943327,0.00639853747715,0.0109689213894,0.0610146252285,0.0429616087751,0.0191956124314,0.0290219378428,0.00319926873857,0.00959780621572,0.0322212065814,0.0521023765996,0.0388482632541,0.0409049360146,0.0292504570384,0.0196526508227,0.00388482632541,0.0116544789762,0.0532449725777,0.0114259597806,0.122943327239,0.0381627056673,0.0198811700183,0.0907221206581,0.00754113345521,0.00776965265082,0.00799817184644,0.0118829981718,0.00274223034735,0.00479890310786,0.000228519195612,0.00662705667276
0.00889241063568,0.0130304631097,0.00713153724247,0.048952280331,0.0243880964959,0.038871280155,0.0264571227329,0.0045342489875,0.00559077302342,0.0275136467688,0.0465310794154,0.0195897164994,0.00871632329635,0.0102130656806,0.00127663321007,0.00281739742912,0.0157157950343,0.0281299524564,0.0312555027294,0.0536626166579,0.0206902623701,0.024344074661,0.0071755590773,0.00937665081881,0.100281739743,0.0219228737454,0.0988730410284,0.0970241239655,0.0240359218172,0.10754534249,0.00721958091213,0.00475435816165,0.00563479485825,0.0257967952104,0.00699947173798,0.00827610494805,8.80436696602e-05,0.00669131889417
0.00943025540275,0.013163064833,0.0100196463654,0.0510805500982,0.0290766208251,0.05442043222,0.0330058939096,0.00333988212181,0.00864440078585,0.0165029469548,0.0463654223969,0.0204322200393,0.014931237721,0.0198428290766,0.00196463654224,0.0041257367387,0.0170923379175,0.0388998035363,0.0349705304519,0.0428290766208,0.0229862475442,0.0225933202358,0.00451866404715,0.0106090373281,0.0852652259332,0.0123772102161,0.104518664047,0.0856581532417,0.0249508840864,0.0992141453831,0.00943025540275,0.00471512770138,0.00451866404715,0.0206286836935,0.00530451866405,0.00805500982318,0.0,0.00451866404715
0.00323112429937,0.00692383778437,0.00748433893834,0.0337619518628,0.0169469172437,0.0641608968018,0.0423672931091,0.00372568414111,0.0108803165183,0.00863831190241,0.0232772832179,0.0174414770854,0.0182657434883,0.00877019452687,0.000791295746785,0.00365974282888,0.027827233762,0.0418727332674,0.0547972304649,0.0236069897791,0.0133201450709,0.0347181008902,0.00560501153973,0.0121002307946,0.073293768546,0.0153972964062,0.115661061655,0.0624793933399,0.0272337619519,0.164886251236,0.009660402242,0.00642927794263,0.00712166172107,0.0171777118365,0.00461589185625,0.00646224859875,0.000263765248928,0.0051434223541
0.00474639367148,0.00623545835272,0.0054909260121,0.0427640763146,0.0210330386226,0.0382038157282,0.0303396928804,0.00376919497441,0.00572359236854,0.012563983248,0.0330386226152,0.020614239181,0.0100511865984,0.0117729176361,0.00102373196836,0.00372266170312,0.0162866449511,0.0272684969753,0.0261982317357,0.0355979525361,0.0133085155886,0.0205211726384,0.00525825965565,0.0075849232201,0.101907864123,0.0200093066543,0.0851558864588,0.0948348068869,0.0278268962308,0.159422987436,0.014006514658,0.00828292228944,0.00791065611913,0.0418799441601,0.0113541181945,0.0123778501629,9.30665425779e-05,0.0118194509074
0.00334135257952,0.0049452018177,0.00507885592088,0.0307404437316,0.0191125367549,0.0392943063352,0.0282010157712,0.00320769847634,0.00588078053996,0.00868751670676,0.019914461374,0.0172413793103,0.00975674953221,0.0100240577386,0.000534616412724,0.00360866078589,0.0180433039294,0.0269981288426,0.0300721732157,0.0245923549853,0.00948944132585,0.0257952419139,0.00360866078589,0.00547981823042,0.0784549585672,0.0175086875167,0.0960973001871,0.109596364608,0.0283346698744,0.202218658113,0.020716385993,0.00895482491312,0.00761828388132,0.0398289227479,0.0116279069767,0.0126971398022,0.000133654103181,0.012563485699
0.00382869332166,0.00694634359788,0.00719247388284,0.0272931138216,0.0131542963409,0.0406388448285,0.030109938194,0.00226986818356,0.00686430016956,0.00738390854893,0.0206202483181,0.0161078597604,0.0124706011049,0.0113766887272,0.000875129902095,0.00205108570803,0.0196904227971,0.0255702018268,0.0373844555051,0.017010337472,0.0103101241591,0.026636766395,0.00374664989334,0.00883334244927,0.0599737461029,0.0136739047202,0.11631023355,0.0952524202811,0.0326259366625,0.221216430564,0.0187605972762,0.0114313843461,0.0118962971066,0.0329541103758,0.00929825520976,0.00812229940382,0.000437564951047,0.00968112454192
0.00559701492537,0.00746268656716,0.00513059701493,0.0317164179104,0.0121268656716,0.0424440298507,0.0181902985075,0.000466417910448,0.00466417910448,0.0107276119403,0.017723880597,0.00839552238806,0.0121268656716,0.00792910447761,0.000466417910448,0.000932835820896,0.0125932835821,0.0153917910448,0.0265858208955,0.0144589552239,0.0107276119403,0.0228544776119,0.00233208955224,0.00792910447761,0.0475746268657,0.00606343283582,0.0736940298507,0.0764925373134,0.0172574626866,0.245335820896,0.0480410447761,0.0275186567164,0.0331156716418,0.0438432835821,0.017723880597,0.0326492537313,0.00186567164179,0.0298507462687
0.00897790055249,0.00552486187845,0.00621546961326,0.0227900552486,0.021408839779,0.0386740331492,0.0290055248619,0.00345303867403,0.00414364640884,0.0151933701657,0.0200276243094,0.00828729281768,0.0103591160221,0.00690607734807,0.00138121546961,0.0,0.0200276243094,0.0207182320442,0.0207182320442,0.0131215469613,0.00828729281768,0.0145027624309,0.00483425414365,0.00828729281768,0.0441988950276,0.00552486187845,0.0994475138122,0.0890883977901,0.0283149171271,0.261049723757,0.0310773480663,0.0186464088398,0.0186464088398,0.0324585635359,0.0158839779006,0.0207182320442,0.00345303867403,0.0186464088398
0.00867165944028,0.00630666141112,0.00472999605834,0.0362633031139,0.0236499802917,0.0618841150966,0.0335041387466,0.0,0.00985415845487,0.0106424911313,0.026409144659,0.0102483247931,0.0134016554986,0.0102483247931,0.00197083169097,0.00157666535278,0.0153724871896,0.0299566417028,0.0362633031139,0.018131651557,0.0110366574695,0.014189988175,0.00315333070556,0.0074891604257,0.0520299566417,0.0074891604257,0.0859282617264,0.0638549467875,0.0216791486007,0.18131651557,0.0268033109972,0.0204966495861,0.0193141505715,0.042569964525,0.0268033109972,0.0307449743792,0.00472999605834,0.0212849822625
0.00357416390094,0.00727597651264,0.00408475874394,0.0362522338524,0.0204237937197,0.0413581822824,0.0289762573398,0.00280827163646,0.00459535358693,0.0102118968598,0.0251467960174,0.0165943323972,0.0095736533061,0.00829716619862,0.000510594842992,0.00331886647945,0.017232575951,0.0223385243809,0.0257850395711,0.0279550676538,0.00829716619862,0.0155731427113,0.00446770487618,0.00625478682665,0.0714832780189,0.0140413581823,0.065356139903,0.112458514169,0.0362522338524,0.157901455195,0.0241256063314,0.0165943323972,0.0191473066122,0.0509318355885,0.0197855501659,0.0301250957365,0.000510594842992,0.030380393158
0.00221926320462,0.00710164225477,0.00488237905016,0.0341766533511,0.017310252996,0.0372836218375,0.0275188637372,0.000443852640923,0.00399467376831,0.0133155792277,0.0213049267643,0.00843320017754,0.00887705281846,0.00621393697292,0.00133155792277,0.00177541056369,0.0155348424323,0.0213049267643,0.0248557478917,0.02885042166,0.00621393697292,0.0133155792277,0.00532623169108,0.00621393697292,0.0572569906791,0.0168664003551,0.0568131380382,0.109187749667,0.0341766533511,0.177097203728,0.02885042166,0.0261873058145,0.0257434531735,0.0608078118065,0.00887705281846,0.0505992010652,0.0,0.0297381269419
0.00286669851887,0.00764452938366,0.00477783086479,0.0430004777831,0.0286669851887,0.0353559483994,0.0262780697563,0.000955566172957,0.00812231247014,0.0133779264214,0.0296225513617,0.0090778786431,0.0090778786431,0.00716674629718,0.0,0.000955566172957,0.0133779264214,0.022933588151,0.0267558528428,0.0358337314859,0.00716674629718,0.0066889632107,0.00286669851887,0.00716674629718,0.0711896798853,0.010989010989,0.0793119923555,0.077878643096,0.0238891543239,0.0989010989011,0.0281892021022,0.0277114190158,0.0664118490205,0.0702341137124,0.0176779741997,0.0286669851887,0.00382226469183,0.0453893932155
0.0,0.00803212851406,0.0,0.0361445783133,0.00803212851406,0.0642570281124,0.0160642570281,0.0,0.00803212851406,0.0200803212851,0.0522088353414,0.00803212851406,0.00401606425703,0.00803212851406,0.0,0.00803212851406,0.00401606425703,0.00803212851406,0.0160642570281,0.0481927710843,0.0281124497992,0.00803212851406,0.0,0.0120481927711,0.0722891566265,0.00401606425703,0.0562248995984,0.0763052208835,0.0562248995984,0.184738955823,0.0321285140562,0.0200803212851,0.0281124497992,0.0562248995984,0.0120481927711,0.0160642570281,0.00401606425703,0.0160642570281
0.00369685767098,0.0154035736291,0.00431300061614,0.0394331484904,0.0191004313001,0.0468268638324,0.0209488601356,0.00184842883549,0.00369685767098,0.0160197165742,0.0326555760937,0.0135551447936,0.00924214417745,0.00862600123229,0.0,0.00369685767098,0.0178681454097,0.0240295748614,0.0184842883549,0.0388170055453,0.0141712877388,0.0129390018484,0.00616142945163,0.00739371534196,0.0554528650647,0.00616142945163,0.0622304374615,0.113986444855,0.0357362908195,0.163894023413,0.0172520024646,0.00985828712261,0.0215650030807,0.0418977202711,0.026494146642,0.0363524337646,0.00246457178065,0.0277264325323
