0.45995423341,0.183066361556,0.0549199084668,0.0800915331808,0.025171624714,0.0549199084668,0.0160183066362,0.00228832951945,0.00228832951945,0.00228832951945,0.0274599542334,0.0045766590389,0.0,0.0045766590389,0.0,0.0,0.0091533180778,0.0,0.0045766590389,0.00686498855835,0.00686498855835,0.0,0.0,0.0045766590389,0.00686498855835,0.0,0.0137299771167,0.0137299771167,0.0,0.0137299771167,0.0,0.0,0.0,0.0,0.0,0.0,0.0,0.00228832951945
0.0575692963753,0.267438318611,0.151385927505,0.219007005787,0.0383795309168,0.0761498629302,0.0201035638136,0.000913798355163,0.00243679561377,0.00456899177581,0.0222357599756,0.0100517819068,0.00456899177581,0.00182759671033,0.000304599451721,0.0015229972586,0.00395979287237,0.00487359122754,0.00639658848614,0.0100517819068,0.00335059396893,0.00974718245507,0.000913798355163,0.00487359122754,0.018580566555,0.00365519342065,0.0158391714895,0.00974718245507,0.00517819067926,0.0188851660067,0.0,0.0,0.000304599451721,0.00365519342065,0.000913798355163,0.000609198903442,0.0,0.0
0.0337142857143,0.156,0.283428571429,0.0914285714286,0.0211428571429,0.216,0.0394285714286,0.00457142857143,0.00914285714286,0.00457142857143,0.0108571428571,0.0102857142857,0.00857142857143,0.00685714285714,0.000571428571429,0.0,0.008,0.008,0.00742857142857,0.00514285714286,0.00628571428571,0.00342857142857,0.00171428571429,0.00342857142857,0.0102857142857,0.00171428571429,0.0211428571429,0.00514285714286,0.00514285714286,0.00971428571429,0.00114285714286,0.00114285714286,0.00114285714286,0.00228571428571,0.000571428571429,0.0,0.0,0.000571428571429
0.0261139792492,0.0907222695604,0.0404992230966,0.290361385394,0.0782918149466,0.148463736154,0.0582426946018,0.00426043807328,0.00731792892587,0.0112275073931,0.0318279785474,0.0211518219638,0.00917247255777,0.00796952533708,0.000751842012932,0.00400982406897,0.0116786126009,0.00852087614656,0.0115783669991,0.0129818054233,0.00761866573104,0.00892185855346,0.00150368402586,0.00350859606035,0.0206505939552,0.00380933286552,0.0226555059897,0.0164402786828,0.00571399929828,0.0218535411759,0.00120294722069,0.00110270161897,0.00135331562328,0.00411006967069,0.00125307002155,0.00175429803017,0.0,0.00140343842414
0.0164168008921,0.0295502416057,0.0148060958989,0.201276173956,0.0642423491513,0.119192169496,0.0858010159831,0.00916862842275,0.0178416553091,0.0173460537728,0.0506752570933,0.0364886631149,0.0188948085739,0.010841283608,0.000805352496593,0.0129475901375,0.0205674637591,0.0174699541569,0.0183992070375,0.0264527320035,0.0168504522364,0.0140007434023,0.00365506133069,0.00743402304547,0.0351877090819,0.00501796555569,0.0371701152274,0.0290546400694,0.00929252880684,0.0315326477512,0.00154875480114,0.00123900384091,0.00266385825796,0.00644281997274,0.00229215710569,0.0048940651716,0.000123900384091,0.00241605748978
0.0117394031723,0.0264808674612,0.054888430863,0.122994892015,0.0309167488126,0.278698808137,0.145308719419,0.007841204409,0.0219105654629,0.00448068823371,0.0169818084058,0.0155031812886,0.0220001792275,0.00560086029214,0.000582489470383,0.00264360605789,0.0206559727574,0.0133076440541,0.023658033874,0.00663141858589,0.00569047405682,0.0144278161126,0.0027780267049,0.00501837082176,0.0163545120531,0.00318128864594,0.0409534904561,0.0179675598172,0.00770678376199,0.0386683394569,0.0024195716462,0.00188188905816,0.00170266152881,0.00448068823371,0.00125459270544,0.00112017205843,0.0,0.0015682408818
0.00875310594082,0.0146261576689,0.020047436187,0.0832956855658,0.0371018748588,0.240738649198,0.139710865146,0.0107296137339,0.0281228823131,0.00400948723741,0.0187485882087,0.0202168511407,0.0352947820194,0.00801897447481,0.00112943302462,0.00440478879602,0.0389089676982,0.0214592274678,0.0332053309239,0.00864016263836,0.00965665236052,0.0179579850915,0.00474361870341,0.00615540998419,0.0230969053535,0.00677659814773,0.053026880506,0.0238875084707,0.00847074768466,0.0478314885927,0.00231533770047,0.00248475265417,0.00304946916648,0.00598599503049,0.00259769595663,0.00265416760786,0.000112943302462,0.00203297944432
0.00571837026447,0.0153681200858,0.0119728377412,0.0816654753395,0.0489635453896,0.149213724089,0.111150822016,0.0117941386705,0.0167977126519,0.0103645461044,0.0366333095068,0.029664045747,0.0250178699071,0.0169764117227,0.000893495353824,0.0119728377412,0.0437812723374,0.027340957827,0.0437812723374,0.0146533238027,0.0114367405289,0.0305575411008,0.00625446747677,0.00750536097212,0.0319871336669,0.00732666190136,0.0662973552538,0.0323445318084,0.0126876340243,0.044853466762,0.00571837026447,0.00393137955683,0.00375268048606,0.0105432451751,0.00232308791994,0.00571837026447,0.000178699070765,0.00285918513224
0.00712589073634,0.00976510952758,0.0190023752969,0.0593824228029,0.0329902348905,0.200052784376,0.142517814727,0.00791765637371,0.0195302190552,0.0100290314067,0.0364212193191,0.0282396410662,0.0216415940881,0.0131960939562,0.00263921879124,0.00580628134072,0.044866719451,0.0316706254949,0.0427553444181,0.010556875165,0.00976510952758,0.0208498284508,0.00395882818686,0.00791765637371,0.0258643441541,0.0044866719451,0.074689891792,0.0205859065717,0.00897334389021,0.0517286883083,0.00211137503299,0.00290314067036,0.00395882818686,0.00580628134072,0.000791765637371,0.00422275006598,0.000527843758248,0.00475059382423
0.0198747617751,0.0359379254016,0.0179689627008,0.121971140757,0.0775932480261,0.0492785189219,0.0332153552954,0.00435611216989,0.00952899537163,0.0345766403485,0.0770487340049,0.0313095562211,0.0108902804247,0.0212360468282,0.00163354206371,0.00653416825483,0.0171521916689,0.0193302477539,0.0141573645521,0.0509120609856,0.027770215083,0.0274979580724,0.00571739722298,0.00843996732916,0.0705145657501,0.011434794446,0.0473727198475,0.0462836918051,0.0106180234141,0.0528178600599,0.00490062619112,0.00435611216989,0.00217805608494,0.0108902804247,0.00190579907433,0.00653416825483,0.0,0.00626191124421
0.0129411059853,0.0207896471152,0.0112036426817,0.10436762327,0.0607513030975,0.0632676292613,0.0408603438979,0.00700976574202,0.0124618057636,0.025163261638,0.0493679228327,0.0386435803727,0.0179737583129,0.0122820681805,0.00257623869151,0.0150380444551,0.0338505781559,0.028458450662,0.0226469354742,0.0570966389072,0.0173746330358,0.047031334252,0.00718950332515,0.0163561200647,0.0665029057576,0.0150979569828,0.048888622611,0.0475106344737,0.0101851297106,0.047450721946,0.00299562638548,0.00419387693967,0.00455335210593,0.0126415433467,0.00389431430112,0.00599125277095,0.0,0.00539212749386
0.00779955825511,0.0101463279956,0.0100082827167,0.101187189398,0.0592214246273,0.0893843180563,0.0643981225842,0.00690226394257,0.0178768636113,0.0158752070679,0.0466593042518,0.0203616786306,0.0228464936499,0.0217421314191,0.00193263390392,0.0209828823854,0.0299558255108,0.0298868028713,0.0323025952512,0.0264356709001,0.0217421314191,0.045071783545,0.00676421866372,0.0141496410823,0.046038100497,0.0128382109332,0.0620513528437,0.0433462175594,0.0152540033131,0.0531474323578,0.00531474323578,0.00462451684152,0.00524572059636,0.0136664826063,0.00434842628382,0.00621203754832,6.90226394257e-05,0.00421038100497
0.00592361652377,0.0100545596259,0.012704598597,0.0582229150429,0.0324240062354,0.152221356196,0.111067809821,0.00436477007015,0.0169134840218,0.0102883865939,0.0348402182385,0.0238503507405,0.0190958690569,0.01075604053,0.000857365549493,0.0062353858145,0.0247856586126,0.0321122369447,0.0636788776306,0.017848791894,0.0128604832424,0.0255650818394,0.00522213561964,0.0130943102104,0.0362431800468,0.00833982852689,0.0935307872175,0.0314107560405,0.014185502728,0.0683554169914,0.00553390491037,0.0062353858145,0.00810600155885,0.00865159781761,0.0049883086516,0.00405300077942,7.79423226812e-05,0.00530007794232
0.00429357305783,0.0138199382799,0.0101972360123,0.0693680397156,0.0473634777942,0.079833624044,0.0578290621226,0.0100630618543,0.0126123708574,0.018784382128,0.0354219777271,0.0350194552529,0.0201261237086,0.0158325506507,0.00107339326446,0.0162350731249,0.0409231182074,0.0362270226754,0.039849724943,0.0354219777271,0.018784382128,0.0660136857641,0.00831879779954,0.0253589158728,0.0421306856299,0.0158325506507,0.0672212531866,0.0405205957333,0.0154300281766,0.0576948879646,0.0075137528512,0.00456192137394,0.00348852810949,0.0131490674896,0.00523279216423,0.00536696632229,0.000268348316114,0.0028176573192
0.00315208825847,0.00394011032309,0.00788022064618,0.0362490149724,0.0220646178093,0.0921985815603,0.0606776989756,0.01024428684,0.0181245074862,0.0141843971631,0.0441292356186,0.0236406619385,0.0197005516154,0.0362490149724,0.0086682427108,0.0141843971631,0.0417651694247,0.0291568163909,0.0378250591017,0.0315208825847,0.0228526398739,0.0606776989756,0.0118203309693,0.0362490149724,0.0409771473601,0.0118203309693,0.0961386918834,0.0425531914894,0.0181245074862,0.0575256107171,0.00394011032309,0.00394011032309,0.0086682427108,0.0110323089046,0.00315208825847,0.00394011032309,0.000788022064618,0.01024428684
0.00329538645896,0.0080886758538,0.0101857399641,0.0632115038945,0.0356500898742,0.138406231276,0.0937687237867,0.0101857399641,0.0179748352307,0.0119832234871,0.0425404433793,0.0326542840024,0.0251647693229,0.0161773517076,0.00149790293589,0.0119832234871,0.0287597363691,0.021869382864,0.0485320551228,0.0206710605153,0.018573996405,0.0281605751947,0.00389454763331,0.00958657878969,0.0434391851408,0.0080886758538,0.0820850808868,0.0425404433793,0.0176752546435,0.0593169562612,0.00239664469742,0.00838825644098,0.00748951467945,0.00868783702816,0.00299580587178,0.00689035350509,0.0,0.00718993409227
0.00499273783588,0.00744371822803,0.0131626724764,0.0405773420479,0.0288671023965,0.121641249092,0.0898692810458,0.00608206245461,0.0228758169935,0.0109840232389,0.0396695715323,0.0264161220044,0.0265976761075,0.0167937545389,0.00199709513435,0.00272331154684,0.0231481481481,0.02732389252,0.0689905591866,0.0189724037763,0.019244734931,0.0364923747277,0.00717138707335,0.0125272331155,0.0383986928105,0.00971314451707,0.107661583152,0.0357661583152,0.0130718954248,0.0837872185911,0.00508351488744,0.0068082788671,0.00580973129993,0.00662672476398,0.00372185911402,0.00472040668119,0.0,0.00426652142338
0.00442741592167,0.00876968922946,0.00945083014049,0.0446998722861,0.0303959131545,0.102171136654,0.0708386547467,0.00493827160494,0.0171136653895,0.0117496807152,0.0380587484036,0.0234993614304,0.031502767135,0.0133673903789,0.00170285227756,0.0027245636441,0.025202213708,0.0250319284802,0.0484461472967,0.0309067688378,0.0217965091528,0.0424010217114,0.00366113239676,0.0177948063006,0.046147296722,0.0114942528736,0.115538527033,0.0418901660281,0.016091954023,0.0899106002554,0.00595998297148,0.00757769263516,0.00655598126862,0.0107279693487,0.00434227330779,0.0066411238825,8.51426138782e-05,0.00638569604087
0.00527927357196,0.00475134621476,0.00686305564354,0.0325203252033,0.0163657480731,0.0871080139373,0.0689473128498,0.00686305564354,0.0203779959878,0.00960827790096,0.0255516840883,0.0160489916587,0.0305142012459,0.0078133248865,0.000633512828635,0.00380107697181,0.0444514834759,0.0390666244325,0.0413895048041,0.0210115088164,0.0135149403442,0.0401224791469,0.0053848590434,0.0124590856298,0.0549044451483,0.0136205258156,0.137261112871,0.0418118466899,0.0194277267448,0.134093548728,0.00612395734347,0.00506810262908,0.00601837187203,0.00992503431528,0.00390666244325,0.00411783338613,0.000211170942878,0.00306197867173
0.010128739114,0.0173229837183,0.0135365391897,0.0792313517607,0.0484664899659,0.0739303294207,0.0407042786823,0.00350246118894,0.00757288905718,0.0336046951912,0.072321090496,0.0313328284741,0.0145778114351,0.0139151836426,0.00189322226429,0.00624763347217,0.0272624006058,0.0451533510034,0.0281143506248,0.0478038621734,0.0230026505112,0.0188375615297,0.00653161681181,0.0123059447179,0.0757288905718,0.0115486558122,0.0611510791367,0.0500757288906,0.0134418780765,0.0677773570617,0.00482771677395,0.00378644452859,0.00425975009466,0.0134418780765,0.00265051117001,0.00814085573646,0.000189322226429,0.00567966679288
0.0125588697017,0.0206043956044,0.0141287284144,0.0594583987441,0.0433673469388,0.0649529042386,0.0339481946625,0.00883045525903,0.00922291993721,0.0286499215071,0.0569073783359,0.0363029827316,0.0196232339089,0.0151098901099,0.00156985871272,0.00922291993721,0.0300235478807,0.0472919937206,0.0368916797488,0.0578885400314,0.0158948194662,0.0402276295133,0.00883045525903,0.0251177394035,0.0629905808477,0.0156985871272,0.0688775510204,0.0402276295133,0.0125588697017,0.0596546310832,0.00353218210361,0.00647566718995,0.00470957613815,0.010989010989,0.00313971742543,0.00883045525903,0.0,0.00569073783359
0.00658530160681,0.00974624637808,0.00921942224954,0.0360874528053,0.0252875581702,0.0795504434103,0.0577750460971,0.00746334182106,0.0112389147423,0.0201071209061,0.051540960576,0.0354728246554,0.0212485731847,0.0216875932918,0.0025463166213,0.0083413820353,0.0359996487839,0.068311528668,0.0557555536044,0.0311704276056,0.019053472649,0.0179120203705,0.00439020107121,0.00632188954254,0.05672139784,0.00957063833524,0.0981648959522,0.0443410308192,0.0156291158135,0.089208885767,0.00518043726403,0.00377557292124,0.00351216085697,0.0158925278778,0.00237070857845,0.00614628149969,0.000263412064273,0.00640969356397
0.00717580727832,0.00922603792927,0.00820092260379,0.0445925166581,0.0328036904152,0.0784213223988,0.0481804202973,0.00922603792927,0.0143516145566,0.0174269605331,0.0461301896463,0.0404920553562,0.0266529984623,0.0189646335213,0.00358790363916,0.00615069195284,0.0384418247053,0.0333162480779,0.0420297283444,0.0266529984623,0.0138390568939,0.0287032291133,0.00922603792927,0.009738595592,0.0527934392619,0.0164018452076,0.106099436187,0.0594566888775,0.0225525371604,0.070220399795,0.00871348026653,0.00717580727832,0.00512557662737,0.0179395181958,0.00666324961558,0.00871348026653,0.0,0.00461301896463
0.00483648088439,0.0112851220636,0.00852141870106,0.0292491939199,0.0287885766928,0.0688622754491,0.0545831414095,0.00829111008752,0.00829111008752,0.0112851220636,0.0550437586366,0.0423767848918,0.0211883924459,0.0248733302626,0.00299401197605,0.00944265315523,0.0416858590511,0.0541225241824,0.0396130815292,0.0338553661907,0.0274067250115,0.0168125287886,0.00345462920313,0.0112851220636,0.0527406725012,0.0122063565177,0.117227084293,0.040764624597,0.0179640718563,0.0882081989866,0.00736987563335,0.00760018424689,0.00713956701981,0.0133578995854,0.00276370336251,0.00483648088439,0.0,0.00967296176877
0.00824574121058,0.0143167814426,0.00933309169989,0.0492932221819,0.0263682493657,0.0398242116709,0.027455599855,0.00317143892715,0.00661471547662,0.0231061978978,0.0501087350489,0.0204784342153,0.0115984052193,0.0131388184125,0.000906125407756,0.00312613265676,0.0150869880391,0.028860094237,0.028271112722,0.0549565059804,0.0186208771294,0.0220641536789,0.00702247191011,0.00951431678144,0.106696266763,0.0208408843784,0.0994019572309,0.0912468285611,0.0213392533527,0.104159115622,0.00779267850671,0.00385103298296,0.00502899601305,0.0250090612541,0.00666002174701,0.00888002899601,0.000135918811163,0.00747553461399
0.00981996726678,0.0124795417349,0.00941080196399,0.0466448445172,0.0241407528642,0.0548281505728,0.0308919803601,0.00347790507365,0.00613747954173,0.017798690671,0.0456219312602,0.0196399345336,0.014116202946,0.0182078559738,0.00163666121113,0.00450081833061,0.0163666121113,0.0398936170213,0.0386661211129,0.0355973813421,0.018821603928,0.022504091653,0.004705400982,0.00838788870704,0.0814238952537,0.0169803600655,0.11170212766,0.0867430441899,0.0278232405892,0.1102700491,0.00777414075286,0.00450081833061,0.0069558101473,0.0237315875614,0.0069558101473,0.00552373158756,0.0,0.00531914893617
0.00418311237054,0.00708430320818,0.00711803798536,0.0335998380731,0.0171035320312,0.0635563202105,0.0451371318692,0.00330600816382,0.0104240461492,0.00843369429545,0.0225010963803,0.0182505144554,0.0175758189117,0.0103228418176,0.00104577809264,0.00401443848463,0.0286070910502,0.0420335323685,0.0546166042573,0.0208143575212,0.0136963195358,0.0360624768073,0.00553250345781,0.0119421111224,0.0718888101744,0.0154167931721,0.113888607766,0.0687514758965,0.0268191478595,0.163579934555,0.00927706372499,0.00613972944709,0.00664575110481,0.0150794454003,0.00522889046318,0.00549876868063,0.000101204331545,0.00472286880545
0.00596697349554,0.00957491095795,0.00490309450021,0.0407049354734,0.021508857949,0.0389009667422,0.0293260557843,0.00319163698598,0.0043480271983,0.012396503076,0.0326564595957,0.0204912345622,0.0106850455618,0.0119802025996,0.00111013460382,0.00471807206624,0.0172533419677,0.0280308987465,0.0296498450437,0.0333965493316,0.0109625792127,0.0197511448263,0.00564318423609,0.00800222026921,0.101161015773,0.021416346732,0.089689624867,0.0885332346547,0.0279383875295,0.156390212313,0.0131365928119,0.00675331883991,0.00716961931634,0.0439428280679,0.0122577362505,0.0136454045053,0.00018502243397,0.0126277811185
0.00247968039675,0.00688800110208,0.00592368094779,0.0352665656427,0.0185976029756,0.0345777655324,0.029893924783,0.00316848050696,0.00799008127841,0.00743904119025,0.0214905634385,0.016393442623,0.010056481609,0.00936768149883,0.000551040088166,0.0049593607935,0.0148780823805,0.0241080038573,0.0293428846949,0.0177710428434,0.00950544152087,0.023143683703,0.00468384074941,0.0104697616752,0.076181292189,0.0159801625568,0.0990494558479,0.114478578317,0.0272764843642,0.198512191762,0.0174955227993,0.00909216145475,0.0104697616752,0.0472516875603,0.0111585617854,0.0110208017633,0.000137760022042,0.0129494420719
0.00419366111992,0.00704320008602,0.00669372832603,0.0278770934703,0.0133874566521,0.0449743272669,0.0281728003441,0.00231189010457,0.00623672679373,0.00739267184602,0.0233608430334,0.0148928734643,0.0135487513105,0.0104303879137,0.00110218016613,0.00325277561225,0.0198392429904,0.0276889163687,0.0389257775747,0.0156455818705,0.0111562138767,0.0258071453534,0.00438183822146,0.00897873598753,0.0618833839619,0.0130648673351,0.111830963198,0.0909970698137,0.0314524583994,0.219710207264,0.0199198903196,0.0130648673351,0.0113712734213,0.029893276701,0.00983897416597,0.00814538025216,0.00037635420307,0.0111562138767
0.00848256361923,0.00801131008483,0.014137606032,0.0296889726673,0.0164938737041,0.0344015080113,0.0249764373233,0.00424128180961,0.00565504241282,0.00942507068803,0.0160226201697,0.0136663524976,0.00848256361923,0.00706880301602,0.0014137606032,0.00235626767201,0.0160226201697,0.0216776625825,0.0311027332705,0.0230914231857,0.00754005655042,0.014137606032,0.0014137606032,0.00565504241282,0.0353440150801,0.00848256361923,0.0626767200754,0.0678605089538,0.0292177191329,0.237511781338,0.0452403393025,0.0226201696513,0.0306314797361,0.0490103675778,0.0254476908577,0.0292177191329,0.000942507068803,0.0306314797361
0.00571837026447,0.012151536812,0.00500357398142,0.0207290922087,0.0157255182273,0.0571837026447,0.0278770550393,0.00500357398142,0.00929235167977,0.0100071479628,0.0142959256612,0.0142959256612,0.00786275911365,0.00500357398142,0.0,0.00214438884918,0.0250178699071,0.0321658327377,0.0464617583989,0.0200142959257,0.00428877769836,0.0214438884918,0.00214438884918,0.00786275911365,0.0507505360972,0.00714796283059,0.096497498213,0.0614724803431,0.0150107219442,0.239456754825,0.023588277341,0.0157255182273,0.0250178699071,0.0207290922087,0.0228734810579,0.0271622587563,0.00285918513224,0.0200142959257
0.00712678169542,0.0105026256564,0.00337584396099,0.0408852213053,0.0176294073518,0.0566391597899,0.0423855963991,0.00412603150788,0.00450112528132,0.0105026256564,0.0217554388597,0.00975243810953,0.0146286571643,0.00487621905476,0.00187546886722,0.00225056264066,0.0206301575394,0.0292573143286,0.039759939985,0.0206301575394,0.0108777194299,0.0150037509377,0.00300075018755,0.0123780945236,0.0573893473368,0.00787696924231,0.0787696924231,0.0663915978995,0.0202550637659,0.175918979745,0.0236309077269,0.0142535633908,0.0221305326332,0.0371342835709,0.0300075018755,0.0311327831958,0.00787696924231,0.02288072018
0.00564971751412,0.00885978428351,0.00423728813559,0.0418592706728,0.027478171546,0.0407036466359,0.0258089368259,0.00346687211094,0.00564971751412,0.0121982537237,0.0290190035953,0.0166923472008,0.00898818695429,0.0101438109913,0.0010272213662,0.00398048279404,0.0151515151515,0.0227272727273,0.0255521314843,0.0270929635336,0.00860297894196,0.0141242937853,0.00513610683102,0.00590652285568,0.0733179250128,0.012583461736,0.068053415511,0.110426296867,0.0290190035953,0.153184386235,0.0210580380072,0.0183615819209,0.0154083204931,0.0467385721623,0.0201592193118,0.0318438623523,0.000256805341551,0.0295326142784
0.00661084178052,0.00881445570736,0.00572939620978,0.0409872190392,0.0163067430586,0.0396650506831,0.0273248126928,0.00176289114147,0.00661084178052,0.0154252974879,0.0163067430586,0.00837373292199,0.00925517849273,0.0110180696342,0.000440722785368,0.000881445570736,0.00925517849273,0.0260026443367,0.0176289114147,0.0246804759806,0.00837373292199,0.0141031291318,0.0013221683561,0.00396650506831,0.0652269722345,0.0141031291318,0.0608197443808,0.0982811811371,0.0396650506831,0.172322609079,0.0374614367563,0.021595416483,0.0229175848391,0.063464081093,0.0154252974879,0.0449537241075,0.0,0.0229175848391
0.00539480137322,0.0122609122119,0.0058852378617,0.0446297204512,0.0191270230505,0.0304070622854,0.0333496812163,0.0019617459539,0.00539480137322,0.00686611083865,0.0225600784698,0.0156939676312,0.00882785679255,0.00539480137322,0.0019617459539,0.0019617459539,0.0107896027464,0.0215792054929,0.0205983325159,0.0353114271702,0.00931829328102,0.0078469838156,0.000490436488475,0.0058852378617,0.0755272192251,0.010299166258,0.0716037273173,0.0936733692987,0.02893575282,0.106424717999,0.0304070622854,0.0461010299166,0.0411966650319,0.0622854340363,0.0240313879353,0.0372731731241,0.000490436488475,0.038254046101
0.0,0.0,0.004329004329,0.034632034632,0.004329004329,0.034632034632,0.030303030303,0.0,0.004329004329,0.00865800865801,0.04329004329,0.00865800865801,0.0,0.017316017316,0.0,0.004329004329,0.034632034632,0.004329004329,0.017316017316,0.047619047619,0.004329004329,0.025974025974,0.00865800865801,0.00865800865801,0.0822510822511,0.017316017316,0.025974025974,0.108225108225,0.025974025974,0.168831168831,0.021645021645,0.04329004329,0.025974025974,0.0735930735931,0.017316017316,0.012987012987,0.004329004329,0.025974025974
0.00463883366468,0.00728959575878,0.00397614314115,0.0437375745527,0.0159045725646,0.051689860835,0.0185553346587,0.00463883366468,0.00728959575878,0.0106030483764,0.0205434062293,0.0159045725646,0.0106030483764,0.0112657388999,0.0,0.000662690523526,0.0198807157058,0.0258449304175,0.0165672630881,0.0271703114645,0.012591119947,0.0172299536117,0.00397614314115,0.00397614314115,0.0689198144467,0.00596421471173,0.0834990059642,0.100728959576,0.0225314777999,0.152418820411,0.0198807157058,0.0231941683234,0.0205434062293,0.0563286944997,0.0198807157058,0.0331345261763,0.00397614314115,0.0344599072233
