0.366292134831,0.21797752809,0.076404494382,0.0943820224719,0.0134831460674,0.0539325842697,0.0157303370787,0.0,0.0,0.0157303370787,0.0269662921348,0.00674157303371,0.00224719101124,0.0,0.0,0.0,0.00224719101124,0.00224719101124,0.00449438202247,0.00898876404494,0.00674157303371,0.00898876404494,0.0,0.0,0.0269662921348,0.00224719101124,0.0112359550562,0.0134831460674,0.0,0.0112359550562,0.0,0.0,0.00224719101124,0.00449438202247,0.0,0.0,0.0,0.00449438202247
0.0538103548575,0.263816172193,0.148051192554,0.231820826062,0.0325770796975,0.0715532286213,0.0180337405468,0.00116346713205,0.00378126817917,0.00814426992437,0.0186154741129,0.00901687027341,0.00465386852821,0.00378126817917,0.000290866783013,0.00174520069808,0.00756253635835,0.00290866783013,0.00756253635835,0.0154159394997,0.00523560209424,0.00581733566027,0.000581733566027,0.00465386852821,0.0177428737638,0.00261780104712,0.0145433391507,0.00930773705643,0.00407213496219,0.022687609075,0.00116346713205,0.000581733566027,0.000581733566027,0.00349040139616,0.00174520069808,0.00087260034904,0.0,0.0
0.0225733634312,0.183972911964,0.273702031603,0.0908577878104,0.0141083521445,0.200338600451,0.0361173814898,0.00225733634312,0.00282167042889,0.00507900677201,0.0124153498871,0.00733634311512,0.00620767494357,0.00225733634312,0.000564334085779,0.0,0.00507900677201,0.00338600451467,0.0112866817156,0.00395033860045,0.00507900677201,0.00564334085779,0.00225733634312,0.0079006772009,0.010158013544,0.00112866817156,0.015237020316,0.010158013544,0.00733634311512,0.0423250564334,0.00338600451467,0.0,0.00225733634312,0.000564334085779,0.00112866817156,0.0,0.0,0.00112866817156
0.0299838742189,0.0896996573272,0.0409695625882,0.280135053417,0.0812336222536,0.151783914533,0.0583551703286,0.00423301753679,0.00776053215078,0.0102801854465,0.0362326143923,0.0188470066519,0.0109352953034,0.00680306389841,0.000352751461399,0.00403144527313,0.0107337230397,0.00826446280992,0.0115904051602,0.0144628099174,0.00614795404152,0.00765974601895,0.00246926022979,0.00478734126184,0.0214674460794,0.00362830074582,0.0248941745616,0.015269098972,0.00629913323927,0.0212154807498,0.000806289054626,0.0010582543842,0.000705502922798,0.00347712154807,0.0014110058456,0.00156218504334,0.0,0.000453537593227
0.0148183844347,0.0307812782363,0.0145171977592,0.201915547256,0.0590325883983,0.122342027589,0.0837298957894,0.00843322691404,0.016806216493,0.0203602192639,0.0542136015903,0.0374676224324,0.0172881151738,0.0124691283658,0.000783085356304,0.0127703150413,0.0218661526414,0.0192759472321,0.0186735738811,0.0232516113487,0.0140352990784,0.0164447924824,0.00433708812722,0.00632492018553,0.0363231130655,0.00596349617493,0.0383711824589,0.0238539846997,0.0106017709777,0.0302391422203,0.00283115474971,0.00126498403711,0.00198783205831,0.00777061622794,0.00222878139871,0.00445756279742,6.02373351003e-05,0.00210830672851
0.013115197404,0.0271768523526,0.0576888408149,0.127906976744,0.0314133766,0.270146024878,0.143050297458,0.00766179917072,0.0216333153056,0.00473228772309,0.0163601946998,0.013520822066,0.0215882458987,0.00468721831621,0.00108166576528,0.0020281233099,0.0228051198846,0.0159996394447,0.0247431043807,0.00698575806742,0.00563367586083,0.013520822066,0.00198305390301,0.00477735712998,0.0177122769064,0.00410131602668,0.0406976744186,0.016315125293,0.00694068866054,0.0388948981431,0.0020281233099,0.00216333153056,0.00256895619254,0.00414638543357,0.00175770686858,0.00148729042726,0.0,0.000946457544619
0.00819345661451,0.0153627311522,0.0215647226174,0.0815931721195,0.0330014224751,0.247055476529,0.140426742532,0.0140540540541,0.0247510668563,0.00682788051209,0.0208250355619,0.021280227596,0.0327169274538,0.0078520625889,0.000739687055477,0.00603129445235,0.0398293029872,0.0247510668563,0.0272546230441,0.00847795163585,0.0101280227596,0.0161024182077,0.00307254623044,0.00739687055477,0.0239544807966,0.00403982930299,0.0542247510669,0.0189473684211,0.009786628734,0.0485917496444,0.00318634423898,0.00204836415363,0.00364153627312,0.00608819345661,0.00193456614509,0.00233285917496,0.0,0.00193456614509
0.00503325543771,0.0140212115765,0.0125831385943,0.0728024447241,0.0481754449038,0.14704296243,0.107855473665,0.0140212115765,0.0267841092935,0.00611181017437,0.0357720654323,0.0323566420996,0.0284019413985,0.0147402480676,0.00107855473665,0.0179759122775,0.0451195398166,0.0271436275391,0.0517706273593,0.015998561927,0.0138414524537,0.0190544670142,0.00539277368326,0.0102462699982,0.0327161603451,0.00611181017437,0.0645335250764,0.0260650728024,0.0125831385943,0.0524896638504,0.00431421894661,0.00215710947331,0.00359518245551,0.0080891605249,0.00413445982384,0.00611181017437,0.0,0.00377494157829
0.0069241011984,0.00932090545939,0.0178428761651,0.0647137150466,0.0372836218375,0.203728362184,0.15499334221,0.00665778961385,0.0205059920107,0.00505992010652,0.0284953395473,0.0372836218375,0.0215712383489,0.0130492676431,0.00266311584554,0.00399467376831,0.0434087882823,0.0351531291611,0.0479360852197,0.012516644474,0.00878828229028,0.0165113182423,0.00639147802929,0.0098535286285,0.0205059920107,0.00585885486019,0.0641810918775,0.0159786950732,0.0069241011984,0.0492676431425,0.0034620505992,0.00399467376831,0.0034620505992,0.00532623169108,0.000798934753662,0.00399467376831,0.0,0.00159786950732
0.0193156732892,0.0333885209713,0.01793598234,0.122240618102,0.080298013245,0.0568432671082,0.0273178807947,0.00634657836645,0.00827814569536,0.0364238410596,0.0665011037528,0.0314569536424,0.0102097130243,0.0162803532009,0.0030353200883,0.00772626931567,0.0149006622517,0.0223509933775,0.016004415011,0.0538079470199,0.0317328918322,0.0292494481236,0.00772626931567,0.00993377483444,0.0800220750552,0.00413907284768,0.0333885209713,0.048289183223,0.00855408388521,0.0596026490066,0.00551876379691,0.00331125827815,0.00331125827815,0.0140728476821,0.00358719646799,0.00441501103753,0.000275938189845,0.00220750551876
0.0139512887207,0.0209860487113,0.0153109482147,0.106526365571,0.0644360368882,0.066445968314,0.0388389690234,0.00662095057933,0.0109955072121,0.023291558288,0.0471151572476,0.0374201938993,0.0198037361078,0.0115275478837,0.00177346890518,0.0159612201466,0.0287893118941,0.0274887680303,0.0263064554268,0.0546228422795,0.0166114920785,0.0403168597777,0.00709387562071,0.0156656419957,0.069519981083,0.0150153700638,0.0494797824545,0.0477063135493,0.0103452352802,0.0503074012769,0.0043154410026,0.00437455663277,0.00372428470087,0.0115275478837,0.00413809411208,0.00632537242847,0.000118231260345,0.00520217545519
0.00689278646011,0.0137173275097,0.00975909370095,0.0964307650311,0.0555517641439,0.0938374394322,0.0748652153143,0.00859892172251,0.0156281990036,0.018016788371,0.0464751245479,0.0195864328124,0.0224527400532,0.0193816965809,0.00109192656794,0.017743806729,0.0308469255443,0.0298914897973,0.0352828772265,0.0281171091244,0.0204053777383,0.0405377738347,0.00818944925954,0.0135125912782,0.0426533815601,0.0117382106053,0.0607384153416,0.0408790008872,0.0167201255716,0.0563024636593,0.00498191496622,0.00457244250324,0.00614208694465,0.0146045178462,0.00327577970381,0.00614208694465,0.000136490820992,0.00429946086126
0.00460397971128,0.0115489660554,0.0165431135388,0.0582130316036,0.0316035895435,0.158954350371,0.108388607101,0.00413577838471,0.015294576668,0.0108466640655,0.0331642606321,0.0205228248147,0.0209910261412,0.00983222785798,0.00101443620757,0.00452594615685,0.0283261802575,0.0323839250878,0.0618025751073,0.019664455716,0.0144362075693,0.0220054623488,0.00460397971128,0.0117830667187,0.0359734685915,0.00881779165041,0.0826375341397,0.0369098712446,0.0151385095591,0.0702301989856,0.00717908700741,0.00678891923527,0.00819352321498,0.0106905969567,0.00374561061256,0.00460397971128,0.000156067108857,0.00374561061256
0.00684420109507,0.0118218018915,0.0104529616725,0.0698108511697,0.0411896465903,0.0800149328024,0.063837730214,0.0095818815331,0.0134395221503,0.0170482827277,0.038825286212,0.0405674464908,0.0255102040816,0.0158038825286,0.00211548033848,0.0130662020906,0.0455450472872,0.0335988053758,0.0390741662519,0.0344698855152,0.01393728223,0.0505226480836,0.00647088103534,0.0202837232454,0.0462916874067,0.0145594823295,0.0690642110503,0.0450472872076,0.0149328023892,0.0622200099552,0.00510204081633,0.0047287207566,0.00647088103534,0.0121951219512,0.00522648083624,0.00535092085615,0.000373320059731,0.00460428073668
0.00704721634954,0.0077519379845,0.00986610288936,0.0443974630021,0.0288935870331,0.0979563072586,0.0683579985906,0.00563777307963,0.0169133192389,0.0077519379845,0.0443974630021,0.0281888653982,0.0260747004933,0.0183227625088,0.00634249471459,0.015503875969,0.0345313601128,0.045806906272,0.0493305144468,0.0352360817477,0.0225510923185,0.0380549682875,0.0105708245243,0.0260747004933,0.0338266384778,0.0140944326991,0.0944326990839,0.0422832980973,0.0169133192389,0.0570824524313,0.00493305144468,0.00634249471459,0.00704721634954,0.00986610288936,0.00211416490486,0.0105708245243,0.0,0.00493305144468
0.00432276657061,0.0112391930836,0.0112391930836,0.0590778097983,0.035734870317,0.139481268012,0.0916426512968,0.0103746397695,0.0161383285303,0.0109510086455,0.0397694524496,0.0236311239193,0.0268011527378,0.0123919308357,0.00028818443804,0.00720461095101,0.0262247838617,0.0256484149856,0.0475504322767,0.0247838616715,0.0155619596542,0.0195965417867,0.00518731988473,0.0167146974063,0.042939481268,0.00547550432277,0.0873198847262,0.0380403458213,0.0190201729107,0.0746397694524,0.00547550432277,0.0103746397695,0.00864553314121,0.00922190201729,0.00230547550432,0.00806916426513,0.00028818443804,0.00662824207493
0.00458799779776,0.00816663608001,0.00862543585979,0.0494586162599,0.0260598274913,0.1224995412,0.080014681593,0.0069737566526,0.0197283905304,0.012204074142,0.0393650211048,0.0291796659938,0.0206459900899,0.0191778307946,0.00128463938337,0.00486327766563,0.0238575885484,0.0267939071389,0.0745090842356,0.0177096714994,0.024683428152,0.0336759038356,0.00715727656451,0.0149568728207,0.0354193429987,0.00890071572766,0.11002018719,0.0332171040558,0.0112864745825,0.0825839603597,0.00605615709304,0.00568911726922,0.00761607634428,0.00935951550743,0.00367039823821,0.00513855753349,0.0,0.00486327766563
0.00642236494144,0.00878352852286,0.00859463543634,0.0442954287873,0.0273894975444,0.105969021534,0.0753683415187,0.00491122024934,0.018794862108,0.0107669059312,0.0354174537212,0.0265394786551,0.0324896108802,0.0111446921043,0.00179448432187,0.00264450321118,0.021722704949,0.0221949376653,0.0512844729883,0.0286173026067,0.0236116358141,0.0488288628636,0.00462788061957,0.0154892330941,0.0457121269362,0.0109557990178,0.115885908576,0.0406120136003,0.0166225916131,0.0885908575746,0.00736683037401,0.00698904420098,0.00708349074424,0.00887797506611,0.00292784284095,0.00604457876842,0.000188893086513,0.00443898753306
0.00443918319029,0.00690539607379,0.00799052974253,0.0379796784058,0.0157837624544,0.0965768965177,0.07112557956,0.00641215349709,0.019729703068,0.00572161388971,0.0242675347736,0.0173621386998,0.034822925915,0.00582026240505,0.000690539607379,0.00335404952155,0.0414323764427,0.0457729111177,0.0420242675348,0.0220972674361,0.0159810594851,0.0364013021604,0.00582026240505,0.0120351188715,0.0484364210319,0.0137121436322,0.132879550163,0.0418269705041,0.0180526783072,0.12636874815,0.00542566834369,0.00532701982835,0.00532701982835,0.0096675545033,0.0029594554602,0.00404458912893,0.00019729703068,0.00522837131301
0.0126923076923,0.0165384615385,0.0107692307692,0.0685576923077,0.0472115384615,0.0675961538462,0.0413461538462,0.00423076923077,0.00701923076923,0.0363461538462,0.0766346153846,0.0285576923077,0.0109615384615,0.0167307692308,0.0025,0.00567307692308,0.0249038461538,0.0506730769231,0.0318269230769,0.0536538461538,0.0222115384615,0.0167307692308,0.00586538461538,0.0117307692308,0.0802884615385,0.00884615384615,0.0654807692308,0.0503846153846,0.0140384615385,0.0651923076923,0.00490384615385,0.00394230769231,0.00384615384615,0.0164423076923,0.00278846153846,0.00798076923077,9.61538461538e-05,0.00480769230769
0.0166834170854,0.0205025125628,0.0100502512563,0.065527638191,0.04,0.0695477386935,0.038391959799,0.00723618090452,0.011256281407,0.0385929648241,0.0578894472362,0.0343718592965,0.0156783919598,0.0126633165829,0.00562814070352,0.00884422110553,0.031959798995,0.038391959799,0.0472361809045,0.0665326633166,0.0150753768844,0.0361809045226,0.0078391959799,0.0146733668342,0.0659296482412,0.0162814070352,0.0611055276382,0.0410050251256,0.00984924623116,0.0572864321608,0.00301507537688,0.00402010050251,0.00381909547739,0.0114572864322,0.00261306532663,0.00723618090452,0.0,0.00562814070352
0.00461524806958,0.0102067986154,0.00887547705689,0.0356794177687,0.0262714120884,0.0804118221354,0.0582231294932,0.00550279577527,0.00878672228632,0.0207686163131,0.0487263690423,0.0375432679507,0.0209461258543,0.0203248424603,0.00239637880536,0.0091417413686,0.0347031152924,0.0680749090264,0.0550279577527,0.0317742078637,0.0173959350315,0.0156208396201,0.00568030531641,0.00745540072779,0.0576018460992,0.00860921274519,0.0962989260673,0.0504127096831,0.0176621993432,0.090174846898,0.0054140410047,0.005147776693,0.00372770036389,0.016064613473,0.00337268128162,0.00585781485755,0.0,0.00550279577527
0.00317628374801,0.00794070937004,0.0111169931181,0.0465854949709,0.0232927474854,0.0894653255691,0.0518793012176,0.00899947061938,0.00582318687136,0.0164107993647,0.0460561143462,0.0370566437268,0.0248808893594,0.0190577024881,0.0,0.00635256749603,0.0423504499735,0.0328215987295,0.0402329274749,0.0333509793542,0.0169401799894,0.0317628374801,0.0158814187401,0.00476442562202,0.0587612493383,0.0116463737427,0.113287453679,0.0439385918475,0.0275277924828,0.0693488618317,0.0068819481207,0.00635256749603,0.00899947061938,0.0174695606141,0.00529380624669,0.00317628374801,0.0,0.0111169931181
0.00312779267203,0.0113941018767,0.0107238605898,0.0379803395889,0.0180965147453,0.0781948168007,0.0482573726542,0.00446827524576,0.0073726541555,0.0125111706881,0.0563002680965,0.0420017873101,0.0187667560322,0.0272564789991,0.00335120643432,0.00603217158177,0.042672028597,0.0587578194817,0.0361930294906,0.0377569258266,0.0256925826631,0.0180965147453,0.00379803395889,0.0109472743521,0.0525022341376,0.011617515639,0.113717605004,0.0417783735478,0.0160857908847,0.0875781948168,0.00848972296693,0.00647899910634,0.00826630920465,0.0158623771224,0.00379803395889,0.00558534405719,0.000223413762288,0.00826630920465
0.00795934886231,0.0136253260185,0.00876877417034,0.0536918787661,0.0281500134904,0.0411457864916,0.0273405881824,0.00319273315946,0.00647540246425,0.0235632700782,0.0461822106305,0.0201456965554,0.00926342296969,0.0128608687832,0.000764457235363,0.00436190304884,0.016413346524,0.0303084809785,0.0301286086878,0.0571993884342,0.0193812393201,0.0244176634589,0.00665527475492,0.0104775609317,0.0982552387805,0.0205504092095,0.0972659411818,0.0913301555895,0.0222591959709,0.0999640255419,0.00822915729832,0.00539616872021,0.00607068981023,0.025766705639,0.0069700512636,0.00962316755104,0.000134904218005,0.00571094522889
0.00542635658915,0.0151162790698,0.0112403100775,0.0463178294574,0.0317829457364,0.0587209302326,0.0381782945736,0.00387596899225,0.0077519379845,0.0168604651163,0.0414728682171,0.0203488372093,0.0164728682171,0.0131782945736,0.00174418604651,0.00193798449612,0.0238372093023,0.0362403100775,0.0329457364341,0.0323643410853,0.0211240310078,0.0217054263566,0.00426356589147,0.0093023255814,0.0846899224806,0.0124031007752,0.109302325581,0.0802325581395,0.0263565891473,0.113953488372,0.0100775193798,0.0062015503876,0.00717054263566,0.0209302325581,0.00717054263566,0.0062015503876,0.0,0.0031007751938
0.00448581739688,0.00708286957402,0.00816216398529,0.0338965901042,0.0182468211407,0.0635097305137,0.0453303652737,0.00317042733313,0.010050929205,0.0088704509427,0.0222267192823,0.0166616074741,0.0187190124456,0.0102532969071,0.00107929441128,0.0041822658437,0.0294445006577,0.0412155553307,0.0555836621808,0.020000674559,0.0134237242403,0.0329859354447,0.00512664845357,0.013018988836,0.0747748659314,0.0162568720699,0.11383183244,0.0635097305137,0.02583560997,0.161894161692,0.010050929205,0.00779115653142,0.00731896522648,0.0152787615097,0.00526156025498,0.00543020000675,0.000168639751762,0.00586866336133
0.0060727799318,0.00999673004158,0.00541878824684,0.0423693184472,0.0234035595833,0.0419021815294,0.0288223478301,0.00284953519877,0.00513850609614,0.0127528378568,0.0334470033167,0.0193394683982,0.00878217405522,0.0122389872472,0.000747419068529,0.00443780071939,0.0180314850283,0.026486663241,0.0273742233849,0.0342878497688,0.0126594104732,0.01807819872,0.00518521978792,0.00663334423319,0.0976783295184,0.0199467463914,0.085486055963,0.0872611762508,0.0259260989396,0.159246975288,0.0128929789321,0.008828887747,0.00780118652777,0.0449852851871,0.0138739664596,0.0142476759938,0.000513850609614,0.014854953987
0.00378151260504,0.00658263305322,0.00406162464986,0.040756302521,0.0169467787115,0.0422969187675,0.0351540616246,0.003081232493,0.00518207282913,0.00812324929972,0.0218487394958,0.0145658263305,0.0102240896359,0.0119047619048,0.000560224089636,0.00266106442577,0.0187675070028,0.025350140056,0.0312324929972,0.0208683473389,0.00728291316527,0.0189075630252,0.00448179271709,0.00924369747899,0.0806722689076,0.0142857142857,0.0917366946779,0.10700280112,0.0270308123249,0.206442577031,0.0183473389356,0.00812324929972,0.00854341736695,0.0378151260504,0.0127450980392,0.0107843137255,0.0,0.0126050420168
0.00441910937949,0.00658944120493,0.00857673299689,0.0294955939649,0.0144863112204,0.046439871349,0.0304630912847,0.00193499463954,0.00687707554324,0.00614491540936,0.0208404152394,0.0147477969825,0.0123159793949,0.0106947676699,0.00115053735324,0.00237952043511,0.0178333289752,0.0304892398609,0.0375493554376,0.0160813743692,0.0100410532646,0.0249457417044,0.0041837721936,0.00815835577753,0.0653452919489,0.0132050309861,0.111105300316,0.0892973877572,0.0324765316529,0.213738461941,0.0190100149047,0.0136495567816,0.0122636822425,0.0329733546008,0.010459430484,0.00883821875899,0.00041837721936,0.0103809847554
0.00330969267139,0.00520094562648,0.00472813238771,0.0307328605201,0.0151300236407,0.0482269503546,0.0302600472813,0.00283687943262,0.00472813238771,0.00520094562648,0.0193853427896,0.0113475177305,0.00992907801418,0.00709219858156,0.0,0.00189125295508,0.012293144208,0.0283687943262,0.0297872340426,0.0156028368794,0.00661938534279,0.0132387706856,0.00283687943262,0.00756501182033,0.0382978723404,0.0118203309693,0.0643026004728,0.0780141843972,0.0250591016548,0.25011820331,0.041134751773,0.0222222222222,0.0330969267139,0.0406619385343,0.0260047281324,0.0231678486998,0.000945626477541,0.028841607565
0.00904662491301,0.0118302018093,0.00765483646486,0.0236604036186,0.0215727209464,0.0681976339596,0.0375782881002,0.00278357689631,0.00835073068894,0.0139178844816,0.0153096729297,0.00417536534447,0.0139178844816,0.00487125956855,0.0,0.000695894224078,0.00904662491301,0.0229645093946,0.0299234516354,0.0146137787056,0.00208768267223,0.0187891440501,0.00139178844816,0.0146137787056,0.053583855254,0.00556715379262,0.0876826722338,0.0591510090466,0.0208768267223,0.239387613083,0.018093249826,0.0153096729297,0.0257480862909,0.0382741823243,0.027139874739,0.0250521920668,0.00139178844816,0.0257480862909
0.00854396582414,0.00747597009612,0.00783196867213,0.0355998576006,0.0160199359203,0.0573157707369,0.0398718405126,0.00284798860805,0.00569597721609,0.0117479530082,0.0185119259523,0.00961196155215,0.0103239587042,0.00747597009612,0.00106799572802,0.00249199003204,0.0199359202563,0.0427198291207,0.0363118547526,0.0263438946244,0.0103239587042,0.0177999288003,0.00391598433606,0.0064079743681,0.0558917764329,0.00391598433606,0.0925596297615,0.0704877180491,0.0231399074404,0.189391242435,0.0199359202563,0.0167319330723,0.0149519401922,0.0220719117124,0.0284798860805,0.0266998932004,0.00961196155215,0.0199359202563
0.00443022397243,0.00836820083682,0.00529165641152,0.0459020428255,0.0273197144967,0.0365493477726,0.0267044056116,0.00295348264829,0.00664533595865,0.010583312823,0.0289195175978,0.0162441545656,0.0121831159242,0.0115678070391,0.00061530888506,0.0040610386414,0.0153827221265,0.0253507260645,0.0246123554024,0.0279350233817,0.00849126261383,0.0163672163426,0.00443022397243,0.00479940930347,0.0745754368693,0.0150135367955,0.0679301009107,0.106079251784,0.0280580851587,0.141397981787,0.0241201082944,0.0211666256461,0.0163672163426,0.0515628845681,0.0180900812208,0.0276888998277,0.000984494216096,0.0312576913611
0.00549702244617,0.00641319285387,0.00503893724233,0.0416857535502,0.0219880897847,0.0412276683463,0.021071919377,0.00320659642694,0.00320659642694,0.0100778744847,0.0261108566193,0.0123683005039,0.00870361887311,0.00458085203848,0.0,0.00366468163078,0.0137425561154,0.0155748969308,0.0256527714155,0.0229042601924,0.00870361887311,0.0169491525424,0.00458085203848,0.00778744846541,0.0581768208887,0.00870361887311,0.0577187356848,0.102153000458,0.032982134677,0.164910673385,0.0407695831425,0.027027027027,0.0256527714155,0.057260650481,0.0160329821347,0.0412276683463,0.0,0.0366468163078
0.00552208835341,0.00803212851406,0.00652610441767,0.0321285140562,0.0230923694779,0.0326305220884,0.0205823293173,0.00150602409639,0.00753012048193,0.0135542168675,0.0256024096386,0.0110441767068,0.0105421686747,0.00401606425703,0.0,0.000502008032129,0.0150602409639,0.0271084337349,0.02359437751,0.0356425702811,0.00853413654618,0.0070281124498,0.0,0.00652610441767,0.0697791164659,0.0105421686747,0.0798192771084,0.0868473895582,0.0326305220884,0.0958835341365,0.0271084337349,0.0331325301205,0.0612449799197,0.0707831325301,0.0261044176707,0.0411646586345,0.000502008032129,0.0381526104418
0.00448430493274,0.0,0.00896860986547,0.0403587443946,0.0224215246637,0.0717488789238,0.0313901345291,0.00448430493274,0.0,0.00896860986547,0.0582959641256,0.0179372197309,0.00896860986547,0.0,0.00448430493274,0.0,0.00448430493274,0.0224215246637,0.0134529147982,0.0313901345291,0.00896860986547,0.0179372197309,0.00448430493274,0.00448430493274,0.0403587443946,0.00896860986547,0.067264573991,0.156950672646,0.0269058295964,0.143497757848,0.0269058295964,0.0179372197309,0.0358744394619,0.0134529147982,0.0179372197309,0.00448430493274,0.00896860986547,0.0403587443946
0.00560616678346,0.00911002102313,0.00770847932726,0.0357393132446,0.021023125438,0.051857042747,0.0196215837421,0.000700770847933,0.00700770847933,0.0161177295025,0.0252277505256,0.0119131044149,0.010511562719,0.00700770847933,0.00140154169587,0.00140154169587,0.0154169586545,0.030833917309,0.0280308339173,0.0364400840925,0.00911002102313,0.0252277505256,0.00490539593553,0.00490539593553,0.0658724597057,0.0119131044149,0.0665732305536,0.0735809390329,0.031534688157,0.175893482831,0.0189208128942,0.0168185003504,0.0294323756132,0.0336370007008,0.0182200420463,0.0266292922214,0.0042046250876,0.0399439383322
