0.375280898876,0.208988764045,0.0629213483146,0.132584269663,0.00449438202247,0.047191011236,0.0112359550562,0.00224719101124,0.0,0.00224719101124,0.0112359550562,0.00449438202247,0.00898876404494,0.0,0.0,0.0,0.00224719101124,0.0,0.00674157303371,0.0224719101124,0.0,0.00224719101124,0.00224719101124,0.00224719101124,0.0202247191011,0.0202247191011,0.0157303370787,0.00898876404494,0.0,0.0134831460674,0.0,0.0,0.00674157303371,0.0,0.0,0.00449438202247,0.0,0.0
0.0605966438782,0.257302672467,0.145742697328,0.239279055314,0.0391547545059,0.0767557489124,0.0198881292728,0.00155376009944,0.00341827221877,0.00559353635799,0.0180236171535,0.011187072716,0.00714729645743,0.00248601615911,0.0,0.00155376009944,0.00310752019888,0.00341827221877,0.00497203231821,0.00994406463642,0.00745804847732,0.00621504039776,0.000310752019888,0.00186451211933,0.019577377253,0.00559353635799,0.0124300807955,0.0127408328154,0.00341827221877,0.0124300807955,0.00155376009944,0.000310752019888,0.00124300807955,0.00155376009944,0.00124300807955,0.000621504039776,0.0,0.000310752019888
0.0382749326146,0.151482479784,0.30781671159,0.0803234501348,0.0140161725067,0.199460916442,0.0296495956873,0.00215633423181,0.00269541778976,0.00592991913747,0.0140161725067,0.0134770889488,0.00646900269542,0.00539083557951,0.0,0.00377358490566,0.00592991913747,0.00485175202156,0.00808625336927,0.00700808625337,0.00646900269542,0.0118598382749,0.000539083557951,0.00431266846361,0.0118598382749,0.0010781671159,0.0156334231806,0.011320754717,0.00269541778976,0.0253369272237,0.000539083557951,0.0,0.00215633423181,0.00215633423181,0.000539083557951,0.00215633423181,0.0,0.000539083557951
0.0294163343519,0.0872132166347,0.0410689315863,0.271893935471,0.0807395515045,0.155109016521,0.0572271997514,0.00403956704128,0.00750945155109,0.0139313273603,0.0325754829354,0.0170904759439,0.00864881661401,0.00719871562484,0.000569682531462,0.0051789321042,0.012274069087,0.00932207778756,0.0113936506292,0.0140349060024,0.00725050494588,0.00932207778756,0.00191620487855,0.0041949350044,0.0221140400849,0.00346988450981,0.0263089750893,0.0166761613755,0.00621471852504,0.0223729866901,0.00155367963126,0.000725050494588,0.00129473302605,0.00543787870941,0.00191620487855,0.00181262623647,0.0,0.000983997099798
0.0169544740973,0.0316483516484,0.0150078492936,0.204395604396,0.0590266875981,0.118995290424,0.0813814756672,0.00967032967033,0.0160125588697,0.0155102040816,0.050612244898,0.036169544741,0.0167660910518,0.0136891679749,0.000502354788069,0.0140031397174,0.0216640502355,0.0183359497645,0.0192778649922,0.0267503924647,0.0131868131868,0.0182103610675,0.00489795918367,0.00879120879121,0.0361067503925,0.00678178963893,0.0346624803768,0.0273155416013,0.00759811616954,0.0314599686028,0.00326530612245,0.00131868131868,0.00301412872841,0.0079748822606,0.0021978021978,0.00357927786499,0.000125588697017,0.00313971742543
0.0127433461864,0.0250164581962,0.0540299068936,0.122637073262,0.0303771278096,0.263942443337,0.136085770714,0.00855826201448,0.0174456879526,0.00347973290699,0.0183861563058,0.0146713063105,0.0234176619957,0.006677325308,0.000423210758958,0.00296247531271,0.0254396689551,0.016411172764,0.0241700366783,0.00710053606696,0.00634816138437,0.0153766575755,0.0027273582244,0.00498448227217,0.0204081632653,0.00380889683062,0.0439198720963,0.0204081632653,0.00832314492617,0.0410984670366,0.00277438164206,0.00277438164206,0.0027273582244,0.00564281011944,0.00131665569454,0.00169284303583,0.0,0.00169284303583
0.00761208343323,0.0146247902182,0.0215775593383,0.0915248141932,0.0383001678255,0.237473028051,0.137856629106,0.012586909614,0.0259530088708,0.00653320546632,0.0198393670583,0.0212778710141,0.0333852793095,0.00725245744426,0.000599376648286,0.0033565092304,0.037401102853,0.0212778710141,0.0345240949413,0.0112083433229,0.00970990170223,0.0160632941741,0.0025173819228,0.00731239510909,0.0255933828818,0.00593382881803,0.0513066410933,0.0204387437065,0.00976983936706,0.0462119395828,0.00329657156557,0.00227763126349,0.00299688324143,0.0054543274994,0.00227763126349,0.0025173819228,0.000119875329657,0.00203788060417
0.00547409579668,0.0130987292278,0.0144672531769,0.0627565982405,0.038514173998,0.140175953079,0.114565004888,0.0105571847507,0.0179863147605,0.00957966764418,0.0424242424242,0.0316715542522,0.0230694037146,0.0191593352884,0.00371456500489,0.0154447702835,0.0418377321603,0.0306940371457,0.0471163245357,0.0127077223851,0.0132942326491,0.0236559139785,0.00899315738025,0.0130987292278,0.0342130987292,0.0101661779081,0.0692082111437,0.0340175953079,0.0103616813294,0.0508308895406,0.00527859237537,0.00273704789834,0.00547409579668,0.0111436950147,0.00312805474096,0.0058651026393,0.0,0.00351906158358
0.00624290578888,0.0104994324631,0.0207150964813,0.0698070374574,0.0419977298524,0.180760499432,0.137343927355,0.00964812712826,0.0181611804767,0.00879682179342,0.0329171396141,0.033484676504,0.0190124858116,0.0156072644722,0.00198637911464,0.00624290578888,0.0465380249716,0.0417139614075,0.0473893303065,0.0127695800227,0.0124858115778,0.0173098751419,0.00624290578888,0.00652667423383,0.02752553916,0.00794551645857,0.0593076049943,0.0173098751419,0.00681044267877,0.0567536889898,0.00198637911464,0.00425652667423,0.00141884222474,0.00425652667423,0.00255391600454,0.00283768444949,0.000567536889898,0.00227014755959
0.0189792254424,0.0353936906899,0.0164144652475,0.13131572198,0.0766863298282,0.05052577584,0.0261605539882,0.00512952038984,0.0120543729161,0.0310335983586,0.0723262374968,0.0271864580662,0.00846370864324,0.0135932290331,0.00282123621441,0.0117978968966,0.0146191331111,0.0153885611695,0.015645037189,0.0571941523468,0.0292382662221,0.0300076942806,0.00359066427289,0.016670941267,0.0720697614773,0.0105155167992,0.0451397794306,0.0538599640934,0.00769428058477,0.0546293921518,0.00589894844832,0.00282123621441,0.00436009233137,0.00923313670172,0.00436009233137,0.00410361631187,0.0,0.00307771223391
0.0167819548872,0.023037593985,0.0141954887218,0.108812030075,0.0599097744361,0.0634586466165,0.0388571428571,0.00727819548872,0.0083007518797,0.0251428571429,0.048,0.0356691729323,0.0188872180451,0.0130526315789,0.00198496240602,0.0131729323308,0.029954887218,0.0268872180451,0.0279097744361,0.0526315789474,0.0173834586466,0.0393984962406,0.00872180451128,0.0168421052632,0.0681503759398,0.0147969924812,0.0506466165414,0.0469172932331,0.0105263157895,0.0533533834586,0.00469172932331,0.00294736842105,0.00445112781955,0.0117894736842,0.00342857142857,0.00661654135338,0.00012030075188,0.00529323308271
0.00881508815088,0.0146234795681,0.00915675823425,0.0990159901599,0.0585622522892,0.0939592729261,0.073049063824,0.00949842831762,0.0223452234522,0.016946836135,0.0444171108378,0.0219352193522,0.0219352193522,0.019885198852,0.0012983463168,0.0221402214022,0.0289736230696,0.0267186005193,0.0307503075031,0.026581932486,0.0191335246686,0.0389503895039,0.0079950799508,0.0143501435014,0.0465354653547,0.0110701107011,0.0595189285226,0.0420254202542,0.0134618012847,0.0500888342217,0.00574005740057,0.00423670903376,0.00601339346727,0.0133251332513,0.00505671723384,0.00628672953396,0.0,0.00560338936723
0.00442477876106,0.00951744865587,0.0136917682418,0.062781766572,0.0331440975121,0.157622307564,0.110619469027,0.00233761896811,0.0142761729838,0.0101018533979,0.0326431791618,0.0212055434964,0.0171981966939,0.00943396226415,0.00133578226749,0.00592753381199,0.0274670228753,0.032893638337,0.0632826849224,0.0182000333946,0.0116046084488,0.0227082985473,0.00500918350309,0.0109367173151,0.0391551177158,0.0082651527801,0.0927533811989,0.031390883286,0.0139422274169,0.0723827016196,0.00834863917181,0.0055101018534,0.00659542494573,0.00976790783102,0.00475872432793,0.0036734012356,0.000333945566873,0.00475872432793
0.00968351440718,0.0157061880019,0.0106282475201,0.0710911667454,0.0444024563061,0.0787671232877,0.0602267359471,0.00956542276807,0.0120453471894,0.0162966461974,0.0376712328767,0.03589985829,0.0204298535664,0.0181861124232,0.000826641473784,0.0149976381672,0.0384978743505,0.0296410014171,0.0428672649976,0.0320028341993,0.0164147378366,0.0466461974492,0.00649504015116,0.0196032120926,0.0479452054795,0.0131081719414,0.0713273500236,0.0487718469532,0.0140529050543,0.0625885687293,0.00897496457251,0.00354274917336,0.00614076523382,0.0154700047237,0.00472366556448,0.00732168162494,0.000236183278224,0.00720358998583
0.00576368876081,0.0132564841499,0.00922190201729,0.0397694524496,0.028818443804,0.108933717579,0.0910662824207,0.00864553314121,0.0253602305476,0.00806916426513,0.0340057636888,0.021325648415,0.0201729106628,0.0132564841499,0.00403458213256,0.0149855907781,0.0397694524496,0.0334293948127,0.0518731988473,0.021325648415,0.028818443804,0.0363112391931,0.0121037463977,0.0207492795389,0.0322766570605,0.0109510086455,0.103170028818,0.035734870317,0.021325648415,0.0674351585014,0.00345821325648,0.00864553314121,0.00461095100865,0.0103746397695,0.0028818443804,0.000576368876081,0.00115273775216,0.00634005763689
0.00552316661553,0.00797790733354,0.0135010739491,0.053083768027,0.0319116293342,0.159251304081,0.0868364528997,0.0101258054618,0.0217858238724,0.0131942313593,0.0398895366677,0.0325253145137,0.0227063516416,0.0147284443081,0.000613685179503,0.0107394906413,0.0312979441546,0.0227063516416,0.0503221847192,0.0187173979748,0.0245474071801,0.0300705737956,0.00521632402577,0.0156489720773,0.0319116293342,0.0107394906413,0.0825406566431,0.0380484811292,0.0107394906413,0.0622890457195,0.00521632402577,0.00889843510279,0.00521632402577,0.00859159251304,0.00276158330776,0.00276158330776,0.000613685179503,0.00675053697453
0.00650329877474,0.00904806786051,0.0103675777568,0.047219604147,0.0263901979265,0.119132893497,0.08821866164,0.00612629594722,0.0226201696513,0.0108388312912,0.0440150801131,0.027521206409,0.020452403393,0.0166823751178,0.00245051837889,0.00245051837889,0.0227144203582,0.0309142318567,0.0736098020735,0.0178133836004,0.0181903864279,0.0343072573044,0.00650329877474,0.0171536286522,0.0351555136664,0.00829406220547,0.103487276155,0.0355325164939,0.0118755890669,0.0792648444863,0.00518378887842,0.00546654099906,0.00754005655042,0.00980207351555,0.00546654099906,0.00678605089538,0.000282752120641,0.00461828463713
0.00541053630755,0.009397247271,0.00977693402943,0.049644043664,0.028666350261,0.103464641671,0.0714760322734,0.00560037968676,0.0139534883721,0.0126245847176,0.0363550071191,0.0209776934029,0.0321784527765,0.0142382534409,0.0016136687233,0.00332225913621,0.0230659705743,0.0237304224015,0.0554342667299,0.0299952539155,0.0244897959184,0.0412909349786,0.00579022306597,0.0164214523019,0.0436639772188,0.0104413858567,0.110109159943,0.0408163265306,0.015662078785,0.0965353583294,0.00569530137636,0.00768865685809,0.00797342192691,0.00996677740864,0.00332225913621,0.00522069292833,9.49216896061e-05,0.00389178927385
0.0051823604185,0.00762687004987,0.0106580619928,0.031876405593,0.015351520485,0.0946514129266,0.0740197516378,0.00469345849223,0.016524885108,0.00880023467292,0.0235650728464,0.0143737166324,0.0364720837,0.00606238388579,0.000782243082038,0.00488901926274,0.04224112643,0.0436100518236,0.0433167106678,0.0201427593625,0.0144714970177,0.0349075975359,0.00508458003325,0.0130047912389,0.0493790945536,0.0122225481568,0.132101300479,0.0390143737166,0.0180893712721,0.135328053193,0.00645350542681,0.00586682311528,0.00752908966461,0.0117336462306,0.00342231348392,0.0030311919429,0.0,0.00352009386917
0.012730553328,0.0165396952686,0.0112269446672,0.0724739374499,0.0463111467522,0.0646551724138,0.0426022453889,0.0063151563753,0.00681635926223,0.0315757818765,0.0766840417001,0.0290697674419,0.0128307939054,0.0161387329591,0.0021050521251,0.0056134723336,0.0274659182037,0.0454089815557,0.0285685645549,0.0532277465918,0.0221531676022,0.0183440256616,0.0056134723336,0.0150360866079,0.0807939053729,0.0108259823577,0.0654570970329,0.0487169206095,0.0124298315958,0.0671611868484,0.00681635926223,0.00400962309543,0.0049117882919,0.0131315156375,0.0028067361668,0.00781876503609,0.0,0.0056134723336
0.015063265716,0.0186784494878,0.0144607350874,0.0668808997791,0.048604137377,0.0719019883511,0.0415746133762,0.00482024502912,0.0060253062864,0.0317332797751,0.0588471580639,0.0437838923479,0.0140590480016,0.0128539867443,0.00261096605744,0.00943964651536,0.0325366539466,0.0405703956618,0.0419763004619,0.0644707772645,0.0148624221731,0.0337417152039,0.00562361920064,0.018477605945,0.0584454709781,0.0104438642298,0.0616589676642,0.0415746133762,0.00943964651536,0.0620606547499,0.005021088572,0.00662783691504,0.00421771440048,0.0108455513155,0.00220927897168,0.00863627234384,0.0,0.00522193211488
0.00640252389348,0.0115987751693,0.00844390832328,0.0333116822864,0.0240326621509,0.0846246636355,0.0522408833627,0.00352602765148,0.00937181033683,0.015959914633,0.049178806718,0.0401781571866,0.0215273267143,0.0189292010764,0.00296928644335,0.0059385728867,0.0355386471189,0.0684791685998,0.0581794562494,0.0330333116823,0.0184652500696,0.0164238656398,0.00566020228264,0.00621694349077,0.0560452816183,0.00909343973276,0.100491788067,0.0471374222882,0.0153103832235,0.0957594877981,0.00621694349077,0.00528904147722,0.00510346107451,0.015959914633,0.00324765704742,0.00538183167857,0.0,0.00473230026909
0.00878552971576,0.0103359173127,0.0124031007752,0.0413436692506,0.0258397932817,0.0950904392765,0.0604651162791,0.00723514211886,0.0124031007752,0.0170542635659,0.0346253229974,0.0341085271318,0.025322997416,0.0139534883721,0.000516795865633,0.00568475452196,0.0268733850129,0.0434108527132,0.0454780361757,0.0284237726098,0.0113695090439,0.0222222222222,0.0134366925065,0.0103359173127,0.0604651162791,0.015503875969,0.10645994832,0.0439276485788,0.0237726098191,0.0909560723514,0.0108527131783,0.0046511627907,0.00516795865633,0.0134366925065,0.00516795865633,0.00516795865633,0.0,0.0077519379845
0.00486618004866,0.00995355009954,0.00884760008848,0.0320725503207,0.0212342402123,0.0873700508737,0.0466710904667,0.00508737005087,0.00973236009732,0.0134925901349,0.0402565804026,0.0429108604291,0.0190223401902,0.0309666003097,0.00287547002875,0.00818403008184,0.0400353904004,0.0539703605397,0.0327361203274,0.0433532404335,0.0272063702721,0.0141561601416,0.00309666003097,0.010395930104,0.0506525105065,0.00774165007742,0.119442601194,0.0409201504092,0.0150409201504,0.10196859102,0.00840522008405,0.00995355009954,0.00707808007078,0.0141561601416,0.00199071001991,0.00575094005751,0.000221190002212,0.00818403008184
0.00743760921188,0.0143823648013,0.00707917021372,0.0491957524979,0.0300192660962,0.0405036067924,0.0296160222232,0.00353958510686,0.00730319458757,0.0262108517407,0.0536314351001,0.0216407545141,0.00931941395224,0.0114700479412,0.000985707244948,0.00349478023209,0.0166674134146,0.0301088758457,0.0280030467315,0.055020386218,0.0188628522783,0.0229400958824,0.00613826784354,0.00994668219902,0.0959720417581,0.0219095837627,0.0972713831265,0.0861597741834,0.0233433397554,0.103902504592,0.00927460907747,0.00506295084905,0.00555580447153,0.025180339621,0.00586943859492,0.00887136520453,0.000313634123393,0.00779604821005
0.00861562561191,0.0133150577639,0.0115527707069,0.0569806148424,0.0285882122577,0.0546308987664,0.0399451732916,0.00704914822792,0.00959467397689,0.0203642059918,0.0466027021735,0.0244762091247,0.0125318190719,0.0148815351478,0.00156647738398,0.00137066771098,0.0178186802428,0.0289798316037,0.0366164088506,0.0336792637556,0.0234971607597,0.0186019189348,0.00509105149794,0.0092030546309,0.0800861562561,0.0135108674369,0.103387507343,0.0804777756021,0.0262384961817,0.115331897396,0.00744076757392,0.00411200313295,0.00313295476797,0.0244762091247,0.00528686117094,0.00450362247895,0.0,0.00646171920893
0.00487002082354,0.00819506952375,0.00819506952375,0.0341573184658,0.0184724927789,0.0624034392423,0.0474239269161,0.00292201249412,0.0111842547189,0.0074897561631,0.0266339759522,0.0150802713777,0.0177671794183,0.00997514610062,0.000906831463693,0.00369449855579,0.0306979243635,0.042184456237,0.0574662457177,0.021260159871,0.0125948814402,0.0310002015181,0.0061127157923,0.0104789413582,0.0706992678176,0.0158863437899,0.110062470612,0.0650567609324,0.0248874857258,0.163061731712,0.00994155975012,0.00822865587425,0.0070531336065,0.0176328340163,0.00483643447303,0.00487002082354,0.000100759051521,0.00651575199839
0.00499629903775,0.00971502590674,0.00610658771281,0.0442727609178,0.0247501850481,0.0383974833457,0.0293763878608,0.00346965210955,0.00647668393782,0.0112879348631,0.0316432272391,0.0197538860104,0.00971502590674,0.010177646188,0.00069393042191,0.00420984455959,0.0168856402665,0.026878238342,0.0294689119171,0.035991857883,0.0120281273131,0.0171169504071,0.00420984455959,0.00800333086603,0.101267579571,0.0215118430792,0.0848908216136,0.0886380458919,0.0271095484826,0.159511472983,0.0129533678756,0.00814211695041,0.00980754996299,0.0411269430052,0.014896373057,0.0118893412287,0.000370096225019,0.0122594374537
0.00438176092017,0.00629878132274,0.00547720115021,0.0357387375051,0.0213610844858,0.0387511981378,0.033547857045,0.00410790086266,0.00369711077639,0.00876352184034,0.019580994112,0.0188963439682,0.013419142818,0.0104066821854,0.000410790086266,0.00260167054635,0.0167054635081,0.026290565521,0.0295768862111,0.0172531836232,0.00917431192661,0.0228673148021,0.00616185129399,0.00670957140901,0.0872244283171,0.0132822127893,0.100506641106,0.103792961797,0.0279337258661,0.191975900315,0.0136930028755,0.00903738189785,0.012323702588,0.0409420785978,0.0119129125017,0.0116390524442,0.0,0.0135560728468
0.00446194225722,0.00713910761155,0.00677165354331,0.0288713910761,0.0135170603675,0.0472965879265,0.0309973753281,0.00254593175853,0.00748031496063,0.00771653543307,0.0198950131234,0.0159842519685,0.0128346456693,0.00892388451444,0.000603674540682,0.00257217847769,0.0200524934383,0.0274803149606,0.0380577427822,0.017532808399,0.0108398950131,0.0254593175853,0.00430446194226,0.00803149606299,0.0617585301837,0.0140682414698,0.113097112861,0.0925984251969,0.0309711286089,0.213963254593,0.0190026246719,0.0134120734908,0.0119422572178,0.0318372703412,0.0104461942257,0.00690288713911,0.000472440944882,0.010157480315
0.00193892389724,0.00872515753757,0.0053320407174,0.0276296655356,0.0121182743577,0.0402326708677,0.0310227823558,0.000969461948619,0.00630150266602,0.00824042656326,0.0290838584586,0.00969461948619,0.00824042656326,0.0101793504605,0.000484730974309,0.00193892389724,0.0106640814348,0.0261754726127,0.0271449345613,0.0193892389724,0.00727096461464,0.0179350460494,0.00387784779447,0.00920988851188,0.0368395540475,0.00872515753757,0.0741638390693,0.0693165293262,0.0310227823558,0.236548715463,0.0416868637906,0.0261754726127,0.0349006301503,0.0358700920989,0.0169655841008,0.026660203587,0.00193892389724,0.0353853611246
0.0111888111888,0.00769230769231,0.00909090909091,0.0188811188811,0.0125874125874,0.0496503496503,0.0342657342657,0.0041958041958,0.0048951048951,0.0146853146853,0.0125874125874,0.00769230769231,0.0118881118881,0.0020979020979,0.000699300699301,0.0020979020979,0.0181818181818,0.0244755244755,0.0377622377622,0.0202797202797,0.0034965034965,0.0146853146853,0.0034965034965,0.00629370629371,0.0475524475524,0.00769230769231,0.093006993007,0.0692307692308,0.0223776223776,0.263636363636,0.027972027972,0.0132867132867,0.0230769230769,0.0328671328671,0.013986013986,0.020979020979,0.0013986013986,0.0300699300699
0.00912863070539,0.0103734439834,0.00871369294606,0.044398340249,0.0157676348548,0.0680497925311,0.0311203319502,0.00414937759336,0.00663900414938,0.0103734439834,0.0278008298755,0.0112033195021,0.0157676348548,0.00622406639004,0.000414937759336,0.00207468879668,0.0211618257261,0.0398340248963,0.0406639004149,0.0215767634855,0.00663900414938,0.0153526970954,0.00165975103734,0.0112033195021,0.0473029045643,0.00788381742739,0.09377593361,0.0630705394191,0.0161825726141,0.176763485477,0.0165975103734,0.0128630705394,0.0170124481328,0.0398340248963,0.0199170124481,0.0302904564315,0.00871369294606,0.0195020746888
0.00493644329261,0.0104899419968,0.00715784277428,0.0465259780328,0.0251758607923,0.0401086017524,0.0267802048624,0.00370233246946,0.00678760952734,0.0116006417376,0.0254226829569,0.0174009626064,0.00900900900901,0.00962606442058,0.000740466493891,0.00444279896335,0.0154263852894,0.0225842280637,0.0256695051216,0.0292484265087,0.00999629766753,0.0138220412193,0.00209798839936,0.00543008762187,0.0717018388251,0.0166604961126,0.0678760952734,0.0986054547698,0.0312230038257,0.154140441812,0.0262865605331,0.0191287177589,0.0157966185363,0.047389855609,0.0185116623473,0.0306059484142,0.000617055411576,0.0272738491917
0.00461680517082,0.0101569713758,0.00554016620499,0.0401662049861,0.0249307479224,0.0466297322253,0.0267774699908,0.00138504155125,0.00461680517082,0.00461680517082,0.0249307479224,0.0120036934441,0.00923361034164,0.00554016620499,0.0,0.00323176361958,0.0124653739612,0.0244690674054,0.0235457063712,0.0277008310249,0.00692520775623,0.0184672206833,0.00184672206833,0.00646352723915,0.0590951061865,0.0101569713758,0.0577100646353,0.0937211449677,0.0304709141274,0.174976915974,0.0286241920591,0.0207756232687,0.0263157894737,0.0581717451524,0.0184672206833,0.0387811634349,0.000461680517082,0.0360110803324
0.00488599348534,0.00488599348534,0.00488599348534,0.0445168295331,0.0298588490771,0.0369163952226,0.0342019543974,0.00217155266015,0.00488599348534,0.0124864277959,0.028230184582,0.00977198697068,0.00542888165038,0.00705754614549,0.0,0.00162866449511,0.0211726384365,0.0162866449511,0.0380021715527,0.0352877307275,0.0103148751357,0.00488599348534,0.00217155266015,0.00380021715527,0.0618892508143,0.0108577633008,0.0836047774159,0.0841476655809,0.0271444082519,0.125407166124,0.0276872964169,0.0255157437568,0.0396308360478,0.0510314875136,0.0244299674267,0.0342019543974,0.000542888165038,0.0401737242128
0.00485436893204,0.0,0.00970873786408,0.0631067961165,0.0145631067961,0.0776699029126,0.0339805825243,0.0,0.0,0.00485436893204,0.0388349514563,0.0145631067961,0.0145631067961,0.0,0.00485436893204,0.0,0.00970873786408,0.0145631067961,0.0,0.0436893203883,0.00485436893204,0.0145631067961,0.00485436893204,0.00485436893204,0.0582524271845,0.0242718446602,0.0339805825243,0.101941747573,0.0533980582524,0.165048543689,0.0145631067961,0.0339805825243,0.0388349514563,0.0242718446602,0.00485436893204,0.0291262135922,0.00970873786408,0.0291262135922
0.00555555555556,0.0173611111111,0.0118055555556,0.0444444444444,0.0229166666667,0.0513888888889,0.0256944444444,0.00486111111111,0.00416666666667,0.00694444444444,0.0270833333333,0.00902777777778,0.0125,0.00763888888889,0.00138888888889,0.00208333333333,0.0131944444444,0.0340277777778,0.0256944444444,0.0375,0.0166666666667,0.0145833333333,0.00347222222222,0.00486111111111,0.0673611111111,0.00347222222222,0.0631944444444,0.0784722222222,0.0298611111111,0.150694444444,0.0145833333333,0.0159722222222,0.0256944444444,0.0472222222222,0.0208333333333,0.0402777777778,0.00486111111111,0.0326388888889
