0.416044776119,0.212686567164,0.0876865671642,0.0783582089552,0.00373134328358,0.0410447761194,0.00373134328358,0.00186567164179,0.00186567164179,0.00746268656716,0.0111940298507,0.0373134328358,0.0111940298507,0.0,0.0,0.0,0.00373134328358,0.00746268656716,0.00559701492537,0.00559701492537,0.00373134328358,0.0,0.0,0.00186567164179,0.0130597014925,0.0,0.00746268656716,0.0130597014925,0.00746268656716,0.0130597014925,0.0,0.0,0.0,0.00373134328358,0.0,0.0,0.0,0.0
0.054110612855,0.266068759342,0.141704035874,0.21375186846,0.0322869955157,0.0678624813154,0.0257100149477,0.00209267563528,0.00239162929746,0.00747384155456,0.0185351270553,0.0110612855007,0.00896860986547,0.00448430493274,0.0,0.00149476831091,0.00478325859492,0.00328849028401,0.00866965620329,0.0143497757848,0.00418535127055,0.00807174887892,0.000896860986547,0.00597907324365,0.0194319880419,0.00239162929746,0.0170403587444,0.0134529147982,0.00568011958146,0.024514200299,0.00328849028401,0.000298953662182,0.00119581464873,0.00269058295964,0.00119581464873,0.000298953662182,0.0,0.000298953662182
0.0398671096346,0.181300427148,0.24584717608,0.102515424775,0.00949216896061,0.21689606075,0.0398671096346,0.00522069292833,0.00189843379212,0.00427147603227,0.0128144280968,0.015662078785,0.00901756051258,0.00379686758424,0.00047460844803,0.00284765068818,0.0128144280968,0.0047460844803,0.00522069292833,0.00427147603227,0.00427147603227,0.000949216896061,0.00237304224015,0.000949216896061,0.0104413858567,0.00379686758424,0.0170859041291,0.00237304224015,0.00379686758424,0.0275272899858,0.00047460844803,0.00047460844803,0.00047460844803,0.00142382534409,0.00189843379212,0.00284765068818,0.0,0.0
0.0291610100462,0.0935650285094,0.0457235948955,0.264566929134,0.0756991582949,0.146673907141,0.0553353244638,0.00467010589194,0.00787401574803,0.0110236220472,0.03431984795,0.0160195492805,0.00890578332881,0.00624490904154,0.000488732011947,0.00401846320934,0.0126527287537,0.00868856910128,0.0146076568015,0.0155851208254,0.00689655172414,0.00950312245452,0.00238935650285,0.00428998099376,0.0261200108607,0.00423567743687,0.0251425468368,0.0168341026337,0.00673364105349,0.0272603855553,0.00146619603584,0.00119467825143,0.00119467825143,0.00581048058648,0.00162910670649,0.00200923160467,5.4303556883e-05,0.00141189247896
0.0173991493749,0.0331228251063,0.0157236757314,0.179275679856,0.0540662456502,0.122760665034,0.0846114189973,0.0100528418611,0.0193968294883,0.0164325299652,0.0489109421317,0.0373115092151,0.02055677278,0.0121149632685,0.000902178115737,0.0109550199768,0.0226833354814,0.0162392060833,0.023843278773,0.0261631653564,0.013725995618,0.0175280319629,0.00386647763887,0.00766851398376,0.0373115092151,0.00657301198608,0.0409202216781,0.0270009021781,0.0114705503287,0.0383425699188,0.00251321046527,0.00167547364351,0.00161103234953,0.00837736821755,0.00257765175925,0.00354427116897,0.000128882587962,0.00264209305323
0.0110433921967,0.0270875657655,0.0576131687243,0.119393655259,0.0282335781633,0.26285357087,0.132676980778,0.0084388185654,0.0194822107621,0.00437568370058,0.0201593999062,0.0147939782258,0.0216700526124,0.00557378757097,0.00109392092514,0.0030213054123,0.0234411626817,0.0151586185341,0.0249518153878,0.0070323488045,0.00546960462572,0.0148460696984,0.00270875657655,0.00692816585925,0.0199510340157,0.00354222013856,0.0447465749857,0.01963848518,0.00833463562015,0.0466739594728,0.00218784185029,0.00171901859666,0.00328176277543,0.00671979996875,0.00166692712403,0.00255248215867,5.20914726259e-05,0.000885555034641
0.00807655762183,0.0173747794217,0.0231437491516,0.0781865073979,0.0361069634858,0.240464232388,0.135265372608,0.0114021989955,0.022804397991,0.00644767205104,0.0197502375458,0.0215827338129,0.0280982760961,0.00828016831818,0.00108592371386,0.00529387810506,0.035631871861,0.0209040314918,0.031559657934,0.00861951947876,0.0114700692276,0.0178498710466,0.00325777114158,0.00746572553278,0.0269444821501,0.00665128274739,0.0571467354418,0.023958191937,0.00977331342473,0.0486629564273,0.00386860323062,0.00352925207004,0.00509026740871,0.00563322926564,0.00237545812407,0.00318990090946,0.000610832089046,0.00244332835618
0.00513622152747,0.0116123269317,0.0174184903975,0.067217507816,0.0426529700759,0.152076820009,0.118356409111,0.0100491290755,0.0214381420277,0.00736936132202,0.0346136668155,0.0272443054935,0.0234479678428,0.0178651183564,0.0020098258151,0.0120589548906,0.0430995980348,0.0328271549799,0.0379633765074,0.0163019205002,0.0136221527468,0.0192050022331,0.0089325591782,0.0129522108084,0.0399732023225,0.00826261723984,0.0681107637338,0.0283608753908,0.014738722644,0.0509155873158,0.00468959356856,0.00312639571237,0.00491290754801,0.0111656989728,0.00379633765074,0.00357302367128,0.00044662795891,0.00245645377401
0.00872002491436,0.00840859545313,0.0149486141389,0.0557458735596,0.0361258175023,0.19028340081,0.135783245095,0.00747430706945,0.0183743382124,0.00840859545313,0.0267829336655,0.0401744004983,0.0199314855185,0.0199314855185,0.000934288383681,0.00467144191841,0.0404858299595,0.0330115228901,0.037060105886,0.0140143257552,0.0115228900654,0.0252257863594,0.0118343195266,0.0080971659919,0.0298972282778,0.00560573030209,0.0660230457801,0.0183743382124,0.0127686079103,0.0597944565556,0.0034257240735,0.00498287137963,0.00467144191841,0.00996574275927,0.00280286515104,0.00186857676736,0.0,0.00186857676736
0.0224634023221,0.0358404846037,0.0153962645129,0.130237253912,0.0769813225644,0.0459363957597,0.0259969712267,0.00731953558809,0.00782433114589,0.0310449268046,0.055275113579,0.0330641090358,0.0136294800606,0.0169106511863,0.000757193336699,0.00782433114589,0.0116102978294,0.0199394245331,0.0191822311964,0.0613326602726,0.0257445734478,0.0398788490661,0.00656234225139,0.0136294800606,0.0734477536598,0.00858152448258,0.0464411913175,0.0393740535083,0.0133770822817,0.0615850580515,0.00403836446239,0.0017667844523,0.00328117112569,0.0106007067138,0.00403836446239,0.00530035335689,0.0,0.00378596668349
0.0144228162446,0.0220679932766,0.0117117605596,0.103074337147,0.0689692566285,0.0714634278588,0.0455999566231,0.00916336821558,0.0108442227403,0.01962804316,0.0424551320284,0.0350268394513,0.0172423141571,0.0112237705362,0.00173507563845,0.012904625061,0.0335628693813,0.0240741744835,0.0260803556905,0.0530824703139,0.0163747763379,0.0406658352763,0.00726562923602,0.0168627663612,0.069240362197,0.0124166350377,0.0479314645123,0.0469012633519,0.0109526649677,0.0519438269262,0.00536789025647,0.00433768909613,0.00401236241392,0.0142059317898,0.00439191020984,0.00769939814564,0.000162663341105,0.00493412134685
0.0097844583097,0.0141803743619,0.00836642087351,0.08855643789,0.0560124787294,0.0935195689166,0.0684203062961,0.00744469653999,0.0212705615428,0.0173000567215,0.0499858196256,0.0197816222348,0.0249574588769,0.0172291548497,0.000992626205332,0.0174418604651,0.0350964265457,0.0274390243902,0.0339619965967,0.0258791832104,0.0177254679524,0.046866137266,0.00765740215542,0.0158111174135,0.0467243335224,0.0103516732842,0.0655133295519,0.0428247305729,0.0141094724901,0.0499858196256,0.00666477595009,0.00361599546228,0.0052467385139,0.0144639818491,0.00397050482133,0.00545944412933,0.0,0.00538854225752
0.00536143464596,0.00998336106489,0.0178406359771,0.0570345720096,0.0307820299501,0.162044740248,0.11286744315,0.00360510260677,0.0123867628027,0.00933629136624,0.032723239046,0.0205213533001,0.0194120909595,0.0104455537068,0.00147901645406,0.0051765575892,0.0268071732298,0.0345720096136,0.0651691625069,0.015622111296,0.0119245701608,0.0237567017933,0.0056387502311,0.0104455537068,0.0376224810501,0.00794971344056,0.085690515807,0.0317988537622,0.0151599186541,0.0725642447772,0.00748752079867,0.00656313551488,0.00721020521353,0.00915141430948,0.00369754113515,0.00489924200407,0.000462192641893,0.00480680347569
0.00608937970895,0.0111466611621,0.00856641552276,0.065641449066,0.0374651666839,0.0984621735989,0.0706987305191,0.00908246465063,0.0144493755806,0.0141397461038,0.030137269068,0.0406646712767,0.0271441841263,0.0113530808133,0.0012385179069,0.0167199917432,0.0532562699969,0.0373619568583,0.0395293631954,0.0297244297657,0.0146557952317,0.0510888636598,0.00918567447621,0.0198162865105,0.0382908452885,0.0148622148829,0.0672928062752,0.0404582516256,0.0119723397667,0.0639900918567,0.00650221901125,0.00474765197647,0.00526370110435,0.0122819692435,0.00340592424399,0.0062957993601,0.0,0.00701826813913
0.0062656641604,0.0194235588972,0.0100250626566,0.047619047619,0.0244360902256,0.104636591479,0.0695488721805,0.0093984962406,0.016290726817,0.0062656641604,0.0388471177945,0.0181704260652,0.0194235588972,0.00814536340852,0.00501253132832,0.015664160401,0.047619047619,0.0375939849624,0.0520050125313,0.0325814536341,0.0206766917293,0.0438596491228,0.0119047619048,0.0244360902256,0.0438596491228,0.00501253132832,0.0852130325815,0.0382205513784,0.0181704260652,0.077694235589,0.00563909774436,0.00877192982456,0.0100250626566,0.00751879699248,0.00062656641604,0.00438596491228,0.0,0.00501253132832
0.00232480903354,0.00697442710063,0.0146130853537,0.0508136831617,0.0365327133843,0.143141813351,0.0790435071405,0.00730654267685,0.0202590501495,0.00996346728662,0.0381932912654,0.0242444370641,0.0265692460976,0.0096313517104,0.0,0.0102955828628,0.0325473264696,0.0275655928263,0.0551311856526,0.0235802059117,0.0239123214879,0.0401859847227,0.00830288940551,0.0172700099635,0.0365327133843,0.00664231152441,0.0860179342411,0.0305546330123,0.0149452009299,0.0674194619728,0.00498173364331,0.00763865825307,0.0102955828628,0.0116240451677,0.00199269345732,0.00365327133843,0.0,0.00929923613417
0.00509355509356,0.00821205821206,0.00821205821206,0.0466735966736,0.0278586278586,0.124844074844,0.0758835758836,0.00883575883576,0.0205821205821,0.00966735966736,0.0407484407484,0.0294178794179,0.0180873180873,0.0226611226611,0.00363825363825,0.00280665280665,0.0261954261954,0.0283783783784,0.0744282744283,0.0195426195426,0.0175675675676,0.0360706860707,0.00800415800416,0.0180873180873,0.0400207900208,0.00831600831601,0.103014553015,0.0318087318087,0.0111226611227,0.079106029106,0.00623700623701,0.00810810810811,0.00550935550936,0.00852390852391,0.00446985446985,0.00592515592516,0.0002079002079,0.00613305613306
0.00516240051624,0.0103248010325,0.0130135513014,0.0407614540761,0.0269950526995,0.111959561196,0.0692622069262,0.00440955044096,0.0154872015487,0.0116154011615,0.0358141535814,0.0246289524629,0.0304366530437,0.0144117014412,0.00161325016133,0.00247365024737,0.0244138524414,0.0261346526135,0.0490428049043,0.0282856528286,0.0275328027533,0.0450634545063,0.00623790062379,0.0168853516885,0.0459238545924,0.0104323510432,0.109270810927,0.0351688535169,0.0150570015057,0.0948591094859,0.00451710045171,0.00688320068832,0.0095719509572,0.0120456012046,0.00247365024737,0.00623790062379,0.0,0.00559260055926
0.00444589026242,0.0086749078291,0.0104098893949,0.031012795489,0.0158317067881,0.0950986770766,0.0696161353286,0.00477119930601,0.0197354153112,0.00824116243765,0.0223378876599,0.0139882888744,0.0333983951421,0.00975927130774,0.00140967252223,0.00455432661028,0.0433745391455,0.0376274127087,0.0429407937541,0.0223378876599,0.0149642160052,0.0384949034917,0.00401214487096,0.0136629798308,0.0496638473216,0.0136629798308,0.132834526133,0.042181739319,0.0151810887009,0.133593580568,0.00618087182824,0.00596399913251,0.0062893081761,0.01116894383,0.0027109086966,0.0039037085231,0.000108436347864,0.00585556278465
0.0138873936915,0.0245451609431,0.0122725804715,0.068898697384,0.0451071159436,0.0727742491119,0.0426310690064,0.0043061685865,0.00785875767036,0.0411239100011,0.077511034557,0.027128862095,0.0132414684035,0.0151792442674,0.00193777586393,0.00452147701583,0.0198083754979,0.0400473678545,0.0342340402627,0.0512434061794,0.0219614597912,0.0189471417806,0.00484443965981,0.0120572720422,0.0767574550544,0.0094735708903,0.0686833889547,0.0463989665195,0.0132414684035,0.0709441274626,0.00441382280116,0.00398320594251,0.00452147701583,0.0113036925396,0.00312197222521,0.00592098180644,0.000107654214663,0.00505974808914
0.0108139992135,0.0186787259143,0.0137632717263,0.0727487219819,0.0509241053873,0.0713723948093,0.0422729060165,0.00511207235549,0.0108139992135,0.0344081793158,0.0652772316162,0.0383405426661,0.0169091624066,0.0121903263862,0.00668501769564,0.00904443570586,0.0316555249705,0.036767597326,0.0351946519858,0.0497443963822,0.0143531262289,0.0365709791585,0.00648839952812,0.0180888714117,0.0528902870625,0.0182854895792,0.0601651592607,0.0446323240267,0.00806134486827,0.0617381046009,0.00432559968541,0.00235941801022,0.00353912701534,0.0149429807314,0.00353912701534,0.00904443570586,0.0,0.00825796303578
0.00706081717191,0.0101675767275,0.00828469214837,0.0378459800414,0.0203351534551,0.077668988891,0.0564865373753,0.00762568254566,0.00932027866692,0.0196761438524,0.0474486913952,0.0378459800414,0.0209941630578,0.0187347015628,0.00225946149501,0.00988514404067,0.0355865185464,0.0573338354359,0.0575221238938,0.0353040858595,0.0188288457918,0.0202410092261,0.00395405761627,0.00677838448503,0.0558275277725,0.009131990209,0.105535680663,0.0441536433817,0.0164752400678,0.098098286575,0.00555450950857,0.0032009037846,0.00442477876106,0.0144982112596,0.00442477876106,0.00508378836377,9.41442289588e-05,0.00630766334024
0.00530347672363,0.00766057748969,0.0129640542133,0.0494991160872,0.0212139068945,0.0913376546847,0.0453741897466,0.00353565114909,0.0123747790218,0.0129640542133,0.0465527401296,0.0300530347672,0.0259281084266,0.0159104301709,0.00176782557454,0.00942840306423,0.0341779611078,0.041249263406,0.0341779611078,0.0282852091927,0.0153211549794,0.0312315851503,0.0129640542133,0.0100176782557,0.0677666470242,0.0153211549794,0.0978196817914,0.0506776664702,0.0241602828521,0.0866234531526,0.00648202710666,0.00589275191514,0.00648202710666,0.0200353565115,0.0082498526812,0.00530347672363,0.0,0.00589275191514
0.00657585720996,0.0108031939878,0.0129168623767,0.0293565054016,0.0204321277595,0.0763269140442,0.0380460310005,0.00610615312353,0.00939408172851,0.018788163457,0.0542508219822,0.0352278064819,0.0251291686238,0.0251291686238,0.00258337247534,0.0108031939878,0.0406294034758,0.0488492249883,0.0340535462659,0.0371066228276,0.028651949272,0.017613903241,0.00399248473462,0.00986378581494,0.0582433067168,0.00610615312353,0.113903240958,0.0436824800376,0.0164396430249,0.105448567403,0.0100986378581,0.0103334899014,0.00704556129638,0.0105683419446,0.00328792860498,0.00446218882104,0.0,0.00775011742602
0.0088283274158,0.0130985510028,0.00959600806065,0.0498992419154,0.0305153056329,0.0385759524038,0.0256213415219,0.0044141637079,0.00801266673064,0.025957201804,0.0516745034066,0.0183283753958,0.01108338931,0.0116111697534,0.00124748104788,0.00335860282123,0.0160733135016,0.0250455810383,0.0313789463583,0.0562805872757,0.0213511179349,0.021830918338,0.00561366471548,0.0106995489876,0.0978313021783,0.0233662796277,0.0955282602437,0.0876115535937,0.0214470780155,0.10603588907,0.0102197485846,0.00609346511851,0.00609346511851,0.0230304193456,0.00710104596488,0.00796468669034,0.000239900201516,0.00734094616639
0.0118694362018,0.0146248410343,0.00911403136922,0.0451462484103,0.0258584145825,0.0538363713438,0.0394234845273,0.003815175922,0.00635862653667,0.0154726579059,0.0447223399746,0.026706231454,0.0118694362018,0.0169563374311,0.00254345061467,0.00445103857567,0.0165324289953,0.0328529037728,0.0445103857567,0.0404832556168,0.0260703688003,0.0231030097499,0.005722763883,0.00678253497245,0.0847816871556,0.0122933446376,0.0987706655362,0.0788469690547,0.0275540483256,0.109580330649,0.0103857566766,0.00487494701145,0.00445103857567,0.020983467571,0.00657058075456,0.00487494701145,0.0,0.00720644340822
0.00508700533258,0.00691131069324,0.00943727196183,0.0345565534662,0.0183483019927,0.063429694078,0.0456427168117,0.00403452147067,0.010068762279,0.00845495369071,0.0257156890261,0.0163485826551,0.0185237159697,0.0109458321639,0.000806904294134,0.00326269997193,0.0260314341847,0.0372579287118,0.0558518102722,0.0206637664889,0.0134367106371,0.0355388717373,0.00589390962672,0.0110510805501,0.0732177939938,0.0168046589952,0.115106651698,0.0619912994667,0.0220319955094,0.162468425484,0.0115071568903,0.00778838057816,0.00761296660118,0.0169449901768,0.00568341285434,0.00505192253719,0.000210496772383,0.00627982037609
0.00657772836761,0.0100982027052,0.0056049657217,0.0404391328516,0.0256624050398,0.0414118954975,0.0272373540856,0.00301093199926,0.00551232166018,0.0128775245507,0.0300166759311,0.0219566425792,0.0101908467667,0.00995923661293,0.000602186399852,0.00421530479896,0.0169538632574,0.0239484899018,0.0303409301464,0.0358995738373,0.0103761348898,0.01894571058,0.00514174541412,0.00810635538262,0.100055586437,0.0220956086715,0.0842597739485,0.0884287567167,0.0279785065777,0.159486751899,0.0137576431351,0.00806003335186,0.00880118584399,0.0434037428201,0.0130628126737,0.0125995923661,0.000138966092273,0.0127848804892
0.00384615384615,0.00861538461538,0.00584615384615,0.0333846153846,0.0173846153846,0.0392307692308,0.0344615384615,0.00246153846154,0.00615384615385,0.00907692307692,0.0213846153846,0.0176923076923,0.00815384615385,0.0106153846154,0.000923076923077,0.00476923076923,0.0184615384615,0.0255384615385,0.0309230769231,0.0146153846154,0.01,0.0232307692308,0.00553846153846,0.00553846153846,0.0761538461538,0.0172307692308,0.0930769230769,0.102153846154,0.0306153846154,0.210461538462,0.0186153846154,0.0118461538462,0.00769230769231,0.0403076923077,0.0123076923077,0.0107692307692,0.0,0.0109230769231
0.00485436893204,0.00785187543106,0.00817019470529,0.0277998832829,0.0132898296992,0.0468725131307,0.0316462411799,0.00220170831344,0.00652554512176,0.00660512494032,0.0196296885776,0.0137407820044,0.0134489893363,0.00952305162078,0.000716218367022,0.00281182025572,0.0180380922065,0.0248819566025,0.0371637752666,0.0189930500292,0.00954957822696,0.0256512281819,0.00376677807841,0.00771924240013,0.0681999045042,0.0138734150353,0.111677012043,0.0941429253541,0.0298689585654,0.216589739509,0.0187808371797,0.0138999416415,0.013263303093,0.0302668576582,0.00912515252799,0.00766618918776,0.000504005517534,0.010690222293
0.00796601168348,0.0148698884758,0.00796601168348,0.0217737652682,0.0106213489113,0.0398300584174,0.0377057886352,0.00371747211896,0.00477960701009,0.0111524163569,0.0127456186936,0.00849707912905,0.00955921402018,0.00690387679235,0.00106213489113,0.0015932023367,0.0154009559214,0.0169941582581,0.0249601699416,0.0154009559214,0.00796601168348,0.0276155071694,0.00371747211896,0.00955921402018,0.0626659585767,0.0154009559214,0.0568242166755,0.0711630377058,0.0313329792884,0.22517259692,0.0430164630908,0.0323951141795,0.0265533722783,0.0382368560807,0.0132766861391,0.0254912373871,0.00318640467339,0.0329261816251
0.00846805234796,0.00461893764434,0.00307929176289,0.0261739799846,0.0169361046959,0.0577367205543,0.0323325635104,0.00153964588145,0.00461893764434,0.0130869899923,0.0207852193995,0.00923787528868,0.0153964588145,0.00769822940724,0.000769822940724,0.0,0.0107775211701,0.0169361046959,0.0307929176289,0.0207852193995,0.00307929176289,0.013856812933,0.000769822940724,0.00846805234796,0.0592763664357,0.00538876058507,0.0885296381832,0.0654349499615,0.0130869899923,0.269438029253,0.0261739799846,0.0292532717475,0.0284834488068,0.0277136258661,0.0130869899923,0.0161662817552,0.00230946882217,0.0277136258661
0.0126262626263,0.00673400673401,0.00673400673401,0.0290404040404,0.0180976430976,0.0492424242424,0.0277777777778,0.00420875420875,0.00547138047138,0.0105218855219,0.0239898989899,0.0130471380471,0.0130471380471,0.00715488215488,0.000420875420875,0.00252525252525,0.0239898989899,0.0265151515152,0.0298821548822,0.0231481481481,0.0105218855219,0.0117845117845,0.00547138047138,0.00420875420875,0.0585016835017,0.010101010101,0.10101010101,0.0681818181818,0.0239898989899,0.202441077441,0.030303030303,0.0206228956229,0.0159932659933,0.0244107744108,0.0223063973064,0.0260942760943,0.00631313131313,0.023569023569
0.00541237113402,0.0113402061856,0.00502577319588,0.0417525773196,0.0253865979381,0.0413659793814,0.0302835051546,0.00412371134021,0.00579896907216,0.0149484536082,0.0243556701031,0.0173969072165,0.00863402061856,0.00992268041237,0.000515463917526,0.00270618556701,0.0157216494845,0.0226804123711,0.027706185567,0.0314432989691,0.0100515463918,0.0158505154639,0.00296391752577,0.00515463917526,0.066881443299,0.0105670103093,0.060824742268,0.114175257732,0.0275773195876,0.153092783505,0.0256443298969,0.0190721649485,0.0181701030928,0.0497422680412,0.0146907216495,0.0283505154639,0.00090206185567,0.0297680412371
0.00644841269841,0.0124007936508,0.00992063492063,0.0381944444444,0.0252976190476,0.0357142857143,0.0228174603175,0.0014880952381,0.00396825396825,0.0128968253968,0.0208333333333,0.0109126984127,0.00595238095238,0.00992063492063,0.0,0.00446428571429,0.0104166666667,0.0233134920635,0.0188492063492,0.0287698412698,0.00793650793651,0.0168650793651,0.00248015873016,0.00694444444444,0.0545634920635,0.0109126984127,0.0659722222222,0.107142857143,0.0357142857143,0.152281746032,0.0357142857143,0.0367063492063,0.0178571428571,0.0515873015873,0.0133928571429,0.0575396825397,0.0,0.0238095238095
0.00892288081581,0.0152963671128,0.0070108349267,0.0376035691523,0.0356915232632,0.0344168260038,0.0261312938177,0.0006373486297,0.0038240917782,0.0108349267049,0.0305927342256,0.00828553218611,0.0114722753346,0.0057361376673,0.0006373486297,0.0006373486297,0.0140216698534,0.019120458891,0.0369662205226,0.0350541746335,0.0050987890376,0.0114722753346,0.0044614404079,0.0019120458891,0.0732950924156,0.0165710643722,0.0656469088591,0.0783938814532,0.0248565965583,0.118546845124,0.0184831102613,0.0305927342256,0.0427023581899,0.0478011472275,0.025493945188,0.0554493307839,0.0019120458891,0.0344168260038
0.00454545454545,0.0181818181818,0.0,0.0272727272727,0.0181818181818,0.0545454545455,0.0227272727273,0.00454545454545,0.0,0.0363636363636,0.0318181818182,0.0136363636364,0.0,0.0136363636364,0.00909090909091,0.0,0.0181818181818,0.0136363636364,0.0363636363636,0.0727272727273,0.0318181818182,0.0136363636364,0.00454545454545,0.0227272727273,0.0681818181818,0.0,0.0545454545455,0.0727272727273,0.0181818181818,0.159090909091,0.0227272727273,0.00909090909091,0.0272727272727,0.0409090909091,0.00909090909091,0.0181818181818,0.0181818181818,0.0136363636364
0.00581395348837,0.00872093023256,0.0123546511628,0.0392441860465,0.0239825581395,0.0501453488372,0.0254360465116,0.00290697674419,0.00363372093023,0.0188953488372,0.0247093023256,0.0116279069767,0.0094476744186,0.00726744186047,0.0,0.00363372093023,0.015988372093,0.0261627906977,0.0247093023256,0.0457848837209,0.0109011627907,0.015988372093,0.00436046511628,0.00581395348837,0.0828488372093,0.0109011627907,0.0719476744186,0.0566860465116,0.0239825581395,0.16351744186,0.0167151162791,0.0218023255814,0.0232558139535,0.0341569767442,0.0167151162791,0.046511627907,0.00363372093023,0.0297965116279
