0.406518010292,0.234991423671,0.0703259005146,0.0943396226415,0.00514579759863,0.0394511149228,0.0102915951973,0.0,0.00171526586621,0.00514579759863,0.00857632933105,0.0240137221269,0.0,0.00514579759863,0.0,0.0,0.00343053173242,0.00171526586621,0.00343053173242,0.0102915951973,0.00686106346484,0.00343053173242,0.00343053173242,0.00686106346484,0.0171526586621,0.00514579759863,0.00686106346484,0.0102915951973,0.0,0.00686106346484,0.0,0.0,0.0,0.00343053173242,0.0,0.0,0.0,0.00514579759863
0.0583257781807,0.252946509519,0.153218495014,0.214868540345,0.0350559081293,0.074040495618,0.0223632517377,0.0033242671502,0.00241764883651,0.00664853430039,0.0220610456331,0.00997280145059,0.00634632819583,0.00543970988214,0.000302206104563,0.00120882441825,0.00423088546389,0.00513750377758,0.0057419159867,0.0114838319734,0.00695074040496,0.00513750377758,0.00181323662738,0.00423088546389,0.0187367784829,0.00181323662738,0.0139014808099,0.0139014808099,0.00271985494107,0.0271985494107,0.00211544273194,0.0,0.000604412209127,0.00362647325476,0.00090661831369,0.00090661831369,0.0,0.000302206104563
0.0306314797361,0.163524976437,0.280395852969,0.0937794533459,0.00942507068803,0.206409048068,0.0377002827521,0.00282752120641,0.00282752120641,0.00377002827521,0.0108388312912,0.0202639019793,0.0160226201697,0.00706880301602,0.0,0.0014137606032,0.00942507068803,0.00329877474081,0.00518378887842,0.00612629594722,0.00518378887842,0.00424128180961,0.0014137606032,0.00565504241282,0.00989632422243,0.00377002827521,0.0169651272385,0.00942507068803,0.00471253534402,0.0202639019793,0.00188501413761,0.0,0.00235626767201,0.00188501413761,0.0014137606032,0.0,0.0,0.0
0.0329151801128,0.0920704338819,0.0467832892163,0.258257567039,0.0713545862585,0.15116814363,0.0518471630798,0.00397053746116,0.00552422603292,0.0112210841294,0.0345839567269,0.0173782943952,0.00978248359995,0.00575440211762,0.000748072275291,0.00477615375762,0.0125445966164,0.00782598687996,0.0139256531246,0.0154793416964,0.0072505466682,0.00937967545172,0.00230176084705,0.00397053746116,0.0253769133387,0.00402808148233,0.0271607779952,0.018931982967,0.00690528254114,0.0295776268846,0.0014386005294,0.00115088042352,0.00149614455058,0.00690528254114,0.00161123259293,0.00264702497411,0.000230176084705,0.00172632063529
0.0181521819664,0.0339334666963,0.0156331036527,0.189153145143,0.0539379121286,0.115655330814,0.0800918722679,0.00881677409795,0.0140031118026,0.020893531896,0.0542342742832,0.0369711787805,0.0193376305846,0.015559013114,0.000889086463659,0.0134103874935,0.0238571534415,0.0180780914277,0.01904126843,0.0263762317552,0.0171890049641,0.0156331036527,0.00400088908646,0.0081499592502,0.0366007260873,0.00748314440246,0.0363043639327,0.0270430466029,0.0108913091798,0.0343780099281,0.00214862562051,0.00229680669778,0.00214862562051,0.00926131732978,0.00222271615915,0.00318589316144,0.000222271615915,0.00281544046825
0.0121951219512,0.0314905149051,0.0542005420054,0.120379403794,0.0293766937669,0.274688346883,0.126233062331,0.00981029810298,0.0206504065041,0.00449864498645,0.0177235772358,0.0153387533875,0.0192953929539,0.00693766937669,0.000542005420054,0.00271002710027,0.0241192411924,0.0141463414634,0.019945799458,0.00785907859079,0.00775067750678,0.0131165311653,0.00281842818428,0.00644986449864,0.0220054200542,0.00357723577236,0.0457994579946,0.0168563685637,0.00775067750678,0.0448780487805,0.00254742547425,0.00346883468835,0.00173441734417,0.00411924119241,0.00146341463415,0.00135501355014,0.000108401084011,0.00205962059621
0.00785054881151,0.0172275932253,0.0244966199026,0.0785781783819,0.0351093988515,0.236824889147,0.136512321,0.0130842480192,0.0198444428291,0.00741440721087,0.0234789561678,0.0220251508323,0.0306026023116,0.00806861961183,0.0010903540016,0.00392527440576,0.0364178236534,0.0232608853674,0.0322017881806,0.0084320709457,0.0100312568147,0.0148288144217,0.00290761067093,0.00676019480991,0.0258050447045,0.00428872573962,0.0547357708803,0.0231881951007,0.0104673984154,0.0516827796758,0.00334375227157,0.00334375227157,0.00646943374282,0.00741440721087,0.00239877880352,0.00290761067093,0.00021807080032,0.00276223013738
0.00840941854877,0.0151369533878,0.0206631427198,0.067755886593,0.0358000961076,0.143200384431,0.114608361365,0.0124939932725,0.0170591061989,0.00768861124459,0.0434887073522,0.0365209034118,0.0290725612686,0.021383950024,0.00168188370975,0.00913022585296,0.0461316674676,0.0252282556463,0.0389235944258,0.0144161460836,0.0127342623739,0.0254685247477,0.0105718404613,0.0108121095627,0.031715521384,0.00768861124459,0.0591061989428,0.0355598270062,0.013455069678,0.0461316674676,0.00552618933205,0.00456511292648,0.00504565112926,0.0103315713599,0.00240269101394,0.00576645843345,0.0,0.00432484382508
0.0113305276789,0.0110067983166,0.0203949498219,0.052444156685,0.0417610877307,0.183230819035,0.136937520233,0.00679831660732,0.021689867271,0.0100356102298,0.030754289414,0.0336678536743,0.0200712204597,0.0191000323729,0.00258983489803,0.00291356426028,0.0505017805115,0.0356102298478,0.0453221107154,0.00938815150534,0.0126254451279,0.0249271608935,0.00388475234704,0.00776950469408,0.0262220783425,0.00420848170929,0.0644221430884,0.0200712204597,0.00776950469408,0.0615085788281,0.00129491744901,0.00323729362253,0.0048559404338,0.0048559404338,0.00356102298478,0.00129491744901,0.0,0.00194237617352
0.0192682926829,0.0353658536585,0.0231707317073,0.133902439024,0.0743902439024,0.0414634146341,0.0265853658537,0.0080487804878,0.01,0.0339024390244,0.0607317073171,0.0253658536585,0.01,0.00878048780488,0.000731707317073,0.00975609756098,0.0148780487805,0.019756097561,0.0239024390244,0.0521951219512,0.0290243902439,0.0346341463415,0.0090243902439,0.0112195121951,0.0765853658537,0.01,0.0436585365854,0.0480487804878,0.00926829268293,0.060487804878,0.00414634146341,0.00317073170732,0.00512195121951,0.0109756097561,0.00414634146341,0.00585365853659,0.000487804878049,0.0019512195122
0.0165761979805,0.0220626860445,0.0134827525827,0.110021595751,0.0615770734839,0.0696900717913,0.0454094437635,0.00595342321835,0.00910523551042,0.0213622833129,0.0428996673087,0.0319266911808,0.0177435358665,0.0117317457538,0.00163427304033,0.0138913208428,0.0320434249694,0.0230549232475,0.0257398003852,0.0573162902002,0.0166929317691,0.04237436526,0.00595342321835,0.0133660187941,0.0768691997899,0.0127239829569,0.044533940349,0.0462265802837,0.0127239829569,0.0519465359248,0.00554485495827,0.00297671160918,0.0048444522267,0.0136578532656,0.00396894881223,0.00659545905562,0.000175100682893,0.00560322185257
0.00725274725275,0.0128205128205,0.0126007326007,0.0828571428571,0.0535531135531,0.0953846153846,0.0673992673993,0.00805860805861,0.0194139194139,0.0168498168498,0.0454212454212,0.021978021978,0.0241025641026,0.0211721611722,0.00153846153846,0.0189743589744,0.0367032967033,0.0331868131868,0.0328205128205,0.0245421245421,0.018021978022,0.0493772893773,0.00937728937729,0.0154578754579,0.0454212454212,0.0110622710623,0.0624908424908,0.0402197802198,0.0116483516484,0.0553846153846,0.00593406593407,0.00512820512821,0.00417582417582,0.0142857142857,0.00446886446886,0.00630036630037,7.32600732601e-05,0.00454212454212
0.00664291903341,0.00972369307789,0.0153075960335,0.0557427553673,0.0329257726004,0.154520073168,0.10060652739,0.00568017714451,0.0161740637335,0.0105901607779,0.0344661596226,0.0229132569558,0.0188697410224,0.0103976124001,0.00115529026668,0.00510253201117,0.0286897082892,0.033214595167,0.0631558679118,0.0178107249446,0.013093289689,0.0292673534225,0.00568017714451,0.0134783864446,0.0327332242226,0.00760566092231,0.086646770001,0.0328294984115,0.0125156445557,0.0747087705786,0.00750938673342,0.00789448348898,0.00635409646674,0.0100125156446,0.00433233850005,0.00587272552229,0.00028882256667,0.00548762876673
0.00554844216816,0.0109901835254,0.0103499786598,0.0561246265472,0.0370251813914,0.101899274434,0.0762910798122,0.0133376013658,0.0151515151515,0.0139778062313,0.0309432351686,0.0480153649168,0.0293427230047,0.0165386256936,0.00192061459667,0.01728553137,0.052069995732,0.0320102432778,0.0450277422108,0.026034997866,0.0114169867691,0.0423602219377,0.00544174135723,0.0180324370465,0.0310499359795,0.0163252240717,0.0739436619718,0.037558685446,0.0108834827145,0.062099871959,0.00725565514298,0.00512163892446,0.00576184379001,0.0161118224499,0.00384122919334,0.00661545027742,0.000106700810926,0.00618864703372
0.00649350649351,0.0103896103896,0.00779220779221,0.0474025974026,0.0220779220779,0.107142857143,0.0824675324675,0.00844155844156,0.0188311688312,0.0142857142857,0.025974025974,0.024025974026,0.0285714285714,0.0175324675325,0.0103896103896,0.0116883116883,0.0383116883117,0.0324675324675,0.0376623376623,0.0266233766234,0.0292207792208,0.0415584415584,0.00584415584416,0.0194805194805,0.025974025974,0.0116883116883,0.114285714286,0.0422077922078,0.012987012987,0.088961038961,0.0025974025974,0.00519480519481,0.00714285714286,0.00584415584416,0.0038961038961,0.0025974025974,0.0,0.00194805194805
0.00126063662149,0.00441222817523,0.0179640718563,0.0494799873936,0.0318310746927,0.145288370627,0.0838323353293,0.0110305704381,0.0132366845257,0.0110305704381,0.0334068704696,0.0217459817208,0.0223763000315,0.0126063662149,0.00157579577687,0.0104002521273,0.0346675070911,0.0252127324299,0.0510557831705,0.0258430507406,0.0176489127009,0.0469587141506,0.00819413803971,0.0192247084778,0.0362433028679,0.00787897888434,0.0976993381658,0.0321462338481,0.0122912070596,0.0655531043177,0.00787897888434,0.00850929719508,0.00850929719508,0.00819413803971,0.00252127324299,0.00378190986448,0.0,0.00850929719508
0.00636739891754,0.0110368247904,0.0109307014751,0.044996285684,0.0303512681736,0.115568290353,0.0834129258198,0.00880823516927,0.0189960734373,0.0108245781598,0.0440411758463,0.025787965616,0.0201634299056,0.0228165127879,0.00169797304468,0.00435105592699,0.0258940889313,0.0231348827337,0.066433195373,0.0223920195267,0.0193144433832,0.0373554069829,0.0083837419081,0.0180409635997,0.0410697230181,0.00880823516927,0.10347023241,0.0316247479571,0.0102939615834,0.0799108564152,0.00774700201634,0.00573065902579,0.00764087870105,0.0101878382681,0.00371431603523,0.00488167250345,0.000212246630585,0.00360819271994
0.00567471385977,0.0111570645378,0.00981052226604,0.0413580840627,0.026449937482,0.0950274117534,0.0642493026835,0.00682889294989,0.0168317783976,0.0111570645378,0.0347215542945,0.0226026738482,0.0324131961143,0.0160623256709,0.00125036068097,0.00278926613446,0.0256804847552,0.0228912186208,0.0577089545061,0.0292392036164,0.0261613927094,0.0419351736078,0.00586707704145,0.0186592286236,0.0505915167837,0.00856016158507,0.114263729922,0.040588631336,0.0160623256709,0.0947388669809,0.00711743772242,0.00750216408579,0.00894488794845,0.0112532461287,0.00250072136193,0.00577089545061,0.000384726363374,0.00519380590555
0.00447744894616,0.00709839467074,0.0092825161079,0.0280659604674,0.0153980561319,0.0921699246478,0.0670525281206,0.00447744894616,0.0206399475811,0.00884569182047,0.0195478868625,0.0163809107786,0.030686906192,0.00829966146118,0.000873648574861,0.00305777001201,0.0456481380365,0.038331331222,0.043682428743,0.0200939172218,0.0160532925631,0.0376760947909,0.00502347930545,0.0119034618325,0.0487059080485,0.0139783771978,0.1381456809,0.0424811619526,0.0196570929344,0.142077099487,0.00731680681446,0.00786283717375,0.0072076007426,0.00698918859889,0.0036038003713,0.00338538822759,0.000109206071858,0.00371300644316
0.0144195347858,0.0227344490054,0.0152615514156,0.0687296074097,0.0466266708767,0.0727291864014,0.0405220503105,0.00505209977897,0.00673613303863,0.0431533522787,0.0764130091569,0.0247342385012,0.0113672245027,0.0134722660773,0.000842016629828,0.00273655404694,0.0289443216504,0.0395747816019,0.0359962109252,0.0509420061046,0.0228397010841,0.0166298284391,0.00484159562151,0.00947268708557,0.0806230923061,0.00894642669193,0.0613619618987,0.0530470476792,0.0118934848963,0.0646247763393,0.00568361225134,0.00557836017261,0.00547310809388,0.0101041995579,0.0029470582044,0.00905167877066,0.0,0.0058941164088
0.0152010775447,0.0184721954974,0.0148162401385,0.0735039445834,0.0415624398692,0.0602270540697,0.0417548585723,0.0180873580912,0.00865884163941,0.0252068501058,0.0613815662882,0.0388685780258,0.0161631710602,0.0128920531076,0.00481046757745,0.00731191071772,0.033480854339,0.0298248989802,0.0357898787762,0.0606118914759,0.00981335385799,0.039253415432,0.00519530498364,0.0253992688089,0.0671541273812,0.0148162401385,0.0642678468347,0.0434866269001,0.0113527034828,0.056955936117,0.00327111795266,0.00404079276506,0.00384837406196,0.0180873580912,0.00250144314027,0.00500288628055,0.000192418703098,0.00673465460843
0.00452446906741,0.00812557710065,0.0132040627886,0.0357340720222,0.0228993536473,0.0802400738689,0.0513388734995,0.00627885503232,0.0108033240997,0.0169898430286,0.0387811634349,0.0372114496768,0.019944598338,0.0207756232687,0.00156971375808,0.00877192982456,0.0373037857802,0.0572483841182,0.0638042474608,0.0317636195753,0.0190212373038,0.0183748845799,0.00452446906741,0.0078485687904,0.0581717451524,0.0104339796861,0.109695290859,0.0466297322253,0.014404432133,0.0960295475531,0.00775623268698,0.00489381348107,0.00554016620499,0.01486611265,0.00221606648199,0.0050784856879,0.000184672206833,0.00701754385965
0.00606060606061,0.00936639118457,0.00826446280992,0.0413223140496,0.0148760330579,0.0909090909091,0.0617079889807,0.00716253443526,0.0110192837466,0.0148760330579,0.033608815427,0.0280991735537,0.0247933884298,0.0209366391185,0.00330578512397,0.00826446280992,0.0280991735537,0.0413223140496,0.0446280991736,0.0308539944904,0.0159779614325,0.0341597796143,0.0110192837466,0.0121212121212,0.0561983471074,0.0198347107438,0.0980716253444,0.0528925619835,0.0181818181818,0.100275482094,0.0110192837466,0.00661157024793,0.00606060606061,0.0159779614325,0.00440771349862,0.00165289256198,0.0,0.00606060606061
0.0034924330617,0.0093131548312,0.0104772991851,0.0342258440047,0.0242142025611,0.0775320139697,0.0484284051222,0.00442374854482,0.00838183934808,0.0130384167637,0.0572759022119,0.0388824214203,0.0260768335274,0.0183934807916,0.00093131548312,0.00838183934808,0.0384167636787,0.0498253783469,0.0458672875437,0.0381839348079,0.0316647264261,0.0230500582072,0.00279394644936,0.011641443539,0.0570430733411,0.00977881257276,0.111292200233,0.0360884749709,0.0149010477299,0.093131548312,0.00908032596042,0.00791618160652,0.00721769499418,0.011641443539,0.00372526193248,0.00721769499418,0.0,0.00605355064028
0.0107957598554,0.0144106296712,0.0107957598554,0.0499242831322,0.0276488691319,0.03873772654,0.0286747105662,0.00371256900005,0.0058131014606,0.0254994870793,0.0505593278296,0.0185628450002,0.0108446094475,0.0109911582238,0.000488495921059,0.00341947144741,0.015241072737,0.0275511699477,0.0273069219872,0.0544672951981,0.0205168286845,0.021200722974,0.00473841043427,0.0102095647501,0.106736358751,0.0225685115529,0.0933515705144,0.0888085584485,0.0195398368424,0.109911582238,0.00874407698696,0.00527575594744,0.00532460553954,0.0236920521714,0.00639929656587,0.00864637780275,4.88495921059e-05,0.00884177617117
0.00737553779963,0.0120876869494,0.0114730587994,0.0473263675476,0.0272485146486,0.0610530628969,0.0333947961483,0.00491702519975,0.00717066174964,0.019668100799,0.0456873591477,0.019668100799,0.0139315713993,0.0145461995493,0.000819504199959,0.00348289284983,0.0174144642491,0.0352386805982,0.0422044662979,0.0338045482483,0.0231509936488,0.0219217373489,0.00696578569965,0.00614628149969,0.0776480229461,0.0172095881991,0.110223314894,0.0819504199959,0.0180290923991,0.114320835894,0.0104486785495,0.00819504199959,0.00655603359967,0.0231509936488,0.0040975209998,0.00758041384962,0.0,0.00389264494981
0.00524011198048,0.00954705333429,0.00811140621635,0.0346349867203,0.0189146507788,0.0670806115857,0.0475199196038,0.00344555308305,0.0100854210035,0.00879333859737,0.022288421506,0.0154332065178,0.0165817242122,0.00976240040198,0.000789605914866,0.00445050606561,0.0283899217572,0.0352810279233,0.0536573110329,0.0228985715311,0.0131720623071,0.0343837484746,0.00610150025124,0.00990596511378,0.0741152824636,0.0169765271696,0.114277510588,0.0616969348934,0.0238317421578,0.164417486182,0.0102289857153,0.0070346708779,0.00606560907329,0.0171559830594,0.00552724140406,0.00445050606561,0.000215347067691,0.00753714736918
0.0052950075643,0.00983358547655,0.00680786686838,0.0404689863843,0.0241584720121,0.0425964447806,0.0281770045386,0.0026002269289,0.00458585476551,0.0144667170953,0.0319118759455,0.0193835098336,0.00874621785174,0.0122919818457,0.00108736762481,0.00416036308623,0.017019667171,0.0239220877458,0.0286497730711,0.0355049167927,0.0116301059002,0.0182015885023,0.00453857791225,0.00723335854766,0.0992813918306,0.0202344931921,0.0854292738275,0.090015128593,0.0266641452345,0.161970499244,0.0133320726172,0.0103063540091,0.00761157337368,0.0427382753404,0.0125756429652,0.0122919818457,0.000189107413011,0.0140885022693
0.00363967242948,0.00773430391265,0.00545950864422,0.0295723384895,0.0151653017895,0.037609948438,0.0319987867759,0.00288140734001,0.00682438580528,0.00773430391265,0.0198665453443,0.02016985138,0.0113739763421,0.0107673642705,0.000454959053685,0.00227479526843,0.02016985138,0.0256293600243,0.0300272975432,0.0207764634516,0.00591446769791,0.0254777070064,0.00424628450106,0.00970579314528,0.0805277525023,0.01728844404,0.102972399151,0.102669093115,0.024567788899,0.205793145284,0.0200181983621,0.0124355474674,0.00591446769791,0.036093418259,0.0124355474674,0.0112223233242,0.0,0.0125872004853
0.00472457571199,0.00992424842294,0.00852535170375,0.02871697416,0.0139361786365,0.0485390767282,0.031646738987,0.00229630216169,0.00678332937419,0.00707366642912,0.0215641248977,0.0143320928023,0.0116926650302,0.00783910048302,0.000791828331618,0.00295615910471,0.0185287829599,0.0259983635548,0.0372687201415,0.016813154908,0.0107160767546,0.0255232665558,0.00424947871302,0.00836698603743,0.0659065114683,0.0136194473038,0.110222503761,0.0915089608573,0.0295615910471,0.215562066144,0.0194261884024,0.0144112756354,0.011243962309,0.0307757278222,0.0097394884789,0.00773352337213,0.000659856943015,0.0108216538654
0.0098598858329,0.0140114167099,0.0098598858329,0.0358069538142,0.0129735339907,0.0529320186819,0.0264660093409,0.00103788271925,0.00363258951738,0.0098598858329,0.0181629475869,0.00882200311365,0.00882200311365,0.00518941359626,0.0,0.00207576543851,0.0176440062273,0.016606123508,0.0233523611832,0.0181629475869,0.00570835495589,0.0176440062273,0.00259470679813,0.00467047223664,0.0498183705241,0.0140114167099,0.0664244940322,0.0653866113129,0.0275038920602,0.235080435911,0.0373637778931,0.0238713025428,0.0378827192527,0.0368448365335,0.0171250648677,0.0295796574987,0.00311364815776,0.0300985988583
0.00750750750751,0.0142642642643,0.0112612612613,0.018018018018,0.0135135135135,0.0472972972973,0.0285285285285,0.0045045045045,0.00600600600601,0.0127627627628,0.0105105105105,0.00825825825826,0.0187687687688,0.0015015015015,0.0,0.0,0.0202702702703,0.024024024024,0.0337837837838,0.0225225225225,0.00375375375375,0.0142642642643,0.00225225225225,0.0187687687688,0.0540540540541,0.00675675675676,0.0878378378378,0.0713213213213,0.021021021021,0.254504504505,0.0352852852853,0.015015015015,0.0232732732733,0.036036036036,0.0105105105105,0.0127627627628,0.00525525525526,0.024024024024
0.00885826771654,0.0127952755906,0.00393700787402,0.0349409448819,0.0167322834646,0.0600393700787,0.0428149606299,0.00147637795276,0.00787401574803,0.00836614173228,0.0265748031496,0.0113188976378,0.00984251968504,0.00442913385827,0.00147637795276,0.00393700787402,0.0216535433071,0.0290354330709,0.0265748031496,0.0241141732283,0.00885826771654,0.0211614173228,0.00393700787402,0.00688976377953,0.068405511811,0.0113188976378,0.0757874015748,0.0807086614173,0.0172244094488,0.169291338583,0.0236220472441,0.0127952755906,0.0270669291339,0.0378937007874,0.0191929133858,0.0324803149606,0.00344488188976,0.0231299212598
0.00525072197427,0.00853242320819,0.00511945392491,0.0414807035967,0.0238907849829,0.0376739301654,0.0245471252297,0.00472564977684,0.00564452612234,0.0116828563928,0.0269099501181,0.0204778156997,0.00905749540562,0.00748227881334,0.000262536098714,0.00367550538199,0.0160147020215,0.0236282488842,0.0240220530323,0.0249409293778,0.0105014439485,0.0136518771331,0.00525072197427,0.00656340246784,0.074691520084,0.0126017327383,0.0689157259123,0.109083749015,0.0287477028091,0.154239957994,0.0274350223156,0.0181149908112,0.018771331058,0.0420057757942,0.0246783932791,0.0312417957469,0.000787608296141,0.0276975584143
0.00615069195284,0.00563813429011,0.00717580727832,0.0543311122501,0.0169144028703,0.0420297283444,0.0322911327524,0.00461301896463,0.00512557662737,0.0112762685802,0.0225525371604,0.0123013839057,0.00768836494106,0.00256278831369,0.00102511532547,0.00256278831369,0.0107637109175,0.0179395181958,0.0199897488467,0.0225525371604,0.00717580727832,0.0102511532547,0.0041004613019,0.00717580727832,0.060481804203,0.0143516145566,0.0727831881087,0.0743208610969,0.0256278831369,0.192209123526,0.0369041517171,0.029215786776,0.0158892875448,0.0440799589954,0.0184520758585,0.0481804202973,0.0,0.0333162480779
0.00212014134276,0.0120141342756,0.00777385159011,0.0515901060071,0.026148409894,0.0353356890459,0.016961130742,0.0,0.00212014134276,0.0148409893993,0.026148409894,0.0127208480565,0.00424028268551,0.00565371024735,0.0,0.0,0.0134275618375,0.0183745583039,0.0310954063604,0.0339222614841,0.00494699646643,0.00706713780919,0.00141342756184,0.00777385159011,0.0756183745583,0.0127208480565,0.0678445229682,0.06925795053,0.017667844523,0.126501766784,0.0275618374558,0.0268551236749,0.0480565371025,0.0508833922261,0.0282685512367,0.0487632508834,0.00141342756184,0.0628975265018
0.00469483568075,0.0,0.00469483568075,0.0234741784038,0.0140845070423,0.0422535211268,0.0328638497653,0.0,0.0,0.018779342723,0.037558685446,0.00469483568075,0.0140845070423,0.018779342723,0.00469483568075,0.0,0.018779342723,0.018779342723,0.018779342723,0.0328638497653,0.0093896713615,0.0234741784038,0.00469483568075,0.0,0.0516431924883,0.0093896713615,0.056338028169,0.103286384977,0.0093896713615,0.164319248826,0.037558685446,0.0093896713615,0.056338028169,0.0657276995305,0.00469483568075,0.0422535211268,0.0093896713615,0.0328638497653
0.0128307939054,0.00882117080994,0.00721732157177,0.0384923817161,0.0160384923817,0.0384923817161,0.0304731355253,0.00882117080994,0.00400962309543,0.0144346431435,0.0336808340016,0.00882117080994,0.00641539695269,0.00641539695269,0.0,0.00240577385726,0.0152365677626,0.0240577385726,0.028067361668,0.0264635124298,0.0144346431435,0.0168404170008,0.00240577385726,0.00721732157177,0.0689655172414,0.0120288692863,0.0577385725742,0.0834001603849,0.0200481154771,0.174819566961,0.018444266239,0.0136327185245,0.0392943063352,0.0473135525261,0.0272654370489,0.0288692862871,0.00481154771451,0.0312750601443
