0.405189620758,0.197604790419,0.0419161676647,0.137724550898,0.0139720558882,0.0279441117764,0.00998003992016,0.00399201596806,0.0,0.00399201596806,0.0479041916168,0.00399201596806,0.00199600798403,0.0059880239521,0.00199600798403,0.0,0.0,0.00199600798403,0.00399201596806,0.00399201596806,0.00998003992016,0.00399201596806,0.0,0.0,0.0139720558882,0.0,0.0059880239521,0.0179640718563,0.00998003992016,0.0139720558882,0.00399201596806,0.0,0.0,0.0,0.0,0.00399201596806,0.0,0.00199600798403
0.0682852807284,0.25220030349,0.141729893778,0.226707132018,0.0288315629742,0.0688922610015,0.0172989377845,0.00182094081942,0.00333839150228,0.00971168437026,0.0142640364188,0.0121396054628,0.0051593323217,0.00576631259484,0.0,0.00394537177542,0.00333839150228,0.00455235204856,0.00364188163885,0.0197268588771,0.00576631259484,0.00485584218513,0.00242792109256,0.00485584218513,0.0200303490137,0.00242792109256,0.0145675265554,0.0130500758725,0.00576631259484,0.0233687405159,0.00273141122914,0.000303490136571,0.00212443095599,0.00333839150228,0.000910470409712,0.000606980273141,0.0,0.00151745068285
0.031421446384,0.190024937656,0.273815461347,0.074812967581,0.0114713216958,0.19102244389,0.0374064837905,0.00249376558603,0.00548628428928,0.00399002493766,0.0129675810474,0.0104738154613,0.0179551122195,0.00798004987531,0.0,0.00149625935162,0.00897755610973,0.00349127182045,0.0069825436409,0.00448877805486,0.00299251870324,0.00498753117207,0.000997506234414,0.00448877805486,0.0194513715711,0.0,0.0249376558603,0.011970074813,0.00399002493766,0.0209476309227,0.00199501246883,0.000498753117207,0.00199501246883,0.000997506234414,0.000498753117207,0.000498753117207,0.0,0.00199501246883
0.0355539594182,0.0936134554378,0.0509965882564,0.250194529239,0.0733824145568,0.150176572694,0.0497994852457,0.00365116418268,0.00682348716107,0.0110133476986,0.0374094690848,0.0179565451607,0.00885856227928,0.00628479080625,0.000718261806428,0.00562638415036,0.0125695816125,0.00700305261268,0.0118513198061,0.0129885676662,0.00945711378464,0.0113724786018,0.00257377147304,0.00508768779553,0.0248398874723,0.00401029508589,0.0263362662357,0.019333213623,0.00706290776321,0.0276530795475,0.00203507511821,0.00125695816125,0.00131681331179,0.00646435625786,0.000897827258036,0.00221464056982,0.000119710301071,0.00149637876339
0.0199352284995,0.0352644836272,0.0184238934869,0.175602734797,0.0557034904642,0.117812162648,0.0791651673264,0.00885210507377,0.0144656351205,0.0184958618208,0.0485786254048,0.0371356603095,0.0174883051457,0.0156171284635,0.000791651673264,0.0138179201151,0.0243252968694,0.0189276718244,0.0203670385031,0.0272759985606,0.0191435768262,0.0143216984527,0.00403022670025,0.00690896005757,0.0398704569989,0.00633321338611,0.0384310903203,0.029003238575,0.0126664267722,0.0364159769701,0.00316660669306,0.00165527168046,0.00201511335013,0.00885210507377,0.00244692335372,0.00467794170565,0.0,0.00201511335013
0.0102520532427,0.029453412631,0.060152931181,0.117700368168,0.0275276125743,0.26049277825,0.13372982158,0.00872274143302,0.016992353441,0.00498442367601,0.0208439535542,0.0138770886434,0.0229963183234,0.00623052959502,0.000453129425092,0.00226564712546,0.0227131124327,0.0160294534126,0.0245256301331,0.00617388841688,0.00662701784197,0.0129141886151,0.00215236476919,0.00594732370433,0.0202209005947,0.00464457660719,0.0472387425658,0.0192580005664,0.00906258850184,0.0501274426508,0.00215236476919,0.00215236476919,0.00260549419428,0.00453129425092,0.00118946474087,0.00192580005664,5.66411781365e-05,0.00107618238459
0.00734236620998,0.0178639012944,0.0247521005223,0.0781167209144,0.037771554008,0.221406403754,0.141700098403,0.0162743168572,0.0203618196957,0.00787222768905,0.0261902959655,0.0200590417077,0.0317159942472,0.0082507001741,0.000756944970101,0.00552569828173,0.037620165014,0.022405571115,0.0273257134206,0.0106729240784,0.00885625615018,0.0165770948452,0.00363333585648,0.00817500567709,0.0295965483309,0.00560139277874,0.0562410112785,0.0216486261449,0.0102944515934,0.0479903111044,0.00355764135947,0.00613125425782,0.00492014230565,0.00802361668307,0.00181666792824,0.00158958443721,0.00015138899402,0.00121111195216
0.00705767826722,0.0150888293989,0.0194694572889,0.0654660501339,0.0401557556583,0.136772937454,0.104648332928,0.0119250425894,0.0206862983694,0.0102214650767,0.0457532246289,0.03504502312,0.0248235580433,0.0128985154539,0.00170357751278,0.0136286201022,0.0396690192261,0.0335848138233,0.0433195424678,0.0165490386955,0.01314188367,0.0253102944755,0.00949136042833,0.0114383061572,0.0321246045266,0.00851788756388,0.0637624726211,0.03066439523,0.01314188367,0.0513506935994,0.00730104648333,0.00730104648333,0.00681431005111,0.0107082015089,0.00243368216111,0.00559746897055,0.0,0.00243368216111
0.00746268656716,0.0240841248304,0.0176390773406,0.0580054274084,0.0329036635007,0.174016282225,0.136702849389,0.0101763907734,0.0237449118046,0.0084803256445,0.0427408412483,0.0318860244233,0.0254409769335,0.0179782903664,0.00135685210312,0.00712347354138,0.0352781546811,0.0373134328358,0.0434192672999,0.0142469470828,0.00780189959294,0.0176390773406,0.00610583446404,0.0084803256445,0.0227272727273,0.00305291723202,0.0634328358209,0.0193351424695,0.0122116689281,0.0573270013569,0.00644504748982,0.00542740841248,0.00373134328358,0.00610583446404,0.00271370420624,0.00440976933514,0.0,0.00305291723202
0.0209271523179,0.0352317880795,0.0217218543046,0.118940397351,0.082119205298,0.0498013245033,0.0312582781457,0.00609271523179,0.0113907284768,0.0362913907285,0.074701986755,0.0262251655629,0.0111258278146,0.0135099337748,0.000794701986755,0.00953642384106,0.0156291390728,0.0153642384106,0.0150993377483,0.0646357615894,0.0222516556291,0.0278145695364,0.00397350993377,0.0121854304636,0.0765562913907,0.00662251655629,0.0376158940397,0.0455629139073,0.0111258278146,0.0580132450331,0.00529801324503,0.00397350993377,0.00529801324503,0.0113907284768,0.00185430463576,0.00238410596026,0.000264900662252,0.00741721854305
0.0214868162609,0.0244033093268,0.013630141063,0.115528837569,0.0607106719838,0.0645199690495,0.0394619367895,0.00797571573121,0.0104160466639,0.0228557823939,0.0477947741206,0.0342836735909,0.0177370394619,0.0125587762633,0.00142848639962,0.0129754181299,0.0289268495923,0.0267245997262,0.0217248973275,0.0532111183858,0.0170823165288,0.0421403487888,0.00636866853164,0.0147015058627,0.0719600023808,0.0124992559967,0.0458901255878,0.0444021189215,0.0102374858639,0.0536277602524,0.00458306053211,0.00446401999881,0.00416641866556,0.0137491815963,0.0033926551991,0.00624962799833,0.000119040533302,0.00601154693173
0.00803436480789,0.0141595736218,0.0102617134675,0.0900485243815,0.0541723013285,0.0974465038581,0.0658658817914,0.00843210563996,0.0155118924509,0.0157505369501,0.0470129663511,0.0236258054252,0.0255349614191,0.0222734865961,0.000636385331318,0.0190915599395,0.035478482221,0.0274441174131,0.0283986954101,0.0251372205871,0.0173415002784,0.0427969135311,0.00779572030865,0.0155914406173,0.048524381513,0.0132049956249,0.059263383979,0.0420809800334,0.011693580463,0.0597406729775,0.00636385331318,0.00445469731923,0.0054092753162,0.0154323442845,0.00509108265054,0.00517063081696,0.0,0.00572746798186
0.00550826239359,0.0140210315473,0.0177265898848,0.0561842764146,0.0280420630946,0.15272909364,0.109063595393,0.00530796194291,0.0162243365048,0.0103154732098,0.0359539308963,0.0234351527291,0.021632448673,0.00991487230846,0.000400600901352,0.00650976464697,0.0297446169254,0.0366549824737,0.056584877316,0.0179268903355,0.0117175763645,0.0248372558838,0.00560841261893,0.0107160741112,0.0377566349524,0.00671006509765,0.0877315973961,0.0291437155734,0.0123184777166,0.0803204807211,0.00650976464697,0.0050075112669,0.00660991487231,0.00911367050576,0.00360540811217,0.00370555833751,0.0,0.00470706059089
0.00643372157515,0.0133111480865,0.0144204104271,0.059234608985,0.0357182473655,0.0936217415419,0.0681087077094,0.0110926234054,0.0129783693844,0.0145313366611,0.0370493621742,0.0412645590682,0.0305047143649,0.0144204104271,0.00188574597892,0.0198557958957,0.0555740432612,0.036827509706,0.0401552967277,0.028618968386,0.0124237382141,0.044925124792,0.0077648363838,0.0145313366611,0.0363838047698,0.0140876317249,0.0770937326678,0.0344980587909,0.0146422628952,0.0635607321131,0.00543538546866,0.00432612312812,0.00610094287299,0.0107598447033,0.0038824181919,0.00643372157515,0.0,0.0075429839157
0.00618429189858,0.0105132962276,0.0117501546073,0.0538033395176,0.0272108843537,0.0902906617192,0.0686456400742,0.00680272108844,0.0136054421769,0.0111317254174,0.0494743351886,0.0265924551639,0.0315398886827,0.0228818800247,0.00680272108844,0.0222634508349,0.0488559059988,0.030303030303,0.0408163265306,0.0352504638219,0.0235003092146,0.0451453308596,0.00494743351886,0.0210265924552,0.030303030303,0.00989486703772,0.0822510822511,0.038961038961,0.012987012987,0.0791589363018,0.00309214594929,0.00309214594929,0.00309214594929,0.0185528756957,0.00123685837972,0.004329004329,0.0,0.00371057513915
0.00221940393152,0.00982878883957,0.0136334812936,0.0510462904249,0.0332910589727,0.129042485732,0.100824350032,0.0110970196576,0.0171211160431,0.00919467343056,0.0298034242232,0.0259987317692,0.0298034242232,0.00982878883957,0.00126823081801,0.0110970196576,0.0402663284718,0.0228281547242,0.0462904248573,0.0240963855422,0.0152187698161,0.0380469245403,0.00982878883957,0.0269499048827,0.0370957514268,0.0136334812936,0.0963855421687,0.0272669625872,0.0107799619531,0.0608750792644,0.00760938490805,0.00507292327204,0.00792644261256,0.00887761572606,0.00253646163602,0.00475586556753,0.0,0.00856055802156
0.00674054609848,0.00982520278762,0.0132525991089,0.0509539586428,0.0286758825546,0.108991203016,0.0829429909745,0.00765451845082,0.0180509539586,0.0132525991089,0.0418142351194,0.0239917742488,0.0239917742488,0.0203358848395,0.0013709585285,0.00297041014509,0.0278761567463,0.0262767051297,0.0629498457672,0.0222780760882,0.0233062949846,0.0372443733577,0.00731177881869,0.0155375299897,0.0404432765909,0.00913972352336,0.100308465669,0.0297041014509,0.0138238318291,0.0872843596481,0.00708328573061,0.0078830115389,0.00719753227465,0.00662629955444,0.00308465668914,0.00525534102593,0.0,0.00456986176168
0.00614675374568,0.00912408759124,0.0115251632731,0.0407222435651,0.0276603918556,0.105935459086,0.0687668075298,0.0036496350365,0.0168075297733,0.0132539377641,0.0363042643104,0.0234344986554,0.0269880906646,0.0137341529005,0.00076834421821,0.00480215136381,0.0235305416827,0.0235305416827,0.0620437956204,0.0273722627737,0.0234344986554,0.0414905877833,0.00662696888206,0.0170956588552,0.0502305032655,0.0113330772186,0.115155589704,0.0394736842105,0.0127737226277,0.0932577794852,0.00576258163657,0.00672301190934,0.00816365731848,0.00950825970035,0.00336150595467,0.00470610833653,0.0,0.00480215136381
0.00518015425348,0.00828824680557,0.0112812248187,0.0260158858064,0.0178427535398,0.0899044549327,0.0629676528146,0.00437435248072,0.0148497755266,0.00909404857834,0.0232531368712,0.0156555772994,0.0326925290664,0.00794290318867,0.000690687233798,0.00276274893519,0.0429377230344,0.0433981811903,0.0383331414758,0.0200299297801,0.0176125244618,0.0425923794175,0.00494992517555,0.0174974099229,0.0508806262231,0.0120870265915,0.13698630137,0.0417865776448,0.016921837228,0.142396684701,0.00702198687694,0.00552549787038,0.00679175779901,0.00748244503281,0.00437435248072,0.00333832163002,0.0,0.00425923794175
0.0181389629022,0.0209059233449,0.0150645624103,0.0682516909203,0.0396597663456,0.0711211313794,0.0341258454601,0.00389424062308,0.00584136093462,0.0393523262964,0.0760401721664,0.0290018446403,0.0144496823119,0.0159868825579,0.000717360114778,0.00420168067227,0.0260299241648,0.0432465669195,0.032281205165,0.0577987292478,0.0216232834597,0.0190612830498,0.00461160073786,0.0136298421808,0.0802418528387,0.00789096126255,0.0603607296577,0.0474482475917,0.0096331215413,0.0722484115597,0.00543144086903,0.00471408075425,0.00471408075425,0.0105554416889,0.0030744004919,0.0096331215413,0.000204960032794,0.00881328141013
0.0153256704981,0.0244000806614,0.0205686630369,0.0625126033474,0.0411373260738,0.0625126033474,0.0360959870942,0.0116959064327,0.00786448880823,0.030449687437,0.0562613430127,0.0314579552329,0.0189554345634,0.0161322847348,0.00181488203267,0.00887275660415,0.0294414196411,0.0427505545473,0.0316596087921,0.0580762250454,0.0120992135511,0.0354910264166,0.00867110304497,0.0215769308328,0.0744101633394,0.0151240169389,0.0709820528332,0.0362976406534,0.0104859850776,0.0629159104658,0.00524299253882,0.00665456745312,0.00625126033474,0.0110909457552,0.00181488203267,0.00564629965719,0.000403307118371,0.0068562210123
0.00591482649842,0.0110410094637,0.0097594637224,0.0365733438486,0.0199132492114,0.071273659306,0.0540220820189,0.0051261829653,0.0114353312303,0.0221805993691,0.0426853312303,0.0362776025237,0.0221805993691,0.022476340694,0.00167586750789,0.00778785488959,0.0343059936909,0.0637815457413,0.0590496845426,0.032630126183,0.0176458990536,0.0197160883281,0.00552050473186,0.00778785488959,0.0554022082019,0.0132097791798,0.10094637224,0.0477129337539,0.0166600946372,0.098679022082,0.00581624605678,0.00384463722397,0.00709779179811,0.0164629337539,0.00315457413249,0.00502760252366,0.0,0.00522476340694
0.00804135554279,0.0120620333142,0.0155083285468,0.0430786904078,0.0229753015508,0.075244112579,0.0505456634118,0.00746697300402,0.0120620333142,0.0172314761631,0.0574382538771,0.0264215967835,0.0212521539345,0.014933946008,0.00229753015508,0.00631820792648,0.0315910396324,0.0488225157955,0.0361860999426,0.0264215967835,0.0246984491671,0.0235496840896,0.00689259046525,0.00804135554279,0.0442274554854,0.0120620333142,0.122917863297,0.0585870189546,0.0235496840896,0.0867317633544,0.0097645031591,0.00516944284894,0.00861573808156,0.014933946008,0.00631820792648,0.00114876507754,0.000574382538771,0.00631820792648
0.0040075436115,0.00942951438001,0.00801508722301,0.0322960867515,0.020744931636,0.0794436586516,0.047619047619,0.00471475719,0.010372465818,0.017916077322,0.0532767562471,0.033946251768,0.0195662423385,0.02828854314,0.000942951438001,0.00707213578501,0.031588873173,0.0530410183876,0.0450259311645,0.0370108439415,0.0247524752475,0.022630834512,0.00471475719,0.0124941065535,0.0629420084866,0.00942951438001,0.0994813767091,0.044790193305,0.018387553041,0.0975954738331,0.010843941537,0.00660066006601,0.011315417256,0.0106082036775,0.004243281471,0.0049504950495,0.0,0.00990099009901
0.0107676969093,0.0158025922233,0.00917248255234,0.0491525423729,0.0273678963111,0.0397806580259,0.0268693918245,0.00383848454636,0.00508474576271,0.0264705882353,0.0508973080758,0.0201395812562,0.00892323030907,0.0118644067797,0.000697906281157,0.00294117647059,0.0158025922233,0.0259222333001,0.0283150548355,0.0531405782652,0.0208374875374,0.0210867397807,0.00663010967099,0.0107676969093,0.106480558325,0.0207377866401,0.0944666001994,0.0885842472582,0.0231804586241,0.109471585244,0.00942173479561,0.00523429710867,0.00588235294118,0.0219840478564,0.00677966101695,0.00772681954138,9.97008973081e-05,0.00767696909272
0.00909860347017,0.0150232754972,0.00677105374524,0.0495133305121,0.0319509098603,0.0550148116801,0.029834955565,0.00211595429539,0.00507829030893,0.0184088023699,0.0499365213711,0.0226407109606,0.0103681760474,0.0198899703766,0.00105797714769,0.00444350402031,0.0177740160813,0.0340668641557,0.0319509098603,0.0311045281422,0.0171392297926,0.0258146424037,0.00867541261109,0.0112145577656,0.0869657215404,0.0156580617859,0.111722386796,0.0795598815066,0.0264494286923,0.110452814219,0.00909860347017,0.00592467202708,0.00507829030893,0.0207363520948,0.00465509944985,0.00761743546339,0.0,0.00719424460432
0.00500909057178,0.0089792586546,0.0102779117658,0.0342473377611,0.0167340729472,0.0634855849505,0.0463804682572,0.00367333308597,0.0102408073912,0.00935030240065,0.0273459240844,0.0159548810805,0.0192571704204,0.00920188490223,0.000333939371452,0.00374754183518,0.0261956884717,0.0379206708471,0.0539126563022,0.0199250491633,0.0127639048644,0.031909762161,0.00549144744165,0.0123186523691,0.0766205335609,0.015620941709,0.106266928871,0.062780601833,0.0235241735001,0.170531705688,0.0105005380134,0.00923898927684,0.00623353493377,0.0158806723313,0.00530592556862,0.00589959556232,0.000371043746058,0.00656747430522
0.00513429997623,0.0098882814357,0.00656049441407,0.0436890896126,0.0241977656287,0.0404088424055,0.0291419063466,0.00323270739244,0.00551461849299,0.0122177323508,0.0313287378179,0.0221060137865,0.0100784406941,0.0116472545757,0.000950796291894,0.00423104349893,0.0156881388163,0.0254813406228,0.0260042785833,0.0338483479914,0.0119324934633,0.0183979082482,0.00551461849299,0.00855716662705,0.0993106726884,0.0208699786071,0.0845257903494,0.0882814357024,0.0279058711671,0.163109103874,0.0139291656763,0.009032564773,0.00732113144759,0.0427858331353,0.01231281198,0.0139291656763,9.50796291894e-05,0.0108390777276
0.00347661188369,0.00821744627054,0.00742730720607,0.0371365360303,0.0181731984829,0.0401390644753,0.0292351453856,0.00442477876106,0.00426675094817,0.00869152970923,0.0203855878635,0.0199115044248,0.01201011378,0.00932364096081,0.000474083438685,0.00521491782554,0.016592920354,0.0237041719343,0.0312895069532,0.0191213653603,0.0124841972187,0.0214917825537,0.00458280657396,0.00616308470291,0.0782237673831,0.0184892541087,0.0968710493047,0.0962389380531,0.0233881163085,0.20685840708,0.0219658659924,0.0104298356511,0.00853350189633,0.0341340075853,0.0159608091024,0.0112199747155,0.00094816687737,0.0128002528445
0.00626027075671,0.0091295615202,0.00826877429115,0.0328403370112,0.0168505621201,0.0472650442132,0.0335707019329,0.00281712184052,0.00699063567833,0.00847744998305,0.0225630591856,0.0140073558181,0.0129639773587,0.00829485875264,0.00109554738242,0.00242585491823,0.0164592951979,0.0273626000991,0.037013850849,0.0164332107364,0.0107207136709,0.0233455930302,0.00393875368443,0.00847744998305,0.0658893497144,0.0119988522837,0.10652894071,0.0881915642852,0.0329707593187,0.213788246342,0.0196155150377,0.0137204267418,0.0119466833607,0.0307274956309,0.00889480136683,0.00759057829251,0.000417351383781,0.0101468555182
0.00705052878966,0.00763807285546,0.00822561692127,0.024089306698,0.0123384253819,0.042303172738,0.0258519388954,0.00176263219741,0.00528789659224,0.0105757931845,0.021151586369,0.00763807285546,0.00587544065805,0.00881316098707,0.0,0.000587544065805,0.00998824911868,0.0188014101058,0.0264394829612,0.0170387779083,0.00646298472385,0.027027027027,0.00352526439483,0.00822561692127,0.0528789659224,0.00998824911868,0.0746180963572,0.0734430082256,0.0246768507638,0.243243243243,0.0323149236193,0.0246768507638,0.0323149236193,0.0376028202115,0.0282021151586,0.027027027027,0.00117508813161,0.0311398354877
0.00394321766562,0.0118296529968,0.01261829653,0.0283911671924,0.0141955835962,0.0465299684543,0.044952681388,0.000788643533123,0.00473186119874,0.0110410094637,0.0110410094637,0.00867507886435,0.00946372239748,0.000788643533123,0.0,0.00394321766562,0.0197160883281,0.0220820189274,0.0410094637224,0.0165615141956,0.00709779179811,0.00946372239748,0.00315457413249,0.0134069400631,0.0441640378549,0.00552050473186,0.0946372239748,0.0686119873817,0.0220820189274,0.268138801262,0.0283911671924,0.0236593059937,0.0236593059937,0.0244479495268,0.0134069400631,0.0157728706625,0.00315457413249,0.018927444795
0.0077237619264,0.00908677873694,0.00408905043162,0.0508859609269,0.0218082689687,0.0676965015902,0.0331667423898,0.00363471149478,0.0068150840527,0.0122671512949,0.0218082689687,0.0109041344843,0.0131758291686,0.00636074511586,0.0,0.00227169468423,0.0195365742844,0.0245343025897,0.0395274875057,0.0218082689687,0.00863243980009,0.011812812358,0.00181735574739,0.00636074511586,0.0626987732849,0.0127214902317,0.0790549750114,0.0790549750114,0.0154475238528,0.183098591549,0.0227169468423,0.0109041344843,0.0258973194003,0.0313493866424,0.0249886415266,0.0213539300318,0.00408905043162,0.020899591095
0.00632824322465,0.00852937130279,0.00770394827349,0.0394827349016,0.0228367038107,0.0401705874261,0.0279268124914,0.00412711514651,0.00591553171,0.00921722382721,0.0277892419865,0.01774659513,0.00907965332233,0.00990507635163,0.000687852524419,0.00316412161233,0.0147200440226,0.0233869858302,0.024900261384,0.0247626908791,0.0101802173614,0.0170587426056,0.00330169211721,0.00453982666116,0.0802036043472,0.0133443389737,0.0656211308296,0.0993259045261,0.0284770945109,0.156417664053,0.0251754023937,0.0204980052277,0.018984729674,0.0537900674095,0.01774659513,0.0279268124914,0.000687852524419,0.0283395240061
0.0131233595801,0.00787401574803,0.00419947506562,0.0346456692913,0.0162729658793,0.0351706036745,0.0209973753281,0.00157480314961,0.00577427821522,0.0157480314961,0.0267716535433,0.0136482939633,0.00997375328084,0.00629921259843,0.0,0.00262467191601,0.00997375328084,0.0220472440945,0.0230971128609,0.0288713910761,0.00892388451444,0.0167979002625,0.00472440944882,0.00892388451444,0.0661417322835,0.00682414698163,0.0530183727034,0.0929133858268,0.0320209973753,0.160104986877,0.0341207349081,0.0257217847769,0.0188976377953,0.0635170603675,0.0204724409449,0.0383202099738,0.000524934383202,0.049343832021
0.00369549150037,0.00591278640059,0.00443458980044,0.0428677014043,0.0325203252033,0.0347376201035,0.0288248337029,0.00443458980044,0.00739098300074,0.00739098300074,0.0384331116038,0.00517368810052,0.00960827790096,0.00517368810052,0.000739098300074,0.0,0.0177383592018,0.0214338507021,0.0347376201035,0.039911308204,0.00591278640059,0.00665188470067,0.000739098300074,0.00739098300074,0.0687361419069,0.0140428677014,0.0628233555063,0.0753880266075,0.0280857354028,0.120473022912,0.0229120473023,0.0339985218034,0.039911308204,0.0473022912047,0.0214338507021,0.0391722099039,0.000739098300074,0.0591278640059
0.0,0.0179640718563,0.0,0.0658682634731,0.0119760479042,0.0538922155689,0.0239520958084,0.0,0.0,0.0479041916168,0.0,0.0299401197605,0.0119760479042,0.0,0.0,0.0059880239521,0.0119760479042,0.0299401197605,0.0419161676647,0.0538922155689,0.0059880239521,0.0359281437126,0.0,0.0,0.0299401197605,0.0059880239521,0.0778443113772,0.0838323353293,0.0059880239521,0.101796407186,0.0239520958084,0.0299401197605,0.0239520958084,0.0359281437126,0.0179640718563,0.0239520958084,0.0359281437126,0.0538922155689
0.0137221269297,0.00943396226415,0.00686106346484,0.0291595197256,0.0145797598628,0.0686106346484,0.0300171526587,0.00257289879931,0.00257289879931,0.0111492281304,0.032590051458,0.00771869639794,0.00600343053173,0.0102915951973,0.0,0.00257289879931,0.00857632933105,0.0197255574614,0.0351629502573,0.0291595197256,0.0120068610635,0.0145797598628,0.00428816466552,0.0128644939966,0.0566037735849,0.0111492281304,0.0608919382504,0.0883361921098,0.0180102915952,0.16295025729,0.0257289879931,0.0205831903945,0.0222984562607,0.0540308747856,0.0222984562607,0.0360205831904,0.00771869639794,0.0291595197256
