0.399581589958,0.202928870293,0.0794979079498,0.0774058577406,0.010460251046,0.0313807531381,0.010460251046,0.00209205020921,0.00209205020921,0.010460251046,0.0271966527197,0.0125523012552,0.0,0.00836820083682,0.00418410041841,0.0,0.00627615062762,0.00209205020921,0.00627615062762,0.00418410041841,0.00418410041841,0.00209205020921,0.00418410041841,0.0,0.0313807531381,0.00418410041841,0.010460251046,0.00836820083682,0.0,0.0292887029289,0.0,0.0,0.0,0.00418410041841,0.00209205020921,0.0,0.0,0.00209205020921
0.0668264908601,0.266706622715,0.146838477675,0.236739586455,0.0221756068325,0.0641294575966,0.0200779142943,0.00239736290081,0.00179802217561,0.00988912196584,0.0191789032065,0.00629307761462,0.00509439616422,0.00209769253821,0.0011986814504,0.0011986814504,0.00599340725202,0.00419538507642,0.00539406652682,0.00958945160324,0.00869044051543,0.00569373688942,0.00149835181301,0.00419538507642,0.0182798921187,0.00419538507642,0.0149835181301,0.011986814504,0.00449505543902,0.0185795624813,0.00149835181301,0.0011986814504,0.000299670362601,0.00209769253821,0.000899011087803,0.000599340725202,0.0,0.00299670362601
0.0357142857143,0.168067226891,0.298319327731,0.0772058823529,0.00945378151261,0.194327731092,0.0336134453782,0.0031512605042,0.0031512605042,0.00525210084034,0.0246848739496,0.0047268907563,0.0063025210084,0.00577731092437,0.00105042016807,0.0,0.00735294117647,0.00367647058824,0.00735294117647,0.00682773109244,0.00420168067227,0.00525210084034,0.0015756302521,0.00210084033613,0.0136554621849,0.000525210084034,0.0194327731092,0.0215336134454,0.0031512605042,0.0262605042017,0.000525210084034,0.00105042016807,0.0,0.0015756302521,0.0015756302521,0.00105042016807,0.000525210084034,0.0
0.0329350585031,0.100848139664,0.0537361480839,0.251779855135,0.066736829072,0.146783879156,0.0534266080604,0.00346684826348,0.00594316845168,0.012381600941,0.0367114467901,0.0217916176562,0.0119482449081,0.0061908004705,0.000680988051755,0.00507645638581,0.0120101529128,0.008605212654,0.0119482449081,0.0138054850492,0.010710084814,0.00897666068223,0.00260013619761,0.00439546833406,0.0256299139479,0.00346684826348,0.0240203058255,0.0178914133597,0.00674797251285,0.0261251779855,0.00142388410822,0.00142388410822,0.000557172042345,0.00501454838111,0.0011762520894,0.0011762520894,6.1908004705e-05,0.00179533213645
0.019534369433,0.0331715707353,0.0162786411942,0.169482154924,0.0453959088396,0.127587689662,0.0852632225567,0.00731003132871,0.0149272068309,0.0160329258554,0.0539959456969,0.0419558940967,0.0207629461269,0.016708643037,0.000307144173475,0.012285766939,0.0271515449352,0.0234043860188,0.0229129553412,0.0249401068862,0.0192272252595,0.0157872105166,0.00516002211438,0.00681860065115,0.0340930032557,0.00589716813072,0.0382087351803,0.0275201179434,0.0119171939308,0.0337858590823,0.00307144173475,0.00221143804902,0.00172000737146,0.00681860065115,0.00196572271024,0.00331715707353,6.1428834695e-05,0.00301001290006
0.0160384459499,0.0320189913728,0.0614324590354,0.116032655897,0.0239708181344,0.27149557061,0.12101210121,0.0088587806149,0.0174859591222,0.00538474900122,0.018180765445,0.013201320132,0.0212494933704,0.00497944531295,0.00144751317237,0.00231602107579,0.0221759018007,0.0138961264548,0.0263447397371,0.00799027271148,0.00584795321637,0.0123907127555,0.00260552371027,0.00706386428116,0.0223496033814,0.00480574373227,0.046783625731,0.0174859591222,0.00839557639975,0.0488680446992,0.002200220022,0.00266342423716,0.00295292687163,0.0055584505819,0.00167911527995,0.00167911527995,0.0,0.0011580105379
0.00810974685463,0.0208428073367,0.029255722298,0.0729877216917,0.033045323632,0.220554797635,0.142261634076,0.022889192057,0.0247082006973,0.00765499469456,0.0267545854176,0.0217523116568,0.0288009701379,0.00780657874792,0.000833712293467,0.00576019402759,0.0347885402456,0.0208428073367,0.0293315143247,0.00909504320146,0.0105350917084,0.0173563741094,0.00288009701379,0.00818553888131,0.0239502804305,0.00629073821434,0.0541912990753,0.0201606790966,0.00947400333485,0.0559345156889,0.00432014552069,0.00204638472033,0.00341064120055,0.00598757010762,0.00242534485372,0.0025011368804,7.57920266788e-05,0.00219796877369
0.00592353257943,0.0121163166397,0.0199246095854,0.0619278406031,0.0441572428648,0.133279483037,0.11281637049,0.0105008077544,0.0183091007001,0.00834679590738,0.0473882606354,0.0333871836295,0.0261173936457,0.0196553581045,0.000807754442649,0.0102315562736,0.0455035002693,0.0312331717824,0.0393107162089,0.0134625740442,0.0193861066236,0.0201938610662,0.0118470651589,0.0150780829295,0.0401184706516,0.00834679590738,0.0681206246634,0.0301561658589,0.011577813678,0.0481960150781,0.00350026925148,0.00403877221325,0.00430802369413,0.0110393107162,0.0032310177706,0.00457727517501,0.0,0.00188476036618
0.00781504395962,0.0188863562358,0.020514490394,0.0566590687073,0.0322370563334,0.204493650277,0.130901986324,0.00716379029632,0.0224682513839,0.00748941712797,0.0341908173233,0.0263757733637,0.021491370889,0.0162813415825,0.00162813415825,0.00488440247476,0.0348420709866,0.0367958319766,0.0312601758385,0.0120481927711,0.00846629762292,0.0123738196027,0.00521002930641,0.00781504395962,0.0260501465321,0.00618690980137,0.0716379029632,0.0338651904917,0.00683816346467,0.0618690980137,0.0104200586128,0.00227938782156,0.00586128296972,0.00618690980137,0.0013025073266,0.00195376098991,0.0,0.00325626831651
0.024351083757,0.040941932031,0.020069574525,0.115600749264,0.0778699491571,0.044153063955,0.028364998662,0.00588707519401,0.010168584426,0.046561412898,0.0615466952101,0.035322451164,0.011774150388,0.011238961734,0.000802782981001,0.014182499331,0.012844527696,0.020069574525,0.017393631255,0.0545892427081,0.03211131924,0.038265988761,0.00267594327,0.010436178753,0.0674337704041,0.00909820711801,0.044955846936,0.044955846936,0.00883061279101,0.0516457051111,0.004816697886,0.00535188654001,0.002943537597,0.00990099009901,0.003211131924,0.004281509232,0.000535188654001,0.004816697886
0.0216484729547,0.0304795780694,0.0147798356433,0.111554029192,0.0541518459463,0.0591193425733,0.0399239543726,0.00668465595486,0.0112841898688,0.0307862136637,0.0456273764259,0.0331166441801,0.0183981356556,0.0123267508892,0.00128786949589,0.0124494051269,0.0316447933276,0.0251441187293,0.0225070526187,0.0526799950938,0.0193180424384,0.0367349441923,0.00686863731142,0.0155770881884,0.0705261866797,0.0122654237704,0.0514534527168,0.045136759475,0.0100576474917,0.0540905188274,0.00619403900405,0.00337299153686,0.00423157120078,0.0114681712253,0.00331166441801,0.00729792714338,0.000122654237704,0.0063780203606
0.0126430890142,0.0149495984965,0.0115325474116,0.0879890654365,0.0537331283103,0.0875619340509,0.0667179224329,0.00939689048351,0.0154621561592,0.020160601401,0.0487784042371,0.0266529984623,0.021527421835,0.0186229284128,0.00153767298821,0.0189646335213,0.0322911327524,0.0307534597642,0.0333162480779,0.0269092772937,0.0227233897147,0.0379292670425,0.0078592174953,0.0146933196651,0.0511703399966,0.0102511532547,0.0587732786605,0.041004613019,0.0124722364599,0.0576627370579,0.00691952844695,0.00504015035025,0.00512557662737,0.0123868101828,0.00435674013326,0.00666324961558,0.000512557662737,0.00495472407312
0.00604582095885,0.0172889266016,0.0170767925329,0.0550487908358,0.0320322443784,0.144781501909,0.111370386084,0.00424268137463,0.0135765803988,0.0123037759864,0.0385023334748,0.0219558761137,0.0194102672889,0.0109249045397,0.00074246924056,0.00530335171829,0.0278956300382,0.0294866355537,0.0540941875265,0.0164403903267,0.0220619431481,0.0191981332202,0.0074246924056,0.0117734408146,0.0372295290624,0.0074246924056,0.0908994484514,0.0345778532032,0.0144251166737,0.0752015273653,0.00615188799321,0.00795502757743,0.00572761985575,0.00689435723377,0.00413661434026,0.00583368689011,0.000106067034366,0.00445481544336
0.00775663555933,0.0126045327839,0.013210519937,0.0677493637135,0.0401163495334,0.085201793722,0.0564780026663,0.00933220215731,0.013210519937,0.0204823657738,0.0391467700885,0.0375712034905,0.0253302629984,0.016361653133,0.00157556659799,0.0178160223003,0.0528420797479,0.0389043752272,0.0436310750212,0.0302993576536,0.0130893225064,0.047145800509,0.00824142528178,0.0179372197309,0.0389043752272,0.0136953096594,0.0711428917707,0.0380559932129,0.0123621379227,0.0659314022543,0.0066658586838,0.00339352805721,0.00533268694704,0.0119985456308,0.00387831777966,0.00496909465519,0.000121197430614,0.0075142406981
0.0193628981886,0.0124921923798,0.00687070580887,0.0574640849469,0.0299812617114,0.0936914428482,0.0680824484697,0.00499687695191,0.0156152404747,0.0149906308557,0.0337289194254,0.0156152404747,0.0306058713304,0.0187382885696,0.00562148657089,0.0199875078076,0.0580886945659,0.0312304809494,0.0412242348532,0.0262336039975,0.0187382885696,0.0374765771393,0.00624609618988,0.0274828232355,0.0293566520924,0.00999375390381,0.0955652717052,0.0381011867583,0.00999375390381,0.0718301061836,0.00562148657089,0.0106183635228,0.0131168019988,0.00811992504685,0.00437226733292,0.00312304809494,0.0,0.00562148657089
0.00477978832366,0.0068282690338,0.0163878456811,0.0433595083646,0.0225332878115,0.127688630932,0.0935472857631,0.00785250938887,0.0146807784227,0.0109252304541,0.0419938545579,0.0252645954251,0.0303857972004,0.0116080573575,0.00068282690338,0.00887674974394,0.0392625469443,0.0245817685217,0.0542847388187,0.0238989416183,0.0122908842608,0.0337999317173,0.00990099009901,0.0191191532946,0.0365312393308,0.0119494708091,0.0884260839877,0.0382383065893,0.0119494708091,0.0720382383066,0.00819392284056,0.00853533629225,0.0105838170024,0.0109252304541,0.00580402867873,0.0034141345169,0.0,0.00887674974394
0.00604117864628,0.00801380840833,0.015411170016,0.0457403526076,0.0262606337073,0.121440019726,0.0770558500801,0.00628775736654,0.0184934040192,0.0117124892122,0.0395758846012,0.0237948465047,0.0242880039453,0.0188632720996,0.00234249784244,0.00382197016397,0.0287264209099,0.0308223400321,0.0658365183085,0.0191098508199,0.0225619529035,0.0289729996301,0.00702749352731,0.0149180125755,0.0362470718777,0.0087535445691,0.103563062508,0.0350141782764,0.0129453828135,0.0886450499322,0.00727407224757,0.00690420416718,0.00579459992603,0.0108494636913,0.00320552336333,0.00641104672667,0.000246578720256,0.00702749352731
0.00571736785329,0.00927723840345,0.0142394822006,0.0384034519957,0.0235167206041,0.101618122977,0.0603020496224,0.0066882416397,0.0126213592233,0.0137001078749,0.0377562028047,0.0211434735707,0.030312837109,0.0133764832794,0.00194174757282,0.00377562028047,0.0286947141316,0.0264293419633,0.0582524271845,0.0240560949299,0.024163969795,0.0382955771305,0.00701186623517,0.0166127292341,0.0456310679612,0.011003236246,0.121143473571,0.0423948220065,0.0128371089536,0.101402373247,0.00636461704423,0.0084142394822,0.00733549083064,0.0101402373247,0.00366774541532,0.00485436893204,0.000215749730313,0.0066882416397
0.00574712643678,0.00574712643678,0.0112596762843,0.0309641097818,0.0198217217922,0.0968801313629,0.0592305887872,0.00504339666901,0.0167722261318,0.00891391039174,0.024278676988,0.0107905231058,0.0269763077645,0.00950035186488,0.000234576589256,0.00246305418719,0.0360075064509,0.0370631011025,0.0414027680038,0.021463757917,0.0178278207835,0.0350692000938,0.00492610837438,0.019235280319,0.0485573539761,0.0114942528736,0.133474079287,0.046680741262,0.0209946047384,0.152826647901,0.00668543279381,0.00668543279381,0.00633356790992,0.00879662209711,0.00328407224959,0.00304949566033,0.000351864883885,0.00316678395496
0.0167649439242,0.0234709214938,0.0137588160481,0.0681003584229,0.0393109029946,0.0736501329633,0.0335298878483,0.00427795120823,0.00878714302231,0.0404671060238,0.0720314487224,0.0267082899757,0.0150306393803,0.0135275754422,0.000809342120476,0.00335298878483,0.0224303387675,0.046363741473,0.0313331020927,0.0520291363163,0.0218522372529,0.0217366169499,0.00635911666089,0.0114464099896,0.0842872008325,0.00994334605157,0.0548040235865,0.0519135160134,0.0151462596832,0.0737657532663,0.00508729332871,0.00462481211701,0.00462481211701,0.0129494739276,0.00335298878483,0.00809342120476,0.00023124060585,0.00404671060238
0.0183982683983,0.0225108225108,0.0201298701299,0.0731601731602,0.0357142857143,0.0593073593074,0.0320346320346,0.00735930735931,0.00822510822511,0.0305194805195,0.0655844155844,0.0344155844156,0.0166666666667,0.0149350649351,0.00238095238095,0.00865800865801,0.0292207792208,0.0435064935065,0.0339826839827,0.0547619047619,0.0149350649351,0.0387445887446,0.00649350649351,0.0186147186147,0.0634199134199,0.0181818181818,0.0753246753247,0.0387445887446,0.0106060606061,0.0597402597403,0.00887445887446,0.00584415584416,0.00411255411255,0.00952380952381,0.0021645021645,0.00692640692641,0.0004329004329,0.00584415584416
0.00610820244328,0.0110165794066,0.010907504363,0.0370855148342,0.0235602094241,0.0838787085515,0.0466841186736,0.00479930191972,0.00796247818499,0.0223603839442,0.0527923211169,0.0389397905759,0.0182155322862,0.0202879581152,0.00152705061082,0.00708987783595,0.0358856893543,0.0596640488656,0.0482111692845,0.0357766143106,0.018869982548,0.0212696335079,0.00479930191972,0.00916230366492,0.0555191972077,0.010034904014,0.0955497382199,0.0512652705061,0.0166884816754,0.0987129144852,0.0043630017452,0.00414485165794,0.00578097731239,0.0123254799302,0.00458115183246,0.00643542757417,0.00021815008726,0.00752617801047
0.00455062571104,0.00967007963595,0.00910125142207,0.0341296928328,0.028441410694,0.0870307167235,0.0637087599545,0.00967007963595,0.0147895335609,0.0250284414107,0.0477815699659,0.0255972696246,0.0182025028441,0.0119453924915,0.000568828213879,0.00967007963595,0.0386803185438,0.0437997724687,0.047212741752,0.0324232081911,0.0227531285552,0.0278725824801,0.0108077360637,0.0102389078498,0.0483503981797,0.014220705347,0.0995449374289,0.0409556313993,0.0176336746303,0.0864618885097,0.00625711035267,0.00568828213879,0.00853242320819,0.0199089874858,0.00455062571104,0.0028441410694,0.0,0.0113765642776
0.00481983015837,0.0112462703695,0.0100986917604,0.035804452605,0.0220335092954,0.083543722745,0.0470507229745,0.00780353454212,0.0121643332568,0.0151480376406,0.042460408538,0.0364929997705,0.0220335092954,0.0231810879045,0.00160661005279,0.00711498737664,0.0394767041542,0.0452145971999,0.0468212072527,0.0378700941014,0.0282304337847,0.0254762451228,0.0059674087675,0.0112462703695,0.0534771631857,0.0094101445949,0.104200137709,0.0392471884324,0.0137709433096,0.107183842093,0.00963966031673,0.00642644021115,0.00780353454212,0.0117053018132,0.00275418866192,0.00481983015837,0.0,0.00665595593298
0.0114379926838,0.0159719717657,0.0100468854655,0.0497192024319,0.0263795146581,0.0390540470916,0.0264825596373,0.00381266422794,0.0063372662167,0.0256581998042,0.0521407594415,0.0199907259519,0.00989231799681,0.0102014529342,0.0006182698748,0.0026276469679,0.0171569890257,0.026276469679,0.0286465041991,0.0515740120563,0.0227214178989,0.0227729403885,0.00592508630017,0.00989231799681,0.101190169509,0.0202998608893,0.0952135607193,0.0878973672008,0.0188057086918,0.112267504766,0.0101499304446,0.0049461589984,0.00659487866454,0.0255551548251,0.0066464011541,0.00685249111237,0.0001545674687,0.00808903086197
0.00847826086957,0.0184782608696,0.0126086956522,0.0491304347826,0.0245652173913,0.0610869565217,0.0276086956522,0.00391304347826,0.00565217391304,0.0208695652174,0.0445652173913,0.0208695652174,0.0141304347826,0.0134782608696,0.000652173913043,0.00304347826087,0.0176086956522,0.0308695652174,0.0363043478261,0.0391304347826,0.0186956521739,0.0163043478261,0.00739130434783,0.00847826086957,0.0884782608696,0.0139130434783,0.117826086957,0.0739130434783,0.0232608695652,0.114782608696,0.0108695652174,0.00326086956522,0.00913043478261,0.0221739130435,0.00586956521739,0.0045652173913,0.000434782608696,0.00760869565217
0.00567833026397,0.00959177409454,0.0110497237569,0.0332642725599,0.0187998772253,0.0662216083487,0.0410527931246,0.00349140577041,0.0087860650706,0.00932320441989,0.0230969920196,0.0158456108042,0.0162676488643,0.0087860650706,0.000345303867403,0.00372160834868,0.0252455494168,0.0361801718846,0.0514886433395,0.0190300798036,0.013390116636,0.0289287906691,0.00498772252916,0.0107811540823,0.074163597299,0.0146178637201,0.120395948435,0.0618477593616,0.0249769797422,0.178905770411,0.0111264579497,0.00744321669736,0.00771178637201,0.0150782688766,0.00617710251688,0.00514119091467,0.000268569674647,0.00679097605893
0.00695543723318,0.0115604163669,0.00805871348395,0.0425001199213,0.0218256823524,0.0390463855711,0.0304120496954,0.0029260804912,0.00599606658032,0.0147263395213,0.0330023504581,0.0219695879503,0.0109847939752,0.0111286995731,0.000815465054924,0.00446107353576,0.0142466541948,0.0251834796374,0.0278217489327,0.0328104763275,0.0123279128891,0.0155897731088,0.00537247565597,0.00805871348395,0.100877824147,0.0190435074591,0.0861035160934,0.0897491245743,0.0266705041493,0.165635343215,0.0129515038135,0.00868230440831,0.00805871348395,0.0409171583441,0.0115604163669,0.0115604163669,0.00019187413057,0.0102172974529
0.00602409638554,0.0086499845536,0.00741427247451,0.0367624343528,0.0186901451962,0.0426320667285,0.0296570898981,0.00355267222737,0.0064874884152,0.0118937287612,0.0183812171764,0.0165276490578,0.00926784059314,0.00725980846463,0.000308928019771,0.00262588816806,0.0143651529194,0.0222428174235,0.0257954896509,0.0194624652456,0.00880444856348,0.0210071053445,0.00339820821749,0.00586963237566,0.0809391411801,0.0179178251467,0.095922150139,0.0971578622181,0.0231696014829,0.214550509731,0.0214704973741,0.0123571207909,0.0101946246525,0.0420142106889,0.0118937287612,0.0109669447019,0.000154464009886,0.0142106889095
0.00559948152949,0.0102138690862,0.00928062216461,0.0340375891121,0.0157874270901,0.0531950745301,0.0335450421257,0.00267012313675,0.00712896953986,0.00904731043422,0.0210499027868,0.0144653272845,0.0119507453014,0.00772521062865,0.000466623460791,0.00186649384316,0.0160466623461,0.0254309786131,0.0364744005185,0.0168243681141,0.0100064808814,0.0221646143876,0.00383668178872,0.00767336357745,0.0653272845107,0.0131173039533,0.110200907323,0.0908619572262,0.0295009721322,0.210343486714,0.018898250162,0.0127284510693,0.0129099157485,0.0298639014906,0.0107323395982,0.00769928710305,0.000337005832793,0.0109915748542
0.011448196909,0.00858614768174,0.00457927876359,0.0303377218088,0.0160274756726,0.0372066399542,0.0331997710361,0.00457927876359,0.00286204922725,0.00744132799084,0.0160274756726,0.011448196909,0.00858614768174,0.0022896393818,0.000572409845449,0.0022896393818,0.00801373783629,0.0206067544362,0.0320549513452,0.0103033772181,0.00801373783629,0.0143102461362,0.00572409845449,0.00801373783629,0.0744132799084,0.00515168860904,0.0749856897539,0.0761305094448,0.0177447052089,0.216943331425,0.0515168860904,0.0263308528907,0.0377790497997,0.0400686891815,0.0211791642816,0.0240412135089,0.00286204922725,0.0263308528907
0.00155763239875,0.0101246105919,0.00778816199377,0.018691588785,0.0202492211838,0.0490654205607,0.0404984423676,0.00389408099688,0.00311526479751,0.0132398753894,0.018691588785,0.0132398753894,0.0132398753894,0.00311526479751,0.0,0.00233644859813,0.0147975077882,0.0280373831776,0.0366043613707,0.0171339563863,0.00467289719626,0.018691588785,0.00389408099688,0.00778816199377,0.0591900311526,0.0116822429907,0.0677570093458,0.0646417445483,0.0373831775701,0.250778816199,0.0303738317757,0.0210280373832,0.018691588785,0.0358255451713,0.0171339563863,0.0116822429907,0.00545171339564,0.0179127725857
0.00733496332518,0.0107579462103,0.00733496332518,0.039608801956,0.0132029339853,0.0562347188264,0.0224938875306,0.00440097799511,0.00293398533007,0.0122249388753,0.0205378973105,0.0117359413203,0.00684596577017,0.00586797066015,0.0,0.00146699266504,0.0166259168704,0.0268948655257,0.0420537897311,0.0180929095355,0.0176039119804,0.0146699266504,0.00586797066015,0.00929095354523,0.0743276283619,0.0117359413203,0.0953545232274,0.0625916870416,0.0151589242054,0.2,0.0176039119804,0.0146699266504,0.0224938875306,0.040586797066,0.0195599022005,0.0259168704156,0.00293398533007,0.0229828850856
0.00662520281233,0.0120335316387,0.00730124391563,0.0370470524608,0.0250135208221,0.0417793401839,0.0293401838832,0.0020281233099,0.00621957815035,0.0136560302866,0.0286641427799,0.0171714440238,0.00892374256355,0.00811249323959,0.00013520822066,0.00351541373716,0.0146024878313,0.0186587344511,0.0208220659816,0.0235262303948,0.00838290968091,0.00987020010817,0.00283937263386,0.00500270416441,0.0781503515414,0.013520822066,0.0674689021092,0.104110329908,0.0289345592212,0.165224445646,0.0297458085452,0.0160897782585,0.0186587344511,0.052866414278,0.0205516495403,0.0244726879394,0.000405624661979,0.0285289345592
0.00793201133144,0.0186968838527,0.00623229461756,0.0407932011331,0.0175637393768,0.0311614730878,0.0271954674221,0.00056657223796,0.00339943342776,0.0158640226629,0.0169971671388,0.0130311614731,0.00679886685552,0.0056657223796,0.0,0.00339943342776,0.0158640226629,0.0186968838527,0.0237960339943,0.028895184136,0.0124645892351,0.013597733711,0.00509915014164,0.00396600566572,0.0696883852691,0.00849858356941,0.0589235127479,0.0940509915014,0.0311614730878,0.145042492918,0.0328611898017,0.0322946175637,0.0203966005666,0.0611898016997,0.0209631728045,0.0464589235127,0.0,0.0407932011331
0.00163132137031,0.00652528548124,0.00815660685155,0.0456769983687,0.0285481239804,0.0383360522023,0.0244698205546,0.00489396411093,0.00652528548124,0.0203915171289,0.0350734094617,0.00978792822186,0.00244698205546,0.00163132137031,0.0,0.000815660685155,0.0203915171289,0.0236541598695,0.0424143556281,0.0220228384992,0.0187601957586,0.010603588907,0.00244698205546,0.00570962479608,0.0611745513866,0.00978792822186,0.0611745513866,0.0717781402936,0.0277324632953,0.123980424144,0.031810766721,0.0244698205546,0.0448613376835,0.0464926590538,0.0228384991843,0.0464926590538,0.000815660685155,0.0456769983687
0.0,0.0130718954248,0.0130718954248,0.0522875816993,0.0196078431373,0.0326797385621,0.0130718954248,0.0,0.00653594771242,0.00653594771242,0.0196078431373,0.0,0.0,0.00653594771242,0.0,0.00653594771242,0.0196078431373,0.0130718954248,0.0261437908497,0.0261437908497,0.00653594771242,0.0457516339869,0.0130718954248,0.00653594771242,0.0326797385621,0.0,0.0588235294118,0.117647058824,0.0392156862745,0.0915032679739,0.078431372549,0.0196078431373,0.0522875816993,0.0588235294118,0.0130718954248,0.0588235294118,0.0130718954248,0.0196078431373
0.00902527075812,0.0108303249097,0.00902527075812,0.0351985559567,0.0117328519856,0.0424187725632,0.0306859205776,0.00180505415162,0.00451263537906,0.00902527075812,0.0397111913357,0.00631768953069,0.0153429602888,0.00541516245487,0.00180505415162,0.00451263537906,0.0108303249097,0.0225631768953,0.028880866426,0.0361010830325,0.0108303249097,0.0171480144404,0.00270758122744,0.0108303249097,0.086642599278,0.00902527075812,0.0794223826715,0.0676895306859,0.0216606498195,0.180505415162,0.0207581227437,0.0252707581227,0.0261732851986,0.0351985559567,0.0171480144404,0.0207581227437,0.00451263537906,0.0279783393502
