0.409090909091,0.202651515152,0.0833333333333,0.0757575757576,0.0132575757576,0.0397727272727,0.00568181818182,0.00568181818182,0.00189393939394,0.00568181818182,0.0265151515152,0.0170454545455,0.00568181818182,0.00189393939394,0.00568181818182,0.0,0.00568181818182,0.00378787878788,0.00189393939394,0.00757575757576,0.00757575757576,0.00378787878788,0.0,0.0,0.0284090909091,0.00189393939394,0.0113636363636,0.00757575757576,0.00568181818182,0.0113636363636,0.0,0.0,0.0,0.00189393939394,0.00189393939394,0.0,0.0,0.0
0.0706854345165,0.280599755202,0.164014687882,0.197368421053,0.0278457772338,0.0734394124847,0.0131578947368,0.00275397796818,0.0015299877601,0.00703794369645,0.0143818849449,0.00611995104039,0.00581395348837,0.0030599755202,0.00030599755202,0.00183598531212,0.0015299877601,0.00122399020808,0.00703794369645,0.0140758873929,0.00611995104039,0.00489596083231,0.00214198286414,0.0030599755202,0.0232558139535,0.0015299877601,0.0174418604651,0.015299877601,0.00336597307222,0.0189718482252,0.00183598531212,0.0015299877601,0.00030599755202,0.00428396572827,0.0,0.00122399020808,0.00030599755202,0.000611995104039
0.0321931589537,0.164486921529,0.267102615694,0.0940643863179,0.0130784708249,0.195171026157,0.0337022132797,0.00352112676056,0.0010060362173,0.00603621730382,0.011569416499,0.00955734406439,0.00653923541247,0.00301810865191,0.0,0.00201207243461,0.00503018108652,0.00603621730382,0.00553319919517,0.0110663983903,0.00955734406439,0.00603621730382,0.00251509054326,0.00452716297787,0.0181086519115,0.0,0.0251509054326,0.0211267605634,0.00301810865191,0.033199195171,0.00150905432596,0.00251509054326,0.0,0.0,0.0010060362173,0.0010060362173,0.0,0.0
0.0401329076813,0.102873151345,0.0582448367972,0.253957912568,0.0630008469607,0.151019610398,0.0486025148218,0.00358329532869,0.00631962994332,0.0127044107108,0.0349859925728,0.0156361977979,0.00807870219558,0.00462570851521,0.000195452472474,0.00312723955958,0.00957717115122,0.00905596455795,0.0105544335136,0.0129650140074,0.00912111538211,0.00899081373379,0.00260603296632,0.00384389862532,0.0264512346081,0.00482116098769,0.0267118379047,0.0181119291159,0.00664538406411,0.0297739266402,0.00156361977979,0.000912111538211,0.00136816730732,0.00527721675679,0.00104241318653,0.00143331813147,0.000130301648316,0.00195452472474
0.0218244726861,0.0396566637834,0.0186971854415,0.16587930002,0.0509015902588,0.120766518065,0.0819083105995,0.00958147581343,0.0166345066205,0.0196952558387,0.0566903985628,0.0407878102335,0.0191629516269,0.0154368221439,0.000798456317786,0.0121099208197,0.0234879233482,0.0194291037328,0.0183644953091,0.024153303613,0.0206933262359,0.0149710559585,0.00359305343004,0.00705303080711,0.0358639962739,0.00612149843636,0.0391243595715,0.0281455852019,0.0115110785814,0.0337347794264,0.00252844500632,0.00166345066205,0.00166345066205,0.00705303080711,0.00352651540355,0.00365959145652,0.0,0.00312728724466
0.0167091123672,0.0307472513821,0.0708118516678,0.115224548109,0.0245356854463,0.260513075346,0.128268836574,0.00919311758494,0.0147835269271,0.00552829368284,0.0179514255544,0.0139139076961,0.0218647120939,0.00503136840798,0.00149077582459,0.00354059258339,0.021181439841,0.0164606497298,0.0219889434126,0.00677060686999,0.00832349835394,0.0149077582459,0.00254674203367,0.00583887197963,0.0193800857196,0.00298155164917,0.0438536555066,0.0174545002795,0.00875830796944,0.0523635008386,0.00273308901174,0.00223616373688,0.00366482390211,0.0044102118144,0.00142866016523,0.00142866016523,0.000310578296789,0.000869619231008
0.00986975163822,0.0207102985195,0.0324407410404,0.0740231372866,0.030337351347,0.220613218995,0.133484345927,0.0159372219076,0.0225709894022,0.00647196828736,0.0260496723566,0.0219237925734,0.0322789418332,0.00970795243103,0.00040449801796,0.00331688374727,0.0335733354907,0.0222473909878,0.0271013672033,0.00946525362026,0.0111641452957,0.016260820322,0.0029932853329,0.00736186392687,0.0258878731494,0.00517757462988,0.0578432165682,0.0209529973303,0.0101933500526,0.064234285252,0.00355958255805,0.00331688374727,0.00339778335086,0.00825175956638,0.00218428929698,0.00307418493649,0.00040449801796,0.00121349405388
0.00577034045009,0.0175995383728,0.0201961915753,0.0631852279284,0.0427005193306,0.1358915176,0.103000577034,0.0112521638777,0.0230813618003,0.0103866128102,0.0455856895557,0.030294287363,0.0285631852279,0.0187536064628,0.000865551067513,0.0129832660127,0.0441431044432,0.030871321408,0.0409694171956,0.0138488170802,0.0144258511252,0.0222158107328,0.00952106174264,0.0141373341027,0.0328909405655,0.00778995960762,0.0559723023658,0.0291402192729,0.00952106174264,0.063473744951,0.00548182342758,0.00461627236007,0.00577034045009,0.00721292556261,0.00403923831506,0.0066358915176,0.0,0.00721292556261
0.00761324704987,0.0163684811572,0.0236010658546,0.0525314046441,0.030072325847,0.175866006852,0.138561096308,0.0144651693947,0.0159878188047,0.00609059763989,0.0388275599543,0.0315949752569,0.0197944423297,0.0167491435097,0.00152264940997,0.00609059763989,0.0426341834793,0.0354015987819,0.0376855728968,0.0178911305672,0.0114198705748,0.0243623905596,0.00228397411496,0.00875523410735,0.0354015987819,0.00875523410735,0.0727065093262,0.0213170917396,0.00761324704987,0.0513894175866,0.00304529881995,0.00685192234488,0.00380662352493,0.00723258469737,0.00114198705748,0.000761324704987,0.000380662352493,0.00342596117244
0.0262678803641,0.0405721716515,0.0231469440832,0.115734720416,0.0697009102731,0.044733420026,0.0205461638492,0.00494148244473,0.0104031209363,0.0410923276983,0.0647594278283,0.021066319896,0.00884265279584,0.0109232769831,0.00208062418726,0.00936280884265,0.0150845253576,0.0200260078023,0.0195058517555,0.0595578673602,0.0273081924577,0.0358907672302,0.00338101430429,0.0127438231469,0.0850455136541,0.0106631989597,0.0444733420026,0.0488946684005,0.00962288686606,0.0629388816645,0.00494148244473,0.00442132639792,0.00312093628088,0.00832249674902,0.00260078023407,0.00182054616385,0.000260078023407,0.00520156046814
0.0275621628733,0.0288777792396,0.0194711222208,0.106433364031,0.0492040520984,0.0569661886594,0.038415997895,0.00631495855808,0.0111827391133,0.0259176424155,0.0490724904618,0.0292066833311,0.0188133140376,0.0116432048415,0.000986712274701,0.0134192869359,0.0312458886989,0.0268385738719,0.0266412314169,0.0540718326536,0.019931587949,0.0368372582555,0.00763057492435,0.0144059992106,0.0728193658729,0.0147349033022,0.0480857781871,0.0447967372714,0.0104591501118,0.0596632022102,0.00532824628338,0.00309169846073,0.00480199973688,0.0102618076569,0.00348638337061,0.00598605446652,0.000526246546507,0.00486778055519
0.0104224312857,0.0160486995019,0.0127282789153,0.0862387013466,0.0523888581443,0.089466888028,0.0601365061797,0.00885445489762,0.0156797638812,0.0225050728648,0.0495296070836,0.0257332595462,0.026655598598,0.0206603947611,0.00119904076739,0.0140195535879,0.037170263789,0.0278546393654,0.0303449548054,0.0268400664084,0.0230584762959,0.0423353624792,0.00922339051835,0.0164176351227,0.0468548238332,0.0117137059583,0.0583840619812,0.0414130234274,0.0128205128205,0.0594908688434,0.00451946135399,0.00387382401771,0.00654860726803,0.015587529976,0.00424275963844,0.00479616306954,9.22339051835e-05,0.00415052573326
0.00591451846892,0.0155116616449,0.0205334226091,0.0560205334226,0.0251088048209,0.139939738868,0.106238143064,0.00870438567124,0.0154000669568,0.0136145519473,0.0437451177324,0.0233232898114,0.0207566119853,0.00926235911171,0.00078116281665,0.00479857158799,0.0277870773351,0.0352639214373,0.0561321281107,0.0190826916639,0.0135029572592,0.0241044526281,0.00636089722129,0.0126101997545,0.037272625823,0.00747684410222,0.0870438567124,0.0297957817208,0.0126101997545,0.0758843879031,0.00892757504743,0.00580292378083,0.00680727597366,0.00825800691887,0.00390581408325,0.00669568128557,0.000111594688093,0.00491016627609
0.00924092409241,0.0129372937294,0.0146534653465,0.069702970297,0.0440924092409,0.0815841584158,0.0487128712871,0.00910891089109,0.0108250825083,0.0176897689769,0.0446204620462,0.0385478547855,0.0252145214521,0.0170297029703,0.00211221122112,0.0149174917492,0.0530693069307,0.0323432343234,0.0357755775578,0.0373597359736,0.0171617161716,0.0430363036304,0.00792079207921,0.0220462046205,0.0521452145215,0.013597359736,0.0656105610561,0.0413201320132,0.0113531353135,0.0574257425743,0.00699669966997,0.00409240924092,0.00660066006601,0.0118811881188,0.00435643564356,0.00541254125413,0.00013201320132,0.00937293729373
0.0125832716506,0.0103626943005,0.0266469282013,0.0673575129534,0.0318282753516,0.0836417468542,0.0732790525537,0.0162842339008,0.0125832716506,0.00962250185048,0.0518134715026,0.0229459659511,0.0185048112509,0.0185048112509,0.0059215396003,0.00814211695041,0.0488527017024,0.0310880829016,0.0436713545522,0.0281273131014,0.019245003701,0.0421909696521,0.00814211695041,0.0236861584012,0.0525536639526,0.00814211695041,0.0866025166543,0.0259067357513,0.0133234641007,0.0577350111029,0.0059215396003,0.00370096225019,0.00888230940044,0.0125832716506,0.00222057735011,0.00222057735011,0.000740192450037,0.00444115470022
0.00333194502291,0.00916284881299,0.0179092044981,0.0483132028322,0.0312369845898,0.114119117035,0.0845481049563,0.00541441066222,0.0170762182424,0.0145772594752,0.0528946272387,0.0283215326947,0.021241149521,0.0149937526031,0.00124947938359,0.00874635568513,0.0370678883798,0.0245730945439,0.0620574760516,0.0291545189504,0.0162432319867,0.0254060807997,0.00708038317368,0.0262390670554,0.0412328196585,0.00416493127863,0.107455226989,0.0295710120783,0.0141607663474,0.0616409829238,0.00874635568513,0.00749687630154,0.0079133694294,0.00416493127863,0.000832986255727,0.00416493127863,0.000832986255727,0.00666389004581
0.00675073239078,0.0119729970704,0.0187237294612,0.0443255636225,0.0261113233983,0.115654056808,0.0768055024838,0.00866131702968,0.0147751878742,0.0133740924723,0.0417781174373,0.032352566552,0.0226722710483,0.0178321232964,0.00152846771112,0.0038211692778,0.0250923449242,0.0287861418928,0.0606292192077,0.019615335626,0.0219080371927,0.0345178958095,0.00789708317412,0.0211438033372,0.0431792128391,0.00866131702968,0.0959113488728,0.0338810342632,0.012227741689,0.0858489364412,0.00840657241116,0.00649598777226,0.00585912622596,0.00853394472042,0.0038211692778,0.00598649853522,0.00012737230926,0.00433065851484
0.00738223576283,0.0121865479259,0.013006796344,0.0467541598313,0.0249589875791,0.104288727443,0.0605812045934,0.00667916569018,0.0169908600891,0.014061401453,0.0359737520506,0.0236700257792,0.0304663698149,0.0121865479259,0.000468713381767,0.00316381532693,0.0269510194516,0.0248418092337,0.0514412936489,0.0261307710335,0.0203890321069,0.0358565737052,0.00656198734474,0.0158190766346,0.0521443637216,0.010077337708,0.110499179752,0.0415983126318,0.016170611671,0.104171549098,0.00726505741739,0.00773377079916,0.00761659245371,0.00972580267167,0.00316381532693,0.00410124209046,0.0,0.00492149050855
0.00385332504661,0.00733374766936,0.0105655686762,0.0295835922933,0.0186451211933,0.0953387197017,0.0627719080174,0.00534493474208,0.0192666252331,0.0109384711001,0.0266003729024,0.0125543816035,0.0313238036047,0.0072094468614,0.000248601615911,0.00211311373524,0.0366687383468,0.0379117464264,0.0396519577377,0.022249844624,0.0180236171535,0.0369173399627,0.00410192666252,0.016780609074,0.0505904288378,0.0100683654444,0.130142945929,0.0427594779366,0.019515226849,0.151149782474,0.00671224362958,0.00658794282163,0.00546923555003,0.0100683654444,0.00310752019888,0.00298321939093,0.000124300807955,0.0047234307023
0.0140971421248,0.0235806740997,0.0138408304498,0.0671536588492,0.038062283737,0.0663847238242,0.0325515827246,0.00653594771242,0.00666410354992,0.0394719979495,0.0798410867615,0.0249903883122,0.0148660771498,0.0125592720748,0.00140971421248,0.00486992182494,0.0211457131872,0.040625400487,0.0334486735871,0.0530565167243,0.0212738690247,0.0256311674997,0.00615148019992,0.0129437395873,0.0848391644239,0.00897090862489,0.0543380750993,0.0521594258618,0.0116621812124,0.077662437524,0.0076893502499,0.00410098679995,0.00512623349994,0.0137126746123,0.00346020761246,0.00653594771242,0.000384467512495,0.0082019735999
0.0184978827725,0.0271896590149,0.01604635614,0.0626253621573,0.0283039893024,0.0595052373524,0.0385558279474,0.00668598172498,0.00869177624248,0.0383329618899,0.0706485402273,0.0298640517049,0.0171606864275,0.0131490973925,0.00200579451749,0.00735457989748,0.0296411856474,0.0374414976599,0.0383329618899,0.0463561399599,0.0193893470025,0.0356585691999,0.00601738355248,0.01515489191,0.0768887898373,0.0144862937375,0.0748829953198,0.0363271673724,0.010251838645,0.0766659237798,0.00445732114999,0.00557165143749,0.00490305326499,0.0100289725875,0.00178292846,0.00468018720749,0.000445732114999,0.00601738355248
0.00877825877826,0.0140692640693,0.010582010582,0.0358345358345,0.025012025012,0.0835738335738,0.0509860509861,0.00444925444925,0.00925925925926,0.0229677729678,0.0454545454545,0.0342712842713,0.0165945165945,0.0204425204425,0.00252525252525,0.00697450697451,0.0337902837903,0.0645743145743,0.0538720538721,0.030784030784,0.0203222703223,0.0214045214045,0.00444925444925,0.0104617604618,0.0586820586821,0.0107022607023,0.0919913419913,0.0472582972583,0.0141895141895,0.0990860990861,0.00757575757576,0.00565175565176,0.00565175565176,0.0127465127465,0.00444925444925,0.00505050505051,0.0002405002405,0.00529100529101
0.00731981981982,0.00957207207207,0.0185810810811,0.0326576576577,0.0230855855856,0.0686936936937,0.0579954954955,0.00394144144144,0.00731981981982,0.0118243243243,0.0456081081081,0.0247747747748,0.0281531531532,0.0129504504505,0.00337837837838,0.0157657657658,0.0382882882883,0.0377252252252,0.0472972972973,0.0275900900901,0.0197072072072,0.0191441441441,0.017454954955,0.00957207207207,0.0625,0.018018018018,0.11204954955,0.0585585585586,0.018018018018,0.0929054054054,0.00563063063063,0.00281531531532,0.00900900900901,0.0123873873874,0.00506756756757,0.00788288288288,0.0,0.00675675675676
0.00400848856402,0.0136760198066,0.0103749115775,0.0313605281773,0.02051402971,0.0712096203726,0.0457439283188,0.00683800990332,0.00683800990332,0.0129686394718,0.053053525112,0.0405564725301,0.0174487149257,0.0219287903796,0.00141476066965,0.0103749115775,0.0318321150672,0.0476302758783,0.0433859938694,0.0353690167413,0.0228719641594,0.0209856165999,0.00353690167413,0.0179203018156,0.0584767743457,0.0124970525819,0.118839896251,0.0363121905211,0.0139118132516,0.115067201132,0.00683800990332,0.00683800990332,0.00707380334827,0.0136760198066,0.00495166234379,0.0061306295685,0.0,0.00754539023815
0.0113105352591,0.0183198810535,0.0112574341546,0.0512956669499,0.02724086661,0.0420560747664,0.027347068819,0.00483220050977,0.00615972812234,0.0250637213254,0.053844519966,0.0183198810535,0.00950509770603,0.0115229396771,0.000584112149533,0.00446049277825,0.0160365335599,0.0258071367884,0.0293649107901,0.0515611724724,0.0198067119796,0.0198067119796,0.00557561597281,0.0105671197961,0.102272727273,0.0189570943076,0.0894753610875,0.0876168224299,0.0198067119796,0.115123194562,0.0101423109601,0.00584112149533,0.00509770603229,0.0223024638912,0.00653143585387,0.00754035683942,5.3101104503e-05,0.00759345794393
0.0118171683389,0.0182831661093,0.0122630992196,0.0557413600892,0.0238573021182,0.0486064659978,0.028762541806,0.00468227424749,0.00356744704571,0.0231884057971,0.0490523968785,0.0238573021182,0.0120401337793,0.0136008918618,0.000222965440357,0.00379041248606,0.022519509476,0.0323299888517,0.0361204013378,0.0334448160535,0.0209587513935,0.0147157190635,0.00602006688963,0.0098104793757,0.0798216276477,0.0138238573021,0.107915273133,0.0771460423634,0.0260869565217,0.1248606466,0.00914158305463,0.00557413600892,0.00512820512821,0.0191750278707,0.00579710144928,0.00869565217391,0.0,0.00758082497213
0.00674536256324,0.00980430605122,0.0110200400016,0.03255029609,0.0163927997176,0.0636495548845,0.0457272834229,0.00341189850582,0.00925526491235,0.00921604768814,0.0260010196478,0.0138436801443,0.0184713126005,0.0088238754461,0.000274520569434,0.00305894348798,0.0266677124593,0.033687595592,0.0526687321071,0.0205498254834,0.0147064590768,0.030628652104,0.00490215302561,0.00980430605122,0.0795325306875,0.0129416839876,0.117181065924,0.0636103376603,0.0252166751637,0.172045962587,0.0107455194321,0.00713753480529,0.00913761323973,0.0150594140947,0.00498058747402,0.00454919800777,0.000117651672615,0.00588258363073
0.00565448142453,0.0109617578493,0.00813451713705,0.0451366499678,0.0224195228411,0.041614999256,0.0280244035514,0.00317444571202,0.00654729428104,0.0142354049898,0.038242150687,0.0219731164129,0.0100689449928,0.00972173999306,0.000942413570755,0.00416645999702,0.0151778185606,0.0248499578394,0.0267843856952,0.0328356728337,0.0119537721343,0.0162690342741,0.00476166856803,0.00748970785179,0.104111899211,0.0191954764149,0.0825851892267,0.088190069937,0.0239075442686,0.165021576311,0.0152770199891,0.00912653142205,0.00719210356629,0.0401269778285,0.0116561678488,0.0102177471356,0.000297604285502,0.0119537721343
0.00638060296698,0.00669963311533,0.00829478385707,0.0320625299091,0.0151539320466,0.0382836178019,0.0327005902058,0.00430690700271,0.00622108789281,0.00829478385707,0.024724836497,0.0153134471208,0.0106875099697,0.00829478385707,0.000797575370873,0.00478545222524,0.0153134471208,0.0223321103844,0.0327005902058,0.013718296379,0.00973041952465,0.021055989791,0.00223321103844,0.0068591481895,0.0800765672356,0.0124421757856,0.101770617323,0.101292072101,0.0267985324613,0.213112139097,0.0216940500877,0.0102089647472,0.00973041952465,0.0386026479502,0.0126016908598,0.0102089647472,0.000478545222524,0.0140373265274
0.00594310467788,0.0118333817586,0.00972027787316,0.0330964896062,0.0147917271983,0.0516125624026,0.0297683509866,0.00285269024538,0.00694682902348,0.00810903616049,0.0207084180776,0.0136559338598,0.0117013127658,0.00758076018912,0.000581103568504,0.00203386248976,0.0166671068966,0.0258062812013,0.0344171795346,0.0159011067382,0.00966745027602,0.0244327636757,0.00353944900816,0.00795055336908,0.0695739454291,0.0137880028527,0.108639953512,0.0875881560527,0.0295306267994,0.218494941758,0.0187802107821,0.0139993132412,0.0113579333844,0.0310626271164,0.00874296732613,0.00692041522491,0.000343379381389,0.0118597955572
0.00808960796515,0.0155569383945,0.00622277535781,0.0242688238955,0.0118232731798,0.0385812072184,0.0267579340386,0.00186683260734,0.00248911014312,0.014312383323,0.0155569383945,0.00622277535781,0.00746733042937,0.00373366521469,0.0,0.0031113876789,0.0124455507156,0.0155569383945,0.019912881145,0.0174237710019,0.00497822028625,0.019912881145,0.00684505289359,0.00808960796515,0.0541381456129,0.00871188550093,0.0609831985065,0.0684505289359,0.031113876789,0.240821406347,0.03982576229,0.0360920970753,0.0472930927194,0.0472930927194,0.0149346608587,0.0242688238955,0.0,0.0348475420037
0.0146041506533,0.0053804765565,0.00384319754035,0.0315142198309,0.0146041506533,0.0491929285165,0.0353574173713,0.00691775557264,0.00845503458878,0.00999231360492,0.0207532667179,0.00922367409685,0.0130668716372,0.000768639508071,0.00153727901614,0.00230591852421,0.00691775557264,0.0230591852421,0.0284396617986,0.0122982321291,0.00461183704842,0.0207532667179,0.00307455803228,0.00768639508071,0.0484242890085,0.00999231360492,0.0883935434281,0.0668716372022,0.0261337432744,0.266717909301,0.0307455803228,0.0146041506533,0.0222905457341,0.0299769408148,0.0153727901614,0.00845503458878,0.00230591852421,0.0353574173713
0.00913242009132,0.00913242009132,0.0106544901065,0.0375443937088,0.0121765601218,0.064434297311,0.0309487569762,0.00558092338914,0.0025367833587,0.00710299340436,0.0228310502283,0.0142059868087,0.00558092338914,0.00608828006088,0.00050735667174,0.0025367833587,0.0233384069001,0.0248604769153,0.0426179604262,0.025367833587,0.0131912734652,0.0182648401826,0.0025367833587,0.00608828006088,0.0679857940132,0.0111618467783,0.0903094875698,0.0700152207002,0.0177574835109,0.191780821918,0.0213089802131,0.0177574835109,0.0152207001522,0.027397260274,0.0142059868087,0.0294266869609,0.00456621004566,0.0238457635718
0.0070645905421,0.00937139561707,0.00836216839677,0.0432525951557,0.0214821222607,0.0351787773933,0.0307093425606,0.00288350634371,0.00576701268743,0.012399077278,0.026384083045,0.0160034602076,0.00893886966551,0.0115340253749,0.0,0.00446943483276,0.0151384083045,0.0184544405998,0.0242214532872,0.0214821222607,0.0103806228374,0.0135524798155,0.00360438292964,0.00547866205306,0.0717993079585,0.0113898500577,0.0637254901961,0.105680507497,0.0275374855825,0.171136101499,0.0235005767013,0.0207612456747,0.0191753171857,0.050461361015,0.0184544405998,0.0253748558247,0.000144175317186,0.0347462514418
0.0138808559861,0.00983227299017,0.00694042799306,0.0318102949682,0.026026604974,0.0410641989589,0.0312319259688,0.00115673799884,0.00231347599769,0.0133024869867,0.021978021978,0.010989010989,0.0179294389821,0.00578368999422,0.0,0.00231347599769,0.015037593985,0.0190861769809,0.0283400809717,0.0254482359746,0.00578368999422,0.0190861769809,0.00520532099479,0.00231347599769,0.0607287449393,0.0115673799884,0.0566801619433,0.103528050896,0.026026604974,0.175245806825,0.0358588779641,0.0213996529786,0.0185078079815,0.0491613649508,0.0173510699826,0.0352805089647,0.0,0.0318102949682
0.00510204081633,0.00680272108844,0.00850340136054,0.0433673469388,0.0144557823129,0.0272108843537,0.0399659863946,0.00255102040816,0.00255102040816,0.0127551020408,0.0340136054422,0.0102040816327,0.00850340136054,0.00340136054422,0.0,0.00170068027211,0.0229591836735,0.0212585034014,0.031462585034,0.0365646258503,0.00510204081633,0.00425170068027,0.000850340136054,0.00340136054422,0.0671768707483,0.0119047619048,0.0671768707483,0.0756802721088,0.016156462585,0.127551020408,0.0399659863946,0.0331632653061,0.062074829932,0.047619047619,0.0170068027211,0.0459183673469,0.00425170068027,0.0374149659864
0.00552486187845,0.0110497237569,0.0,0.0441988950276,0.0,0.0662983425414,0.060773480663,0.0,0.00552486187845,0.0220994475138,0.0110497237569,0.0110497237569,0.00552486187845,0.00552486187845,0.00552486187845,0.00552486187845,0.0110497237569,0.0276243093923,0.0220994475138,0.00552486187845,0.00552486187845,0.0220994475138,0.00552486187845,0.00552486187845,0.154696132597,0.0276243093923,0.0497237569061,0.0883977900552,0.0165745856354,0.110497237569,0.0110497237569,0.0276243093923,0.0331491712707,0.0220994475138,0.0165745856354,0.0441988950276,0.00552486187845,0.0276243093923
0.00767918088737,0.0110921501706,0.0042662116041,0.0452218430034,0.0238907849829,0.0435153583618,0.0290102389078,0.00255972696246,0.000853242320819,0.0136518771331,0.0230375426621,0.0162116040956,0.0102389078498,0.00938566552901,0.0,0.000853242320819,0.00853242320819,0.0255972696246,0.0204778156997,0.0324232081911,0.0162116040956,0.0153583617747,0.0042662116041,0.00511945392491,0.0912969283276,0.0119453924915,0.0776450511945,0.0827645051195,0.0230375426621,0.143344709898,0.0196245733788,0.0255972696246,0.0162116040956,0.0503412969283,0.0238907849829,0.0290102389078,0.00341296928328,0.0324232081911
