0.416666666667,0.236666666667,0.07,0.0616666666667,0.0233333333333,0.0283333333333,0.00666666666667,0.0,0.0,0.00666666666667,0.025,0.00166666666667,0.00666666666667,0.00333333333333,0.00166666666667,0.00166666666667,0.0,0.0,0.00666666666667,0.0133333333333,0.00833333333333,0.005,0.0,0.0,0.0216666666667,0.0,0.0133333333333,0.0166666666667,0.00333333333333,0.0183333333333,0.00333333333333,0.0,0.0,0.0,0.0,0.0,0.0,0.0
0.0683398850922,0.276081040218,0.151799213789,0.2026005443,0.0278197762322,0.0683398850922,0.0154218324766,0.00241911097672,0.00211672210463,0.0108859993952,0.0163289990928,0.0087692772906,0.00514061082552,0.00272149984881,0.0,0.000907166616269,0.00393105533716,0.00211672210463,0.0057453885697,0.0123979437557,0.010281221651,0.00544299969761,0.000604777744179,0.0030238887209,0.0254006652555,0.00241911097672,0.0175385545812,0.0148170547324,0.0057453885697,0.0199576655579,0.00181433323254,0.00120955548836,0.000604777744179,0.00483822195343,0.000604777744179,0.000907166616269,0.0,0.000907166616269
0.0312347486579,0.155197657394,0.286969253294,0.099560761347,0.01317715959,0.170326988775,0.0253782332845,0.0024402147389,0.00341630063446,0.00732064421669,0.0117130307467,0.00732064421669,0.00878477306003,0.00732064421669,0.000488042947779,0.0,0.0195217179112,0.00536847242557,0.00536847242557,0.0122010736945,0.00488042947779,0.00732064421669,0.00195217179112,0.00292825768668,0.0170815031723,0.00292825768668,0.0317227916057,0.020009760859,0.00292825768668,0.0263543191801,0.00390434358224,0.0,0.000976085895559,0.00146412884334,0.000976085895559,0.0,0.0,0.00146412884334
0.0433484934622,0.108868675384,0.0579164297897,0.246873223422,0.066444002274,0.141984081865,0.0442012507106,0.00405059693007,0.00689312109153,0.0120096645821,0.0355315520182,0.0162023877203,0.00731949971575,0.00639567936327,7.10631040364e-05,0.00433484934622,0.0103041500853,0.00845650938033,0.00952245594088,0.0157760090961,0.00909607731666,0.00902501421262,0.00369528140989,0.00355315520182,0.0279988629903,0.003908470722,0.0228823194997,0.0206793632746,0.00682205798749,0.0294201250711,0.0015633882888,0.00198976691302,0.00213189312109,0.00525866969869,0.00198976691302,0.00220295622513,0.0,0.00127913587265
0.022322822354,0.0401186387761,0.0175616609429,0.168123634093,0.0460505775835,0.11379956291,0.0727443022167,0.00811738994692,0.0127224477053,0.0179519200749,0.0566656259756,0.0398844832969,0.0165469871995,0.0176397127693,0.00148298470184,0.0136590696222,0.0242741180144,0.0189665938183,0.0242741180144,0.0288011239463,0.0205276303466,0.0198251639088,0.00452700593194,0.00710271620356,0.0384795504215,0.00764907898845,0.0350452700593,0.0260693100219,0.0117858257883,0.0408211052139,0.00343428036216,0.00195129566032,0.00327817670933,0.00827349359975,0.00226350296597,0.0042928504527,0.0,0.00296596940368
0.0115161839864,0.0339352640545,0.0749574105622,0.112299829642,0.0236456558773,0.253015332198,0.119182282794,0.00940374787053,0.0155366269165,0.00633730834753,0.0199659284497,0.0147870528109,0.0220783645656,0.00497444633731,0.00258943781942,0.0024531516184,0.0199659284497,0.0171720613288,0.0231686541738,0.00633730834753,0.00776831345826,0.015604770017,0.00238500851789,0.00558773424191,0.0252810902896,0.00347529812606,0.0484497444634,0.0187393526405,0.0079727427598,0.0526746166951,0.0024531516184,0.00313458262351,0.00320272572402,0.0049063032368,0.0018398637138,0.00149914821124,0.0,0.00170357751278
0.00719553876597,0.0185285123224,0.025993883792,0.0725849973017,0.038046411225,0.219463932362,0.127001259219,0.0176290699766,0.0193380104335,0.0095340888649,0.028332433891,0.0218564490016,0.0293218204713,0.00656592912394,0.000719553876597,0.00269832703724,0.0326497571506,0.0202374527793,0.0305810397554,0.0122324159021,0.0128620255442,0.0204173412484,0.00377765785213,0.00845475805001,0.0271631588415,0.00521676560532,0.0590034178809,0.0245547760389,0.0100737542724,0.0649397373628,0.00377765785213,0.00296815974096,0.004227379025,0.00656592912394,0.00134916351862,0.00260838280266,0.0,0.00152905198777
0.00494132180358,0.0197652872143,0.0262507720815,0.0685608400247,0.0472513897468,0.139901173564,0.0994441012971,0.00957381099444,0.0154416306362,0.0101914762199,0.0345892526251,0.037986411365,0.0216182828907,0.0219271155034,0.00185299567634,0.0191476219889,0.0420012353305,0.0336627547869,0.0345892526251,0.0169857936998,0.0154416306362,0.0271772699197,0.00864731315627,0.0117356392835,0.0392217418159,0.00864731315627,0.0617665225448,0.0318097591106,0.0108091414453,0.0475602223595,0.00617665225448,0.00401482396541,0.00277949351452,0.0101914762199,0.0012353304509,0.00525015441631,0.0,0.00185299567634
0.0124858115778,0.0136208853575,0.0393492243663,0.0522133938706,0.0397275822928,0.174044646235,0.125236473704,0.0105940219448,0.0170261066969,0.00945894816496,0.0348089292471,0.0329171396141,0.0230798335225,0.0143776012107,0.0,0.00227014755959,0.0302686341279,0.0427544457056,0.0427544457056,0.00832387438517,0.0105940219448,0.0204313280363,0.00945894816496,0.00945894816496,0.0295119182747,0.00643208475218,0.0548618993568,0.0230798335225,0.00756715853197,0.0730230798335,0.00340522133939,0.00794551645857,0.00454029511918,0.00529701097238,0.00189178963299,0.00491865304578,0.0,0.00227014755959
0.0228776185226,0.0427232635061,0.0226019845645,0.11769570011,0.0534729878721,0.042447629548,0.029217199559,0.00633958103638,0.0101984564498,0.0388643880926,0.0589856670342,0.0283902976847,0.00937155457552,0.0126791620728,0.00110253583241,0.00964718853363,0.0223263506064,0.0201212789416,0.0179162072767,0.0603638368247,0.034454244763,0.0391400220507,0.00689084895259,0.0101984564498,0.0804851157663,0.0077177508269,0.0551267916207,0.0465821389195,0.00716648291069,0.058434399118,0.00303197353914,0.00358324145535,0.00303197353914,0.00882028665932,0.00165380374862,0.00330760749724,0.0,0.00303197353914
0.0283726640295,0.0318510435138,0.0163006411131,0.103805756377,0.0510844359569,0.0571545491747,0.0336243350157,0.00654753785295,0.008593643432,0.0276906288364,0.048629109262,0.0299413449734,0.0167098622289,0.0130950757059,0.00129586686673,0.0117992088392,0.0319192470331,0.0273496112399,0.0235984176784,0.0519710817078,0.0192333924431,0.0416723502933,0.00647933433365,0.0150047742464,0.080275542218,0.0127540581094,0.0480152775883,0.0461737825672,0.0113899877234,0.0576319738098,0.00634292729505,0.00327376892648,0.00450143227391,0.0107761560497,0.00272814077206,0.00552448506343,0.000136407038603,0.00675214841086
0.0118144270483,0.0147920468735,0.0168091441744,0.0902891172798,0.0520603208145,0.079723369513,0.0608971280377,0.00902891172798,0.0175775621938,0.02257227932,0.0529247910864,0.0262222649121,0.0252617423879,0.0200749207569,0.00105657477668,0.0179617712035,0.0318893478052,0.0275669964461,0.034770915378,0.030928825281,0.0217078090481,0.041782729805,0.00816444145615,0.0175775621938,0.0474498126981,0.0103736432619,0.0570550379406,0.0413985207953,0.0130631063298,0.0519642685621,0.00633944866007,0.00518682163097,0.00595523965037,0.0123907405629,0.00480261262127,0.00413024685429,0.000288156757276,0.00614734415522
0.00577013659915,0.0155440414508,0.0226095148375,0.0499293452661,0.0275553462082,0.148257183231,0.102449364107,0.00588789448893,0.0163683466792,0.0126000942063,0.0410975035327,0.025553462082,0.0209609043806,0.0102449364107,0.000471031559114,0.00435704192181,0.0256712199717,0.0336787564767,0.0572303344324,0.0180169571361,0.0148374941121,0.0254357041922,0.00518134715026,0.0123645784268,0.0396844088554,0.00977390485163,0.0858455016486,0.0322656617993,0.0107159679699,0.0796043334903,0.00647668393782,0.00624116815827,0.00612341026849,0.00918511540273,0.00317946302402,0.00518134715026,0.0,0.00365049458314
0.0109546165884,0.0192061459667,0.020202020202,0.0634514155641,0.0435339308579,0.0715606771945,0.0459524825722,0.00995874235311,0.00810926163039,0.0253236591265,0.0423957888747,0.0412576468914,0.0229051074121,0.0169298620003,0.00113814198321,0.0200597524541,0.0510741214967,0.0357092047233,0.0402617726561,0.0338597240006,0.0140845070423,0.0516431924883,0.00611751315977,0.0210556266894,0.0429648598663,0.0143690425381,0.0691421254802,0.036136007967,0.0091051358657,0.0648740930431,0.00540617442026,0.00682885189927,0.00682885189927,0.0123772940674,0.00369896144544,0.00583297766396,0.0,0.00569070991606
0.00725221595488,0.00805801772764,0.0153102336825,0.0531829170024,0.0370668815471,0.0846091861402,0.0523771152297,0.0088638195004,0.0120870265915,0.00805801772764,0.0604351329573,0.0185334407736,0.0241740531829,0.0233682514102,0.00644641418211,0.0233682514102,0.0370668815471,0.0322320709106,0.0370668815471,0.0233682514102,0.0193392425463,0.0547945205479,0.0120870265915,0.0233682514102,0.0491539081386,0.00322320709106,0.0999194198227,0.0225624496374,0.013698630137,0.0878323932313,0.00483481063658,0.00644641418211,0.00966962127317,0.0120870265915,0.00161160354553,0.00322320709106,0.0,0.00322320709106
0.00561534861956,0.0131024801123,0.0191857744502,0.0477304632663,0.0294805802527,0.116050538138,0.0706598034628,0.012634534394,0.0107627515208,0.0145063172672,0.0496022461394,0.0238652316331,0.0257370145063,0.00935891436593,0.000935891436593,0.012634534394,0.0360318203088,0.025269068788,0.0542817033224,0.0257370145063,0.0131024801123,0.0435189518016,0.00748713149275,0.0248011230697,0.0486663547029,0.0140383715489,0.0959288722508,0.0294805802527,0.0149742629855,0.0584932147871,0.00467945718297,0.00982686008423,0.00748713149275,0.00748713149275,0.00280767430978,0.00561534861956,0.0,0.00842302292934
0.00625935501429,0.00966117839162,0.0153762416655,0.0443597768404,0.0268063682134,0.115525921894,0.0732072390801,0.00707579262485,0.0155123146006,0.0166008980814,0.0451762144509,0.024765274187,0.023404544836,0.0178255544972,0.00108858348075,0.0040821880528,0.0273506599537,0.0263981494081,0.0581031432848,0.0195945026534,0.0185059191727,0.0398693699823,0.00925295958634,0.0198666485236,0.0470812355423,0.00925295958634,0.108314056334,0.0323853585522,0.0130630017689,0.0838209280174,0.00666757381957,0.00653150088447,0.00530684446864,0.00952510545652,0.00299360457205,0.00421826098789,0.00040821880528,0.00476255272826
0.0067186240258,0.0135716205321,0.02082773448,0.0431335662456,0.0244557914539,0.10937919914,0.0579145391024,0.00618113410374,0.0123622682075,0.0154528352593,0.0373555495834,0.0205589895189,0.0264713786617,0.0108841709218,0.000940607363612,0.00524052674012,0.0232464391293,0.0299650631551,0.0475678581027,0.0276807309863,0.0188121472722,0.0440741736092,0.00644987906477,0.0178715399086,0.0498521902714,0.00994356355818,0.112201021231,0.0388336468691,0.0150497178178,0.101316850309,0.00779360386993,0.00698736898683,0.0114216608439,0.0075248589089,0.0033593120129,0.00564364418167,0.0,0.00295619457135
0.0039190897598,0.00809102402023,0.0102402022756,0.0250316055626,0.0180783817952,0.0860935524652,0.0647281921618,0.00606826801517,0.019216182048,0.0115044247788,0.0230088495575,0.0111251580278,0.0273072060683,0.00745891276865,0.000379266750948,0.00176991150442,0.0371681415929,0.0390644753477,0.0399494310999,0.0227560050569,0.0161820480405,0.0370417193426,0.00644753476612,0.0154235145386,0.0496839443742,0.01201011378,0.120859671302,0.0475347661188,0.0218710493047,0.169785082174,0.00720606826802,0.00594184576485,0.00556257901391,0.0101137800253,0.00252844500632,0.00429835651075,0.000379266750948,0.00417193426043
0.0199127114021,0.0226404800873,0.0165030005456,0.0651936715767,0.0409165302782,0.0598745226405,0.0308237861429,0.00709219858156,0.00722858701582,0.0448717948718,0.0724222585925,0.0212765957447,0.0120021822149,0.0148663393344,0.00122749590835,0.00409165302782,0.0201854882706,0.0477359519913,0.0317785051828,0.0540098199673,0.0234588106929,0.0201854882706,0.00354609929078,0.0135024549918,0.0969721767594,0.0107746863066,0.0556464811784,0.0519639934534,0.00900163666121,0.0766503000546,0.00722858701582,0.00354609929078,0.00490998363339,0.0137752318603,0.00245499181669,0.00586470267321,0.000272776868522,0.00559192580469
0.0210093628682,0.026718428865,0.0210093628682,0.0637131765243,0.0401918246175,0.0602877369262,0.0294587805435,0.0057090659968,0.00913450559488,0.0360812970998,0.0568622973282,0.0342543959808,0.0146152089518,0.0141584836721,0.00251198903859,0.0082210550354,0.0235213519068,0.0461292532542,0.0340260333409,0.0445307147751,0.0148435715917,0.0438456268554,0.0057090659968,0.0171271979904,0.0819821877141,0.0146152089518,0.0698789678009,0.0395067366979,0.00959123087463,0.0737611326787,0.00456725279744,0.00433889015757,0.00433889015757,0.00936286823476,0.00342543959808,0.0041105275177,0.0,0.00685087919616
0.00745796991531,0.0125142207053,0.0122614081658,0.038553912274,0.0251548476804,0.0714195424093,0.0495512577424,0.00632031348755,0.0104917203893,0.026418910378,0.0546075085324,0.038553912274,0.0217418783972,0.0189609404626,0.00328656301353,0.0064467197573,0.0303375047402,0.0586525091645,0.0606750094805,0.037542662116,0.0193401592719,0.0245228163317,0.00543546959929,0.00922765769182,0.0635823536847,0.0109973454683,0.0853242320819,0.0405764125901,0.0123878144356,0.0931614208065,0.00581468840855,0.00467703198079,0.00467703198079,0.0123878144356,0.00492984452029,0.00391859436228,0.0,0.00809000126406
0.00298329355609,0.0107398568019,0.00775656324582,0.0578758949881,0.0286396181384,0.0680190930788,0.0441527446301,0.00417661097852,0.00954653937947,0.0113365155131,0.0507159904535,0.0214797136038,0.0238663484487,0.0226730310263,0.00178997613365,0.00894988066826,0.035799522673,0.0399761336516,0.0399761336516,0.0340095465394,0.0238663484487,0.0232696897375,0.00715990453461,0.00954653937947,0.0542959427208,0.0184964200477,0.116945107399,0.0578758949881,0.022076372315,0.0942720763723,0.00536992840095,0.00715990453461,0.00835322195704,0.0143198090692,0.00477326968974,0.00238663484487,0.0,0.00536992840095
0.00346020761246,0.0147635524798,0.0119953863899,0.0329873125721,0.0232987312572,0.0846597462514,0.0415224913495,0.00692041522491,0.0076124567474,0.0186851211073,0.0608996539792,0.0355247981546,0.0200692041522,0.0200692041522,0.000461361014994,0.00991926182238,0.043137254902,0.0509803921569,0.0343713956171,0.0350634371396,0.0207612456747,0.0239907727797,0.00253748558247,0.00922722029988,0.0602076124567,0.00922722029988,0.0925028835063,0.0424452133795,0.0154555940023,0.117185697809,0.0108419838524,0.00715109573241,0.00622837370242,0.0117647058824,0.00438292964245,0.00253748558247,0.0,0.00715109573241
0.011883346961,0.0189152357591,0.0116653038975,0.0461161079313,0.0244753338784,0.0412101390025,0.0307440719542,0.00479694739711,0.00659580267103,0.0252929953666,0.0510765876261,0.02115017716,0.0087217225402,0.0105205778141,0.000708639956391,0.00305260288907,0.014118288362,0.0247478877078,0.0273644044699,0.048896156991,0.0207686017989,0.0184246388662,0.00452439356773,0.00866721177433,0.110493322431,0.020278004906,0.0915780866721,0.0873262469338,0.0204415372036,0.118778958844,0.00926683019896,0.00501499046062,0.00703188879804,0.0237121831562,0.00708639956391,0.00681384573453,0.000163532297629,0.0075769964568
0.0107768298159,0.0139200718455,0.0127974854064,0.0502918724742,0.0267175572519,0.054557700943,0.0356982487652,0.00449034575662,0.00493938033229,0.0184104176022,0.0482712168837,0.0285136955546,0.0150426582847,0.0157162101482,0.000673551863493,0.0035922766053,0.0206555904805,0.031881454872,0.030534351145,0.0325550067355,0.0188594521778,0.0255949708128,0.00426582846879,0.00696003592277,0.0918275707229,0.0134710372699,0.099685675797,0.0783565334531,0.0224517287831,0.113605747643,0.0123484508307,0.0071845532106,0.00673551863493,0.0208801077683,0.0035922766053,0.00785810507409,0.0,0.00628648405927
0.00669472840249,0.00954099017839,0.0103427540589,0.0340348767288,0.0174383644017,0.0597314091,0.0434556023251,0.00416917217879,0.00914010823812,0.0107035478052,0.026939266386,0.0144718380437,0.016476247745,0.00841852074564,0.000400881940269,0.0026859089998,0.0228101824013,0.0377630787733,0.0482260974143,0.0216877129685,0.0143515734616,0.0348767288034,0.00597314091,0.0111044297454,0.076127480457,0.0147925435959,0.111605532171,0.0658649027861,0.025375826819,0.180196432151,0.0106634596111,0.00717578673081,0.00645419923832,0.014912808178,0.00473040689517,0.00457005411906,0.000120264582081,0.00597314091
0.00682709533724,0.0113300731129,0.00769863942284,0.0423183072677,0.0217401830243,0.0375248147969,0.0276957342759,0.00372827192175,0.00624606594684,0.0141383818331,0.036023822205,0.019997094853,0.00973224228926,0.0109427201859,0.000823124969738,0.00372827192175,0.0152520214981,0.0249358446715,0.0268241901903,0.0353943736987,0.0121047789667,0.0180119111025,0.00363143369002,0.00890911731952,0.100372827192,0.0193192272309,0.0806178279185,0.0853629012734,0.0277925725076,0.173727787731,0.0147194112236,0.0103616907955,0.00842492616085,0.0400910279378,0.0114269113446,0.00919963201472,9.68382317339e-05,0.0129279039365
0.00400266844563,0.00833889259506,0.00683789192795,0.0298532354903,0.0155103402268,0.0446964643095,0.0325216811207,0.00316877918612,0.00750500333556,0.0100066711141,0.0201801200801,0.0176784523015,0.0121747831888,0.00833889259506,0.000500333555704,0.00416944629753,0.0148432288192,0.0225150100067,0.0326884589726,0.016844563042,0.00783855903936,0.0245163442295,0.00233488992662,0.00817211474316,0.0818879252835,0.0141761174116,0.094563042028,0.10523682455,0.0288525683789,0.208305537025,0.0213475650434,0.00883922615077,0.00933955970647,0.037191460974,0.00833889259506,0.0100066711141,0.000333555703803,0.0163442294863
0.00519291825862,0.0101705860195,0.0100898670828,0.0336059839638,0.0143948770382,0.0518753699618,0.0308884464295,0.00252919334876,0.00653823386967,0.00887908303288,0.0221438949578,0.0128343109293,0.0120540278749,0.00721089167519,0.000188344185546,0.0025830059732,0.0167357262014,0.0257224344831,0.0340633912716,0.0167895388258,0.00987461658505,0.0258031534198,0.00355163321315,0.00799117472959,0.0672926868643,0.0138029381693,0.107544529947,0.0899747080665,0.0304848517462,0.220281978152,0.0184577301835,0.013399343486,0.0107625248883,0.029489318194,0.0090405209062,0.00694182855298,0.00032287574665,0.0104934617661
0.0061919504644,0.00990712074303,0.00804953560372,0.0303405572755,0.0117647058824,0.0445820433437,0.0191950464396,0.00247678018576,0.00247678018576,0.00495356037152,0.0173374613003,0.00866873065015,0.00495356037152,0.00557275541796,0.0,0.00185758513932,0.0142414860681,0.0204334365325,0.0198142414861,0.015479876161,0.00557275541796,0.0210526315789,0.0030959752322,0.00928792569659,0.0476780185759,0.0117647058824,0.0594427244582,0.0594427244582,0.0334365325077,0.267492260062,0.0557275541796,0.0291021671827,0.0321981424149,0.0501547987616,0.0130030959752,0.015479876161,0.00061919504644,0.0371517027864
0.00549019607843,0.00862745098039,0.0133333333333,0.0258823529412,0.0101960784314,0.0517647058824,0.0235294117647,0.00549019607843,0.00862745098039,0.0125490196078,0.0266666666667,0.00862745098039,0.0109803921569,0.00235294117647,0.00078431372549,0.0,0.0101960784314,0.0211764705882,0.038431372549,0.0117647058824,0.0078431372549,0.0219607843137,0.00156862745098,0.00627450980392,0.0650980392157,0.00627450980392,0.0886274509804,0.0658823529412,0.0266666666667,0.279215686275,0.0321568627451,0.0164705882353,0.0290196078431,0.0211764705882,0.0172549019608,0.00470588235294,0.00313725490196,0.0101960784314
0.00803212851406,0.0070281124498,0.00903614457831,0.0356425702811,0.015562248996,0.0627510040161,0.0306224899598,0.0070281124498,0.00301204819277,0.00803212851406,0.0286144578313,0.0100401606426,0.0145582329317,0.00502008032129,0.0,0.00200803212851,0.0140562248996,0.0271084337349,0.0386546184739,0.0256024096386,0.00953815261044,0.0150602409639,0.000502008032129,0.00853413654618,0.0632530120482,0.00652610441767,0.0873493975904,0.0803212851406,0.0160642570281,0.196787148594,0.0180722891566,0.0240963855422,0.0296184738956,0.0271084337349,0.0130522088353,0.0281124497992,0.00200803212851,0.0215863453815
0.00601758987811,0.0134238543435,0.00678907575991,0.0438203980867,0.023453170807,0.0413516432649,0.0229902792779,0.00432032093813,0.00648048140719,0.00910353340534,0.0266934115106,0.0163555006943,0.00833204752353,0.00802345317081,0.000308594352723,0.00277734917451,0.0172812837525,0.0205215244561,0.0262305199815,0.0229902792779,0.00786915599445,0.0137324486962,0.00293164635087,0.00678907575991,0.0749884277118,0.011109396698,0.0661934886592,0.116031476624,0.0285449776269,0.166023761765,0.0245332510415,0.0177441752816,0.0132695571671,0.049066502083,0.016201203518,0.0299336522142,0.000771485881808,0.0270020058633
0.0113136392206,0.00879949717159,0.00502828409805,0.0383406662476,0.0251414204903,0.0370835952231,0.0201131363922,0.000628535512256,0.0100565681961,0.0163419233187,0.0213702074167,0.0106851037084,0.00754242614708,0.00691389063482,0.0,0.00251414204903,0.00754242614708,0.0201131363922,0.0144563167819,0.021998742929,0.0150848522942,0.0194846008799,0.00314267756128,0.00502828409805,0.071024512885,0.00879949717159,0.0471401634192,0.119421747329,0.0427404148334,0.156505342552,0.0295411690761,0.0295411690761,0.0182275298554,0.0659962287869,0.0131992457574,0.0295411690761,0.0,0.0395977372722
0.00776531492666,0.0138050043141,0.00345125107852,0.0474547023296,0.016393442623,0.0336496980155,0.0189818809318,0.00431406384814,0.00517687661777,0.02329594478,0.0250215703192,0.00517687661777,0.0103537532355,0.00172562553926,0.0,0.000862812769629,0.00949094046592,0.0146678170837,0.037100949094,0.0345125107852,0.0112165660052,0.0120793787748,0.0,0.0172562553926,0.0681622088007,0.00862812769629,0.0509059534081,0.0888697152718,0.0293356341674,0.11734253667,0.0207075064711,0.0293356341674,0.0345125107852,0.0500431406385,0.060396893874,0.0457290767903,0.0,0.0422778257118
0.0,0.0217391304348,0.00724637681159,0.0144927536232,0.036231884058,0.0869565217391,0.0144927536232,0.0,0.00724637681159,0.0144927536232,0.0507246376812,0.0,0.0,0.0,0.00724637681159,0.0,0.0217391304348,0.0144927536232,0.0217391304348,0.036231884058,0.0,0.0217391304348,0.0,0.0,0.0579710144928,0.0,0.0797101449275,0.0579710144928,0.0,0.202898550725,0.0289855072464,0.0217391304348,0.00724637681159,0.036231884058,0.0289855072464,0.0144927536232,0.0217391304348,0.0652173913043
0.00633484162896,0.0180995475113,0.00814479638009,0.0461538461538,0.00904977375566,0.0597285067873,0.0334841628959,0.00361990950226,0.00542986425339,0.020814479638,0.0289592760181,0.00995475113122,0.00633484162896,0.00180995475113,0.0,0.000904977375566,0.00361990950226,0.0135746606335,0.0162895927602,0.0343891402715,0.0180995475113,0.020814479638,0.000904977375566,0.00633484162896,0.0796380090498,0.00542986425339,0.0660633484163,0.103167420814,0.0117647058824,0.17556561086,0.00995475113122,0.0199095022624,0.0298642533937,0.0434389140271,0.014479638009,0.0316742081448,0.00361990950226,0.0325791855204
