0.392248062016,0.266666666667,0.0821705426357,0.0635658914729,0.015503875969,0.0434108527132,0.0015503875969,0.0,0.0,0.0139534883721,0.0186046511628,0.0031007751938,0.0015503875969,0.0,0.0,0.0,0.0031007751938,0.0015503875969,0.0,0.0186046511628,0.0031007751938,0.0031007751938,0.0,0.0015503875969,0.0201550387597,0.0,0.0093023255814,0.0108527131783,0.0015503875969,0.0170542635659,0.0015503875969,0.0,0.0031007751938,0.0031007751938,0.0,0.0,0.0,0.0
0.0798854232973,0.26734563972,0.169318905156,0.196690006365,0.0210057288351,0.0728835136856,0.0108211330363,0.0,0.00254614894971,0.00763844684914,0.0219605346913,0.00795671546785,0.002227880331,0.00318268618714,0.0,0.000954805856143,0.00318268618714,0.00509229789943,0.006683640993,0.0114576702737,0.00254614894971,0.00572883513686,0.000318268618714,0.00572883513686,0.0219605346913,0.00286441756843,0.0181413112667,0.0114576702737,0.00350095480586,0.0273711012094,0.000318268618714,0.000318268618714,0.00159134309357,0.00604710375557,0.000954805856143,0.0,0.0,0.000318268618714
0.0397129186603,0.161722488038,0.295693779904,0.0827751196172,0.00813397129187,0.175119617225,0.0334928229665,0.00239234449761,0.000956937799043,0.0105263157895,0.011961722488,0.0205741626794,0.00717703349282,0.00430622009569,0.000956937799043,0.00382775119617,0.0172248803828,0.00526315789474,0.00574162679426,0.00574162679426,0.00430622009569,0.00622009569378,0.000956937799043,0.00143540669856,0.011961722488,0.00239234449761,0.0258373205742,0.0157894736842,0.00239234449761,0.0287081339713,0.00287081339713,0.00191387559809,0.0,0.00191387559809,0.0,0.0,0.0,0.0
0.0409002542246,0.100568266786,0.064602960969,0.232391206819,0.0703604007776,0.150216838642,0.0464333781965,0.00388814116943,0.00575743980858,0.0123373710184,0.035142814416,0.0165993719157,0.0109167040526,0.00590698369972,0.000299087782264,0.00328996560491,0.00859877374009,0.00560789591745,0.012412142964,0.0145057574398,0.00785105428443,0.00897263346792,0.00246747420368,0.00530880813519,0.0296096904441,0.0037385972783,0.0302078660087,0.0183191266637,0.00740242261104,0.0289367429341,0.00142066696575,0.00179452669358,0.00186929863915,0.00620607148198,0.00164498280245,0.00209361447585,0.00037385972783,0.00104680723792
0.0238659136455,0.0412643468756,0.0200400801603,0.177081435598,0.0477318272909,0.102477682638,0.0746948442339,0.0120240480962,0.0132082346511,0.0178538895974,0.0570231371835,0.0411732556021,0.0160320641283,0.0149389688468,0.000819821461104,0.00947349243942,0.021770814356,0.0177627983239,0.0178538895974,0.0287848424121,0.0202222627072,0.0183093459647,0.00391692475861,0.00801603206413,0.0397157952268,0.00737839314994,0.0399890690472,0.0255055565677,0.00847148843141,0.0448169065404,0.00282382947714,0.0030971032975,0.00273273820368,0.00838039715795,0.00419019857898,0.00428128985243,0.0,0.0022772818364
0.0173623670694,0.0367503436302,0.073862403241,0.110902119656,0.0233668523475,0.259422701295,0.120885480721,0.00998336106489,0.0143239528322,0.00687260363163,0.0191709469724,0.00976633147652,0.0199667221298,0.00557042610143,0.00318310062939,0.00159155031469,0.0209795268755,0.0141069232439,0.0228604499747,0.00672791723938,0.0090428995153,0.0129494321059,0.00260435506041,0.00499168053245,0.0248860594661,0.00311075743326,0.0457932431455,0.0204731245026,0.00976633147652,0.0523041307965,0.00238732547204,0.00209795268755,0.00253201186428,0.00390653259061,0.00122983433408,0.00217029588367,0.000144686392245,0.0019532662953
0.0101108302547,0.0198327824227,0.0285825393739,0.0730118607816,0.031888003111,0.212132996306,0.137273964612,0.0222632704647,0.0204160995528,0.009721952168,0.0249854170717,0.0171106358157,0.0335407349796,0.00758312269104,0.00058331713008,0.0038887808672,0.0355823449349,0.019152245771,0.0306241493292,0.00855531790784,0.0114719035582,0.0216799533346,0.0038887808672,0.00836087886448,0.0246937585067,0.00515263464904,0.0566789811394,0.0248881975501,0.0122496597317,0.058331713008,0.00447209799728,0.00252770756368,0.00476375656232,0.00836087886448,0.0014582928252,0.00165273186856,9.721952168e-05,0.002430488042
0.00842514581983,0.0145819831497,0.0181464679196,0.0635126377187,0.0421257290992,0.138690861957,0.104018146468,0.0132858068697,0.0204147764096,0.0145819831497,0.0443940375891,0.0304601425794,0.0265716137395,0.0184705119896,0.00129617627997,0.00907323395982,0.0427738172391,0.0324044069994,0.0317563188594,0.0220349967596,0.0132858068697,0.0379131561892,0.00550874918989,0.0113415424498,0.0372650680493,0.00810110174984,0.048606610499,0.0317563188594,0.00907323395982,0.0557355800389,0.00550874918989,0.00810110174984,0.00421257290992,0.0145819831497,0.00259235255995,0.00583279325988,0.0,0.00356448476993
0.0117795540597,0.019772822886,0.0307109802272,0.0576356752209,0.0340765671014,0.181320992848,0.106436684897,0.012200252419,0.0206142196045,0.0100967606226,0.0416491375684,0.0332351703828,0.0193521245267,0.0218763146824,0.00126209507783,0.00378628523349,0.0399663441313,0.0344972654607,0.0328144720236,0.0109381573412,0.012200252419,0.0277660917122,0.0071518721077,0.00504838031132,0.027345393353,0.0071518721077,0.0626840555322,0.0307109802272,0.0071518721077,0.0643668489693,0.00336558687421,0.00378628523349,0.000841396718553,0.00967606226336,0.00126209507783,0.00252419015566,0.000420698359276,0.00252419015566
0.0288401253918,0.0398119122257,0.0275862068966,0.10407523511,0.0595611285266,0.0416927899687,0.0282131661442,0.00909090909091,0.00658307210031,0.0376175548589,0.0708463949843,0.0247648902821,0.0144200626959,0.0144200626959,0.000626959247649,0.00626959247649,0.015987460815,0.0175548589342,0.0163009404389,0.0601880877743,0.0216300940439,0.0373040752351,0.00564263322884,0.00971786833856,0.0868338557994,0.00783699059561,0.0485893416928,0.0476489028213,0.0115987460815,0.0633228840125,0.00501567398119,0.00313479623824,0.00658307210031,0.0141065830721,0.00188087774295,0.0025078369906,0.000626959247649,0.00156739811912
0.0257160777755,0.0311519966548,0.0209073803052,0.0994494389853,0.047877900899,0.0558923966827,0.0354031639836,0.00606314028852,0.00940832113736,0.0326155132762,0.0473203707575,0.03310335215,0.0193044811485,0.0128928845216,0.000766603944526,0.0108718377587,0.0287128022859,0.024043487351,0.0237647222803,0.0487141961112,0.0170046693149,0.0434176597672,0.00669036169768,0.0161683741027,0.078332984877,0.011917206774,0.0501080214649,0.0487141961112,0.0126838107185,0.0616767719005,0.00446024113179,0.003972402258,0.00404209352568,0.0131019583246,0.00320579831347,0.00480869747021,6.96912676842e-05,0.00564499268242
0.00928600907965,0.0215641766405,0.0156830375567,0.0839867932315,0.0540652084193,0.08873297565,0.0591209244738,0.00918283120099,0.0154766817994,0.0234213784565,0.0550969872059,0.0258976475444,0.0221832439125,0.0202228642179,0.000412711514651,0.0156830375567,0.0341518778374,0.027238959967,0.0289929839043,0.0293025175402,0.0238340899711,0.0439537763104,0.00742880726372,0.0153735039208,0.0424061081304,0.0127940569542,0.053858852662,0.0407552620718,0.0115559224102,0.0642798184069,0.00546842756913,0.0036112257532,0.00742880726372,0.0131035905902,0.00402393726785,0.00515889393314,0.0,0.0052620718118
0.00776096235933,0.0144871297374,0.0250937782952,0.050316905963,0.0281981632389,0.14512999612,0.0989522700815,0.00711421549605,0.0148751778554,0.0143577803648,0.0347949812443,0.0240589833139,0.0219893933514,0.00918380545854,0.000517397490622,0.00607942051481,0.030785150692,0.0395809080326,0.0567843745958,0.0183676109171,0.0134523347562,0.0272927176303,0.00556202302419,0.011253395421,0.0354417281076,0.00995990169448,0.0835596947355,0.035312378735,0.00983055232182,0.0786444185746,0.00737291424137,0.0081490104773,0.00801966110464,0.00711421549605,0.00258698745311,0.00336308368904,0.0,0.0046565774156
0.00975680792195,0.0157273918742,0.0215523518276,0.0643658074851,0.0381534876948,0.0742682394059,0.0512596475899,0.00800931993593,0.00975680792195,0.0262123197903,0.047619047619,0.0321829037425,0.0270860637833,0.0160186398719,0.0024756079802,0.0152905198777,0.0463084316295,0.0320372797437,0.032619775739,0.031746031746,0.0157273918742,0.0551914955585,0.00975680792195,0.0212611038299,0.0518421435853,0.0116499199068,0.0626183194991,0.0422309596622,0.0103393039173,0.071501383428,0.00728119994175,0.00495121596039,0.00626183194991,0.0113586719091,0.00334935197321,0.00524246395806,0.0,0.00698995194408
0.0073230268511,0.0105777054516,0.0170870626526,0.0691619202604,0.0512611879577,0.0675345809601,0.0537021969081,0.00325467860049,0.0162733930024,0.0195280716029,0.0585842148088,0.0244100895037,0.0187144019528,0.0170870626526,0.00569568755085,0.0122050447518,0.0390561432059,0.0276647681041,0.0349877949552,0.0325467860049,0.0187144019528,0.0528885272579,0.0113913751017,0.026851098454,0.0431244914565,0.0146460537022,0.0707892595606,0.0366151342555,0.0138323840521,0.0772986167616,0.00488201790073,0.0105777054516,0.00406834825061,0.0146460537022,0.00569568755085,0.00162733930024,0.0,0.00569568755085
0.00551378446115,0.00902255639098,0.0195488721805,0.0531328320802,0.0285714285714,0.107268170426,0.0571428571429,0.0125313283208,0.0165413533835,0.0155388471178,0.0411027568922,0.0245614035088,0.0230576441103,0.00952380952381,0.0,0.0115288220551,0.0375939849624,0.0245614035088,0.05664160401,0.0245614035088,0.0135338345865,0.050626566416,0.00451127819549,0.0230576441103,0.0611528822055,0.0125313283208,0.0917293233083,0.0320802005013,0.0215538847118,0.062656641604,0.0100250626566,0.00651629072682,0.0125313283208,0.00601503759398,0.00300751879699,0.00401002506266,0.0,0.00651629072682
0.00748459054887,0.012327560904,0.0129145876137,0.0399178162606,0.0228940416789,0.105811564426,0.0620780745524,0.00719107719401,0.01540945113,0.0177575579689,0.0432932198415,0.0250953918403,0.022600528324,0.0158497211623,0.00132081009686,0.00249486351629,0.0340475491635,0.0325799823892,0.0638391546815,0.0223070149692,0.0220135016143,0.0383034928089,0.0076313472263,0.0177575579689,0.0498972703258,0.0111535074846,0.098914000587,0.0322864690343,0.0151159377752,0.092750220135,0.0066040504843,0.00851188729087,0.0076313472263,0.0108599941297,0.00366891693572,0.00542999706487,0.000146756677429,0.00410918696801
0.00711954909522,0.00993770394542,0.0158706615248,0.0499851676061,0.023286858499,0.107534856126,0.0542865618511,0.00622960545832,0.0157223375853,0.0170572530406,0.0407890833581,0.018095520617,0.0223969148621,0.0145357460694,0.00222485909226,0.00266983091071,0.0277365766835,0.0336695342628,0.0471670127559,0.0336695342628,0.0308513794126,0.0439038860872,0.00608128151884,0.0222485909226,0.0480569563928,0.009196084248,0.102491842183,0.0335212103233,0.0139424503115,0.0973005043014,0.00533966182142,0.00964105606645,0.00800949273213,0.00875111242955,0.00148323939484,0.00474636606348,0.000296647878968,0.00415307030555
0.00601176771553,0.0066513174725,0.0107444359171,0.0245587106677,0.0182911230494,0.0894090560246,0.0598618572525,0.00997697620875,0.0153491941673,0.0106165259657,0.0218726016884,0.0149654643131,0.0254540803274,0.00959324635457,0.000255819902788,0.00281401893067,0.0354310565362,0.0353031465848,0.036326426196,0.0232796111537,0.0138142747506,0.0402916346892,0.00639549756971,0.0167562036326,0.0535942696342,0.0108723458685,0.119467894602,0.044768482988,0.0235354310565,0.173957533896,0.00511639805577,0.0066513174725,0.00729086722947,0.0104886160143,0.00243028907649,0.00294192888207,0.000127909951394,0.00473266820159
0.0209980557356,0.0251458198315,0.0165910563837,0.0680492546986,0.0405703175632,0.052235904083,0.0331821127673,0.00544394037589,0.00674011665587,0.0412184057032,0.0688269604666,0.0229423201555,0.0121840570318,0.0154244977317,0.00168502916397,0.00233311730395,0.0164614387557,0.0391445236552,0.0309786130914,0.0610499027868,0.0298120544394,0.0237200259235,0.00790667530784,0.0138690861957,0.102138690862,0.00803629293584,0.0572909915749,0.049125081011,0.0103694102398,0.0776409591704,0.00738820479585,0.00324044069994,0.00272197018795,0.0116655865198,0.00414776409592,0.00570317563189,0.0,0.00401814646792
0.0153293413174,0.0280239520958,0.0217964071856,0.0620359281437,0.0337724550898,0.0675449101796,0.0344910179641,0.0074251497006,0.00574850299401,0.0388023952096,0.0550898203593,0.0368862275449,0.0122155688623,0.0122155688623,0.00263473053892,0.00838323353293,0.0292215568862,0.0435928143713,0.0356886227545,0.0546107784431,0.0136526946108,0.0423952095808,0.00910179640719,0.014371257485,0.0740119760479,0.0160479041916,0.0680239520958,0.0378443113772,0.0117365269461,0.0649101796407,0.0059880239521,0.00646706586826,0.00359281437126,0.011497005988,0.00287425149701,0.00407185628743,0.000718562874251,0.00718562874251
0.00919032107957,0.014657980456,0.012563983248,0.0403676128432,0.0283852954863,0.0715449046068,0.0409492787343,0.00697999069335,0.0110516519311,0.0262912982783,0.0487436016752,0.0324569567241,0.0175663099116,0.0212889716147,0.00279199627734,0.00523499302001,0.0304792926943,0.0482782689623,0.050721265705,0.0365286179618,0.0186133085156,0.0258259655654,0.00430432759423,0.00849232201024,0.0675895765472,0.0111679851094,0.107724523034,0.0468822708236,0.0148906468125,0.0922522103304,0.00476966030712,0.00523499302001,0.00488599348534,0.0134946486738,0.00430432759423,0.00663099115868,0.000116333178222,0.0067473243369
0.00897435897436,0.0160256410256,0.0102564102564,0.0435897435897,0.0192307692308,0.0666666666667,0.0352564102564,0.00384615384615,0.00512820512821,0.0269230769231,0.0621794871795,0.0307692307692,0.0211538461538,0.0128205128205,0.00384615384615,0.00576923076923,0.0371794871795,0.0448717948718,0.0416666666667,0.0262820512821,0.0153846153846,0.0384615384615,0.0115384615385,0.0115384615385,0.0576923076923,0.0185897435897,0.0826923076923,0.0608974358974,0.0153846153846,0.112179487179,0.0121794871795,0.00448717948718,0.00705128205128,0.0185897435897,0.00192307692308,0.00320512820513,0.0,0.00576923076923
0.00816130580893,0.00912145943351,0.0108017282765,0.0271243398944,0.0240038406145,0.0698511761882,0.0525684109458,0.00864138262122,0.00744119059049,0.018242918867,0.0588094095055,0.034805568891,0.0139222275564,0.0259241478637,0.00144023043687,0.00744119059049,0.0362457993279,0.0492078732597,0.0456072971675,0.0340854536726,0.0232837253961,0.0350456072972,0.00408065290446,0.0096015362458,0.0554488718195,0.0120019203072,0.105376860298,0.0367258761402,0.0160825732117,0.106096975516,0.0100816130581,0.00864138262122,0.00720115218435,0.0117618819011,0.0021603456553,0.00528084493519,0.0,0.00768122899664
0.0115251632731,0.0182756160474,0.0108665825147,0.0485703309368,0.0274957466659,0.0386916195598,0.0260139399594,0.00482959222875,0.00746391526261,0.026617638988,0.0487898578563,0.0171230997201,0.0090554854289,0.0116349267329,0.000493935568849,0.00318314033258,0.0155315295538,0.0217880467592,0.0287031447231,0.0536194500851,0.0216234015696,0.02145875638,0.00428077493003,0.0100982382965,0.106909609791,0.020580648702,0.0974699522529,0.0827616486472,0.0204160035124,0.117556665386,0.0100982382965,0.00625651720542,0.00609187201581,0.0216782832995,0.00559793644696,0.00631139893529,0.000164645189616,0.0103726469458
0.00852731044019,0.0154413459322,0.00714450334178,0.0509333947914,0.0248905277714,0.0502419912422,0.0308826918645,0.00599216409311,0.00668356764231,0.0172850887301,0.0486287162941,0.022585849274,0.0103710532381,0.0170546208804,0.000230467849735,0.00507029269417,0.0175155565799,0.0331873703618,0.033878773911,0.0357225167089,0.0177460244296,0.0186678958285,0.00668356764231,0.00898824613966,0.0997925789352,0.019128831528,0.100944918184,0.0769762618115,0.0205116386264,0.129292463701,0.00898824613966,0.00668356764231,0.0046093569947,0.0205116386264,0.0046093569947,0.00483982484443,0.00046093569947,0.00829684259046
0.00562775820883,0.00987894246731,0.0103647920968,0.0317826632657,0.0180574112312,0.057735130977,0.0435240293129,0.00412972185109,0.00842139357869,0.0113769788251,0.0260334426495,0.0143325640714,0.0166403498117,0.00959553018341,0.000809749382566,0.00307704765375,0.0240495566622,0.0334831369691,0.0462366897445,0.0218632333293,0.0161140127131,0.0357099477712,0.00530385845581,0.0110125916029,0.0790315397385,0.0158306004292,0.118587797077,0.0618243653589,0.023037369934,0.183043847929,0.0094335803069,0.00570873314709,0.00607312036925,0.0165188874043,0.0045750840115,0.00493947123365,0.00024292481477,0.00599214543099
0.00746194408517,0.0110934235399,0.00761118296687,0.0412894239379,0.0241766988359,0.0381554074221,0.0282061486419,0.00308427022187,0.00527310715352,0.0136802308228,0.0359665704905,0.0203462342056,0.0089543329022,0.00945179584121,0.000348224057308,0.00383046463039,0.0175604417471,0.0212914137897,0.0272609690578,0.0369117500746,0.0114913938912,0.0195005472092,0.0044771664511,0.00815839219978,0.1027758432,0.0199482638543,0.0809372201771,0.0898915530793,0.0246741617749,0.17023181773,0.0149238881703,0.00875534772659,0.00875534772659,0.0391503333002,0.0104467217192,0.011043677246,9.94925878022e-05,0.0127847975326
0.00486279958319,0.0100729419937,0.00451545675582,0.0349079541507,0.0208405696422,0.0390760680792,0.0324765543592,0.00277874261896,0.00399444251476,0.00798888502952,0.0232719694338,0.0147620701633,0.00850989927058,0.00868357068427,0.000347342827371,0.00416811392845,0.0151094129906,0.0222299409517,0.0303924973949,0.0178881556096,0.00885724209795,0.0290031260854,0.00538381382424,0.00850989927058,0.0802361931226,0.0192775269191,0.0916985064258,0.096561306009,0.0230982980201,0.219694338312,0.0213615838833,0.0125043417853,0.0109412990622,0.0345606113234,0.0109412990622,0.00833622785689,0.000173671413685,0.0119833275443
0.0060462456083,0.0118473731514,0.0100498406733,0.0320287605197,0.0140806710788,0.0489419070185,0.0333088215268,0.00359506495629,0.0069177765068,0.00885148568783,0.0224691559768,0.0140534357382,0.011874608492,0.00669989378217,0.000408530108669,0.00215159190566,0.0170493232018,0.0223057439333,0.0348067652586,0.0178391480785,0.00885148568783,0.0244028651578,0.00334994689109,0.00697224718795,0.0688237056404,0.0133725522238,0.107007653131,0.0879156793856,0.0308576408748,0.220442846638,0.0208078002015,0.0133180815426,0.0107307241877,0.0312389356429,0.00808889615165,0.00683607048506,0.000408530108669,0.0112481956587
0.00720720720721,0.0114114114114,0.0138138138138,0.0318318318318,0.0108108108108,0.0276276276276,0.03003003003,0.0042042042042,0.00660660660661,0.00840840840841,0.0174174174174,0.00780780780781,0.00780780780781,0.00540540540541,0.000600600600601,0.000600600600601,0.012012012012,0.0204204204204,0.0282282282282,0.00780780780781,0.0102102102102,0.0132132132132,0.003003003003,0.00660660660661,0.0786786786787,0.0102102102102,0.0756756756757,0.0732732732733,0.0222222222222,0.263063063063,0.0384384384384,0.0156156156156,0.0198198198198,0.0414414414414,0.012012012012,0.0186186186186,0.0018018018018,0.036036036036
0.00568643379366,0.0146222583266,0.0105605199025,0.0284321689683,0.0129975629569,0.0584890333063,0.0235580828595,0.0129975629569,0.00568643379366,0.0146222583266,0.0129975629569,0.00243704305443,0.00731112916328,0.00243704305443,0.0,0.00162469536962,0.0129975629569,0.021121039805,0.0259951259139,0.0178716490658,0.00487408610885,0.0129975629569,0.00487408610885,0.00812347684809,0.0828594638505,0.00487408610885,0.0836718115353,0.0796100731113,0.0203086921202,0.2567018684,0.0292445166531,0.00812347684809,0.0243704305443,0.0219333874898,0.0300568643379,0.0129975629569,0.00162469536962,0.0203086921202
0.0112170499159,0.0185081323612,0.00785193494111,0.032529444756,0.0140213123948,0.0751542344363,0.0274817722939,0.00448681996635,0.00785193494111,0.0145821648906,0.0185081323612,0.0128996074033,0.0106561974201,0.00336511497476,0.00224340998317,0.0,0.0145821648906,0.0246775098149,0.0336511497476,0.0246775098149,0.0145821648906,0.013460459899,0.00112170499159,0.00616937745373,0.0650588895121,0.0089736399327,0.0757150869321,0.067863151991,0.0207515423444,0.20527201346,0.0213123948402,0.013460459899,0.0229949523275,0.0257992148065,0.021873247336,0.0263600673023,0.00336511497476,0.0269209197981
0.00493177708368,0.00904159132007,0.00805523590334,0.0473450600033,0.022357389446,0.0374815058359,0.0243301002795,0.00345224395857,0.00476738451422,0.0108499095841,0.0210422488904,0.0157816866678,0.00789084333388,0.00739766562551,0.0,0.00164392569456,0.0138089758343,0.0195627157652,0.0175900049318,0.0253164556962,0.00838402104225,0.0133157981259,0.00394542166694,0.00690448791715,0.0828538550058,0.0131514055565,0.067072168338,0.112444517508,0.0309058030577,0.171625842512,0.027782344238,0.0189051454874,0.0149597238205,0.0511260891008,0.0193983231958,0.0264672036824,0.000821962847279,0.0272891665297
0.00599880023995,0.0143971205759,0.00839832033593,0.0353929214157,0.0251949610078,0.0485902819436,0.0149970005999,0.00119976004799,0.00539892021596,0.0155968806239,0.0251949610078,0.0119976004799,0.00839832033593,0.00839832033593,0.0,0.00119976004799,0.0107978404319,0.0131973605279,0.0197960407918,0.0251949610078,0.0149970005999,0.0257948410318,0.00119976004799,0.00899820035993,0.0725854829034,0.0107978404319,0.0635872825435,0.0995800839832,0.0257948410318,0.159568086383,0.0341931613677,0.0215956808638,0.0203959208158,0.0467906418716,0.0215956808638,0.0431913617277,0.0,0.0299940011998
0.00332594235033,0.00554323725055,0.00443458980044,0.0487804878049,0.0210643015521,0.0376940133038,0.0243902439024,0.00443458980044,0.00332594235033,0.00776053215078,0.0254988913525,0.0110864745011,0.00554323725055,0.00110864745011,0.0,0.0,0.0177383592018,0.0532150776053,0.0277161862528,0.0432372505543,0.0177383592018,0.0110864745011,0.00110864745011,0.00332594235033,0.0643015521064,0.0133037694013,0.0543237250554,0.0654101995565,0.0166297117517,0.121951219512,0.029933481153,0.0376940133038,0.0587583148559,0.0609756097561,0.0332594235033,0.0321507760532,0.0,0.0321507760532
0.00943396226415,0.0377358490566,0.0,0.0,0.00943396226415,0.0377358490566,0.0188679245283,0.0,0.00943396226415,0.00943396226415,0.0471698113208,0.00943396226415,0.0,0.0283018867925,0.0,0.0,0.0,0.0471698113208,0.0283018867925,0.00943396226415,0.0,0.00943396226415,0.00943396226415,0.0188679245283,0.0283018867925,0.0,0.11320754717,0.0849056603774,0.0377358490566,0.160377358491,0.0188679245283,0.0283018867925,0.00943396226415,0.00943396226415,0.0188679245283,0.0566037735849,0.0188679245283,0.0754716981132
0.00396825396825,0.014880952381,0.00892857142857,0.046626984127,0.0188492063492,0.030753968254,0.0218253968254,0.00496031746032,0.00793650793651,0.014880952381,0.0248015873016,0.00892857142857,0.0109126984127,0.00892857142857,0.0,0.00396825396825,0.0128968253968,0.0208333333333,0.0218253968254,0.0287698412698,0.0119047619048,0.0168650793651,0.00396825396825,0.00694444444444,0.107142857143,0.00496031746032,0.0545634920635,0.0992063492063,0.030753968254,0.15873015873,0.0277777777778,0.0128968253968,0.0198412698413,0.0386904761905,0.0168650793651,0.0327380952381,0.00396825396825,0.0367063492063
