0.367158671587,0.226937269373,0.0830258302583,0.0885608856089,0.0147601476015,0.0350553505535,0.00738007380074,0.0,0.00184501845018,0.0147601476015,0.0276752767528,0.00738007380074,0.00369003690037,0.00184501845018,0.00369003690037,0.0,0.00369003690037,0.00369003690037,0.00184501845018,0.00369003690037,0.00922509225092,0.00184501845018,0.00184501845018,0.0,0.020295202952,0.00738007380074,0.0147601476015,0.00738007380074,0.00369003690037,0.0276752767528,0.0,0.0,0.0,0.0,0.00369003690037,0.0,0.0,0.00553505535055
0.0831202046036,0.27621483376,0.160485933504,0.204603580563,0.0236572890026,0.0610613810742,0.0127877237852,0.00127877237852,0.00127877237852,0.0118286445013,0.0210997442455,0.00639386189258,0.00255754475703,0.00319693094629,0.0,0.000959079283887,0.00479539641944,0.000639386189258,0.00511508951407,0.0105498721228,0.00447570332481,0.00415601023018,0.00191815856777,0.00255754475703,0.0265345268542,0.00159846547315,0.0147058823529,0.0137468030691,0.00415601023018,0.0236572890026,0.00191815856777,0.00127877237852,0.00127877237852,0.00319693094629,0.00191815856777,0.000319693094629,0.0,0.000959079283887
0.0356968215159,0.179462102689,0.295354523227,0.0845965770171,0.00929095354523,0.207334963325,0.0239608801956,0.00684596577017,0.00195599022005,0.00488997555012,0.0161369193154,0.0078239608802,0.00146699266504,0.00488997555012,0.0,0.000977995110024,0.0039119804401,0.00537897310513,0.0039119804401,0.0122249388753,0.00733496332518,0.00244498777506,0.000488997555012,0.00146699266504,0.0136919315403,0.00146699266504,0.0180929095355,0.00831295843521,0.00488997555012,0.0220048899756,0.00488997555012,0.000488997555012,0.00195599022005,0.0039119804401,0.000977995110024,0.000488997555012,0.0,0.000977995110024
0.0445347487145,0.113700447835,0.0665947918394,0.237933322276,0.0614529772765,0.138331398242,0.0472715209819,0.00331729971803,0.00530767954885,0.0129374689003,0.0393100016586,0.0163377011113,0.00845911428098,0.0060540719854,0.000580527450655,0.00348316470393,0.00854204677393,0.00738099187262,0.0113617515343,0.0111129540554,0.00762978935147,0.00746392436557,0.00140985238016,0.00373196218278,0.0308508873777,0.00248797478852,0.0291922375187,0.0181622159562,0.0057223420136,0.035329241997,0.00223917730967,0.000829324929507,0.00116105490131,0.0057223420136,0.00116105490131,0.00207331232377,0.0,0.000829324929507
0.025267249757,0.0455674333225,0.0204081632653,0.172767519706,0.0526940935104,0.0998812223302,0.0643559010906,0.0072346398877,0.0136054421769,0.0240794730591,0.0611165100961,0.0361731994385,0.0147932188749,0.0128495842782,0.000971817298348,0.00928625418421,0.0217039196631,0.0188964474679,0.0220278587626,0.0289385595508,0.0160889752726,0.0168448331714,0.00442716769247,0.00831443688587,0.0427599611273,0.00669474138862,0.0357412806392,0.034121585142,0.00971817298348,0.0418961235288,0.00334737069431,0.00172767519706,0.00313141129468,0.0137134218767,0.00205161429651,0.00399524889321,0.000323939099449,0.00248353309578
0.0151682730289,0.0324695844525,0.0681782272081,0.109179965239,0.0219623953231,0.259993679886,0.11818612735,0.0105861905514,0.0143782588087,0.00718912940433,0.021646389635,0.0120872175699,0.0180123242218,0.00505609100964,0.00316005688102,0.00142202559646,0.0188023384421,0.0172223100016,0.0230684152315,0.00829514931269,0.00726813082635,0.012245220414,0.00260704692684,0.0067941222942,0.0253594564702,0.00316005688102,0.0507979143625,0.0200663611945,0.0095591720651,0.0578290409227,0.0027650497709,0.00181703270659,0.00387106967925,0.00442407963343,0.00126402275241,0.00158002844051,7.90014220256e-05,0.00244904408279
0.0103430079156,0.0229023746702,0.031345646438,0.0696569920844,0.0288126649077,0.22290237467,0.123482849604,0.0193139841689,0.0217414248021,0.00717678100264,0.0276517150396,0.020580474934,0.0331398416887,0.00939313984169,0.000527704485488,0.00284960422164,0.0311345646438,0.0195250659631,0.0283905013193,0.0106596306069,0.0154089709763,0.0165699208443,0.00348284960422,0.00791556728232,0.0284960422164,0.00527704485488,0.050765171504,0.0276517150396,0.0117150395778,0.0699736147757,0.00295514511873,0.00348284960422,0.00253298153034,0.00696569920844,0.00168865435356,0.00126649076517,0.000105540897098,0.00221635883905
0.00948366701791,0.0186160871092,0.0295047418335,0.0628731998595,0.0428521250439,0.128205128205,0.0895679662803,0.0105374077977,0.0207235686688,0.0140498770636,0.0488233227959,0.0277485072006,0.0249385317878,0.0200210748156,0.000702493853179,0.00702493853179,0.039339655778,0.0323147172462,0.0372321742185,0.0154548647699,0.0182648401826,0.0280997541272,0.00526870389884,0.0133473832104,0.0460133473832,0.0098349139445,0.0554970144011,0.0358271865121,0.0126448893572,0.0554970144011,0.00280997541272,0.00702493853179,0.00421496311907,0.0129961362838,0.00280997541272,0.00632244467861,0.000702493853179,0.00280997541272
0.0121786197564,0.020297699594,0.0302210193956,0.0563824988724,0.0383400992332,0.183130356337,0.101939557961,0.00766801984664,0.0175913396482,0.0085701398286,0.042399639152,0.0324763193505,0.0198466396031,0.0171402796572,0.0,0.00676589986468,0.0482634190347,0.0302210193956,0.0356337392873,0.0148849797023,0.0121786197564,0.020297699594,0.00270635994587,0.00676589986468,0.0392422192152,0.0085701398286,0.0626973387461,0.0279657194407,0.0112764997745,0.0672079386558,0.00360847992783,0.00405953991881,0.00405953991881,0.00270635994587,0.0,0.000902119981958,0.0,0.00180423996392
0.0265760197775,0.0432632880099,0.0278121137206,0.101977750309,0.0695302843016,0.0491347342398,0.0256489493201,0.0061804697157,0.0105067985167,0.046044499382,0.0648949320148,0.0271940667491,0.0132880098888,0.0123609394314,0.00123609394314,0.00803461063041,0.0154511742892,0.0166872682324,0.0185414091471,0.0454264524104,0.0259579728059,0.0324474660074,0.00463535228677,0.00679851668727,0.0865265760198,0.0142150803461,0.0380098887515,0.0398640296663,0.0132880098888,0.070457354759,0.00556242274413,0.00370828182942,0.00309023485785,0.00896168108776,0.00309023485785,0.00463535228677,0.0,0.00896168108776
0.0286671896171,0.0299507951223,0.0193253939956,0.0973400841475,0.0521286457962,0.0574056906511,0.033872923055,0.00720245311274,0.00898523853669,0.0325893175497,0.0503458603722,0.0308778435428,0.0184696569921,0.0114811381302,0.00164016259003,0.0105540897098,0.0295942380375,0.0259573557727,0.0214647365043,0.0523425800471,0.016972117236,0.0431434072595,0.00734507594666,0.015189331812,0.0822220637524,0.0121229408828,0.0513442202097,0.0444270127647,0.00791556728232,0.0614704414177,0.00477786493618,0.00328032518006,0.00399343934964,0.0107680239606,0.0027098338444,0.00506311060401,0.000213934250874,0.00684589602795
0.0101333333333,0.0184533333333,0.01408,0.0820266666667,0.0498133333333,0.07776,0.0645333333333,0.00928,0.0123733333333,0.0222933333333,0.05536,0.0228266666667,0.0257066666667,0.0193066666667,0.00128,0.0158933333333,0.0317866666667,0.02848,0.0308266666667,0.02848,0.02784,0.0482133333333,0.00789333333333,0.0183466666667,0.0500266666667,0.0114133333333,0.0586666666667,0.03808,0.0129066666667,0.0651733333333,0.00896,0.00277333333333,0.00458666666667,0.0133333333333,0.00224,0.00544,0.0,0.00341333333333
0.00895643913692,0.0128918442122,0.0245623558149,0.0445107884381,0.0282263536436,0.143438729814,0.098927941376,0.00488533043832,0.013706065952,0.013706065952,0.0434251594518,0.0245623558149,0.0196770253766,0.00868503189035,0.00040711086986,0.0071922920342,0.0265979101642,0.0332473877053,0.0644592210612,0.0185913963903,0.0151988058081,0.0270050210341,0.00542814493147,0.0100420681232,0.0390826435066,0.0071922920342,0.0863075044104,0.0306690188628,0.0103134753698,0.0876645406432,0.00664947754105,0.00692088478762,0.0061066630479,0.00909214276021,0.00488533043832,0.00393540507532,0.0,0.00284977608902
0.011583600061,0.019356805365,0.0201188843164,0.0672153635117,0.0464868160341,0.0644718792867,0.0460295686633,0.00777320530407,0.0082304526749,0.0313976527968,0.0470964791952,0.0365797896662,0.024843773815,0.0181374790428,0.00137174211248,0.0134125895443,0.0449626581314,0.0312452370066,0.0361225422954,0.035360463344,0.0208809632678,0.0528882792257,0.00655387898186,0.0208809632678,0.0467916476147,0.0140222527054,0.0623380582228,0.0399329370523,0.0118884316415,0.0670629477214,0.00792562109435,0.0050297210791,0.00609663161103,0.0094497789971,0.00411522633745,0.00548696844993,0.0,0.00685871056241
0.00621669626998,0.0115452930728,0.0213143872114,0.0461811722913,0.0364120781528,0.0763765541741,0.0461811722913,0.00532859680284,0.0044404973357,0.0328596802842,0.0595026642984,0.01243339254,0.0204262877442,0.0142095914742,0.00532859680284,0.00532859680284,0.0364120781528,0.0195381882771,0.0461811722913,0.0266429840142,0.0488454706927,0.101243339254,0.0088809946714,0.0266429840142,0.0328596802842,0.00621669626998,0.0674955595027,0.044404973357,0.0142095914742,0.0763765541741,0.00621669626998,0.0106571936057,0.0044404973357,0.00799289520426,0.00266429840142,0.00266429840142,0.0,0.00532859680284
0.00581733566027,0.0139616055846,0.0122164048866,0.0634089586969,0.0331588132635,0.101803374055,0.0727166957533,0.00930773705643,0.0145433391507,0.00930773705643,0.0471204188482,0.020942408377,0.0418848167539,0.0133798720186,0.0,0.0186154741129,0.0314136125654,0.0250145433392,0.0622454915649,0.0337405468296,0.0133798720186,0.0517742873764,0.00349040139616,0.0151250727167,0.0383944153578,0.00523560209424,0.0808609656777,0.0407213496219,0.0087260034904,0.0709714950553,0.00814426992437,0.00698080279232,0.00930773705643,0.00756253635835,0.00232693426411,0.00232693426411,0.0,0.00407213496219
0.00564368517389,0.0091519219036,0.0141854789506,0.0387431360586,0.0302013422819,0.118822452715,0.073672971324,0.00930445393533,0.0181513117755,0.0125076266016,0.045759609518,0.026235509457,0.0250152532032,0.0173886516168,0.00198291641245,0.00442342892007,0.0303538743136,0.0297437461867,0.058572300183,0.0204392922514,0.0196766320927,0.0376754118365,0.00533862111043,0.0169310555217,0.0431665649786,0.00976205003051,0.107840146431,0.0332519829164,0.0120500305064,0.083129957291,0.00640634533252,0.00518608907871,0.00838926174497,0.0120500305064,0.0022879804759,0.00289810860281,0.000152532031727,0.00350823672971
0.00599760095962,0.0105291216847,0.0169265627083,0.0419832067173,0.0259896041583,0.0910302545648,0.0621084899374,0.00586432093829,0.0105291216847,0.0195921631347,0.0395841663335,0.0222577635612,0.0303878448621,0.0127948820472,0.000666400106624,0.00679728108756,0.0235905637745,0.03118752499,0.0505131280821,0.0337198453952,0.0274556843929,0.0411835265894,0.00586432093829,0.0211915233906,0.0466480074637,0.0121284819406,0.11368785819,0.0391843262695,0.0122617619619,0.0954284952686,0.00426496068239,0.00733040117286,0.00746368119419,0.0105291216847,0.00226576036252,0.00506464081034,0.0,0.00599760095962
0.00497925311203,0.00912863070539,0.0150760719225,0.0258644536653,0.0193637621024,0.0876901798064,0.0554633471646,0.0076071922545,0.0149377593361,0.00871369294606,0.0240663900415,0.013969571231,0.0237897648686,0.00857538035961,0.000138312586445,0.00138312586445,0.032918395574,0.0315352697095,0.0392807745505,0.0188105117566,0.0118948824343,0.0334716459198,0.0060857538036,0.0130013831259,0.0619640387275,0.00926694329184,0.116597510373,0.0432918395574,0.0275242047026,0.192807745505,0.00636237897649,0.00719225449516,0.0073305670816,0.0088520055325,0.00318118948824,0.00359612724758,0.0,0.00428769017981
0.0249022730563,0.0256261763428,0.0183871434776,0.0618213406689,0.042855074562,0.0621109019835,0.0269292022586,0.00608078760678,0.0069494715506,0.0431446358766,0.0748515998263,0.0221514405675,0.0143332850731,0.013319820472,0.00188214854495,0.00246127117417,0.0165049949327,0.034747357753,0.0237440277979,0.0538584045172,0.0286665701462,0.0183871434776,0.00926596206747,0.0144780657304,0.108730273635,0.0101346460113,0.0621109019835,0.051397133343,0.0110033299551,0.0706529607644,0.00434341971913,0.0034747357753,0.00405385840452,0.0112928912697,0.00231649051687,0.00723903286521,0.000144780657304,0.00564644563486
0.0170859041291,0.0234931181775,0.0206454674893,0.0614617940199,0.0339345040342,0.0545799715235,0.0351210251542,0.00711912672046,0.0078310393925,0.0434266729948,0.0605125771239,0.031086853346,0.0213573801614,0.0135263407689,0.00332225913621,0.00569530137636,0.0265780730897,0.0429520645467,0.0339345040342,0.0605125771239,0.015424774561,0.0431893687708,0.00593260560038,0.015187470337,0.0847176079734,0.016136687233,0.0659705742762,0.0412909349786,0.00878025628856,0.06264831514,0.00688182249644,0.0047460844803,0.0047460844803,0.00830564784053,0.00237304224015,0.00379686758424,0.0,0.00569530137636
0.00949578708038,0.0172529089207,0.0111007088404,0.0397218135616,0.0197940350408,0.0664705095627,0.0395880700816,0.00641968704026,0.00882706968035,0.0290223351612,0.0484151397619,0.0315634612813,0.0219339307209,0.0161829610806,0.00173866524007,0.00481476528019,0.0292898221212,0.0486826267219,0.0536311354821,0.0473451919219,0.0220676742009,0.0272836699211,0.00401230440016,0.0119031697205,0.0680754313227,0.0100307610004,0.103651197004,0.0481476528019,0.0140430654006,0.0930854620837,0.0076233783603,0.00387856092016,0.00481476528019,0.0116356827605,0.00401230440016,0.00628594356025,0.0,0.00815835228033
0.00765794511806,0.0140395660498,0.0127632418634,0.040842373963,0.0299936183791,0.0791320995533,0.0338225909381,0.00255264837269,0.00638162093172,0.0089342693044,0.0440331844288,0.0280791320996,0.0134014039566,0.018506700702,0.0,0.00638162093172,0.0312699425654,0.0344607530313,0.0433950223357,0.037013401404,0.0121250797703,0.0433950223357,0.0108487555839,0.00957243139757,0.081684747926,0.0127632418634,0.0867900446713,0.0523292916401,0.0210593490747,0.118059987237,0.00765794511806,0.0044671346522,0.00701978302489,0.0159540523293,0.00765794511806,0.0114869176771,0.0,0.0044671346522
0.00411522633745,0.0123456790123,0.0128298232873,0.0411522633745,0.0213023480997,0.0711692084241,0.0387315419995,0.0125877511498,0.00992495763738,0.0176712660373,0.0600338900992,0.0392156862745,0.0174291938998,0.0261437908497,0.000726216412491,0.00459937061244,0.0372791091745,0.0353425320746,0.0452674897119,0.0459937061244,0.0232389251997,0.038973614137,0.00314693778746,0.0137981118373,0.0583393851368,0.00677801984992,0.0895666908739,0.039941902687,0.0200919874122,0.0946502057613,0.00992495763738,0.0077463083999,0.00702009198741,0.0169450496248,0.00217864923747,0.00556765916243,0.0,0.0082304526749
0.0126861867814,0.0197088973212,0.011270317721,0.0501217647392,0.0286571897831,0.0406637594155,0.0243529478394,0.00453078099337,0.00645636291556,0.0258820864246,0.0548224500198,0.0168205244379,0.00883502293708,0.0107039700968,0.000679617149006,0.00311491193294,0.0156878291896,0.0218043835306,0.0258820864246,0.0504615733137,0.0195956277963,0.0224840006796,0.00464405051821,0.00962790961092,0.109305091465,0.0202186101829,0.0945234184743,0.0860848388741,0.0208415925695,0.117233958204,0.00855184912499,0.00566347624172,0.00481395480546,0.0213513054313,0.00741915387665,0.00622982386589,0.0,0.00826867531291
0.00864688011218,0.0177611591493,0.00958167796214,0.0497779855106,0.0278102360365,0.0439354989484,0.0285113344239,0.00654358494975,0.00630988548726,0.0203318532367,0.0549193736854,0.0222014489367,0.0158915634494,0.0112175741996,0.000467398924982,0.00327179247488,0.0207992521617,0.0308483290488,0.0303809301239,0.0355223182987,0.0179948586118,0.0236036457116,0.00584248656228,0.00654358494975,0.105632157046,0.0149567655994,0.102360364571,0.0738490301472,0.0233699462491,0.115213835008,0.0116849731246,0.00607618602477,0.0053750876373,0.0207992521617,0.00701098387474,0.00677728441225,0.0,0.00817948118719
0.00644252922604,0.0102824473078,0.0115197542452,0.0328099667207,0.0190289273829,0.0630173222971,0.0400631453196,0.00439457291578,0.00878914583156,0.00964246096083,0.0266660977899,0.0136957078249,0.0159569929175,0.00874648007509,0.000341326051711,0.00281593992661,0.0212048809625,0.0305486816281,0.0500042665756,0.0217595357966,0.0137810393378,0.033023295503,0.00499189350627,0.0106237733595,0.0838382114515,0.0151463435447,0.11920812356,0.0601160508576,0.0268794265722,0.180604147112,0.00913047188327,0.00729584435532,0.00772250191996,0.0154876695964,0.00392524959468,0.00443723867224,0.000170663025855,0.00588787439201
0.00787238450383,0.0123782887922,0.00875284856018,0.040812098612,0.0211829293557,0.0403977625855,0.0283302258131,0.00357364822871,0.00523099233478,0.0143981769215,0.0359954423037,0.0196291692563,0.00927076859333,0.0107209446861,0.000362544023203,0.00450590428838,0.0152786409778,0.0249637455977,0.0279158897866,0.034389890201,0.0121193287756,0.0175574891237,0.00321110420551,0.007406256474,0.105085974726,0.0193184172364,0.0794489330847,0.0882017816449,0.0237725295214,0.169567018852,0.0142428009115,0.0105137766729,0.00756163248394,0.0390511704993,0.0109281126994,0.00906360058007,0.000103584006629,0.0168841930806
0.00587016574586,0.0100138121547,0.00794198895028,0.0341850828729,0.0183011049724,0.0412638121547,0.0279696132597,0.00241712707182,0.00517955801105,0.0113950276243,0.0203729281768,0.0177831491713,0.00966850828729,0.0100138121547,0.00138121546961,0.00310773480663,0.016229281768,0.0183011049724,0.03125,0.0170925414365,0.0117403314917,0.0238259668508,0.00379834254144,0.00794198895028,0.0808011049724,0.0169198895028,0.092023480663,0.100483425414,0.024861878453,0.213397790055,0.0226174033149,0.0119129834254,0.00828729281768,0.032976519337,0.0131215469613,0.0124309392265,0.000345303867403,0.0127762430939
0.00705869427889,0.0101073910297,0.00969540498228,0.0334258013129,0.0148040319701,0.050344694993,0.0294432695213,0.00302123101431,0.00650937954901,0.00826718668461,0.024197313851,0.0132659507265,0.0119201296383,0.00664670823148,0.000384520310912,0.00195006729105,0.0185119063968,0.0236754648576,0.0334258013129,0.0157378670109,0.00862424125903,0.0212035485732,0.0039276003186,0.00801999505617,0.0694608475926,0.013128622044,0.101733087973,0.0903897388008,0.0297179268862,0.228212804526,0.0202422477959,0.0145019088687,0.0120574583207,0.0291411464198,0.00881650141449,0.00719602296136,0.000494383256887,0.010739102969
0.00670690811536,0.0154258886653,0.0107310529846,0.0228034875922,0.0127431254192,0.0489604292421,0.0167672702884,0.00335345405768,0.00536552649229,0.0093896713615,0.0214621059691,0.0093896713615,0.00804828973843,0.00670690811536,0.0,0.00201207243461,0.0174379610999,0.0181086519115,0.0254862508384,0.00871898054997,0.00670690811536,0.0127431254192,0.00402414486922,0.00268276324614,0.0724346076459,0.00737759892689,0.0731052984574,0.0690811535882,0.0281690140845,0.232729711603,0.0543259557344,0.028839704896,0.0308517773307,0.0348759221999,0.0181086519115,0.0228034875922,0.000670690811536,0.0308517773307
0.0102201257862,0.0102201257862,0.00393081761006,0.0165094339623,0.00550314465409,0.0542452830189,0.0251572327044,0.0149371069182,0.00393081761006,0.0110062893082,0.0165094339623,0.00471698113208,0.00943396226415,0.00707547169811,0.0,0.00471698113208,0.0165094339623,0.0149371069182,0.0322327044025,0.00786163522013,0.00393081761006,0.0133647798742,0.000786163522013,0.0117924528302,0.0880503144654,0.00786163522013,0.0927672955975,0.0951257861635,0.0235849056604,0.235849056604,0.0227987421384,0.0196540880503,0.0306603773585,0.0283018867925,0.0275157232704,0.00707547169811,0.00471698113208,0.0165094339623
0.00947306098283,0.01243339254,0.00710479573712,0.040260509177,0.0195381882771,0.0698638247484,0.0307874481942,0.00532859680284,0.00177619893428,0.0088809946714,0.0242747187685,0.0159857904085,0.00769686204855,0.00532859680284,0.0,0.00118413262285,0.0153937240971,0.0290112492599,0.0367081113085,0.0219064535228,0.00710479573712,0.0106571936057,0.00296033155713,0.00769686204855,0.0521018354056,0.00592066311427,0.0811130846655,0.0728241563055,0.0201302545885,0.211367673179,0.0230905861456,0.0171699230314,0.0171699230314,0.0337477797513,0.0148016577857,0.0266429840142,0.00532859680284,0.0272350503256
0.00872190540087,0.0130828581013,0.00939282120094,0.040087219054,0.0233143240523,0.0385776585039,0.0286816504529,0.0040254948004,0.00536732640054,0.0109023817511,0.0259979872526,0.0150956055015,0.010231465951,0.00687688695069,0.000167728950017,0.0030191211003,0.0140892318014,0.0182824555518,0.0206306608521,0.0224756793022,0.0070446159007,0.0140892318014,0.00268366320027,0.00385776585039,0.0815162697082,0.0139215028514,0.0639047299564,0.116739349212,0.0241529688024,0.170748071117,0.0256625293526,0.0115732975512,0.0224756793022,0.049815498155,0.0157665213016,0.0253270714525,0.000838644750084,0.0308621268031
0.0049109883364,0.0178023327195,0.0049109883364,0.0405156537753,0.0214855739718,0.0294659300184,0.0251688152241,0.0036832412523,0.0073664825046,0.011663597299,0.0165745856354,0.0104358502149,0.0190300798036,0.00429711479435,0.0,0.00429711479435,0.0178023327195,0.0208717004297,0.0220994475138,0.0178023327195,0.00982197667281,0.0202578268877,0.00184162062615,0.00920810313076,0.0705954573358,0.0178023327195,0.0552486187845,0.097605893186,0.0233271945979,0.181092694905,0.0349907918969,0.0306936771025,0.0178023327195,0.0509515039902,0.011663597299,0.036832412523,0.0,0.0300798035605
0.00581395348837,0.00348837209302,0.00232558139535,0.0395348837209,0.0186046511628,0.0337209302326,0.0197674418605,0.00581395348837,0.00348837209302,0.0116279069767,0.0279069767442,0.0139534883721,0.00232558139535,0.00232558139535,0.0,0.0,0.0127906976744,0.043023255814,0.0197674418605,0.0209302325581,0.0116279069767,0.0127906976744,0.0,0.00232558139535,0.0744186046512,0.0151162790698,0.0546511627907,0.0697674418605,0.0348837209302,0.148837209302,0.0290697674419,0.0325581395349,0.043023255814,0.0372093023256,0.0406976744186,0.043023255814,0.00697674418605,0.0558139534884
0.00684931506849,0.013698630137,0.0,0.0205479452055,0.013698630137,0.0479452054795,0.013698630137,0.00684931506849,0.0,0.00684931506849,0.0684931506849,0.013698630137,0.027397260274,0.0,0.0,0.0,0.013698630137,0.013698630137,0.0342465753425,0.0342465753425,0.0,0.00684931506849,0.0,0.0,0.130136986301,0.00684931506849,0.0547945205479,0.0684931506849,0.0205479452055,0.212328767123,0.013698630137,0.00684931506849,0.00684931506849,0.041095890411,0.013698630137,0.00684931506849,0.027397260274,0.0479452054795
0.0107632093933,0.0166340508806,0.00587084148728,0.0303326810176,0.0166340508806,0.0528375733855,0.0244618395303,0.00782778864971,0.00195694716243,0.0166340508806,0.0205479452055,0.00782778864971,0.00391389432485,0.00684931506849,0.0,0.0,0.00978473581213,0.0185909980431,0.0156555772994,0.0225048923679,0.0117416829746,0.0166340508806,0.0,0.00587084148728,0.0831702544031,0.0117416829746,0.0743639921722,0.0772994129159,0.0254403131115,0.171232876712,0.0342465753425,0.0176125244618,0.0293542074364,0.0538160469667,0.0234833659491,0.0244618395303,0.00391389432485,0.045988258317
