0.417582417582,0.258241758242,0.0567765567766,0.0677655677656,0.0311355311355,0.0201465201465,0.018315018315,0.0,0.0,0.00915750915751,0.025641025641,0.00915750915751,0.0,0.0,0.0,0.0,0.0,0.00915750915751,0.003663003663,0.003663003663,0.0018315018315,0.0,0.0,0.0,0.025641025641,0.0018315018315,0.0164835164835,0.00732600732601,0.0,0.0164835164835,0.0,0.0,0.0,0.0,0.0,0.0,0.0,0.0
0.0826473493579,0.287125452749,0.162001975634,0.204148831083,0.0283174185051,0.0490615739216,0.00987816924597,0.00197563384919,0.00230490615739,0.013170892328,0.0240368784985,0.0125123477116,0.00329272308199,0.00296345077379,0.0013170892328,0.000658544616398,0.00460981231478,0.00263417846559,0.00526835693118,0.00790253539677,0.00921962462957,0.00428054000659,0.000658544616398,0.00296345077379,0.0240368784985,0.000658544616398,0.0125123477116,0.00856108001317,0.000658544616398,0.0210734277247,0.00362199539019,0.000658544616398,0.000658544616398,0.00230490615739,0.0,0.000987816924597,0.0,0.0013170892328
0.034902168165,0.154944473823,0.346906398731,0.0634584875727,0.00951877313591,0.190375462718,0.0190375462718,0.00475938656795,0.00423056583818,0.00687466948704,0.0126916975145,0.00687466948704,0.00740349021682,0.00370174510841,0.00158646218932,0.00105764145955,0.00951877313591,0.00370174510841,0.00687466948704,0.00634584875727,0.00423056583818,0.00634584875727,0.00158646218932,0.00211528291909,0.0174510840825,0.00264410364886,0.0253833950291,0.00634584875727,0.00317292437864,0.0322580645161,0.0,0.0,0.0,0.00158646218932,0.000528820729773,0.000528820729773,0.000528820729773,0.000528820729773
0.0429832303619,0.119593998235,0.0590467784643,0.246690203001,0.0581641659312,0.138570167696,0.0485436893204,0.00406001765225,0.00644307149162,0.0124448367167,0.0360105913504,0.0209179170344,0.00882612533098,0.00591350397176,0.000353045013239,0.00511915269197,0.00926743159753,0.00520741394528,0.0102383053839,0.0115622241836,0.00750220653133,0.00979699911739,0.00167696381289,0.0045013239188,0.0266548984996,0.00388349514563,0.023654015887,0.0194174757282,0.00600176522507,0.0332744924978,0.00203000882613,0.00141218005296,0.00255957634598,0.00388349514563,0.000970873786408,0.00114739629303,8.82612533098e-05,0.00158870255958
0.0261259019657,0.0495148046778,0.0226424483702,0.179646678278,0.0559840756407,0.0984075640707,0.0631998009455,0.00933067927345,0.0139338143817,0.0222692211993,0.0568549390396,0.0344613087833,0.0149290868375,0.0143070415526,0.000373227170938,0.0108235879572,0.0204030853446,0.0154267230654,0.0231400845982,0.0232644936551,0.0164219955213,0.0200298581737,0.00460313510824,0.00870863398855,0.041925852202,0.00460313510824,0.0395620801194,0.0279920378204,0.012067678527,0.0404329435183,0.0042299079373,0.00149290868375,0.00199054491167,0.00933067927345,0.00348345359542,0.00398108982334,0.000248818113959,0.00385668076636
0.0147249891728,0.0355998267648,0.0768297964487,0.105240363794,0.023213512343,0.261758336942,0.118579471633,0.011260285838,0.0167171935903,0.00649631875271,0.019922044175,0.0125595495886,0.0189692507579,0.00762234733651,0.00398440883499,0.00207882200087,0.0194889562581,0.0145517540061,0.0237332178432,0.00701602425292,0.00814205283673,0.0131658726722,0.00320485058467,0.0053702901689,0.0271113035946,0.00268514508445,0.0434820268515,0.0178432221741,0.00701602425292,0.0541359896059,0.00268514508445,0.00190558683413,0.00459073191858,0.00329146816804,0.00121264616717,0.00155911650065,8.66175833694e-05,0.00216543958424
0.00755951709353,0.0229042085073,0.0346383842943,0.075820828162,0.0318176689608,0.212117793072,0.12681936139,0.0169242920005,0.0229042085073,0.00789800293354,0.026514724134,0.0243709804806,0.0298995825341,0.00902628906691,0.00157960058671,0.00270788672007,0.026514724134,0.0208732934672,0.0303508969875,0.00812366016022,0.0086878032269,0.0214374365339,0.00440031592012,0.00643123096017,0.0284328105608,0.00530294482681,0.0579939072549,0.0276430102674,0.0108315468803,0.0653277671217,0.00451314453345,0.00270788672007,0.00406183008011,0.0074466884802,0.00169242920005,0.00214374365339,0.000338485840009,0.0012411147467
0.00917767988253,0.0176211453744,0.0216593245228,0.0631424375918,0.0491923641703,0.129955947137,0.0961820851689,0.0176211453744,0.0187224669604,0.0179882525698,0.0569016152717,0.0422173274596,0.0275330396476,0.0161527165932,0.00183553597651,0.00697503671072,0.0407488986784,0.0308370044053,0.0385462555066,0.011013215859,0.0117474302496,0.0234948604993,0.00587371512482,0.0168869309838,0.0407488986784,0.00587371512482,0.0602055800294,0.026798825257,0.011013215859,0.0425844346549,0.00440528634361,0.00844346549192,0.00550660792952,0.00917767988253,0.00183553597651,0.00624082232012,0.000734214390602,0.00440528634361
0.0187385740402,0.026508226691,0.0228519195612,0.0639853747715,0.0338208409506,0.159506398537,0.113802559415,0.0146252285192,0.0214808043876,0.0100548446069,0.0411334552102,0.0310786106033,0.0210237659963,0.0137111517367,0.00091407678245,0.00228519195612,0.04478976234,0.0260511882998,0.0402193784278,0.0155393053016,0.0132541133455,0.0155393053016,0.00822669104205,0.0118829981718,0.0315356489945,0.00776965265082,0.0667276051188,0.0246800731261,0.00776965265082,0.0580438756856,0.0036563071298,0.00228519195612,0.00776965265082,0.00685557586837,0.00228519195612,0.00502742230347,0.0,0.00457038391225
0.0286542176433,0.0367031551835,0.0270444301352,0.0946555054733,0.0631036703155,0.0499034127495,0.0276883451384,0.00289761751449,0.0099806825499,0.052801030264,0.0679330328397,0.0276883451384,0.0141661300708,0.0151320025757,0.0,0.00869285254346,0.0122343850612,0.0196394075982,0.0135222150676,0.045396007727,0.0270444301352,0.0466838377334,0.00515132002576,0.0112685125563,0.0891822279459,0.00676110753381,0.0521571152608,0.0502253702511,0.00901481004507,0.0569864777849,0.00418544752093,0.00257566001288,0.00482936252415,0.00772698003863,0.00257566001288,0.00257566001288,0.0,0.0032195750161
0.0333553258559,0.0349681108423,0.0207462795983,0.0995528187083,0.0502895682135,0.0554211568067,0.0324023165457,0.00747745766439,0.00879700901693,0.0306429147423,0.0507294186643,0.0295432886152,0.0164210834983,0.0135620555678,0.000806392493219,0.00872370060846,0.0294699802067,0.0244850084305,0.0233853823034,0.0503628766219,0.0172274759915,0.038780148083,0.0071842240305,0.0149549153288,0.0819588006744,0.0162011582729,0.0492632504948,0.0472106150575,0.0102631771864,0.0585734183711,0.00498497177626,0.0034454951983,0.00461842973389,0.0109962612712,0.00219925225423,0.00557143904406,0.000146616816949,0.00527820541016
0.011091587964,0.0222929936306,0.0149352075555,0.078739292774,0.0532615857676,0.0882934329014,0.0624862727872,0.00845596310125,0.0129584889084,0.0260267955194,0.0569953876565,0.025587524709,0.0256973424116,0.016472655392,0.00109817702614,0.0148253898528,0.0343729409181,0.0240500768724,0.0282231495717,0.0276740610586,0.0281133318691,0.0457939819899,0.00889523391171,0.0139468482319,0.0518339556336,0.00977377553262,0.0588622886009,0.0365692949703,0.0137272128267,0.0602899187349,0.0056007028333,0.00516143202284,0.00461234350977,0.0106523171535,0.00395343729409,0.00417307269932,0.000219635405227,0.00428289040193
0.00731101038163,0.0124287176488,0.0216405907296,0.0522006141249,0.0293902617342,0.136715894137,0.0965053370376,0.00731101038163,0.0134522591022,0.0141833601404,0.0454744845738,0.0251498757128,0.0212019301067,0.00862699225033,0.000438660622898,0.00497148705951,0.03026758298,0.0309986840181,0.0668226348881,0.0195935078228,0.0134522591022,0.0293902617342,0.00350928498318,0.0119900570259,0.0362626114929,0.00731101038163,0.0789589121217,0.0359701710776,0.0118438368182,0.084807720427,0.0067261295511,0.00541014768241,0.00701856996637,0.00994297411902,0.00438660622898,0.00263196373739,0.000146220207633,0.00555636789004
0.00921137685844,0.0202003878474,0.0179379444085,0.0651260504202,0.0444408532644,0.0753070458953,0.0426632191338,0.00824175824176,0.0119586296057,0.0252100840336,0.0507433742728,0.0328054298643,0.020523594053,0.0151906916613,0.000808015513898,0.0168067226891,0.0428248222366,0.0326438267615,0.0399159663866,0.0358758888171,0.016160310278,0.0528442146089,0.00678733031674,0.0198771816419,0.0481577246283,0.0147058823529,0.0583387201034,0.0399159663866,0.0132514544279,0.0732062055591,0.00775694893342,0.00533290239173,0.00533290239173,0.0145442792502,0.00387847446671,0.00452488687783,0.00016160310278,0.00678733031674
0.00773480662983,0.0110497237569,0.0110497237569,0.0574585635359,0.0298342541436,0.0795580110497,0.0596685082873,0.00441988950276,0.00220994475138,0.0110497237569,0.0640883977901,0.0309392265193,0.0198895027624,0.0209944751381,0.00110497237569,0.0209944751381,0.0386740331492,0.0198895027624,0.0187845303867,0.032044198895,0.0154696132597,0.0883977900552,0.0110497237569,0.0209944751381,0.0497237569061,0.0121546961326,0.0883977900552,0.0375690607735,0.0121546961326,0.0674033149171,0.0132596685083,0.0132596685083,0.00110497237569,0.014364640884,0.0,0.00773480662983,0.0,0.00552486187845
0.00351699882767,0.0187573270809,0.021101992966,0.052754982415,0.0322391559203,0.099062133646,0.0820633059789,0.00879249706917,0.0111371629543,0.0152403282532,0.0545134818288,0.0293083235639,0.0339976553341,0.010550996483,0.000586166471278,0.0123094958968,0.0334114888628,0.0234466588511,0.0580304806565,0.0298944900352,0.0158264947245,0.0457209847597,0.00644783118406,0.0240328253224,0.0398593200469,0.00879249706917,0.0603751465416,0.0445486518171,0.0117233294256,0.0627198124267,0.00703399765533,0.010550996483,0.00703399765533,0.00703399765533,0.0052754982415,0.00468933177022,0.0,0.00762016412661
0.00823252688172,0.0117607526882,0.0164650537634,0.0376344086022,0.0270497311828,0.119455645161,0.0739247311828,0.00722446236559,0.0174731182796,0.0112567204301,0.0443548387097,0.0243615591398,0.0246975806452,0.0240255376344,0.00168010752688,0.00319220430108,0.0299059139785,0.0292338709677,0.0564516129032,0.0218413978495,0.0189852150538,0.0371303763441,0.0057123655914,0.0194892473118,0.0398185483871,0.00873655913978,0.100974462366,0.0383064516129,0.0124327956989,0.0902217741935,0.00520833333333,0.00537634408602,0.00554435483871,0.00840053763441,0.0042002688172,0.00352822580645,0.000168010752688,0.00554435483871
0.00646365986785,0.01206549842,0.0139327779374,0.0466819879345,0.0282964665326,0.0986785406492,0.0603274921,0.00804366561333,0.0103418557886,0.017954610744,0.0449583453031,0.0224073542086,0.0258546394714,0.0155127836828,0.00100545820167,0.00416546969262,0.0234128124102,0.0247055443838,0.0594656707843,0.0313128411376,0.0304510198219,0.039212869865,0.00675093363976,0.0153691467969,0.048118356794,0.00991094513071,0.101407641482,0.0384946854352,0.0145073254812,0.0936512496409,0.00588911232404,0.00746911806952,0.00890548692904,0.00976730824476,0.00287273771905,0.00459638035047,0.0,0.00703820741166
0.0070327697142,0.00912763728864,0.00972617088134,0.0272332784678,0.0185545413736,0.0800538680233,0.0620978602424,0.00897800389047,0.0157115068083,0.0115217716594,0.0193027083645,0.0121203052521,0.0242406105043,0.00748166990872,0.000598533592698,0.00269340116714,0.0323208140057,0.0336675145893,0.0381565165345,0.0181056411791,0.0158611402065,0.0387550501272,0.0058357025288,0.0170582073919,0.0576088582972,0.0104743378722,0.118509651354,0.0499775549903,0.0209486757444,0.180607511597,0.00927727068682,0.00748166990872,0.00748166990872,0.0121203052521,0.00194523417627,0.00433936854706,0.0,0.00299266796349
0.0242734478203,0.0284015852048,0.0163474240423,0.0591149273448,0.0326948480845,0.0551519154557,0.0318692206077,0.00809114927345,0.00726552179657,0.0356671070013,0.0743064729194,0.0206406869221,0.0115587846764,0.0128797886394,0.00115587846764,0.00214663143989,0.0176684280053,0.0343461030383,0.0292272126816,0.0615918097754,0.0323645970938,0.0201453104359,0.00726552179657,0.0132100396301,0.115422721268,0.011393659181,0.0581241743725,0.0559775429326,0.0137054161162,0.0703434610304,0.00577939233818,0.00363276089828,0.00610964332893,0.00825627476882,0.00346763540291,0.00429326287979,0.000495376486129,0.0056142668428
0.0196808510638,0.0265957446809,0.0239361702128,0.0622340425532,0.0369680851064,0.0598404255319,0.0265957446809,0.0061170212766,0.00851063829787,0.043085106383,0.0622340425532,0.0303191489362,0.0135638297872,0.0101063829787,0.00106382978723,0.00824468085106,0.0279255319149,0.0425531914894,0.0308510638298,0.0579787234043,0.013829787234,0.0404255319149,0.00505319148936,0.0178191489362,0.0792553191489,0.0146276595745,0.063829787234,0.0468085106383,0.0109042553191,0.0664893617021,0.0061170212766,0.00505319148936,0.00452127659574,0.0101063829787,0.0031914893617,0.0061170212766,0.0,0.00744680851064
0.00913900913901,0.018759018759,0.0150713484047,0.0444123777457,0.031746031746,0.0660573993907,0.0335097001764,0.00849767516434,0.00673400673401,0.030303030303,0.0489017155684,0.030784030784,0.0141093474427,0.0205226871894,0.00256533589867,0.00545133878467,0.024531024531,0.0468173801507,0.0424883758217,0.0468173801507,0.022126022126,0.036075036075,0.00833734167068,0.013949013949,0.0819304152637,0.00833734167068,0.0819304152637,0.0516273849607,0.0118646785313,0.0870610870611,0.00753567420234,0.00737534070867,0.00400833734167,0.0133076799743,0.00416867083534,0.00545133878467,0.000160333493667,0.00753567420234
0.00265780730897,0.0179401993355,0.0132890365449,0.0405315614618,0.0272425249169,0.0777408637874,0.0392026578073,0.00398671096346,0.00996677740864,0.0179401993355,0.0325581395349,0.0325581395349,0.0199335548173,0.0179401993355,0.00132890365449,0.00730897009967,0.0265780730897,0.0272425249169,0.0471760797342,0.0252491694352,0.0132890365449,0.0717607973422,0.0146179401993,0.0106312292359,0.085049833887,0.00664451827243,0.0883720930233,0.0518272425249,0.0252491694352,0.100996677741,0.00664451827243,0.00730897009967,0.00531561461794,0.0126245847176,0.0046511627907,0.00398671096346,0.0,0.00265780730897
0.00743297053358,0.00876028670029,0.010883992567,0.0361029997345,0.0228298380674,0.0668967348022,0.0329174409344,0.00769843376692,0.00955667640032,0.0217679851341,0.0544199628351,0.0374303159012,0.0233607645341,0.0270772498009,0.0018582426334,0.00796389700027,0.0398194850013,0.040350411468,0.0374303159012,0.0382267056013,0.0257499336342,0.0467215290682,0.00477833820016,0.0167241837006,0.0607910804354,0.0151314043005,0.10087602867,0.0350411468012,0.0167241837006,0.0913193522697,0.00955667640032,0.00982213963366,0.00876028670029,0.0127422352004,0.0018582426334,0.00345102203345,0.0,0.00716750730024
0.0119915084055,0.0170979402146,0.0118193814906,0.0484824143669,0.024155143726,0.0392449365999,0.0253026564921,0.00378679212806,0.00642607149005,0.0247862757473,0.0516954501119,0.0212863618108,0.00791783808595,0.0106144930862,0.000344253829824,0.00327041138333,0.0145734121292,0.0206552297894,0.0262206667049,0.0498020540479,0.0196798439383,0.0224912502152,0.00401629468128,0.00906535085203,0.118997073842,0.0191060875552,0.0955878134144,0.0864650869241,0.0185897068105,0.117849561076,0.0102702392564,0.00671294968157,0.00568018819209,0.0229502553216,0.00608181766022,0.00808996500086,0.000114751276608,0.00877847266051
0.00968399592253,0.0127420998981,0.0135066258919,0.0499490316004,0.0224260958206,0.0453618756371,0.0323649337411,0.00509683995923,0.0079001019368,0.0244648318043,0.05249745158,0.0211518858308,0.0155453618756,0.0152905198777,0.0,0.00356778797146,0.0193679918451,0.0305810397554,0.0318552497452,0.0310907237513,0.0252293577982,0.0242099898063,0.0033129459735,0.0140163098879,0.112385321101,0.0168195718654,0.0886850152905,0.0718654434251,0.0249745158002,0.114678899083,0.00942915392457,0.00713557594292,0.00942915392457,0.0145259938838,0.00739041794088,0.00382262996942,0.0,0.00764525993884
0.00575730735164,0.0111160318866,0.0119131975199,0.0312223206377,0.0158547387068,0.0647032772365,0.0415854738707,0.00504871567759,0.00938883968113,0.0107617360496,0.0252878653676,0.0127546501329,0.0151018600531,0.00810451727192,0.00044286979628,0.0033215234721,0.0230292294066,0.0289636846767,0.0437555358725,0.0208591674048,0.012976085031,0.0330823737821,0.00589016829052,0.0115146147033,0.0869353410097,0.0139503985828,0.117006200177,0.064526129318,0.0229406554473,0.185119574845,0.00992028343667,0.00850310008857,0.00863596102746,0.0142161204606,0.00465013286094,0.00496014171833,4.4286979628e-05,0.00615589016829
0.00748713149275,0.0150782509229,0.00764311339885,0.0428950241772,0.0203816357303,0.0403473197109,0.0271408516612,0.00353558987157,0.00577133052566,0.0150782509229,0.0372276815889,0.021629490979,0.00946290230333,0.0119586128009,0.000675921593095,0.00436749337077,0.016274112203,0.0201216658868,0.0293245983466,0.0334321218739,0.0128945042375,0.0183018769823,0.00478344512037,0.00821504705454,0.0967087817813,0.0185098528571,0.0770550616129,0.0891696563199,0.0255290386315,0.171996048458,0.0144023293298,0.0100868299277,0.00800707117974,0.0397233920865,0.0111787032704,0.0101908178651,0.0,0.0134144439245
0.00631031922791,0.0115070527097,0.00853749072012,0.0374907201188,0.0183741648107,0.0408314773571,0.0315515961396,0.00482553823311,0.00426874536006,0.0107646622123,0.0189309576837,0.018002969562,0.00853749072012,0.00909428359317,0.00018559762435,0.00371195248701,0.0170749814402,0.0224573125464,0.0274684484039,0.0168893838159,0.0100222717149,0.0213437268003,0.00371195248701,0.00965107646622,0.0783221974759,0.0196733481811,0.0933556050483,0.0911284335561,0.024870081663,0.217520415739,0.0226429101707,0.0102078693393,0.00909428359317,0.0376763177431,0.00816629547142,0.00890868596882,0.0,0.0168893838159
0.00645640498229,0.0129128099646,0.0102559707462,0.0324820020569,0.0137984230374,0.0505085133128,0.0296823220203,0.00285681636384,0.00608501885499,0.00888469889156,0.0219117815107,0.0110558793281,0.0124271511827,0.00645640498229,0.000314249800023,0.00154268083648,0.0153411038738,0.0226259856016,0.034053251057,0.016198148783,0.00905610787339,0.0230830762199,0.00308536167295,0.0069134956005,0.0727631127871,0.0130270826191,0.102616843789,0.0913038509885,0.0323105930751,0.229659467489,0.0193406467832,0.0142269454919,0.0126556964918,0.0288824134385,0.00879899440064,0.00679922294595,0.000199977145469,0.00942749400069
0.00984898227183,0.0131319763624,0.00787918581747,0.0361129349967,0.0151017728168,0.0472751149048,0.021667760998,0.00656598818122,0.00525279054498,0.00919238345371,0.0196979645437,0.0131319763624,0.00787918581747,0.00656598818122,0.0,0.0,0.0157583716349,0.0131319763624,0.0223243598162,0.0183847669074,0.0059093893631,0.0256073539068,0.00131319763624,0.00525279054498,0.0715692711753,0.00984898227183,0.0682862770847,0.0610636900854,0.0262639527249,0.21339461589,0.0584372948129,0.0210111621799,0.032173342088,0.0328299409061,0.0170715692712,0.0229809586343,0.0,0.0380827314511
0.0140845070423,0.00804828973843,0.0110663983903,0.0311871227364,0.0140845070423,0.0513078470825,0.0271629778672,0.010060362173,0.00603621730382,0.0201207243461,0.0201207243461,0.00603621730382,0.00905432595573,0.00201207243461,0.0,0.0,0.00804828973843,0.010060362173,0.0221327967807,0.0120724346076,0.00704225352113,0.0181086519115,0.00201207243461,0.00503018108652,0.079476861167,0.0110663983903,0.0845070422535,0.0714285714286,0.0261569416499,0.265593561368,0.0171026156942,0.0171026156942,0.046277665996,0.0241448692153,0.010060362173,0.00905432595573,0.00201207243461,0.0211267605634
0.0101265822785,0.00822784810127,0.00443037974684,0.0443037974684,0.0132911392405,0.0696202531646,0.0322784810127,0.00696202531646,0.00189873417722,0.0151898734177,0.0196202531646,0.0151898734177,0.0101265822785,0.00886075949367,0.0,0.0,0.023417721519,0.020253164557,0.0367088607595,0.0354430379747,0.00632911392405,0.0113924050633,0.00126582278481,0.00632911392405,0.0651898734177,0.00886075949367,0.0658227848101,0.0810126582278,0.0177215189873,0.193037974684,0.023417721519,0.0189873417722,0.0259493670886,0.0208860759494,0.0221518987342,0.0240506329114,0.0107594936709,0.0208860759494
0.00757575757576,0.0105708245243,0.00704721634954,0.0408738548273,0.026955602537,0.0473925299507,0.0237843551797,0.00599013389711,0.00810429880197,0.00863284002819,0.0244890768147,0.0137420718816,0.00739957716702,0.00669485553206,0.000528541226216,0.00281888653982,0.0118040873855,0.0179704016913,0.026955602537,0.0223749119098,0.00616631430585,0.0177942212826,0.00246652572234,0.00581395348837,0.0822762508809,0.0119802677942,0.0597251585624,0.109231853418,0.0273079633545,0.178470754052,0.0317124735729,0.0156800563777,0.0165609584214,0.0438689217759,0.0176180408739,0.0216701902748,0.000176180408739,0.0297744890768
0.0107382550336,0.00872483221477,0.00536912751678,0.0322147651007,0.0275167785235,0.0389261744966,0.0228187919463,0.0,0.00201342281879,0.0120805369128,0.0127516778523,0.0201342281879,0.0140939597315,0.00402684563758,0.0,0.000671140939597,0.0187919463087,0.0201342281879,0.0161073825503,0.0241610738255,0.00604026845638,0.0409395973154,0.00604026845638,0.00939597315436,0.0724832214765,0.00939597315436,0.0651006711409,0.0986577181208,0.0255033557047,0.186577181208,0.0228187919463,0.0288590604027,0.0154362416107,0.0543624161074,0.0114093959732,0.0342281879195,0.0,0.0214765100671
0.00343249427918,0.00686498855835,0.0114416475973,0.0366132723112,0.0194508009153,0.0366132723112,0.0297482837529,0.00228832951945,0.0045766590389,0.012585812357,0.0274599542334,0.00800915331808,0.0114416475973,0.00686498855835,0.00114416475973,0.00228832951945,0.00686498855835,0.0320366132723,0.0434782608696,0.0274599542334,0.012585812357,0.0045766590389,0.0,0.0091533180778,0.0766590389016,0.00686498855835,0.0755148741419,0.100686498856,0.0183066361556,0.137299771167,0.0377574370709,0.0308924485126,0.0343249427918,0.0423340961098,0.0274599542334,0.033180778032,0.0,0.0217391304348
0.0,0.0122699386503,0.00613496932515,0.0613496932515,0.00613496932515,0.0306748466258,0.0306748466258,0.0,0.0,0.00613496932515,0.0552147239264,0.0,0.00613496932515,0.0122699386503,0.0,0.0,0.0122699386503,0.0122699386503,0.00613496932515,0.0122699386503,0.0184049079755,0.0184049079755,0.0,0.0,0.0613496932515,0.0,0.0613496932515,0.0981595092025,0.0245398773006,0.184049079755,0.0368098159509,0.0368098159509,0.0306748466258,0.0490797546012,0.0122699386503,0.0184049079755,0.0368098159509,0.0429447852761
0.00832466181061,0.0124869927159,0.00728407908429,0.0416233090531,0.0135275754422,0.0499479708637,0.0291363163371,0.00520291363163,0.0,0.0166493236212,0.0291363163371,0.0145681581686,0.00520291363163,0.00936524453694,0.0,0.0,0.00624349635796,0.0218522372529,0.0218522372529,0.0228928199792,0.0135275754422,0.0124869927159,0.00520291363163,0.00312174817898,0.10197710718,0.0114464099896,0.0655567117586,0.0915712799168,0.0249739854318,0.187304890739,0.0176899063476,0.0104058272633,0.0322580645161,0.0385015608741,0.0114464099896,0.0156087408949,0.00312174817898,0.0385015608741
