0.314606741573,0.157303370787,0.0505617977528,0.0730337078652,0.0337078651685,0.0337078651685,0.0112359550562,0.0112359550562,0.0,0.0112359550562,0.0280898876404,0.0337078651685,0.0112359550562,0.0,0.0,0.0,0.00561797752809,0.0168539325843,0.00561797752809,0.0955056179775,0.00561797752809,0.00561797752809,0.0,0.00561797752809,0.0168539325843,0.00561797752809,0.0112359550562,0.0168539325843,0.0,0.0168539325843,0.0,0.0,0.0,0.0,0.0112359550562,0.0,0.0,0.0112359550562
0.0523364485981,0.230841121495,0.157943925234,0.157009345794,0.0644859813084,0.0514018691589,0.0196261682243,0.00747663551402,0.00373831775701,0.00747663551402,0.018691588785,0.0168224299065,0.00560747663551,0.0158878504673,0.0,0.00747663551402,0.00280373831776,0.00560747663551,0.00560747663551,0.0336448598131,0.0140186915888,0.0130841121495,0.0018691588785,0.00373831775701,0.0205607476636,0.000934579439252,0.0392523364486,0.00373831775701,0.00280373831776,0.00841121495327,0.00747663551402,0.000934579439252,0.000934579439252,0.00373831775701,0.00654205607477,0.0018691588785,0.0,0.00560747663551
0.0328282828283,0.123737373737,0.223063973064,0.0572390572391,0.00420875420875,0.22138047138,0.0580808080808,0.0143097643098,0.00673400673401,0.00757575757576,0.00589225589226,0.0159932659933,0.0513468013468,0.0117845117845,0.003367003367,0.00252525252525,0.00925925925926,0.010101010101,0.0126262626263,0.0143097643098,0.013468013468,0.0218855218855,0.00420875420875,0.00252525252525,0.020202020202,0.003367003367,0.0193602693603,0.000841750841751,0.000841750841751,0.00841750841751,0.00757575757576,0.0016835016835,0.0016835016835,0.00420875420875,0.000841750841751,0.0016835016835,0.0,0.000841750841751
0.0502266545784,0.0504079782412,0.0328195829556,0.15829555757,0.0766999093382,0.102810516772,0.0721668177697,0.0141432456936,0.0052583862194,0.011786038078,0.0192203082502,0.0524025385313,0.0183136899365,0.0406165004533,0.00471441523119,0.0264732547597,0.0348141432457,0.0268359020852,0.0188576609248,0.0436990027199,0.0166817769719,0.0360834088849,0.00253853127833,0.00163191296464,0.0141432456936,0.00453309156845,0.0177697189483,0.00562103354488,0.00253853127833,0.00471441523119,0.00181323662738,0.00290117860381,0.00163191296464,0.00815956482321,0.00344514959202,0.00924750679964,0.000362647325476,0.00562103354488
0.0244416350611,0.0252844500632,0.0147492625369,0.0931310577328,0.0568900126422,0.0366624525917,0.0716392751791,0.0294985250737,0.0130636325327,0.0181205225453,0.047197640118,0.0779603876949,0.0185419300464,0.0480404551201,0.0198061525495,0.0438263801096,0.0417193426043,0.0299199325748,0.0244416350611,0.071217867678,0.01601348504,0.039612305099,0.00758533501896,0.00379266750948,0.0227560050569,0.00589970501475,0.0269700800674,0.00337126000843,0.00126422250316,0.00674252001686,0.00168563000421,0.00168563000421,0.0063211125158,0.0181205225453,0.0185419300464,0.00758533501896,0.000421407501054,0.0054782975137
0.00759523253097,0.00782893199346,0.0480252395419,0.0504790838981,0.0193970553868,0.232180415985,0.101659266184,0.0244215938303,0.00759523253097,0.00479083898107,0.0115681233933,0.0504790838981,0.0536340266417,0.0449871465296,0.00747838279972,0.0132040196308,0.0548025239542,0.0286281841552,0.0240710446366,0.0267585884552,0.0119186725871,0.047557840617,0.00981537742463,0.00479083898107,0.00899742930591,0.00292124328114,0.0393783594298,0.00432344005609,0.00163589623744,0.0115681233933,0.00210329516242,0.00514138817481,0.00514138817481,0.0109838747371,0.00560878709979,0.00607618602477,0.000350549193737,0.00210329516242
0.00760022800684,0.00285008550257,0.0146304389132,0.0195705871176,0.0275508265248,0.161124833745,0.14421432643,0.0283108493255,0.0174805244157,0.00798023940718,0.0165304959149,0.0537716131484,0.0818924567737,0.0292608778263,0.0108303249097,0.0216606498195,0.0847425422763,0.0509215276458,0.0285008550257,0.0201406042181,0.0146304389132,0.0431312939388,0.00817024510735,0.00418012540376,0.0161504845145,0.00247007410222,0.0383811514345,0.00513015390462,0.0045601368041,0.0112103363101,0.0013300399012,0.0045601368041,0.00323009690291,0.00437013110393,0.0045601368041,0.00266007980239,0.00171005130154,0.0
0.0,0.00681431005111,0.0204429301533,0.00851788756388,0.0238500851789,0.185689948893,0.204429301533,0.0204429301533,0.0102214650767,0.0102214650767,0.00681431005111,0.0511073253833,0.0323679727428,0.015332197615,0.015332197615,0.03066439523,0.131175468484,0.0340715502555,0.0136286201022,0.0238500851789,0.0102214650767,0.0545144804089,0.0,0.0,0.0102214650767,0.00170357751278,0.0187393526405,0.0238500851789,0.00170357751278,0.015332197615,0.0,0.00340715502555,0.00340715502555,0.00340715502555,0.0,0.00170357751278,0.0,0.00681431005111
0.00109649122807,0.00986842105263,0.00986842105263,0.0263157894737,0.0175438596491,0.0756578947368,0.236842105263,0.00109649122807,0.0361842105263,0.00109649122807,0.0109649122807,0.0328947368421,0.0493421052632,0.00986842105263,0.0219298245614,0.0109649122807,0.0756578947368,0.11951754386,0.0603070175439,0.015350877193,0.00767543859649,0.0460526315789,0.0109649122807,0.00328947368421,0.00767543859649,0.00548245614035,0.0438596491228,0.00109649122807,0.0,0.0263157894737,0.00328947368421,0.00219298245614,0.00328947368421,0.00109649122807,0.00438596491228,0.00767543859649,0.00109649122807,0.00219298245614
0.0218800648298,0.0470016207455,0.0299837925446,0.063209076175,0.0988654781199,0.0380875202593,0.0429497568882,0.0097244732577,0.00405186385737,0.0486223662885,0.0656401944895,0.0551053484603,0.0105348460292,0.0559157212318,0.00243111831442,0.0251215559157,0.0137763371151,0.0275526742301,0.0097244732577,0.0680713128039,0.0275526742301,0.047811993517,0.0032414910859,0.0129659643436,0.0567260940032,0.0129659643436,0.0397082658023,0.0113452188006,0.00567260940032,0.00891410048622,0.00162074554295,0.00243111831442,0.00486223662885,0.0105348460292,0.0032414910859,0.00567260940032,0.00243111831442,0.00405186385737
0.0242896425298,0.0224564619615,0.0123739688359,0.0261228230981,0.0618698441797,0.0316223648029,0.0215398716774,0.0146654445463,0.00779101741522,0.0527039413382,0.0788267644363,0.0522456461962,0.0279560036664,0.0481209899175,0.0178735105408,0.0284142988084,0.0284142988084,0.0307057745188,0.0210815765353,0.105866177819,0.0174152153987,0.0980751604033,0.00137488542621,0.00458295142071,0.0540788267644,0.00870760769936,0.0398716773602,0.0100824931256,0.00274977085243,0.019248395967,0.00137488542621,0.0,0.0032080659945,0.0096241979835,0.00274977085243,0.00824931255729,0.000458295142071,0.0032080659945
0.00842459983151,0.0126368997473,0.00758213984836,0.0438079191238,0.107834877843,0.0497051390059,0.044650379107,0.0101095197978,0.0117944397641,0.0564448188711,0.0404380791912,0.0395956192081,0.0497051390059,0.0244313395114,0.00758213984836,0.0126368997473,0.0269587194608,0.0303285593934,0.0143218197136,0.0825610783488,0.0252737994945,0.13647851727,0.00421229991575,0.00673967986521,0.0269587194608,0.0117944397641,0.0480202190396,0.0151642796967,0.0050547598989,0.00758213984836,0.00252737994945,0.00421229991575,0.00842459983151,0.00673967986521,0.00252737994945,0.0033698399326,0.0,0.0033698399326
0.00271370420624,0.00271370420624,0.0162822252374,0.0244233378562,0.0257801899593,0.101763907734,0.137042062415,0.0142469470828,0.0257801899593,0.0101763907734,0.0420624151967,0.0454545454545,0.130936227951,0.0251017639077,0.0033921302578,0.0176390773406,0.072591587517,0.0651289009498,0.0366350067843,0.0244233378562,0.0156037991859,0.0481682496608,0.00067842605156,0.00542740841248,0.0203527815468,0.00067842605156,0.0454545454545,0.00474898236092,0.0,0.0156037991859,0.00203527815468,0.00203527815468,0.00542740841248,0.0067842605156,0.0,0.00203527815468,0.0,0.00067842605156
0.00886262924668,0.01329394387,0.0103397341211,0.0280649926145,0.0251107828656,0.0310192023634,0.0324963072378,0.0,0.0103397341211,0.0576070901034,0.0664697193501,0.0531757754801,0.0443131462334,0.0516986706056,0.00886262924668,0.0384047267356,0.0324963072378,0.0428360413589,0.0162481536189,0.0649926144756,0.02658788774,0.194977843427,0.00295420974889,0.0118168389956,0.0324963072378,0.0103397341211,0.0310192023634,0.00590841949778,0.00147710487445,0.0147710487445,0.0,0.00147710487445,0.00590841949778,0.0103397341211,0.00886262924668,0.00295420974889,0.0,0.00147710487445
0.0,0.0,0.0106382978723,0.0,0.0531914893617,0.031914893617,0.0531914893617,0.0,0.0106382978723,0.0212765957447,0.031914893617,0.063829787234,0.0851063829787,0.0212765957447,0.0212765957447,0.255319148936,0.0531914893617,0.0425531914894,0.0212765957447,0.0106382978723,0.031914893617,0.127659574468,0.0,0.0,0.0106382978723,0.0,0.0106382978723,0.0106382978723,0.0,0.0106382978723,0.0,0.0,0.0,0.0106382978723,0.0,0.0,0.0,0.0
0.003125,0.003125,0.0015625,0.0484375,0.046875,0.021875,0.021875,0.090625,0.003125,0.0578125,0.06875,0.196875,0.096875,0.1390625,0.00625,0.01875,0.0078125,0.009375,0.0078125,0.03125,0.0015625,0.0546875,0.0015625,0.0015625,0.015625,0.00625,0.0078125,0.0046875,0.0,0.0109375,0.0046875,0.0015625,0.0015625,0.003125,0.0015625,0.0015625,0.0,0.0
0.00283085633404,0.00283085633404,0.00778485491861,0.00778485491861,0.033262561925,0.0452937013447,0.0870488322718,0.0276008492569,0.0339702760085,0.00566171266808,0.0240622788393,0.0424628450106,0.0396319886766,0.031847133758,0.00849256900212,0.0113234253362,0.0382165605096,0.0290162774239,0.0757254069356,0.0424628450106,0.0184005661713,0.194621372965,0.0,0.00849256900212,0.0113234253362,0.00495399858457,0.0530785562633,0.0070771408351,0.00778485491861,0.0339702760085,0.0070771408351,0.0191082802548,0.00920028308563,0.00636942675159,0.00636942675159,0.0113234253362,0.00212314225053,0.00141542816702
0.00386266094421,0.00171673819742,0.00557939914163,0.00858369098712,0.0231759656652,0.0274678111588,0.0523605150215,0.0476394849785,0.0223175965665,0.0137339055794,0.019313304721,0.0463519313305,0.0381974248927,0.0429184549356,0.00600858369099,0.00772532188841,0.0201716738197,0.0274678111588,0.0613733905579,0.0738197424893,0.0227467811159,0.142060085837,0.00858369098712,0.0201716738197,0.0596566523605,0.0107296137339,0.0888412017167,0.0068669527897,0.00429184549356,0.0158798283262,0.0154506437768,0.0068669527897,0.0115879828326,0.0137339055794,0.00987124463519,0.00944206008584,0.0,0.00343347639485
0.00212404418012,0.00424808836024,0.00764655904843,0.00849617672048,0.00934579439252,0.0369583687341,0.0382327952421,0.017841971113,0.00594732370433,0.00679694137638,0.0259133389975,0.0225148683093,0.0386576040782,0.0649957519116,0.0072217502124,0.0191163976211,0.089209855565,0.106202209006,0.0492778249788,0.0339847068819,0.018266779949,0.0981308411215,0.00552251486831,0.0195412064571,0.018691588785,0.0089209855565,0.0964316057774,0.0089209855565,0.00297366185217,0.0433305012744,0.00552251486831,0.00297366185217,0.0161427357689,0.0089209855565,0.018266779949,0.0271877655055,0.0,0.00552251486831
0.00550634426622,0.008618625808,0.00574575053866,0.0126885324395,0.0507541297582,0.0339956906871,0.0342350969595,0.019391908068,0.00478812544889,0.0392626286809,0.0778070385444,0.0694278190089,0.034474503232,0.0438113478573,0.0167584390711,0.0433325353124,0.0246588460618,0.0485994733062,0.0277711276035,0.125927699306,0.028010533876,0.0294469715107,0.00550634426622,0.015082595164,0.0835527890831,0.00383050035911,0.0318410342351,0.0160402202538,0.00335168781422,0.0119703136222,0.00191525017955,0.000478812544889,0.00119703136222,0.00622456308355,0.00885803208044,0.0208283457027,0.000718218817333,0.00359109408667
0.00116240451677,0.00863500498173,0.00132846230488,0.00498173364331,0.0371969445367,0.0161076054467,0.0471604118233,0.0544669545002,0.0139488542013,0.00763865825307,0.0704085021588,0.134672866157,0.0743938890734,0.0971438060445,0.0265692460976,0.0835270674195,0.0370308867486,0.0456658917303,0.0141149119894,0.0393556957821,0.0064762537363,0.0239123214879,0.00282298239787,0.0176021255397,0.0332115576221,0.00199269345732,0.0479907007639,0.0137827964132,0.00232480903354,0.0142809697775,0.00315509797409,0.000664231152441,0.000996346728662,0.00747260046496,0.0016605778811,0.00531384921953,0.000332115576221,0.000498173364331
0.00100948919847,0.00726832222895,0.0030284675954,0.0058550373511,0.0139309509388,0.0264486169998,0.0385624873814,0.0207954774884,0.0028265697557,0.00504744599233,0.0171613163739,0.0670300827781,0.0391681809005,0.11164950535,0.0155461336564,0.0650111043812,0.0310922673127,0.081566727236,0.0747022006865,0.0399757722592,0.0113062790228,0.028265697557,0.0107005855037,0.00787401574803,0.0494649707248,0.00646073087018,0.149000605694,0.0155461336564,0.00323036543509,0.0109024833434,0.00262467191601,0.00262467191601,0.0028265697557,0.00706642438926,0.00706642438926,0.00787401574803,0.000605693519079,0.0088835049465
0.0196078431373,0.0147058823529,0.0,0.00980392156863,0.0245098039216,0.0686274509804,0.0245098039216,0.00980392156863,0.0,0.0,0.0294117647059,0.0441176470588,0.0147058823529,0.0196078431373,0.00490196078431,0.0147058823529,0.0441176470588,0.0539215686275,0.0490196078431,0.078431372549,0.0196078431373,0.0980392156863,0.00980392156863,0.0196078431373,0.0196078431373,0.0147058823529,0.171568627451,0.00980392156863,0.00490196078431,0.0686274509804,0.00490196078431,0.00980392156863,0.00980392156863,0.00980392156863,0.00490196078431,0.0,0.0,0.0
0.00423131170663,0.0211565585331,0.0112834978843,0.0296191819464,0.0282087447109,0.0606488011283,0.0197461212976,0.0126939351199,0.00423131170663,0.0098730606488,0.0253878702398,0.0211565585331,0.0183356840621,0.0394922425952,0.00282087447109,0.0225669957687,0.0112834978843,0.0409026798307,0.0437235543018,0.0888575458392,0.033850493653,0.0451339915374,0.00282087447109,0.0296191819464,0.0930888575458,0.0098730606488,0.112834978843,0.0126939351199,0.0267983074753,0.0662905500705,0.00846262341326,0.0098730606488,0.015514809591,0.00423131170663,0.00282087447109,0.00282087447109,0.0,0.00705218617772
0.00826446280992,0.0122714750814,0.0115201602805,0.0157776108189,0.0117705985475,0.022789882294,0.0240420736289,0.0202854996243,0.00275482093664,0.0127723516153,0.0315552216379,0.0591034310043,0.023040320561,0.0428249436514,0.00676183320811,0.0220385674931,0.0112697220135,0.0598547458052,0.0222890057601,0.0941647883797,0.0220385674931,0.0433258201853,0.00801402454295,0.00375657400451,0.111945905334,0.030303030303,0.0866516403706,0.0400701227148,0.0130227898823,0.0423240671175,0.00701227147508,0.00325569747057,0.00550964187328,0.0290508389682,0.0175306786877,0.0130227898823,0.000500876533934,0.00751314800902
0.00663349917081,0.0116086235489,0.0132669983416,0.016583747927,0.028192371476,0.0315091210614,0.028192371476,0.00331674958541,0.00331674958541,0.0182421227197,0.0232172470978,0.0696517412935,0.0315091210614,0.0796019900498,0.0149253731343,0.0199004975124,0.00995024875622,0.0862354892206,0.0248756218905,0.0646766169154,0.0348258706468,0.0315091210614,0.00663349917081,0.00497512437811,0.0978441127695,0.0265339966833,0.0796019900498,0.0414593698176,0.00663349917081,0.0232172470978,0.00663349917081,0.00497512437811,0.00331674958541,0.0215588723051,0.0016583747927,0.0149253731343,0.0,0.00829187396352
0.0092182237192,0.00514093245878,0.0138273355788,0.00655912072328,0.011522779649,0.0409501861372,0.0551320687821,0.00726821485552,0.00975004431838,0.00673639425634,0.0148909767772,0.0313774153519,0.0370501684099,0.0327956036164,0.00354547066123,0.0271228505584,0.0437865626662,0.117355078887,0.0409501861372,0.0299592270874,0.0127636943804,0.0616911895054,0.00780003545471,0.00726821485552,0.0760503456834,0.0132955149796,0.118595993618,0.028718312356,0.00655912072328,0.0553093423152,0.0069136677894,0.00496365892572,0.00425456479348,0.0210955504343,0.011522779649,0.011522779649,0.000886367665308,0.00585002659103
0.0110046148385,0.0120695775648,0.008164714235,0.0113596024139,0.0248491302804,0.018814341498,0.024494142705,0.0145544905928,0.00461483848065,0.0124245651402,0.0323038693646,0.0425985090522,0.0202342917998,0.0418885339013,0.00780972665957,0.0468583599574,0.0117145899894,0.0582179623713,0.0177493787717,0.0496982605609,0.00603478878239,0.0333688320909,0.00887468938587,0.00461483848065,0.0784522541711,0.0209442669507,0.0745473908413,0.0567980120696,0.0124245651402,0.0717074902378,0.0070997515087,0.00745473908413,0.00887468938587,0.0532481363152,0.0305289314874,0.0358537451189,0.0010649627263,0.0166844160454
0.0115942028986,0.00724637681159,0.00579710144928,0.0101449275362,0.0159420289855,0.0202898550725,0.0478260869565,0.0101449275362,0.00289855072464,0.00869565217391,0.0275362318841,0.0449275362319,0.0260869565217,0.0275362318841,0.00434782608696,0.0246376811594,0.0376811594203,0.0608695652174,0.0275362318841,0.0347826086957,0.00724637681159,0.0376811594203,0.00869565217391,0.00144927536232,0.0652173913043,0.00869565217391,0.0521739130435,0.0507246376812,0.0449275362319,0.123188405797,0.00144927536232,0.00724637681159,0.00144927536232,0.0246376811594,0.036231884058,0.0565217391304,0.0,0.0159420289855
0.0055981754095,0.0118183703089,0.0159651669086,0.0138917686087,0.0136844287788,0.0298569355173,0.0265394982376,0.0066348745594,0.00704955421937,0.00974497200912,0.0159651669086,0.0167945262285,0.022600041468,0.0327596931371,0.00787891353929,0.010781671159,0.0188679245283,0.0825212523326,0.0425046651462,0.0319303338171,0.0140991084387,0.0507982583454,0.00124403897989,0.00601285506946,0.044370723616,0.0128550694588,0.11154882853,0.0472734812357,0.0209413228281,0.153638814016,0.0215633423181,0.00684221438938,0.00974497200912,0.0290275761974,0.0143064482687,0.0155504872486,0.00145137880987,0.0153431474186
0.00243309002433,0.014598540146,0.0,0.00486618004866,0.00243309002433,0.021897810219,0.029197080292,0.0,0.00243309002433,0.00729927007299,0.0316301703163,0.029197080292,0.0121654501217,0.0121654501217,0.00243309002433,0.00486618004866,0.0194647201946,0.114355231144,0.00973236009732,0.021897810219,0.0121654501217,0.00729927007299,0.0,0.00243309002433,0.0194647201946,0.029197080292,0.0510948905109,0.029197080292,0.00729927007299,0.143552311436,0.0243309002433,0.0608272506083,0.0486618004866,0.143552311436,0.0389294403893,0.00486618004866,0.00243309002433,0.0316301703163
0.0,0.0,0.00332225913621,0.0,0.00332225913621,0.0199335548173,0.0365448504983,0.00664451827243,0.0,0.00664451827243,0.00664451827243,0.0332225913621,0.0299003322259,0.0398671096346,0.0,0.0232558139535,0.0199335548173,0.0265780730897,0.0166112956811,0.0531561461794,0.00664451827243,0.0498338870432,0.00664451827243,0.0,0.0564784053156,0.0132890365449,0.106312292359,0.0365448504983,0.0132890365449,0.0730897009967,0.00664451827243,0.0166112956811,0.00332225913621,0.146179401993,0.046511627907,0.0797342192691,0.00664451827243,0.00664451827243
0.0,0.0,0.0046511627907,0.0139534883721,0.0046511627907,0.00697674418605,0.0441860465116,0.0139534883721,0.0093023255814,0.0116279069767,0.0116279069767,0.0186046511628,0.0093023255814,0.0790697674419,0.00232558139535,0.0372093023256,0.0604651162791,0.0372093023256,0.0255813953488,0.0790697674419,0.0046511627907,0.0325581395349,0.0,0.0046511627907,0.0511627906977,0.0209302325581,0.0558139534884,0.0209302325581,0.0046511627907,0.0581395348837,0.0162790697674,0.0139534883721,0.0279069767442,0.141860465116,0.0232558139535,0.0418604651163,0.0046511627907,0.00697674418605
0.0047664442326,0.00667302192564,0.00190657769304,0.00571973307912,0.0095328884652,0.0142993326978,0.0162059103908,0.0047664442326,0.0,0.00095328884652,0.0810295519542,0.0257387988561,0.0495710200191,0.0819828408008,0.00381315538608,0.0200190657769,0.0390848427073,0.0619637750238,0.0181124880839,0.0448045757865,0.0104861773117,0.0705433746425,0.00381315538608,0.0047664442326,0.0314585319352,0.00762631077216,0.0428979980934,0.0419447092469,0.0285986653956,0.0781696854147,0.0333651096282,0.0324118207817,0.0133460438513,0.0505243088656,0.0133460438513,0.0200190657769,0.0,0.0257387988561
0.00240384615385,0.00721153846154,0.0,0.00480769230769,0.0168269230769,0.0240384615385,0.0192307692308,0.00480769230769,0.0,0.00480769230769,0.0504807692308,0.0841346153846,0.0240384615385,0.09375,0.00480769230769,0.0216346153846,0.0432692307692,0.0504807692308,0.00721153846154,0.0240384615385,0.0144230769231,0.0649038461538,0.0,0.00480769230769,0.0240384615385,0.0192307692308,0.0264423076923,0.0336538461538,0.0144230769231,0.0649038461538,0.0120192307692,0.00240384615385,0.0120192307692,0.103365384615,0.03125,0.0552884615385,0.0,0.0288461538462
0.0,0.0018018018018,0.0036036036036,0.0144144144144,0.0342342342342,0.00720720720721,0.0288288288288,0.0,0.0036036036036,0.0,0.0414414414414,0.0954954954955,0.0378378378378,0.131531531532,0.0036036036036,0.0144144144144,0.036036036036,0.0342342342342,0.00720720720721,0.0702702702703,0.0108108108108,0.0216216216216,0.0,0.00540540540541,0.027027027027,0.0216216216216,0.027027027027,0.00540540540541,0.00720720720721,0.0216216216216,0.0342342342342,0.018018018018,0.0378378378378,0.113513513514,0.018018018018,0.018018018018,0.00540540540541,0.0414414414414
0.05,0.0,0.0,0.05,0.0,0.0,0.05,0.1,0.0,0.0,0.05,0.0,0.0,0.05,0.0,0.0,0.0,0.05,0.0,0.05,0.0,0.05,0.0,0.0,0.05,0.05,0.05,0.05,0.05,0.0,0.0,0.05,0.0,0.05,0.0,0.0,0.05,0.1
0.019801980198,0.0,0.00990099009901,0.029702970297,0.0247524752475,0.0594059405941,0.019801980198,0.019801980198,0.00990099009901,0.019801980198,0.0346534653465,0.0148514851485,0.0346534653465,0.019801980198,0.00990099009901,0.0148514851485,0.00990099009901,0.0247524752475,0.0,0.0990099009901,0.0247524752475,0.0346534653465,0.0,0.0,0.0594059405941,0.019801980198,0.0445544554455,0.0148514851485,0.0,0.0544554455446,0.0247524752475,0.049504950495,0.019801980198,0.0891089108911,0.0346534653465,0.029702970297,0.0,0.0247524752475
