0.182857142857,0.16,0.0628571428571,0.131428571429,0.0114285714286,0.0514285714286,0.0342857142857,0.0114285714286,0.0114285714286,0.00571428571429,0.04,0.00571428571429,0.00571428571429,0.00571428571429,0.00571428571429,0.0285714285714,0.0171428571429,0.0,0.0114285714286,0.0914285714286,0.00571428571429,0.0,0.0,0.00571428571429,0.0457142857143,0.0,0.0114285714286,0.0342857142857,0.0,0.00571428571429,0.00571428571429,0.0,0.0,0.0,0.0114285714286,0.0,0.0,0.0
0.0406130268199,0.190038314176,0.202298850575,0.165517241379,0.0513409961686,0.0582375478927,0.0298850574713,0.00383141762452,0.0,0.0168582375479,0.0114942528736,0.0145593869732,0.00689655172414,0.0114942528736,0.00153256704981,0.00766283524904,0.00459770114943,0.00383141762452,0.00613026819923,0.055938697318,0.00842911877395,0.0168582375479,0.00153256704981,0.00153256704981,0.0214559386973,0.00229885057471,0.0275862068966,0.00459770114943,0.00306513409962,0.00613026819923,0.00459770114943,0.000766283524904,0.000766283524904,0.00383141762452,0.00613026819923,0.00229885057471,0.0,0.00536398467433
0.01523229246,0.128712871287,0.197258187357,0.0662604722011,0.016755521706,0.189642041127,0.0594059405941,0.00837776085301,0.003046458492,0.012947448591,0.012947448591,0.022086824067,0.042650418888,0.015993907083,0.00761614623001,0.003046458492,0.012185833968,0.011424219345,0.016755521706,0.010662604722,0.00913937547601,0.027418126428,0.003808073115,0.00990099009901,0.02284843869,0.001523229246,0.033511043412,0.001523229246,0.000761614623001,0.017517136329,0.001523229246,0.003046458492,0.004569687738,0.000761614623001,0.004569687738,0.004569687738,0.0,0.0
0.0418192058575,0.0418192058575,0.036891016615,0.146156012391,0.0723739791608,0.0999718389186,0.0708251196846,0.0216840326669,0.00211208110391,0.0111236271473,0.0237961137708,0.0494226978316,0.0235145029569,0.0498451140524,0.00633624331174,0.0184455083075,0.0275978597578,0.0198535623768,0.00957476767108,0.0519571951563,0.0223880597015,0.0288651084202,0.00309771895241,0.00267530273162,0.0221064488876,0.00746268656716,0.017459870459,0.00732188116024,0.00295691354548,0.00619543790482,0.00140805406928,0.00140805406928,0.00197127569699,0.0159110109828,0.00605463249789,0.0205575894114,0.00126724866235,0.00577302168403
0.0208261020479,0.0270739326623,0.0128427629295,0.0964942728219,0.0656022214509,0.044776119403,0.0558833738285,0.0249913224575,0.00728913571677,0.0232558139535,0.0479000347102,0.0812217979868,0.0267268309615,0.0510239500174,0.0145782714335,0.0367927802846,0.0468587296078,0.0163137799375,0.0197847969455,0.0777507809788,0.0236029156543,0.0295036445679,0.00694203401597,0.0163137799375,0.0190905935439,0.00694203401597,0.032627559875,0.00312391530719,0.00138840680319,0.010413051024,0.00242971190559,0.00451232211038,0.00971884762235,0.0197847969455,0.00763623741756,0.00520652551198,0.0,0.00277681360639
0.00937822376442,0.0119103441808,0.0694926380943,0.043233611554,0.0197880521429,0.211197599175,0.105223670637,0.0229766482228,0.0125668198443,0.00600206320923,0.0089093125762,0.0456719497327,0.0386382819094,0.0478289411985,0.0120041264185,0.016880802776,0.0490481102879,0.0314170496108,0.0242895995498,0.0255087686392,0.00909687705149,0.0565506892994,0.00468911188221,0.0057207164963,0.0142549001219,0.00290724936697,0.040326362187,0.00609584544687,0.00253212041639,0.00834661915033,0.0040326362187,0.00581449873394,0.00590828097158,0.00937822376442,0.00440776516928,0.00384507174341,0.00112538685173,0.00300103160461
0.0084147257701,0.00450788880541,0.0264462809917,0.0189331329827,0.025845229151,0.13328324568,0.168895567243,0.0282494365139,0.0178812922615,0.00270473328325,0.00961682945154,0.0510894064613,0.0601051840721,0.0354620586026,0.00811419984974,0.0204357625845,0.0856498873028,0.0513899323817,0.0336589030804,0.0244928625094,0.0144252441773,0.0428249436514,0.00480841472577,0.00691209616829,0.0126220886551,0.00120210368144,0.0393688955672,0.00480841472577,0.00330578512397,0.0180315552216,0.00330578512397,0.009166040571,0.00465815176559,0.00480841472577,0.00315552216379,0.00796393688956,0.00135236664162,0.00210368144252
0.00481540930979,0.00802568218299,0.00481540930979,0.0192616372392,0.0288924558587,0.152487961477,0.176565008026,0.016051364366,0.0272873194222,0.00963081861958,0.024077046549,0.0256821829856,0.0642054574639,0.0321027287319,0.00321027287319,0.0609951845907,0.101123595506,0.0321027287319,0.0256821829856,0.0417335473515,0.00802568218299,0.0609951845907,0.0016051364366,0.0016051364366,0.00802568218299,0.0,0.0224719101124,0.0112359550562,0.0,0.00642054574639,0.00321027287319,0.0016051364366,0.0,0.00642054574639,0.0016051364366,0.00642054574639,0.0,0.0016051364366
0.00579710144928,0.0106280193237,0.00772946859903,0.0125603864734,0.0154589371981,0.0985507246377,0.247342995169,0.0183574879227,0.0231884057971,0.00386473429952,0.0048309178744,0.0628019323671,0.0492753623188,0.0251207729469,0.00579710144928,0.0328502415459,0.0850241545894,0.03961352657,0.0444444444444,0.0328502415459,0.00869565217391,0.0444444444444,0.0106280193237,0.00772946859903,0.0048309178744,0.00676328502415,0.0473429951691,0.00193236714976,0.00386473429952,0.0173913043478,0.0048309178744,0.0,0.00289855072464,0.000966183574879,0.00579710144928,0.00579710144928,0.0,0.0
0.03125,0.03125,0.02109375,0.05,0.10390625,0.0421875,0.03125,0.01015625,0.003125,0.046875,0.0546875,0.040625,0.009375,0.034375,0.00703125,0.01484375,0.025,0.01875,0.0125,0.12578125,0.04921875,0.0375,0.00390625,0.00859375,0.03984375,0.0125,0.03671875,0.00546875,0.00234375,0.02109375,0.00234375,0.0,0.00625,0.0296875,0.01015625,0.01484375,0.00078125,0.0046875
0.0248978075065,0.017094017094,0.0126347082869,0.0315867707172,0.0546265328874,0.0445930880713,0.034188034188,0.0137495354887,0.00706057227796,0.0512820512821,0.0676328502415,0.039762170197,0.0208101077666,0.0301003344482,0.0152359717577,0.0211817168339,0.0308435525827,0.0323299888517,0.0174656261613,0.140096618357,0.0286138981791,0.083983649201,0.00111482720178,0.0066889632107,0.0490523968785,0.0066889632107,0.0501672240803,0.0148643626904,0.00260126347083,0.0248978075065,0.00148643626904,0.00148643626904,0.00111482720178,0.0111482720178,0.00185804533631,0.0048309178744,0.000371609067261,0.00185804533631
0.00697350069735,0.00348675034868,0.00836820083682,0.034170153417,0.0969316596932,0.0509065550907,0.0523012552301,0.00976290097629,0.00976290097629,0.0271966527197,0.0509065550907,0.0536959553696,0.0627615062762,0.0376569037657,0.00557880055788,0.0216178521618,0.0251046025105,0.0271966527197,0.00697350069735,0.0774058577406,0.0202231520223,0.154114365411,0.00348675034868,0.00836820083682,0.0264993026499,0.0195258019526,0.0383542538354,0.0111576011158,0.00697350069735,0.00557880055788,0.00278940027894,0.00209205020921,0.00418410041841,0.00767085076709,0.0118549511855,0.00488145048815,0.0,0.00348675034868
0.0048869883934,0.0048869883934,0.0158827122786,0.0116065974343,0.0158827122786,0.0971288943189,0.1478313989,0.0201588271228,0.0171044593769,0.00916310323763,0.0543677458766,0.0415394013439,0.0616982284667,0.0525351252291,0.0048869883934,0.024434941967,0.0745265729994,0.0745265729994,0.0372632864997,0.0274893097129,0.0122174709835,0.0659743433109,0.00183262064753,0.0073304825901,0.0073304825901,0.00549786194258,0.0482590103849,0.0024434941967,0.0024434941967,0.0238240684178,0.00122174709835,0.00122174709835,0.0048869883934,0.010384850336,0.00183262064753,0.0024434941967,0.00122174709835,0.00183262064753
0.0133333333333,0.004,0.0106666666667,0.0266666666667,0.056,0.0306666666667,0.0573333333333,0.00266666666667,0.012,0.072,0.0733333333333,0.0426666666667,0.0253333333333,0.0506666666667,0.0146666666667,0.0386666666667,0.04,0.0386666666667,0.0186666666667,0.068,0.0173333333333,0.121333333333,0.0,0.0106666666667,0.0253333333333,0.0306666666667,0.0306666666667,0.012,0.0,0.0226666666667,0.00533333333333,0.0,0.00933333333333,0.008,0.00133333333333,0.004,0.0,0.00533333333333
0.0140845070423,0.0281690140845,0.0,0.0140845070423,0.0140845070423,0.0281690140845,0.112676056338,0.0,0.0,0.0,0.0422535211268,0.0704225352113,0.0422535211268,0.0,0.0422535211268,0.154929577465,0.12676056338,0.056338028169,0.0140845070423,0.0281690140845,0.0140845070423,0.0985915492958,0.0,0.0,0.0140845070423,0.0,0.0281690140845,0.0281690140845,0.0,0.0,0.0,0.0140845070423,0.0,0.0,0.0,0.0,0.0,0.0140845070423
0.0,0.0,0.00854700854701,0.0128205128205,0.022792022792,0.042735042735,0.0769230769231,0.0498575498575,0.00569800569801,0.00569800569801,0.0925925925926,0.306267806268,0.0527065527066,0.0883190883191,0.011396011396,0.011396011396,0.00569800569801,0.00854700854701,0.014245014245,0.031339031339,0.002849002849,0.0569800569801,0.0128205128205,0.0014245014245,0.025641025641,0.00854700854701,0.00569800569801,0.00569800569801,0.0,0.011396011396,0.0014245014245,0.002849002849,0.002849002849,0.002849002849,0.00569800569801,0.002849002849,0.0,0.002849002849
0.00857142857143,0.004,0.00685714285714,0.0114285714286,0.0302857142857,0.0382857142857,0.115428571429,0.0245714285714,0.032,0.00971428571429,0.0377142857143,0.0594285714286,0.0262857142857,0.052,0.0114285714286,0.0148571428571,0.0371428571429,0.0428571428571,0.0794285714286,0.0497142857143,0.0102857142857,0.0942857142857,0.004,0.00914285714286,0.0182857142857,0.00457142857143,0.068,0.004,0.008,0.0222857142857,0.004,0.0114285714286,0.00685714285714,0.0165714285714,0.00228571428571,0.0205714285714,0.000571428571429,0.00285714285714
0.000383435582822,0.00191717791411,0.00651840490798,0.00728527607362,0.021472392638,0.0348926380368,0.0571319018405,0.0394938650307,0.0245398773006,0.0126533742331,0.0199386503067,0.0509969325153,0.0256901840491,0.0310582822086,0.00460122699387,0.0149539877301,0.0153374233129,0.0391104294479,0.0694018404908,0.0828220858896,0.0164877300613,0.0935582822086,0.0203220858896,0.0176380368098,0.0536809815951,0.0245398773006,0.0889570552147,0.00575153374233,0.00728527607362,0.0199386503067,0.00613496932515,0.00191717791411,0.00230061349693,0.041027607362,0.0118865030675,0.0180214723926,0.00115030674847,0.00920245398773
0.00285351934052,0.00317057704502,0.00887761572606,0.00919467343056,0.0142675967026,0.0434369055168,0.0548509828789,0.0171211160431,0.0266328471782,0.00538998097654,0.0177552314521,0.0336081166772,0.066265060241,0.0491439441978,0.00887761572606,0.0231452124287,0.0488268864933,0.0916296766011,0.0323398858592,0.0332910589727,0.0158528852251,0.0906785034876,0.00919467343056,0.0275840202917,0.0231452124287,0.00792644261256,0.103360811668,0.00919467343056,0.00348763474952,0.0304375396322,0.00538998097654,0.00602409638554,0.00634115409004,0.0199746353836,0.0136334812936,0.0339251743817,0.00126823081801,0.00190234622701
0.00424232139827,0.00695740709316,0.00271508569489,0.0108603427796,0.0951976921772,0.0173086713049,0.0519260139148,0.0334294926184,0.0151026641778,0.0585440352961,0.0639742066859,0.0767011708807,0.0310537926353,0.0544714067538,0.0149329713219,0.0459867639572,0.0215509927032,0.036823349737,0.0179874427287,0.110979127779,0.019514678432,0.0237569998303,0.00644832852537,0.00475139996606,0.0627863566944,0.00322416426268,0.0263023926693,0.00967249278805,0.00305447140675,0.0066180213813,0.00424232139827,0.00169692855931,0.00118784999152,0.0298659426438,0.00627863566944,0.0164602070253,0.00152723570338,0.00186662141524
0.00141342756184,0.00636042402827,0.00155477031802,0.0108833922261,0.0385865724382,0.0269964664311,0.0578091872792,0.0385865724382,0.0103180212014,0.0228975265018,0.0493286219081,0.10925795053,0.0686925795053,0.0966784452297,0.0390106007067,0.0873498233216,0.0269964664311,0.0498939929329,0.0238869257951,0.0459363957597,0.00395759717314,0.0224734982332,0.0103180212014,0.0120141342756,0.0398586572438,0.00310954063604,0.0589399293286,0.00876325088339,0.0016961130742,0.00636042402827,0.00226148409894,0.000848056537102,0.000848056537102,0.0106007067138,0.000706713780919,0.00310954063604,0.000282685512367,0.00141342756184
0.00168265185933,0.00420662964833,0.00336530371866,0.00185091704526,0.00858152448258,0.0249032475181,0.0642773010264,0.020191822312,0.00656234225139,0.00588928150766,0.017499579337,0.0494699646643,0.0272589601212,0.0977620730271,0.020023557126,0.0885074878008,0.050143025408,0.0748780077402,0.062762914353,0.0405519098099,0.00588928150766,0.0289416119805,0.00302877334679,0.0156486622918,0.0371866060912,0.00555275113579,0.152616523641,0.00942285041225,0.0020191822312,0.00757193336699,0.00521622076392,0.000673060743732,0.00269224297493,0.0228840652869,0.00588928150766,0.0180043748948,0.00117785630153,0.00521622076392
0.00579710144928,0.00869565217391,0.0173913043478,0.00289855072464,0.0,0.0231884057971,0.0434782608696,0.00579710144928,0.00289855072464,0.0,0.0260869565217,0.0753623188406,0.0492753623188,0.0347826086957,0.0173913043478,0.0782608695652,0.0144927536232,0.147826086957,0.0231884057971,0.0579710144928,0.0405797101449,0.0695652173913,0.0289855072464,0.00579710144928,0.0347826086957,0.0231884057971,0.0695652173913,0.0260869565217,0.00579710144928,0.0289855072464,0.0115942028986,0.0115942028986,0.0,0.00579710144928,0.00289855072464,0.0,0.0,0.0
0.00940070505288,0.0129259694477,0.0117508813161,0.0199764982374,0.0141010575793,0.0293772032902,0.0317273795535,0.00587544065805,0.00587544065805,0.0105757931845,0.0340775558167,0.0399529964747,0.0117508813161,0.0810810810811,0.00940070505288,0.0223266745006,0.0117508813161,0.0987074030552,0.0599294947121,0.0857814336075,0.021151586369,0.0235017626322,0.00587544065805,0.0152761457109,0.0564042303173,0.0117508813161,0.0928319623972,0.0129259694477,0.0176263219741,0.0681551116334,0.00470035252644,0.00705052878966,0.00352526439483,0.00822561692127,0.0152761457109,0.021151586369,0.0,0.00822561692127
0.00858922052824,0.0115954477131,0.00794502898862,0.0154605969508,0.0195404767017,0.0356452651922,0.0203993987546,0.0137427528452,0.00472407129053,0.0171784410565,0.0326390380073,0.0611981962637,0.0255529310715,0.0433755636676,0.00815975950183,0.0253382005583,0.0139574833584,0.0397251449431,0.0167489800301,0.0811681339918,0.0347863431394,0.0412282585355,0.00815975950183,0.00386514923771,0.112733519433,0.0253382005583,0.079235559373,0.0371483787846,0.0115954477131,0.037577839811,0.00558299334335,0.00429461026412,0.00429461026412,0.0268413141507,0.0242645479923,0.0309211939017,0.000429461026412,0.00901868155465
0.00347222222222,0.00810185185185,0.00694444444444,0.0127314814815,0.0173611111111,0.00810185185185,0.0231481481481,0.00694444444444,0.0,0.0208333333333,0.0787037037037,0.0451388888889,0.0196759259259,0.0706018518519,0.0162037037037,0.0138888888889,0.00810185185185,0.0416666666667,0.0196759259259,0.0671296296296,0.0381944444444,0.0462962962963,0.00694444444444,0.00347222222222,0.0439814814815,0.0115740740741,0.109953703704,0.0543981481481,0.00347222222222,0.0393518518519,0.00925925925926,0.00231481481481,0.0127314814815,0.0717592592593,0.00810185185185,0.0405092592593,0.00231481481481,0.00694444444444
0.00468550333665,0.00425954848786,0.0141984949595,0.00724123242936,0.0100809314213,0.0393298310379,0.0600596336788,0.0062473377822,0.0113587959676,0.00667329263098,0.0167542240523,0.0308107340622,0.0469970183161,0.0363481470964,0.00397557858867,0.0220076671873,0.0461451086185,0.0820673008661,0.0472809882152,0.0391878460883,0.00880306687491,0.0511145818543,0.00894505182451,0.0127786454636,0.0641771972171,0.0134885702116,0.122249041602,0.0282550049695,0.0106488712197,0.04912679256,0.00638932273179,0.00809314212693,0.00383359363907,0.0353542524492,0.0139145250603,0.0168962090018,0.000425954848786,0.00979696152208
0.00809248554913,0.0124277456647,0.00346820809249,0.00982658959538,0.0193641618497,0.0263005780347,0.0236994219653,0.0234104046243,0.00346820809249,0.00317919075145,0.0381502890173,0.049710982659,0.028901734104,0.0797687861272,0.00433526011561,0.0312138728324,0.0156069364162,0.0424855491329,0.0208092485549,0.056936416185,0.0130057803468,0.0381502890173,0.00231213872832,0.00404624277457,0.078612716763,0.0187861271676,0.0705202312139,0.0523121387283,0.0170520231214,0.0673410404624,0.00780346820809,0.0106936416185,0.00578034682081,0.0447976878613,0.0254335260116,0.0268786127168,0.0,0.0153179190751
0.00340909090909,0.00681818181818,0.00568181818182,0.00795454545455,0.0125,0.0261363636364,0.0318181818182,0.00909090909091,0.00340909090909,0.00454545454545,0.0159090909091,0.0670454545455,0.00795454545455,0.0545454545455,0.00568181818182,0.0261363636364,0.0272727272727,0.0431818181818,0.0488636363636,0.0420454545455,0.00340909090909,0.0534090909091,0.00568181818182,0.00113636363636,0.0681818181818,0.0215909090909,0.0579545454545,0.0704545454545,0.025,0.0977272727273,0.0125,0.0102272727273,0.00227272727273,0.0431818181818,0.0284090909091,0.0238636363636,0.00340909090909,0.0215909090909
0.00431654676259,0.0131294964029,0.0178057553957,0.010071942446,0.00791366906475,0.0345323741007,0.0413669064748,0.0120503597122,0.00629496402878,0.011690647482,0.0134892086331,0.0158273381295,0.0287769784173,0.0269784172662,0.0109712230216,0.0107913669065,0.0255395683453,0.0473021582734,0.0437050359712,0.0312949640288,0.0136690647482,0.0458633093525,0.00323741007194,0.00719424460432,0.0455035971223,0.00665467625899,0.127517985612,0.0476618705036,0.0169064748201,0.149820143885,0.0131294964029,0.0154676258993,0.011690647482,0.0325539568345,0.0203237410072,0.0187050359712,0.00143884892086,0.00881294964029
0.00663716814159,0.0243362831858,0.00442477876106,0.00663716814159,0.00884955752212,0.0398230088496,0.0199115044248,0.00884955752212,0.00884955752212,0.0110619469027,0.0221238938053,0.033185840708,0.0243362831858,0.0243362831858,0.0,0.00663716814159,0.0243362831858,0.037610619469,0.00663716814159,0.0132743362832,0.0110619469027,0.0420353982301,0.00442477876106,0.00442477876106,0.0221238938053,0.0287610619469,0.033185840708,0.0132743362832,0.00442477876106,0.128318584071,0.0442477876106,0.0884955752212,0.0420353982301,0.130530973451,0.0265486725664,0.0176991150442,0.0,0.0265486725664
0.00731707317073,0.00243902439024,0.0,0.00731707317073,0.00487804878049,0.0317073170732,0.0268292682927,0.00487804878049,0.00243902439024,0.00487804878049,0.00487804878049,0.0341463414634,0.0390243902439,0.0536585365854,0.00731707317073,0.00731707317073,0.0243902439024,0.0439024390244,0.0170731707317,0.0414634146341,0.00243902439024,0.0268292682927,0.0,0.00243902439024,0.0292682926829,0.0121951219512,0.124390243902,0.00243902439024,0.00487804878049,0.0560975609756,0.019512195122,0.0121951219512,0.019512195122,0.224390243902,0.0243902439024,0.0365853658537,0.00243902439024,0.0341463414634
0.0036832412523,0.00184162062615,0.0036832412523,0.0073664825046,0.00552486187845,0.0147329650092,0.0386740331492,0.00552486187845,0.00184162062615,0.00920810313076,0.0276243093923,0.0220994475138,0.0110497237569,0.0902394106814,0.00184162062615,0.0331491712707,0.108655616943,0.0276243093923,0.0276243093923,0.0405156537753,0.0036832412523,0.0202578268877,0.00184162062615,0.0,0.0294659300184,0.0,0.0681399631676,0.0147329650092,0.00184162062615,0.0515653775322,0.00184162062615,0.0073664825046,0.0073664825046,0.173112338858,0.0699815837937,0.0423572744015,0.0073664825046,0.0165745856354
0.00728332119446,0.00364166059723,0.00145666423889,0.0378732702112,0.00873998543336,0.0211216314639,0.0145666423889,0.0109249817917,0.0,0.00364166059723,0.0233066278223,0.0706482155863,0.0779315367808,0.0742898761835,0.00436999271668,0.0247632920612,0.0218499635834,0.0371449380918,0.0160233066278,0.0356882738529,0.0152949745084,0.0611798980335,0.00801165331391,0.00582665695557,0.0356882738529,0.00509832483613,0.0436999271668,0.0487982520029,0.0094683175528,0.0706482155863,0.0211216314639,0.0145666423889,0.0116533139111,0.0502549162418,0.0371449380918,0.0400582665696,0.0,0.0262199563001
0.00233644859813,0.0116822429907,0.0,0.00467289719626,0.018691588785,0.00934579439252,0.035046728972,0.0257009345794,0.0,0.0233644859813,0.0467289719626,0.102803738318,0.0303738317757,0.105140186916,0.00467289719626,0.0163551401869,0.0116822429907,0.0257009345794,0.0116822429907,0.0584112149533,0.00700934579439,0.0584112149533,0.0,0.00467289719626,0.0116822429907,0.0140186915888,0.0373831775701,0.0373831775701,0.018691588785,0.0724299065421,0.0210280373832,0.00934579439252,0.00934579439252,0.0957943925234,0.018691588785,0.0140186915888,0.00467289719626,0.0210280373832
0.00342075256556,0.00684150513113,0.0,0.0114025085519,0.0125427594071,0.00684150513113,0.0273660205245,0.00456100342075,0.00114025085519,0.00570125427594,0.0478905359179,0.036488027366,0.0228050171038,0.0935005701254,0.00684150513113,0.0125427594071,0.0216647662486,0.0136830102623,0.00570125427594,0.0444697833523,0.00798175598632,0.018244013683,0.0,0.0114025085519,0.0136830102623,0.0125427594071,0.0296465222349,0.0114025085519,0.00114025085519,0.0296465222349,0.0433295324971,0.0114025085519,0.0307867730901,0.27251995439,0.0296465222349,0.023945267959,0.00684150513113,0.060433295325
0.0,0.0,0.0,0.0,0.0277777777778,0.0,0.0277777777778,0.0,0.0,0.0,0.0833333333333,0.0555555555556,0.0,0.0,0.0,0.0,0.0555555555556,0.0,0.0277777777778,0.138888888889,0.0277777777778,0.0833333333333,0.0,0.0,0.0555555555556,0.0,0.0555555555556,0.0277777777778,0.0555555555556,0.0,0.0,0.0,0.0,0.0833333333333,0.111111111111,0.0277777777778,0.0,0.0555555555556
0.0144927536232,0.00289855072464,0.0115942028986,0.0173913043478,0.0434782608696,0.0666666666667,0.0347826086957,0.00289855072464,0.00289855072464,0.0115942028986,0.0405797101449,0.0260869565217,0.0202898550725,0.0115942028986,0.00579710144928,0.0260869565217,0.0115942028986,0.0115942028986,0.0173913043478,0.101449275362,0.0289855072464,0.0289855072464,0.0,0.00579710144928,0.0434782608696,0.0115942028986,0.0376811594203,0.0840579710145,0.0115942028986,0.0434782608696,0.0260869565217,0.00579710144928,0.0347826086957,0.0463768115942,0.0202898550725,0.0376811594203,0.00579710144928,0.0463768115942
