0.208835341365,0.164658634538,0.0722891566265,0.0763052208835,0.0160642570281,0.0281124497992,0.0401606425703,0.0,0.0,0.0160642570281,0.0160642570281,0.0,0.00401606425703,0.0321285140562,0.00803212851406,0.0160642570281,0.0441767068273,0.00401606425703,0.00803212851406,0.100401606426,0.0,0.0160642570281,0.0,0.0,0.0562248995984,0.00401606425703,0.0240963855422,0.0160642570281,0.0,0.0,0.00803212851406,0.0,0.0,0.0200803212851,0.0,0.0,0.0,0.0
0.0610236220472,0.179133858268,0.118766404199,0.141732283465,0.0485564304462,0.0826771653543,0.0479002624672,0.010498687664,0.00656167979003,0.011811023622,0.0164041994751,0.0150918635171,0.011811023622,0.0255905511811,0.00131233595801,0.012467191601,0.0131233595801,0.00590551181102,0.011154855643,0.0597112860892,0.00853018372703,0.0209973753281,0.00262467191601,0.00131233595801,0.0209973753281,0.00262467191601,0.0170603674541,0.00131233595801,0.00328083989501,0.010498687664,0.00787401574803,0.000656167979003,0.00196850393701,0.00393700787402,0.00787401574803,0.00196850393701,0.0,0.00524934383202
0.0111436950147,0.11495601173,0.23284457478,0.0527859237537,0.0258064516129,0.18357771261,0.0674486803519,0.017008797654,0.00821114369501,0.0058651026393,0.0105571847507,0.0304985337243,0.024633431085,0.0123167155425,0.00234604105572,0.0117302052786,0.0187683284457,0.00938416422287,0.0129032258065,0.0199413489736,0.00410557184751,0.0175953079179,0.00410557184751,0.00234604105572,0.0199413489736,0.00293255131965,0.0363636363636,0.00410557184751,0.00351906158358,0.0105571847507,0.00351906158358,0.00234604105572,0.00879765395894,0.00234604105572,0.0,0.00410557184751,0.0,0.00058651026393
0.0470141279829,0.0452332898017,0.0364478214413,0.145435118129,0.0668407930666,0.0991333254185,0.0846491748783,0.023388341446,0.00296806363528,0.0102101389054,0.0217262258103,0.0543749257984,0.0331235901698,0.0362103763505,0.00890419090585,0.0290870236258,0.0217262258103,0.0162649887214,0.0118722545411,0.0447583996201,0.0116348094503,0.0287308559896,0.00225572836282,0.00320550872611,0.0225572836282,0.00688590763386,0.0125845898136,0.00510506945269,0.00427401163481,0.00997269381456,0.00178083818117,0.00154339309035,0.00296806363528,0.0178083818117,0.00688590763386,0.0185207170842,0.000118722545411,0.00379912145316
0.015037593985,0.0225563909774,0.0127041742287,0.0819289603319,0.0687062483796,0.0396681358569,0.0642986777288,0.0220378532538,0.00492610837438,0.0147783251232,0.0562613430127,0.102151931553,0.0407052113041,0.0567798807363,0.0106300233342,0.0331864143116,0.0311122634172,0.0254083484574,0.016333938294,0.074928701063,0.020482240083,0.0394088669951,0.00388903292715,0.00311122634172,0.0199637023593,0.00622245268343,0.0316308011408,0.00285195747991,0.00103707544724,0.00829660357791,0.00129634430905,0.0025926886181,0.00700025926886,0.0300751879699,0.0160746694322,0.00907441016334,0.00025926886181,0.0025926886181
0.00697289914456,0.0107109481705,0.0660628279779,0.0444971605205,0.0232190352958,0.20825246208,0.104737258285,0.0240816619941,0.0115016893106,0.00337862123499,0.0117173459852,0.06160592337,0.043203220473,0.0542735964345,0.0109984904033,0.0223564085975,0.0419811659838,0.0288979943929,0.0208468118755,0.0231471497376,0.00841061030839,0.0506074329667,0.00280353676946,0.00309107900223,0.0125799726835,0.00287542232765,0.0390338580979,0.00467256128244,0.00143771116383,0.00869815254115,0.00460067572425,0.00546330242254,0.00639781467903,0.0110703759615,0.00467256128244,0.00553518798073,0.000790741140105,0.00481633239882
0.0096463022508,0.00666904846969,0.021912587829,0.0213171370728,0.0285816362987,0.144218173157,0.157079909491,0.0245325711564,0.0147671787543,0.00452542574729,0.0110753840657,0.0607359771347,0.0639514112183,0.0412051923306,0.00940812194831,0.0215553173753,0.0682386566631,0.0389424794569,0.0365606764321,0.0242943908539,0.00940812194831,0.0522805763963,0.00333452423485,0.0032154340836,0.0109562939145,0.00392997499107,0.0451351673217,0.00547814695725,0.0021436227224,0.0120281052757,0.00202453257116,0.0138144575444,0.00809813028463,0.00512087650351,0.0042872454448,0.00702631892343,0.000595450756222,0.00190544241991
0.0014409221902,0.0,0.00432276657061,0.021613832853,0.0389048991354,0.132564841499,0.227665706052,0.0302593659942,0.028818443804,0.0259365994236,0.0187319884726,0.0187319884726,0.028818443804,0.0158501440922,0.0100864553314,0.0518731988473,0.0734870317003,0.021613832853,0.0244956772334,0.0244956772334,0.00720461095101,0.0662824207493,0.0014409221902,0.0014409221902,0.0172910662824,0.00720461095101,0.0259365994236,0.00432276657061,0.0014409221902,0.028818443804,0.0028818443804,0.00432276657061,0.0014409221902,0.0115273775216,0.0100864553314,0.00864553314121,0.0,0.0
0.00485829959514,0.00242914979757,0.0145748987854,0.0202429149798,0.0186234817814,0.0720647773279,0.236437246964,0.0202429149798,0.0275303643725,0.0105263157895,0.0080971659919,0.0429149797571,0.0372469635628,0.0186234817814,0.00404858299595,0.0186234817814,0.0769230769231,0.0331983805668,0.0445344129555,0.0226720647773,0.0121457489879,0.0518218623482,0.00485829959514,0.00161943319838,0.0080971659919,0.00161943319838,0.106882591093,0.00161943319838,0.00242914979757,0.0372469635628,0.00323886639676,0.00404858299595,0.00566801619433,0.00242914979757,0.00485829959514,0.00890688259109,0.00323886639676,0.00485829959514
0.0235585864848,0.0223186608803,0.0204587724737,0.0340979541228,0.0917544947303,0.0409175449473,0.0396776193428,0.0297582145071,0.00867947923125,0.0489770613763,0.0378177309361,0.0607563546187,0.0148791072536,0.0464972101674,0.00929944203348,0.0167389956603,0.0402975821451,0.0495970241785,0.016119032858,0.0843149411035,0.034717916925,0.0359578425294,0.00495970241785,0.00309981401116,0.0390576565406,0.00867947923125,0.0433973961562,0.0111593304402,0.00433973961562,0.0216986980781,0.00495970241785,0.00371977681339,0.0136391816491,0.0123992560446,0.00867947923125,0.00743955362678,0.000619962802232,0.00495970241785
0.0158675405312,0.0238013107968,0.0120731286651,0.0417385305278,0.0496723007934,0.0400137978613,0.0389789582615,0.0169023801311,0.00862366333218,0.0476026215937,0.0538116591928,0.0444981027941,0.0255260434633,0.0317350810624,0.0148327009314,0.0441531562608,0.0313901345291,0.0375991721283,0.0137978613315,0.110037944119,0.030010348396,0.0727837185236,0.000689893066575,0.00896860986547,0.0586409106588,0.00758882373232,0.0431183166609,0.00931355639876,0.00206967919972,0.0120731286651,0.00241462573301,0.00206967919972,0.00724387719903,0.0255260434633,0.00482925146602,0.00413935839945,0.0,0.00586409106588
0.00725075528701,0.0157099697885,0.00422960725076,0.0308157099698,0.13413897281,0.0350453172205,0.0580060422961,0.026586102719,0.00543806646526,0.0380664652568,0.0525679758308,0.0410876132931,0.0253776435045,0.0356495468278,0.00845921450151,0.0187311178248,0.0271903323263,0.0471299093656,0.016918429003,0.0725075528701,0.0296072507553,0.126283987915,0.000604229607251,0.00604229607251,0.0157099697885,0.0163141993958,0.0374622356495,0.0102719033233,0.00664652567976,0.0114803625378,0.00604229607251,0.002416918429,0.00302114803625,0.00785498489426,0.0114803625378,0.00422960725076,0.0012084592145,0.002416918429
0.00848303393214,0.00499001996008,0.00948103792415,0.00698602794411,0.0184630738523,0.128243512974,0.167664670659,0.00898203592814,0.0174650698603,0.00948103792415,0.0379241516966,0.0713572854291,0.0508982035928,0.0484031936128,0.00698602794411,0.0164670658683,0.0513972055888,0.0434131736527,0.0479041916168,0.0284431137725,0.0149700598802,0.0424151696607,0.00249500998004,0.0114770459082,0.0169660678643,0.0059880239521,0.064371257485,0.00299401197605,0.000499001996008,0.0264471057884,0.000998003992016,0.00399201596806,0.00399201596806,0.00898203592814,0.00149700598802,0.00698602794411,0.0,0.00149700598802
0.0118577075099,0.00922266139657,0.0144927536232,0.0237154150198,0.0566534914361,0.0368906455863,0.064558629776,0.00658761528327,0.00790513833992,0.0540184453228,0.0527009222661,0.034255599473,0.0447957839262,0.0447957839262,0.0210803689065,0.0263504611331,0.038208168643,0.0263504611331,0.0131752305665,0.0790513833992,0.0184453227931,0.133069828722,0.00131752305665,0.00922266139657,0.0395256916996,0.00790513833992,0.0395256916996,0.00658761528327,0.00395256916996,0.030303030303,0.00395256916996,0.00263504611331,0.00658761528327,0.0131752305665,0.00922266139657,0.00395256916996,0.0,0.00395256916996
0.0,0.0,0.0,0.0519480519481,0.0519480519481,0.025974025974,0.038961038961,0.012987012987,0.0,0.038961038961,0.038961038961,0.012987012987,0.0519480519481,0.025974025974,0.025974025974,0.025974025974,0.0909090909091,0.012987012987,0.0,0.0519480519481,0.0649350649351,0.194805194805,0.0,0.0519480519481,0.025974025974,0.0,0.038961038961,0.0,0.012987012987,0.025974025974,0.0,0.0,0.0,0.025974025974,0.0,0.0,0.0,0.0
0.00112994350282,0.0,0.00338983050847,0.0146892655367,0.025988700565,0.00790960451977,0.0418079096045,0.198870056497,0.00225988700565,0.0135593220339,0.0463276836158,0.247457627119,0.0937853107345,0.0621468926554,0.00112994350282,0.0225988700565,0.0169491525424,0.00790960451977,0.0146892655367,0.0406779661017,0.00564971751412,0.0418079096045,0.00112994350282,0.0112994350282,0.0045197740113,0.0,0.0169491525424,0.00338983050847,0.00225988700565,0.00564971751412,0.00112994350282,0.0,0.00225988700565,0.0169491525424,0.0101694915254,0.0090395480226,0.0,0.0045197740113
0.00539665407447,0.00377765785213,0.00377765785213,0.00647598488937,0.0140313005936,0.0302212628171,0.0998381003778,0.0291419320022,0.015650296816,0.00647598488937,0.0345385860766,0.0626011872639,0.0609821910416,0.0518078791149,0.00269832703724,0.0178089584458,0.0377765785213,0.0399352401511,0.0642201834862,0.0534268753373,0.0145709660011,0.120345385861,0.00701565029682,0.0172692930383,0.0134916351862,0.00647598488937,0.0658391797086,0.00539665407447,0.00485698866703,0.0199676200756,0.00755531570426,0.0221262817053,0.0113329735564,0.0226659471128,0.00971397733405,0.00809498111171,0.00161899622234,0.00107933081489
0.00285623611552,0.00317359568391,0.00444303395747,0.00444303395747,0.0266582037448,0.0323706759759,0.0596635988575,0.0190415741035,0.0244366867661,0.014598540146,0.0333227546811,0.0504601713742,0.0371310695017,0.0472865756903,0.00666455093621,0.0263408441765,0.0142811805776,0.0190415741035,0.0869565217391,0.0723579815931,0.0190415741035,0.112662646779,0.00317359568391,0.0139638210092,0.0317359568391,0.00856870834656,0.0802919708029,0.013011742304,0.00380831482069,0.0209457315138,0.0101555061885,0.0136464614408,0.00507775309426,0.0390352269121,0.0209457315138,0.00856870834656,0.000634719136782,0.00920342748334
0.00348866184899,0.00274109145278,0.010715175679,0.00822327435834,0.0171941191129,0.0463493645652,0.0505855968104,0.031647146773,0.00274109145278,0.00373785198106,0.0266633441316,0.0338898579616,0.0782457014702,0.0685272863195,0.00647894343384,0.028158484924,0.0523299277349,0.0617991527536,0.0426115125841,0.0475953152255,0.0109643658111,0.0777473212061,0.00971841515076,0.0341390480937,0.0251682033391,0.00672813356591,0.103663094941,0.00498380264142,0.00249190132071,0.0234238724147,0.00622975330177,0.00747570396212,0.00473461250934,0.0191876401694,0.0152005980563,0.0201844006977,0.00149514079242,0.00274109145278
0.00274149330753,0.0112885018545,0.00370907918078,0.00903080148363,0.129172714078,0.0259635542654,0.0462828576036,0.0182228672795,0.00774068698597,0.0514433155943,0.0516045799065,0.0741815836155,0.0478955007257,0.0430575713595,0.0164489598452,0.0478955007257,0.0314465408805,0.0470891791647,0.0195129817771,0.122238348653,0.0185453959039,0.0274149330753,0.00306402193195,0.00499919367844,0.0409611353008,0.00387034349299,0.0399935494275,0.00822447992259,0.00193517174649,0.00580551523948,0.00354781486857,0.000806321561039,0.00258022899532,0.0112885018545,0.00516045799065,0.0103209159813,0.0,0.00451540074182
0.00199494613645,0.00505386354568,0.00265992818194,0.00784678813672,0.0456177683203,0.0268652746376,0.0440218114111,0.0408298975928,0.00771379172762,0.0186194972736,0.0465487431839,0.129937491688,0.071286075276,0.0952254289134,0.032983109456,0.112780954914,0.0461497539566,0.0313871525469,0.0335150950924,0.0446867934566,0.0045218779093,0.0111716983641,0.00505386354568,0.00718180609124,0.0375049873653,0.00305891740923,0.0542625349116,0.00678281686394,0.00146296050007,0.0043888815002,0.00146296050007,0.00132996409097,0.000398989227291,0.00784678813672,0.00239393536375,0.00412288868201,0.0,0.00132996409097
0.00151954689874,0.0056637657135,0.00193396878022,0.00303909379749,0.0161624533775,0.0272137035502,0.0951788921122,0.0179582815306,0.00538748445918,0.00635446884929,0.0125707970714,0.03840309435,0.0359165630612,0.0779113137174,0.0127089376986,0.061887000967,0.0451719850808,0.0650642353916,0.0594004696781,0.0410277662661,0.0111893907998,0.0298383754662,0.00193396878022,0.00455864069623,0.0551181102362,0.00870285951098,0.174609752728,0.00966984390109,0.00359165630612,0.0107749689184,0.00787401574803,0.00483492195055,0.00234839066169,0.0131233595801,0.00939356264677,0.0176820002763,0.00151954689874,0.00276281254317
0.00298507462687,0.00298507462687,0.0089552238806,0.0208955223881,0.0238805970149,0.0208955223881,0.0477611940299,0.0298507462687,0.0,0.0089552238806,0.0328358208955,0.0537313432836,0.0925373134328,0.065671641791,0.00597014925373,0.0597014925373,0.0328358208955,0.0477611940299,0.0417910447761,0.0626865671642,0.0089552238806,0.0835820895522,0.0179104477612,0.00597014925373,0.0208955223881,0.0,0.137313432836,0.0089552238806,0.00298507462687,0.00597014925373,0.0,0.00298507462687,0.0,0.0089552238806,0.0119402985075,0.0179104477612,0.0,0.00298507462687
0.0148462354189,0.016967126193,0.00318133616119,0.0127253446448,0.0180275715801,0.0286320254507,0.0434782608696,0.00954400848356,0.00318133616119,0.0084835630965,0.0265111346766,0.0233297985154,0.0286320254507,0.033934252386,0.00636267232238,0.0455991516437,0.0233297985154,0.067868504772,0.0965005302227,0.0784729586426,0.0275715800636,0.0604453870626,0.00530222693531,0.0180275715801,0.0657476139979,0.00530222693531,0.118769883351,0.0116648992577,0.0116648992577,0.0349946977731,0.00318133616119,0.00530222693531,0.00106044538706,0.00424178154825,0.0159066808059,0.0148462354189,0.0,0.00636267232238
0.00930078060123,0.00946686596911,0.00697558545092,0.0126224879588,0.0162763660522,0.024746719814,0.0287327686431,0.0154459392128,0.00498256103637,0.0232519515031,0.0496595249958,0.0509882079389,0.0240823783425,0.0662680617838,0.00930078060123,0.0244145490782,0.0186015612025,0.0403587443946,0.0141172562697,0.0720810496595,0.0182693904667,0.0509882079389,0.00481647566849,0.00282345125394,0.102640757349,0.0212589270885,0.0875269888723,0.037037037037,0.00863643912971,0.0308918784255,0.00664341471516,0.00381996346122,0.00763992692244,0.0323866467364,0.0214250124564,0.0285666832752,0.000332170735758,0.0126224879588
0.00521285838401,0.00955690703736,0.00521285838401,0.01303214596,0.0199826238054,0.0304083405734,0.0121633362294,0.00781928757602,0.00260642919201,0.010425716768,0.0434404865334,0.0651607298002,0.0399652476108,0.105125977411,0.0121633362294,0.01303214596,0.0147697654214,0.0330147697654,0.0278019113814,0.0425716768028,0.0434404865334,0.105125977411,0.0,0.00695047784535,0.0616854908775,0.0173761946134,0.0990443092963,0.015638575152,0.00260642919201,0.0304083405734,0.010425716768,0.00260642919201,0.00347523892268,0.0304083405734,0.018245004344,0.0286707211121,0.00347523892268,0.00695047784535
0.00413125590179,0.00200661000944,0.0109773371105,0.0069641170916,0.0108593012276,0.0343484419263,0.0612606232295,0.0142823418319,0.0083805476865,0.00590179414542,0.0152266288952,0.0356468366383,0.0500472143532,0.034820585458,0.00531161473088,0.0221907459868,0.0404863078376,0.070939565628,0.0526440037771,0.0395420207743,0.0132200188857,0.0594900849858,0.00542965061379,0.0100330500472,0.0585457979226,0.0129839471199,0.125118035883,0.02313503305,0.0113314447592,0.0547686496695,0.00991501416431,0.0133380547686,0.00684608120869,0.0325779036827,0.00908876298395,0.0168791312559,0.00153446647781,0.0097969782814
0.00633054487904,0.00859145376441,0.0036174542166,0.00542618132489,0.0126610897581,0.018087271083,0.0312005426181,0.0289396337328,0.0036174542166,0.00542618132489,0.0490617228126,0.0768709021026,0.0253221795162,0.0985756274022,0.00587836310197,0.0296179063984,0.0158263621976,0.0368528148316,0.0142437259778,0.0492878137011,0.0133393624237,0.0391137237169,0.00406963599367,0.0036174542166,0.0644359032331,0.0178611801944,0.0565227221343,0.0452181777074,0.0144698168664,0.0558444494687,0.0079131810988,0.0128871806466,0.00271309066245,0.0569749039114,0.0312005426181,0.0357223603889,0.00158263621976,0.0110784535383
0.00168067226891,0.00420168067227,0.00336134453782,0.00420168067227,0.0126050420168,0.0168067226891,0.0302521008403,0.0134453781513,0.00168067226891,0.00168067226891,0.0193277310924,0.0689075630252,0.0260504201681,0.0579831932773,0.00336134453782,0.0159663865546,0.0436974789916,0.0546218487395,0.046218487395,0.053781512605,0.00588235294118,0.0613445378151,0.00504201680672,0.00756302521008,0.0605042016807,0.00840336134454,0.0546218487395,0.0798319327731,0.0226890756303,0.0596638655462,0.0117647058824,0.0117647058824,0.0,0.053781512605,0.0210084033613,0.0193277310924,0.000840336134454,0.0361344537815
0.00552165068294,0.00988084859053,0.0165649520488,0.00929962220285,0.00988084859053,0.041557686719,0.0377797151991,0.0119151409474,0.00479511769834,0.0155478058704,0.014385353095,0.0231037489102,0.0345829700668,0.036181342633,0.00988084859053,0.0172914850334,0.0335658238884,0.0348735832607,0.0389421679744,0.036181342633,0.0113339145597,0.048823016565,0.00159837256611,0.00886370241209,0.0491136297588,0.00871839581517,0.100697471665,0.0345829700668,0.0277535600116,0.127579192095,0.012641673932,0.019907003778,0.0114792211566,0.0376344086022,0.0217959895379,0.0212147631502,0.00116245277536,0.0133682069166
0.00340136054422,0.00850340136054,0.0,0.00680272108844,0.0119047619048,0.0323129251701,0.0357142857143,0.00510204081633,0.0,0.0,0.0374149659864,0.0119047619048,0.0255102040816,0.0646258503401,0.0,0.0,0.0102040816327,0.0204081632653,0.0136054421769,0.0340136054422,0.0119047619048,0.047619047619,0.00340136054422,0.00340136054422,0.0357142857143,0.0357142857143,0.0578231292517,0.0119047619048,0.00340136054422,0.062925170068,0.0323129251701,0.0527210884354,0.0748299319728,0.183673469388,0.0187074829932,0.0204081632653,0.00340136054422,0.0187074829932
0.0,0.0018115942029,0.0,0.0036231884058,0.0144927536232,0.0271739130435,0.0217391304348,0.00724637681159,0.0126811594203,0.00905797101449,0.00724637681159,0.0652173913043,0.0615942028986,0.0597826086957,0.0108695652174,0.0217391304348,0.0253623188406,0.0398550724638,0.0108695652174,0.0471014492754,0.0018115942029,0.0489130434783,0.0018115942029,0.0018115942029,0.0163043478261,0.0144927536232,0.0688405797101,0.0217391304348,0.00905797101449,0.036231884058,0.0199275362319,0.018115942029,0.0108695652174,0.213768115942,0.0217391304348,0.0144927536232,0.0144927536232,0.018115942029
0.00137931034483,0.00137931034483,0.00551724137931,0.00413793103448,0.0124137931034,0.0427586206897,0.0289655172414,0.0193103448276,0.0,0.00413793103448,0.0289655172414,0.0579310344828,0.0262068965517,0.108965517241,0.00689655172414,0.0262068965517,0.0262068965517,0.0427586206897,0.031724137931,0.0648275862069,0.00689655172414,0.0303448275862,0.00137931034483,0.0,0.0234482758621,0.0110344827586,0.0689655172414,0.00827586206897,0.00551724137931,0.0455172413793,0.0124137931034,0.0110344827586,0.0262068965517,0.136551724138,0.0262068965517,0.031724137931,0.00275862068966,0.0110344827586
0.00716845878136,0.00204813108039,0.00153609831029,0.0138248847926,0.00409626216078,0.00512032770097,0.0138248847926,0.0153609831029,0.00153609831029,0.00256016385049,0.0235535074245,0.0988223246288,0.0552995391705,0.124423963134,0.00512032770097,0.0302099334357,0.0148489503328,0.0291858678955,0.0128008192524,0.0430107526882,0.010752688172,0.062980030722,0.00307219662058,0.00358422939068,0.0721966205837,0.00409626216078,0.0363543266769,0.0353302611367,0.00870455709165,0.0537634408602,0.0256016385049,0.00972862263185,0.0122887864823,0.0384024577573,0.0343061955965,0.0496671786994,0.00153609831029,0.0332821300563
0.00682128240109,0.00682128240109,0.00136425648022,0.00409276944065,0.0190995907231,0.00409276944065,0.0300136425648,0.0450204638472,0.00136425648022,0.0259208731241,0.0586630286494,0.0532060027285,0.031377899045,0.206002728513,0.00136425648022,0.0259208731241,0.00954979536153,0.0204638472033,0.0136425648022,0.0450204638472,0.00545702592087,0.0286493860846,0.0,0.00409276944065,0.0259208731241,0.0163710777626,0.0218281036835,0.0286493860846,0.0136425648022,0.0177353342428,0.0272851296044,0.00409276944065,0.00818553888131,0.130968622101,0.0204638472033,0.0259208731241,0.0,0.0109140518417
0.00394088669951,0.0118226600985,0.00394088669951,0.00197044334975,0.0206896551724,0.00689655172414,0.0325123152709,0.00591133004926,0.00492610837438,0.00295566502463,0.105418719212,0.0502463054187,0.0492610837438,0.056157635468,0.00492610837438,0.0197044334975,0.0226600985222,0.0226600985222,0.0187192118227,0.0738916256158,0.00788177339901,0.0472906403941,0.000985221674877,0.000985221674877,0.0246305418719,0.00689655172414,0.0354679802956,0.0167487684729,0.00197044334975,0.0147783251232,0.0167487684729,0.0197044334975,0.0197044334975,0.151724137931,0.0413793103448,0.0197044334975,0.00591133004926,0.048275862069
0.0,0.0,0.0,0.0238095238095,0.0952380952381,0.0238095238095,0.166666666667,0.047619047619,0.0,0.0,0.0238095238095,0.0,0.0238095238095,0.047619047619,0.0,0.0,0.0,0.0238095238095,0.047619047619,0.0,0.0,0.047619047619,0.0,0.0,0.0952380952381,0.0,0.0,0.0,0.0,0.0714285714286,0.047619047619,0.0,0.0952380952381,0.0714285714286,0.0,0.0,0.0,0.047619047619
0.0162601626016,0.0108401084011,0.0271002710027,0.00271002710027,0.0514905149051,0.0271002710027,0.0542005420054,0.0,0.0,0.0,0.0189701897019,0.029810298103,0.0135501355014,0.0189701897019,0.00542005420054,0.0216802168022,0.0108401084011,0.0135501355014,0.0433604336043,0.0785907859079,0.00271002710027,0.0325203252033,0.0,0.00542005420054,0.0271002710027,0.00813008130081,0.0325203252033,0.0433604336043,0.0216802168022,0.0243902439024,0.0108401084011,0.0189701897019,0.0189701897019,0.116531165312,0.0840108401084,0.059620596206,0.00271002710027,0.0460704607046
