0.215873015873,0.126984126984,0.0888888888889,0.0603174603175,0.0190476190476,0.0507936507937,0.0253968253968,0.0031746031746,0.0,0.0380952380952,0.0444444444444,0.00634920634921,0.0031746031746,0.0571428571429,0.0031746031746,0.00634920634921,0.0190476190476,0.00634920634921,0.00634920634921,0.0285714285714,0.015873015873,0.0031746031746,0.0,0.0190476190476,0.0666666666667,0.00952380952381,0.0126984126984,0.00634920634921,0.0,0.0222222222222,0.015873015873,0.00634920634921,0.0,0.00952380952381,0.0031746031746,0.0,0.0,0.0
0.0600616016427,0.17864476386,0.119609856263,0.150924024641,0.0523613963039,0.0759753593429,0.0415811088296,0.00513347022587,0.0169404517454,0.0128336755647,0.0159137577002,0.0107802874743,0.00667351129363,0.0251540041068,0.00359342915811,0.00924024640657,0.0164271047228,0.0138603696099,0.0133470225873,0.0431211498973,0.0102669404517,0.023613963039,0.0,0.00256673511294,0.0169404517454,0.00205338809035,0.0164271047228,0.00564681724846,0.00102669404517,0.00513347022587,0.00205338809035,0.00102669404517,0.00308008213552,0.00924024640657,0.00770020533881,0.0205338809035,0.0,0.000513347022587
0.0192566054635,0.0962830273175,0.215405284371,0.05105239588,0.0273175100761,0.203761755486,0.0913569189431,0.0116435288849,0.00761307657859,0.00492610837438,0.013434841021,0.0344827586207,0.0147783251232,0.0210479175996,0.00492610837438,0.0170174652933,0.00806090461263,0.0116435288849,0.0120913569189,0.0143304970891,0.00582176444245,0.012539184953,0.00223914017017,0.00537393640842,0.0214957456337,0.00403045230631,0.0317957904165,0.00403045230631,0.00537393640842,0.0120913569189,0.00447828034035,0.00089565606807,0.00179131213614,0.00268696820421,0.00403045230631,0.000447828034035,0.0,0.000447828034035
0.0513537906137,0.0460288808664,0.0328519855596,0.0981949458484,0.0639891696751,0.10559566787,0.0774368231047,0.0275270758123,0.00424187725632,0.0076714801444,0.0179602888087,0.0600180505415,0.0572202166065,0.0365523465704,0.00685920577617,0.0331227436823,0.0274368231047,0.0203971119134,0.0162454873646,0.0307761732852,0.0129963898917,0.0268050541516,0.00361010830325,0.00297833935018,0.0332129963899,0.0076714801444,0.0225631768953,0.00361010830325,0.00388086642599,0.0143501805054,0.00370036101083,0.00270758122744,0.00442238267148,0.0157039711191,0.00541516245487,0.0130866425993,0.000361010830325,0.0014440433213
0.032595811932,0.0114579217701,0.00434610825761,0.0786250493876,0.0564994073489,0.0470169893323,0.0792177005136,0.0197550375346,0.00454365863295,0.0189648360332,0.0497826945871,0.0734887396286,0.0312129593046,0.0817858553931,0.0132358751482,0.0478071908337,0.0442512840774,0.0343737653102,0.0144211774002,0.0513630975899,0.0104701698933,0.0294350059265,0.00296325563019,0.0021730541288,0.0221256420387,0.00829711576452,0.0401027261952,0.00553141050968,0.000987751876729,0.00711181351245,0.00375345713157,0.0021730541288,0.00612406163572,0.0375345713157,0.0114579217701,0.0114579217701,0.000790201501383,0.00276570525484
0.0109829460787,0.0146807218941,0.0454771234616,0.0436006402119,0.0265467189138,0.183398642309,0.110326176941,0.0266571002815,0.0109829460787,0.00618135658701,0.0149566753132,0.0788674871682,0.0473536067112,0.0416137755947,0.0122523318064,0.0270434350682,0.0541972515039,0.0272641978034,0.022683371047,0.0210828412164,0.00750593299851,0.0357635631105,0.00286991555825,0.00469120812407,0.0162260610409,0.00320105966113,0.0454771234616,0.00397372923451,0.00204205530107,0.00816822120426,0.0030906782935,0.00579502180032,0.00894089077764,0.0104862299244,0.003532203764,0.00756112368232,0.000938241624814,0.00358739444782
0.0119760479042,0.00788898393689,0.011880999905,0.0248075278015,0.0188195038494,0.128124702975,0.173462598612,0.0289896397681,0.00969489592244,0.00655831194753,0.0119760479042,0.0589297595286,0.0660583594715,0.0505655355955,0.00769888793841,0.0250926717993,0.0716661914267,0.0445775116434,0.038874631689,0.0164433038685,0.00608307195134,0.0422963596616,0.00247124798023,0.00351677597187,0.0130215758958,0.00655831194753,0.0418211196654,0.00437220796502,0.00180591198555,0.0142571998859,0.00380191996958,0.0124512879004,0.00931470392548,0.00760383993917,0.00627316794981,0.00674840794601,0.000760383993917,0.00275639197795
0.0054347826087,0.00217391304348,0.0141304347826,0.0108695652174,0.0445652173913,0.19347826087,0.25652173913,0.0163043478261,0.0195652173913,0.0141304347826,0.00652173913043,0.0173913043478,0.0130434782609,0.0315217391304,0.0054347826087,0.0130434782609,0.0847826086957,0.0489130434783,0.0336956521739,0.0152173913043,0.00326086956522,0.0369565217391,0.00217391304348,0.00434782608696,0.0271739130435,0.00217391304348,0.0326086956522,0.0054347826087,0.0054347826087,0.0119565217391,0.00434782608696,0.00326086956522,0.0054347826087,0.00869565217391,0.0,0.0,0.0,0.0
0.0054347826087,0.0042270531401,0.0138888888889,0.0175120772947,0.0259661835749,0.0863526570048,0.25845410628,0.0042270531401,0.0193236714976,0.0211352657005,0.0271739130435,0.0223429951691,0.0326086956522,0.0374396135266,0.0030193236715,0.0193236714976,0.0549516908213,0.0525362318841,0.0295893719807,0.0157004830918,0.0211352657005,0.0326086956522,0.0157004830918,0.006038647343,0.012077294686,0.0018115942029,0.0815217391304,0.0036231884058,0.0048309178744,0.0138888888889,0.0048309178744,0.0108695652174,0.0108695652174,0.0024154589372,0.0048309178744,0.0193236714976,0.0006038647343,0.0018115942029
0.0342285413375,0.0142180094787,0.0236966824645,0.0394944707741,0.0742496050553,0.0405476566614,0.042654028436,0.0310689836756,0.0157977883096,0.0521327014218,0.0484465508162,0.0695102685624,0.0252764612954,0.0431806213797,0.0100052659294,0.0231700895208,0.0279094260137,0.0352817272249,0.0115850447604,0.0842548709847,0.0189573459716,0.0331753554502,0.00421274354924,0.00421274354924,0.0589784096893,0.00947867298578,0.0384412848868,0.0100052659294,0.00368615060558,0.0263296471827,0.00421274354924,0.00263296471827,0.00737230121116,0.015271195366,0.00210637177462,0.00947867298578,0.000526592943655,0.00421274354924
0.01585565883,0.0188627665391,0.00820120284308,0.050574084199,0.0434663750683,0.0434663750683,0.0330781848004,0.0174958993986,0.00628758884636,0.0574084199016,0.0396391470749,0.0456533624932,0.0262438490979,0.0330781848004,0.0155822854019,0.0382722799344,0.0369054127939,0.0440131219245,0.0120284308365,0.107162383816,0.0273373428103,0.0626025150355,0.00328048113723,0.00464734827775,0.0524876981957,0.0112083105522,0.0475669764899,0.0120284308365,0.00546746856206,0.0125751776927,0.00546746856206,0.00300710770913,0.00437397484964,0.0300710770913,0.00410060142154,0.0112083105522,0.000820120284308,0.00847457627119
0.0102040816327,0.00867346938776,0.0163265306122,0.0255102040816,0.120408163265,0.0352040816327,0.0602040816327,0.0137755102041,0.00357142857143,0.0290816326531,0.0433673469388,0.044387755102,0.0336734693878,0.0627551020408,0.0102040816327,0.034693877551,0.0265306122449,0.0525510204082,0.0183673469388,0.0831632653061,0.0127551020408,0.111224489796,0.00765306122449,0.00561224489796,0.0147959183673,0.00816326530612,0.0494897959184,0.00714285714286,0.00102040816327,0.0112244897959,0.00612244897959,0.00816326530612,0.0030612244898,0.00408163265306,0.00969387755102,0.00408163265306,0.0,0.0030612244898
0.00155339805825,0.00427184466019,0.00582524271845,0.0132038834951,0.0178640776699,0.107184466019,0.14640776699,0.0120388349515,0.0112621359223,0.00271844660194,0.0252427184466,0.0699029126214,0.0601941747573,0.0341747572816,0.015145631068,0.0201941747573,0.0900970873786,0.0442718446602,0.0508737864078,0.0244660194175,0.0132038834951,0.0594174757282,0.00621359223301,0.00776699029126,0.0163106796117,0.00621359223301,0.0714563106796,0.00116504854369,0.00349514563107,0.0190291262136,0.00271844660194,0.0073786407767,0.0112621359223,0.00660194174757,0.00116504854369,0.00815533980583,0.000776699029126,0.000776699029126
0.0323886639676,0.0080971659919,0.00202429149798,0.0273279352227,0.0465587044534,0.0242914979757,0.0465587044534,0.0161943319838,0.0080971659919,0.0728744939271,0.0414979757085,0.0374493927126,0.0313765182186,0.0465587044534,0.00607287449393,0.0242914979757,0.0435222672065,0.0526315789474,0.0151821862348,0.107287449393,0.0182186234818,0.105263157895,0.00708502024291,0.0101214574899,0.0344129554656,0.0172064777328,0.0344129554656,0.00708502024291,0.00202429149798,0.0182186234818,0.00506072874494,0.00506072874494,0.00708502024291,0.0151821862348,0.00303643724696,0.00910931174089,0.0,0.0111336032389
0.0,0.0077519379845,0.046511627907,0.0,0.0387596899225,0.046511627907,0.0852713178295,0.0232558139535,0.0,0.139534883721,0.0697674418605,0.0542635658915,0.0077519379845,0.031007751938,0.0232558139535,0.0387596899225,0.0697674418605,0.031007751938,0.031007751938,0.0232558139535,0.0542635658915,0.062015503876,0.0,0.0077519379845,0.0,0.0077519379845,0.031007751938,0.015503875969,0.015503875969,0.015503875969,0.015503875969,0.0,0.0,0.0077519379845,0.0,0.0,0.0,0.0
0.0,0.00174367916303,0.00261551874455,0.00435919790759,0.0261551874455,0.0217959895379,0.0453356582389,0.0985178727114,0.00261551874455,0.0139494333043,0.0836965998256,0.319965126417,0.0444638186574,0.102877070619,0.00610287707062,0.0209241499564,0.00435919790759,0.00784655623365,0.00871839581517,0.0261551874455,0.00871839581517,0.0479511769834,0.00697471665214,0.00871839581517,0.0165649520488,0.0052310374891,0.0191804707934,0.00610287707062,0.000871839581517,0.00348735832607,0.00174367916303,0.00174367916303,0.00871839581517,0.00959023539669,0.000871839581517,0.00871839581517,0.0,0.00261551874455
0.00256316367631,0.00256316367631,0.00256316367631,0.00439399487367,0.0223361406078,0.0377151226657,0.119736360308,0.0248993042841,0.0124496521421,0.00732332478945,0.0380812889052,0.0399121201025,0.0314902965947,0.0563896008788,0.0080556572684,0.0186744782131,0.0369827901867,0.0497986085683,0.0519956060051,0.0369827901867,0.0139143171,0.0933723910655,0.00476016111315,0.0080556572684,0.0179421457342,0.00952032222629,0.0930062248261,0.00768949102893,0.00109849871842,0.020139143171,0.00732332478945,0.020139143171,0.0164774807763,0.0421091175394,0.0128158183815,0.0227023068473,0.00183083119736,0.00219699743684
0.00143472022956,0.000956480153037,0.00669536107126,0.00502152080344,0.0236728837877,0.0349115255858,0.0640841702535,0.0176948828312,0.0121951219512,0.00789096126255,0.031324725012,0.0504543280727,0.0418460066954,0.0306073648972,0.00717360114778,0.0286944045911,0.0169775227164,0.0231946437111,0.0700621712099,0.0772357723577,0.0392156862745,0.0906264945002,0.0131516021043,0.0272596843615,0.0499760879962,0.0102821616451,0.0829746532759,0.0265423242468,0.00286944045911,0.0150645624103,0.0105212816834,0.0112386417982,0.0100430416069,0.0263032042085,0.00932568149211,0.0174557627929,0.00334768053563,0.00167384026781
0.00322335987865,0.00682593856655,0.00985968904058,0.00417140690178,0.0113765642776,0.0401971937808,0.0474023511566,0.0180128934395,0.00720515737581,0.00511945392491,0.0246492226014,0.0381114903299,0.0777398558969,0.067500948047,0.00663632916193,0.0328024270004,0.0606750094805,0.0762229806598,0.0398179749716,0.0328024270004,0.00872203261282,0.0798255593477,0.00796359499431,0.0227531285552,0.0373530527114,0.0183921122488,0.0940462646947,0.00739476678043,0.00492984452029,0.0212362533182,0.0106181266591,0.0128934395146,0.0117557830868,0.0227531285552,0.0113765642776,0.0132726583239,0.00208570345089,0.00227531285552
0.00589604344453,0.0102404965089,0.00201706749418,0.0203258339798,0.0746314972847,0.0158262218774,0.0471683475562,0.0367726920093,0.00837858805275,0.033359193173,0.0733902249806,0.101474010861,0.0502715283165,0.0395655546936,0.00977501939488,0.0420480993018,0.0271528316524,0.0422032583398,0.0256012412723,0.11326609775,0.0166020170675,0.0280837858805,0.00387897595035,0.00496508921645,0.0482544608223,0.00434445306439,0.0513576415826,0.0102404965089,0.00418929402638,0.0105508145849,0.00760279286268,0.000620636152056,0.0021722265322,0.0136539953452,0.00387897595035,0.00822342901474,0.000465477114042,0.00155159038014
0.00366342301088,0.0034344590727,0.00217515741271,0.00858614768174,0.0404121350887,0.0313680595306,0.0502575844305,0.0438465941614,0.0163709215799,0.0287349742416,0.0451058958214,0.132455638237,0.067544361763,0.0878076702919,0.0282770463652,0.0839152833429,0.0492272467086,0.0359473382942,0.0337721808815,0.0431597023469,0.00423583285633,0.0121350887235,0.00824270177447,0.00961648540355,0.0400686891815,0.00652547223812,0.0504865483686,0.00801373783629,0.00194619347453,0.00606754436176,0.00160274756726,0.00022896393818,0.0011448196909,0.00549513451631,0.00171722953635,0.00309101316543,0.00022896393818,0.00309101316543
0.00183936235438,0.00367872470877,0.00153280196199,0.00398528510116,0.0141017780503,0.023911710607,0.0754138565297,0.0357142857143,0.00827713059473,0.0127222562845,0.0199264255058,0.0735744941754,0.0335683629675,0.0735744941754,0.0291232372777,0.0585530349479,0.0351011649295,0.0692826486818,0.0576333537707,0.0504291845494,0.00919681177192,0.0292765174739,0.00567136725935,0.00659104843654,0.0456774984672,0.00935009196812,0.149754751686,0.00429184549356,0.00398528510116,0.00889025137952,0.00674432863274,0.00306560392397,0.00137952176579,0.0136419374617,0.00873697118332,0.00996321275291,0.000306560392397,0.00153280196199
0.00847457627119,0.00564971751412,0.00847457627119,0.0141242937853,0.0112994350282,0.0875706214689,0.0169491525424,0.0169491525424,0.00564971751412,0.00564971751412,0.0338983050847,0.0790960451977,0.0367231638418,0.0734463276836,0.0310734463277,0.0367231638418,0.0254237288136,0.0649717514124,0.0593220338983,0.0395480225989,0.00564971751412,0.0593220338983,0.0169491525424,0.0112994350282,0.0819209039548,0.00564971751412,0.0621468926554,0.0112994350282,0.0,0.0282485875706,0.00564971751412,0.0141242937853,0.00282485875706,0.0112994350282,0.00564971751412,0.0169491525424,0.0,0.0
0.00629496402878,0.0089928057554,0.011690647482,0.00989208633094,0.0134892086331,0.0287769784173,0.0368705035971,0.00989208633094,0.00089928057554,0.0044964028777,0.0278776978417,0.0179856115108,0.0494604316547,0.0377697841727,0.0089928057554,0.0206834532374,0.0170863309353,0.0611510791367,0.105215827338,0.102517985612,0.0197841726619,0.0602517985612,0.00359712230216,0.0152877697842,0.044964028777,0.00539568345324,0.160971223022,0.0125899280576,0.00359712230216,0.0242805755396,0.011690647482,0.0188848920863,0.0044964028777,0.00539568345324,0.00809352517986,0.0161870503597,0.0,0.0044964028777
0.00625,0.0118206521739,0.00366847826087,0.0103260869565,0.0244565217391,0.0201086956522,0.048097826087,0.0195652173913,0.00271739130435,0.009375,0.0506793478261,0.0459239130435,0.0311141304348,0.0671195652174,0.00910326086957,0.035597826087,0.0228260869565,0.0438858695652,0.0172554347826,0.0676630434783,0.019972826087,0.0426630434783,0.00339673913043,0.00421195652174,0.0885869565217,0.0180706521739,0.0883152173913,0.0302989130435,0.0120923913043,0.0326086956522,0.00760869565217,0.00271739130435,0.0114130434783,0.0316576086957,0.0210597826087,0.0271739130435,0.000815217391304,0.00978260869565
0.00686106346484,0.00343053173242,0.00686106346484,0.0102915951973,0.0114351057747,0.0263007432819,0.0308747855918,0.0125786163522,0.00571755288736,0.0171526586621,0.0360205831904,0.0748999428245,0.0360205831904,0.0977701543739,0.00400228702115,0.021726700972,0.0297312750143,0.0714694110921,0.0245854774157,0.0468839336764,0.0125786163522,0.062893081761,0.00171526586621,0.00343053173242,0.0834762721555,0.0154373927959,0.082332761578,0.0245854774157,0.0102915951973,0.0171526586621,0.0102915951973,0.00400228702115,0.00285877644368,0.032590051458,0.0200114351058,0.0222984562607,0.00285877644368,0.0165809033734
0.00344976282881,0.00362225097025,0.0109529969815,0.00836567485985,0.0114704614058,0.0332039672273,0.0752910737387,0.0148339801639,0.00896938335489,0.00586459680897,0.0140577835274,0.0343251401466,0.0490728762398,0.0507115135834,0.00526088831393,0.023717119448,0.0457093574817,0.0789995687796,0.0571798188875,0.0329452350151,0.00965933592066,0.0556274256145,0.00586459680897,0.00707201379905,0.0568348426046,0.0143165157395,0.103837861147,0.0198361362656,0.00905562742561,0.0427770590772,0.00991806813282,0.0138852953859,0.0110392410522,0.0292367399741,0.0169900819319,0.0158689090125,0.00181112548512,0.00836567485985
0.00559670781893,0.00691358024691,0.00213991769547,0.00411522633745,0.0133333333333,0.0213991769547,0.0299588477366,0.0256790123457,0.00510288065844,0.00477366255144,0.0623868312757,0.0658436213992,0.0330864197531,0.0862551440329,0.00921810699588,0.0381893004115,0.0190946502058,0.0505349794239,0.0209053497942,0.0454320987654,0.0136625514403,0.0355555555556,0.00197530864198,0.00164609053498,0.0666666666667,0.0172839506173,0.0553086419753,0.04,0.00691358024691,0.043950617284,0.00641975308642,0.0149794238683,0.00493827160494,0.0666666666667,0.0299588477366,0.0358847736626,0.000987654320988,0.00724279835391
0.00466355762825,0.00199866755496,0.00333111259161,0.00666222518321,0.0113257828115,0.0239840106596,0.0413057961359,0.0146568954031,0.000666222518321,0.00399733510993,0.0093271152565,0.0552964690207,0.0266489007328,0.0846102598268,0.00599600266489,0.0546302465023,0.0532978014657,0.0473017988008,0.055962691539,0.0393071285809,0.00333111259161,0.0599600266489,0.0093271152565,0.00333111259161,0.0406395736176,0.0213191205863,0.0606262491672,0.051965356429,0.018654230513,0.0626249167222,0.00799467021985,0.00666222518321,0.00732844770153,0.0466355762825,0.0159893404397,0.0199866755496,0.000666222518321,0.0179880079947
0.00734394124847,0.00514075887393,0.0093023255814,0.00954712362301,0.0100367197062,0.0347613219094,0.0455324357405,0.0126070991432,0.00575275397797,0.00722154222766,0.0204406364749,0.0314565483476,0.04394124847,0.0394124847001,0.00526315789474,0.015299877601,0.0389228886169,0.0587515299878,0.0378212974296,0.0294981640147,0.00722154222766,0.0520195838433,0.00440636474908,0.00575275397797,0.0488372093023,0.0105263157895,0.10146878825,0.0356181150551,0.0149326805386,0.112729498164,0.0118727050184,0.0143206854345,0.0135862913097,0.0336597307222,0.0332925336597,0.0220318237454,0.000489596083231,0.00917992656059
0.0,0.00653594771242,0.00490196078431,0.00816993464052,0.00816993464052,0.031045751634,0.0686274509804,0.0114379084967,0.0,0.00490196078431,0.0522875816993,0.0392156862745,0.031045751634,0.0604575163399,0.00980392156863,0.00490196078431,0.0130718954248,0.0375816993464,0.00816993464052,0.0212418300654,0.00326797385621,0.0392156862745,0.0,0.00980392156863,0.0326797385621,0.0245098039216,0.0424836601307,0.016339869281,0.0114379084967,0.0457516339869,0.0424836601307,0.0539215686275,0.031045751634,0.147058823529,0.0343137254902,0.0179738562092,0.00653594771242,0.0196078431373
0.003125,0.0,0.0015625,0.0015625,0.0046875,0.0953125,0.021875,0.0046875,0.00625,0.003125,0.025,0.01875,0.0546875,0.0890625,0.0046875,0.0125,0.0359375,0.053125,0.021875,0.021875,0.0046875,0.0453125,0.0109375,0.0078125,0.034375,0.0046875,0.0578125,0.00625,0.0015625,0.0890625,0.0109375,0.00625,0.0078125,0.13125,0.0375,0.0359375,0.0109375,0.0171875
0.0,0.0030549898167,0.0040733197556,0.0040733197556,0.0213849287169,0.0336048879837,0.0264765784114,0.0122199592668,0.0020366598778,0.0040733197556,0.0142566191446,0.0641547861507,0.0346232179226,0.11099796334,0.0061099796334,0.020366598778,0.0397148676171,0.0549898167006,0.0285132382892,0.0336048879837,0.0050916496945,0.0366598778004,0.0061099796334,0.0030549898167,0.0437881873727,0.0061099796334,0.0498981670061,0.0295315682281,0.0112016293279,0.0570264765784,0.0183299389002,0.0132382892057,0.0213849287169,0.0692464358452,0.0427698574338,0.0468431771894,0.0030549898167,0.0183299389002
0.00246406570842,0.00164271047228,0.00041067761807,0.00944558521561,0.0106776180698,0.011498973306,0.0221765913758,0.029568788501,0.00041067761807,0.00698151950719,0.029158110883,0.0850102669405,0.0685831622177,0.112114989733,0.0123203285421,0.0365503080082,0.0197125256674,0.0537987679671,0.00574948665298,0.0377823408624,0.00903490759754,0.0607802874743,0.00123203285421,0.00328542094456,0.0324435318275,0.00657084188912,0.0316221765914,0.0344969199179,0.00657084188912,0.0480492813142,0.035318275154,0.00616016427105,0.0229979466119,0.0533880903491,0.0266940451745,0.0402464065708,0.0,0.0250513347023
0.00358851674641,0.00358851674641,0.0011961722488,0.0011961722488,0.00717703349282,0.00837320574163,0.0299043062201,0.0311004784689,0.00358851674641,0.0203349282297,0.0586124401914,0.0741626794258,0.0167464114833,0.173444976077,0.00598086124402,0.0203349282297,0.011961722488,0.0203349282297,0.0239234449761,0.0502392344498,0.00239234449761,0.049043062201,0.00478468899522,0.0011961722488,0.0430622009569,0.00837320574163,0.0777511961722,0.0131578947368,0.00478468899522,0.0442583732057,0.0179425837321,0.0107655502392,0.00717703349282,0.0777511961722,0.0191387559809,0.0358851674641,0.0,0.0167464114833
0.00644237652112,0.0,0.000715819613457,0.0100214745884,0.0114531138153,0.0164638511095,0.0393700787402,0.0143163922691,0.00214745884037,0.00357909806729,0.0486757337151,0.0586972083035,0.0629921259843,0.0744452397996,0.00286327845383,0.0229062276306,0.0236220472441,0.0264853256979,0.00858983536149,0.0443808160344,0.0050107372942,0.042233357194,0.00143163922691,0.00286327845383,0.0322118826056,0.0100214745884,0.0436649964209,0.0128847530422,0.00572655690766,0.0100214745884,0.00787401574803,0.0150322118826,0.0243378668576,0.186113099499,0.0680028632785,0.0243378668576,0.00357909806729,0.0264853256979
0.0,0.0,0.0,0.0454545454545,0.0,0.030303030303,0.181818181818,0.0606060606061,0.0,0.0,0.0454545454545,0.030303030303,0.0,0.181818181818,0.0,0.0454545454545,0.0,0.030303030303,0.030303030303,0.0454545454545,0.0,0.0606060606061,0.0,0.0,0.0,0.0,0.0,0.0,0.0151515151515,0.0606060606061,0.030303030303,0.0,0.0,0.030303030303,0.0,0.030303030303,0.0454545454545,0.0
0.00176366843034,0.00352733686067,0.00176366843034,0.015873015873,0.021164021164,0.0123456790123,0.0599647266314,0.00705467372134,0.00705467372134,0.0176366843034,0.0299823633157,0.0511463844797,0.031746031746,0.0299823633157,0.00352733686067,0.00529100529101,0.0229276895944,0.0194003527337,0.0458553791887,0.0511463844797,0.00176366843034,0.010582010582,0.00352733686067,0.00176366843034,0.0405643738977,0.0194003527337,0.0388007054674,0.010582010582,0.00352733686067,0.0388007054674,0.015873015873,0.015873015873,0.0229276895944,0.10758377425,0.0652557319224,0.10582010582,0.010582010582,0.047619047619
