0.244514106583,0.288401253918,0.0846394984326,0.0971786833856,0.0219435736677,0.0438871473354,0.0344827586207,0.00313479623824,0.0,0.012539184953,0.00626959247649,0.012539184953,0.012539184953,0.0,0.00626959247649,0.00940438871473,0.0,0.00940438871473,0.00626959247649,0.0188087774295,0.00940438871473,0.00313479623824,0.0,0.00626959247649,0.0219435736677,0.00313479623824,0.0156739811912,0.00940438871473,0.0,0.00313479623824,0.0,0.0,0.00313479623824,0.0,0.0,0.0,0.0,0.012539184953
0.0233974358974,0.208653846154,0.103205128205,0.326602564103,0.0660256410256,0.0679487179487,0.0278846153846,0.0105769230769,0.00160256410256,0.0125,0.0102564102564,0.0233974358974,0.00737179487179,0.00544871794872,0.00288461538462,0.00352564102564,0.00352564102564,0.00480769230769,0.00192307692308,0.0169871794872,0.00576923076923,0.00961538461538,0.00128205128205,0.00160256410256,0.0141025641026,0.00288461538462,0.0099358974359,0.00544871794872,0.00288461538462,0.00576923076923,0.00192307692308,0.000641025641026,0.000641025641026,0.00480769230769,0.000961538461538,0.00160256410256,0.0,0.00160256410256
0.0114882506527,0.156135770235,0.261618798956,0.111227154047,0.0177545691906,0.240731070496,0.0506527415144,0.00992167101828,0.00313315926893,0.00469973890339,0.00731070496084,0.0109660574413,0.00626631853786,0.00574412532637,0.00104438642298,0.00365535248042,0.0114882506527,0.0109660574413,0.00626631853786,0.00574412532637,0.00261096605744,0.00783289817232,0.00469973890339,0.0,0.00731070496084,0.00208877284595,0.00992167101828,0.00469973890339,0.00156657963446,0.0135770234987,0.00208877284595,0.00104438642298,0.000522193211488,0.00261096605744,0.000522193211488,0.00104438642298,0.00104438642298,0.0
0.0086741016109,0.0710825729413,0.0265104577372,0.31936465022,0.116293041944,0.128834816567,0.0702940182494,0.0185122601479,0.00634598775863,0.0144568360182,0.0198265179678,0.0364237167211,0.013292779092,0.011603019038,0.0033044196613,0.00751004468477,0.00950020652623,0.0105516127821,0.00679659043971,0.0180616574669,0.00597048552439,0.0097630580902,0.00202771206489,0.00413052457662,0.0174608538921,0.00337952010814,0.0146070369119,0.00540723217303,0.00229056362885,0.00679659043971,0.00165220983065,0.000337952010814,0.000450602681086,0.00416807480005,0.000563253351357,0.00180241072434,0.00048815290451,0.00146445871353
0.00463033247305,0.0170790951875,0.00554121754972,0.186200091089,0.101411871869,0.0667223318658,0.0843327766813,0.0431152269622,0.0130560194322,0.0283892515561,0.0443297403978,0.0721117352361,0.0226203127372,0.0293760437225,0.00834977986944,0.012828298163,0.0137391832397,0.0201153787764,0.0110824350994,0.0390921512069,0.0173827235464,0.0275542735692,0.00440261120389,0.00736298770305,0.0400030362836,0.00660391680583,0.0204190071353,0.0107028996508,0.00455442538333,0.0147259754061,0.00166995597389,0.000455442538333,0.00273265523,0.00736298770305,0.00166995597389,0.00349172612722,0.00113860634583,0.00364354030666
0.00340664594788,0.0136265837915,0.0354410710017,0.0954458522591,0.031287353574,0.308928998327,0.195583313411,0.0346043509443,0.0172424097538,0.00457207745637,0.00788907482668,0.0236971073392,0.0334986851542,0.00860626344729,0.00433301458284,0.00863614630648,0.0255797274683,0.0165252211332,0.0144633038489,0.00845684915133,0.00540879751375,0.0157781496534,0.0022412144394,0.00469160889314,0.0123715037055,0.00379512311738,0.0258785560602,0.00654434616304,0.00331699737031,0.0129990437485,0.00209180014344,0.0029882859192,0.0029882859192,0.00280898876404,0.00116543150849,0.00155390867798,0.000537891465455,0.00101601721253
0.00328086408375,0.00674604637446,0.00873668300955,0.054189552844,0.0349098683968,0.235816713975,0.190732480554,0.0539315073543,0.0236295941313,0.00468168245659,0.00965827404431,0.0366055959008,0.0551111438788,0.015667047591,0.00641427360195,0.0147085929148,0.0383013234047,0.0283850038707,0.0193165480886,0.0113171379069,0.00704095550558,0.0213809120065,0.00434990968408,0.00652486452612,0.0160725476463,0.0050503188705,0.0344306410587,0.00906845578206,0.00630368267777,0.0161094112876,0.00342831864932,0.00269104582151,0.00460795517381,0.00412872783574,0.00147454565562,0.00206436391787,0.000516090979467,0.00261731853873
0.0013200075429,0.00339430511031,0.00339430511031,0.0488402790873,0.041108806336,0.123326419008,0.148783707335,0.0196115406374,0.0150858004903,0.00961719781256,0.0218744107109,0.0445031114464,0.0331887610786,0.0343201961154,0.0139543654535,0.0343201961154,0.0609089194795,0.0473316990383,0.0373373562135,0.019045823119,0.0111257778616,0.0414859513483,0.01169149538,0.0165943805393,0.0265887233641,0.00999434282482,0.0433716764096,0.0115029228738,0.0109372053555,0.0211201206864,0.00414859513483,0.00452574014709,0.00320573260419,0.00848576277579,0.00245144257967,0.00433716764096,0.00150858004903,0.00565717518386
0.00325,0.00475,0.00475,0.03225,0.031,0.17925,0.26175,0.0345,0.0225,0.00625,0.011,0.03425,0.04,0.0155,0.006,0.015,0.051,0.03925,0.0365,0.01275,0.0055,0.02475,0.00525,0.00875,0.01475,0.00375,0.03775,0.00675,0.00625,0.02075,0.008,0.00275,0.005,0.00375,0.001,0.00175,0.00075,0.00125
0.0062625250501,0.0162825651303,0.00526052104208,0.0779058116232,0.112224448898,0.0263026052104,0.0360721442886,0.0172845691383,0.00551102204409,0.0458416833667,0.061372745491,0.0566132264529,0.0150300601202,0.0363226452906,0.00901803607214,0.0115230460922,0.0155310621242,0.0278056112224,0.00876753507014,0.0949398797595,0.0323146292585,0.0448396793587,0.00576152304609,0.0112725450902,0.0789078156313,0.0175350701403,0.0313126252505,0.0167835671343,0.00851703406814,0.0205410821643,0.00300601202405,0.00175350701403,0.00350701402806,0.0180360721443,0.00425851703407,0.00751503006012,0.00175350701403,0.0065130260521
0.00310696848646,0.00965379494008,0.00332889480692,0.0642476697736,0.0650244118953,0.0280736795384,0.0357301375943,0.0270750110963,0.00743453173546,0.0633599644918,0.0478251220595,0.0512649800266,0.0221926320462,0.0224145583666,0.0124278739458,0.0149800266312,0.0221926320462,0.0342876165113,0.0127607634265,0.0974256546826,0.0163115845539,0.0683533067022,0.00565912117177,0.0163115845539,0.0682423435419,0.0154238792721,0.0399467376831,0.0228584110075,0.0126498002663,0.0291833111407,0.00532623169108,0.00299600532623,0.00421660008877,0.0127607634265,0.005770084332,0.00798934753662,0.00388371060808,0.017310252996
0.00172922388363,0.00671345743058,0.00345844776727,0.0552334452243,0.0627606550707,0.0534025022887,0.0626589360187,0.0244125724748,0.0154612959007,0.0366188587122,0.0344827586207,0.0339741633608,0.0275658630862,0.0391618350117,0.0089512765741,0.0221747533313,0.0334655681009,0.0497406164175,0.0196317770318,0.0528939070288,0.023395381955,0.0834096226223,0.0148509815889,0.0208524056556,0.0412979351032,0.00996846709389,0.0432305970908,0.0165802054725,0.0131217577052,0.028379615502,0.00620486217068,0.00264469535144,0.00620486217068,0.0132234767572,0.00386532397518,0.00966330993795,0.00335672871529,0.0152578577968
0.00102197240675,0.00459887583035,0.00217169136433,0.0293817066939,0.0273377618804,0.103602452734,0.177184466019,0.0344915687276,0.0275932549821,0.0104752171691,0.0204394481349,0.0398569238631,0.0341083290751,0.027721001533,0.00549310168625,0.02120592744,0.0503321410322,0.0657894736842,0.043178334185,0.0168625447113,0.0103474706183,0.0371742462954,0.0123914154318,0.0111139499234,0.021972406745,0.00894225855902,0.0659172202351,0.0135411343894,0.00689831374553,0.0270822687787,0.0083035258048,0.00485436893204,0.00370464997445,0.00958099131323,0.00370464997445,0.00396014307614,0.00242718446602,0.00523760858457
0.00235123892205,0.00434074877916,0.00253210345451,0.0378006872852,0.0347259902333,0.0441309459215,0.0410562488696,0.0350877192982,0.0113944655453,0.0296617833243,0.0256827636101,0.0721649484536,0.0300235123892,0.0244167118828,0.00723458129861,0.0159160788569,0.0359920419606,0.0470247784409,0.0327364803762,0.064930367155,0.0137457044674,0.085910652921,0.00795803942847,0.028757460662,0.0453969976488,0.0126605172726,0.0578766503889,0.0247784409477,0.010490142883,0.0314704286489,0.00886236209079,0.00343642611684,0.00904322662326,0.0142882980647,0.00596852957135,0.00813890396093,0.00578766503889,0.0262253572075
0.0019801980198,0.0019801980198,0.000990099009901,0.0207920792079,0.0415841584158,0.0465346534653,0.0524752475248,0.0267326732673,0.0118811881188,0.0148514851485,0.0336633663366,0.0534653465347,0.0267326732673,0.029702970297,0.0108910891089,0.0158415841584,0.0247524752475,0.0386138613861,0.0306930693069,0.0376237623762,0.0188118811881,0.0970297029703,0.0188118811881,0.0475247524752,0.0564356435644,0.0128712871287,0.0980198019802,0.0237623762376,0.0188118811881,0.0227722772277,0.00693069306931,0.0039603960396,0.0108910891089,0.0168316831683,0.0029702970297,0.00990099009901,0.000990099009901,0.0108910891089
0.00274809160305,0.0030534351145,0.00152671755725,0.0311450381679,0.0311450381679,0.070534351145,0.0851908396947,0.0726717557252,0.0170992366412,0.0192366412214,0.0259541984733,0.0726717557252,0.0479389312977,0.0317557251908,0.00458015267176,0.0134351145038,0.0195419847328,0.0311450381679,0.0268702290076,0.0378625954198,0.0137404580153,0.0687022900763,0.0149618320611,0.0241221374046,0.0345038167939,0.00824427480916,0.0711450381679,0.0177099236641,0.00641221374046,0.0317557251908,0.00580152671756,0.00396946564885,0.00854961832061,0.0143511450382,0.0036641221374,0.00549618320611,0.00427480916031,0.0164885496183
0.0011956001913,0.00382592061215,0.00298900047824,0.0282161645146,0.0242706838833,0.0661166905787,0.10987565758,0.038737446198,0.0263032042085,0.010162601626,0.019368723099,0.0511716881875,0.0417264466762,0.0334768053563,0.00860832137733,0.015662362506,0.0306073648972,0.0447154471545,0.0540411286466,0.0353897656624,0.0132711621234,0.0753228120516,0.00801052128168,0.0202056432329,0.0284552845528,0.00765184122429,0.0781922525108,0.0135102821616,0.0105212816834,0.0402917264467,0.00549976087996,0.00621712099474,0.00860832137733,0.00920612147298,0.00394548063128,0.00729316116691,0.00334768053563,0.0139885222382
0.00116508334827,0.00241978849256,0.00188205771644,0.0239290195376,0.0211507438609,0.0404194300054,0.0639899623588,0.030023301667,0.0164007886718,0.0194479297365,0.0276035131744,0.0609428212941,0.0557447571249,0.0276035131744,0.0090518013981,0.0164007886718,0.034414769672,0.0311883850152,0.0447212762144,0.0552070263488,0.0190894425524,0.0812869689909,0.00941028858218,0.0265280516222,0.0434665710701,0.017207384836,0.0969707832945,0.0177451156121,0.0134432694031,0.0371034235526,0.00797633984585,0.00663201290554,0.00878293601004,0.0122781860548,0.00241978849256,0.00672163470156,0.00188205771644,0.0073489872737
0.00148235991699,0.0037553117897,0.00296471983398,0.0184800869651,0.0137365352308,0.0381460618638,0.0525743650558,0.0228283427216,0.0225318707382,0.00672003162368,0.011463583358,0.0306354382844,0.0497084692163,0.0204565668544,0.00494119972329,0.0263860065224,0.0504990611721,0.0544520209507,0.0597885166518,0.0337978061073,0.0135388872418,0.0626544124914,0.00741179958494,0.0153177191422,0.0548473169286,0.013143591264,0.135388872418,0.0312283822512,0.0213459828046,0.0617649965412,0.0124518233027,0.00751062357941,0.00899298349639,0.0126494712916,0.00336001581184,0.00504002371776,0.000988239944659,0.00701650360708
0.00210891014536,0.006628003314,0.00135572795059,0.0320102432778,0.0450402952474,0.0270392407923,0.0333659712284,0.0170219176019,0.00482036604655,0.0393914287866,0.071175717406,0.0659787602621,0.0204865556978,0.0463207049785,0.0128040973111,0.0203359192589,0.0339685169843,0.0519695714393,0.0209384650147,0.084431724034,0.0238758755743,0.0272651954508,0.01009264141,0.0120509151164,0.0874444528131,0.014837689237,0.0472245236123,0.0276417865482,0.013105370189,0.0291481509377,0.00700459441139,0.00346463809596,0.0073058672893,0.0210891014536,0.00670332153348,0.00971605031257,0.00128040973111,0.0135572795059
0.00301204819277,0.00580895008606,0.00344234079174,0.0290447504303,0.0398020654045,0.0331325301205,0.0475473321859,0.0232358003442,0.00645438898451,0.0460413080895,0.0561531841652,0.0666953528399,0.0238812392427,0.0527108433735,0.0185025817556,0.0159208261618,0.0249569707401,0.0540017211704,0.026247848537,0.0892857142857,0.0126936316695,0.0346385542169,0.0092512908778,0.0223752151463,0.0688468158348,0.0157056798623,0.0481927710843,0.0249569707401,0.0092512908778,0.0303356282272,0.00559380378657,0.00236660929432,0.00451807228916,0.0182874354561,0.00279690189329,0.00817555938038,0.00387263339071,0.0122633390706
0.00181801654395,0.00309062812472,0.00181801654395,0.0169984546859,0.0204526861194,0.0304517771112,0.044177802018,0.0227252067994,0.00563585128625,0.0250886283065,0.0376329424598,0.0615398600127,0.0249977274793,0.0554495045905,0.0155440414508,0.0189073720571,0.0362694300518,0.0611762567039,0.0449959094628,0.0576311244432,0.0114535042269,0.0260885374057,0.00636305790383,0.013362421598,0.0807199345514,0.0167257522043,0.0978092900645,0.027633851468,0.0148168348332,0.0448141078084,0.0114535042269,0.00427233887828,0.00536314880465,0.0205435869466,0.00572675211344,0.00836287610217,0.00263612398873,0.0154531406236
0.00123001230012,0.00246002460025,0.000615006150062,0.0221402214022,0.0116851168512,0.0246002460025,0.0473554735547,0.039975399754,0.00984009840098,0.0178351783518,0.0239852398524,0.0621156211562,0.0344403444034,0.0350553505535,0.00369003690037,0.0246002460025,0.0282902829028,0.029520295203,0.0319803198032,0.0412054120541,0.0110701107011,0.0467404674047,0.0116851168512,0.0147601476015,0.0664206642066,0.0276752767528,0.150676506765,0.0461254612546,0.0239852398524,0.0381303813038,0.0110701107011,0.00492004920049,0.00553505535055,0.0209102091021,0.00738007380074,0.00307503075031,0.00184501845018,0.0153751537515
0.00140449438202,0.00316011235955,0.00421348314607,0.0182584269663,0.0168539325843,0.0347612359551,0.0347612359551,0.0316011235955,0.00772471910112,0.0150983146067,0.0235252808989,0.0477528089888,0.0344101123596,0.0323033707865,0.0108848314607,0.0203651685393,0.0207162921348,0.0495084269663,0.0400280898876,0.064606741573,0.0224719101124,0.033356741573,0.00526685393258,0.0147471910112,0.100421348315,0.0147471910112,0.12183988764,0.0424859550562,0.0235252808989,0.0435393258427,0.0119382022472,0.00245786516854,0.00561797752809,0.0158005617978,0.00421348314607,0.00316011235955,0.00456460674157,0.0179073033708
0.000971240489937,0.00199643878487,0.000863324879944,0.0167269195489,0.0172664975989,0.015000269789,0.0202341768737,0.0101980251443,0.00377704634975,0.0206118815087,0.0230939405385,0.0234176873685,0.0134354934441,0.0237414341985,0.00453245561971,0.00528786488966,0.0114930124643,0.0248205902984,0.0260616198133,0.0707926401554,0.0135434090541,0.0340473749528,0.00582744293962,0.0116009280742,0.196406410187,0.0327523876329,0.109912048778,0.0878433065343,0.0338315437328,0.0674472562456,0.00836345977446,0.0031295526898,0.00426266659472,0.0348567420277,0.00717638806453,0.00803971294448,0.00124102951492,0.00539578049965
0.00203148806501,0.00457084814627,0.00330116810564,0.0190452006094,0.0162519045201,0.0228542407313,0.0279329608939,0.0149822244794,0.00482478415439,0.0198070086338,0.026155408837,0.0472320975114,0.0109192483494,0.044438801422,0.00863382427628,0.0129507364144,0.0165058405282,0.040375825292,0.0271711528695,0.0675469781615,0.0205688166582,0.0436769933977,0.010157440325,0.0119349923819,0.121127475876,0.0182833925851,0.0919248349416,0.0660233621127,0.0355510411376,0.0693245302184,0.00939563230066,0.00253936008126,0.00507872016252,0.032249873032,0.0068562722194,0.00609446419502,0.00152361604876,0.010157440325
0.000900823610158,0.00201612903226,0.00278826355525,0.00999485243651,0.00853637611531,0.0248798901853,0.0326012354152,0.0137697323267,0.00840768702814,0.00643445435827,0.00883665065202,0.0187886067261,0.0292124227865,0.0170298558682,0.00411805078929,0.01346945779,0.0305422100206,0.0546070693205,0.057309540151,0.0302419354839,0.0109385724091,0.0462851750172,0.00845058339053,0.0156571722718,0.0982326698696,0.0195178448868,0.136238846946,0.0546070693205,0.0516901166781,0.121139327385,0.0109385724091,0.00570521619767,0.00673472889499,0.0249656829101,0.00394646533974,0.00441832532601,0.00120109814688,0.0048472889499
0.00088638195004,0.00185334407736,0.0016921837228,0.0114423851732,0.0117647058824,0.0120870265915,0.0186946011281,0.00829975825947,0.0030620467365,0.00983078162772,0.0140209508461,0.021273166801,0.0103948428687,0.0157131345689,0.00322320709106,0.00491539081386,0.00765511684126,0.0182917002417,0.0205479452055,0.0413376309428,0.00821917808219,0.0246575342466,0.00507655116841,0.00838033843674,0.16833199033,0.0312651087832,0.0914585012087,0.112328767123,0.0636583400483,0.115471394037,0.0123287671233,0.0044319097502,0.00556003223207,0.0680096696213,0.0164383561644,0.0150684931507,0.000805801772764,0.0115229653505
0.00082850041425,0.00289975144988,0.000414250207125,0.0130488815244,0.00932062966031,0.0173985086993,0.0207125103563,0.0107705053853,0.00517812758906,0.00621375310688,0.00683512841756,0.0118061309031,0.0124275062138,0.0120132560066,0.00455675227838,0.00869925434963,0.0115990057995,0.0234051367026,0.0292046396023,0.0234051367026,0.00538525269263,0.0310687655344,0.00766362883181,0.0101491300746,0.121168185584,0.0207125103563,0.0963131731566,0.132145816073,0.0613090306545,0.154515327258,0.0205053852527,0.00787075393538,0.00600662800331,0.057787903894,0.0128417564209,0.009942004971,0.00207125103563,0.0118061309031
0.000807801050141,0.00167330217529,0.00207720270036,0.00848191102648,0.00698170907622,0.0150020195026,0.0190987248283,0.0100975131268,0.0045583059258,0.00600080780105,0.00680860885119,0.0129248168023,0.0151751197277,0.00934741215164,0.00242340315042,0.00698170907622,0.0155790202527,0.0279845363799,0.0274075356298,0.0249841324794,0.00669320870117,0.0281576366049,0.00478910622584,0.00842421095147,0.080260804339,0.0195603254284,0.135248975824,0.0918008193411,0.0717211932376,0.209566672437,0.0244071317293,0.0110207143269,0.00813571057642,0.045871559633,0.0106168138019,0.00715480930125,0.00121170157521,0.0109630142519
0.00182232346241,0.00592255125285,0.00227790432802,0.00820045558087,0.00683371298405,0.019589977221,0.019589977221,0.00728929384966,0.00637813211845,0.0113895216401,0.00637813211845,0.0159453302961,0.0145785876993,0.0118451025057,0.00364464692483,0.00683371298405,0.0200455580866,0.0382687927107,0.0191343963554,0.028701594533,0.00820045558087,0.0291571753986,0.00364464692483,0.00592255125285,0.0574031890661,0.00820045558087,0.0510250569476,0.0587699316629,0.0314350797267,0.152619589977,0.0728929384966,0.0282460136674,0.0396355353075,0.0833712984055,0.0273348519362,0.0246013667426,0.00273348519362,0.0601366742597
0.0,0.00168067226891,0.000840336134454,0.00252100840336,0.00504201680672,0.0210084033613,0.0310924369748,0.00504201680672,0.00504201680672,0.00420168067227,0.00756302521008,0.0176470588235,0.0327731092437,0.0210084033613,0.00420168067227,0.00924369747899,0.027731092437,0.046218487395,0.0117647058824,0.0445378151261,0.00504201680672,0.0201680672269,0.00336134453782,0.00924369747899,0.053781512605,0.00672268907563,0.0781512605042,0.0436974789916,0.0252100840336,0.161344537815,0.0605042016807,0.0210084033613,0.0394957983193,0.0857142857143,0.0310924369748,0.0235294117647,0.00336134453782,0.0294117647059
0.0019512195122,0.00439024390244,0.000975609756098,0.00878048780488,0.00878048780488,0.0185365853659,0.0278048780488,0.0151219512195,0.00439024390244,0.0117073170732,0.0190243902439,0.0141463414634,0.0360975609756,0.0219512195122,0.000975609756098,0.0107317073171,0.0268292682927,0.0463414634146,0.0224390243902,0.0273170731707,0.0165853658537,0.0190243902439,0.00487804878049,0.0112195121951,0.0419512195122,0.0146341463415,0.06,0.0370731707317,0.0219512195122,0.167317073171,0.0580487804878,0.0160975609756,0.0190243902439,0.0790243902439,0.0326829268293,0.0385365853659,0.0131707317073,0.020487804878
0.000335795836132,0.000503693754197,0.000671591672263,0.00822699798522,0.00957018132975,0.0122565480188,0.0181329751511,0.0063801208865,0.00470114170584,0.00940228341169,0.0144392209537,0.0213230355944,0.0109133646743,0.0191403626595,0.00621222296844,0.0063801208865,0.0114170584285,0.0213230355944,0.0146071188717,0.0362659503022,0.00621222296844,0.0317327065144,0.00419744795165,0.00805910006716,0.117360644728,0.0172934855608,0.0537273337811,0.125923438549,0.061282740094,0.114002686367,0.0285426460712,0.0120886501007,0.0134318334453,0.0906648757555,0.0290463398254,0.0223304231028,0.00218267293486,0.0297179314976
0.000477554918816,0.00477554918816,0.00191021967526,0.00525310410697,0.00955109837631,0.00477554918816,0.0191021967526,0.00429799426934,0.00477554918816,0.0143266475645,0.0138490926457,0.0143266475645,0.0152817574021,0.0162368672397,0.00382043935053,0.00286532951289,0.0124164278892,0.0162368672397,0.0109837631328,0.0219675262655,0.00573065902579,0.0186246418338,0.00286532951289,0.00429799426934,0.0940783190067,0.0167144221585,0.0525310410697,0.113658070678,0.0434574976122,0.116523400191,0.0463228271251,0.0148042024833,0.0229226361032,0.156160458453,0.0200573065903,0.0367717287488,0.00143266475645,0.0358166189112
0.000388953714508,0.00272267600156,0.00116686114352,0.00855698171918,0.0206145468689,0.0155581485803,0.0291715285881,0.0124465188643,0.00350058343057,0.0101127965772,0.0206145468689,0.0264488525865,0.0198366394399,0.0202255931544,0.00661221314664,0.0105017502917,0.0163360560093,0.0357837417347,0.0147802411513,0.0517308440296,0.0147802411513,0.0159471022948,0.00311162971606,0.00544535200311,0.0653442240373,0.0128354725788,0.0423959548814,0.0805134189032,0.0307273434461,0.0657331777518,0.0338389731622,0.0241151302995,0.0353947880202,0.120186697783,0.0431738623104,0.0295604823026,0.00194476857254,0.0478413068845
0.0,0.0,0.0,0.0174129353234,0.0298507462687,0.00497512437811,0.0149253731343,0.0174129353234,0.00248756218905,0.0248756218905,0.0796019900498,0.0547263681592,0.0124378109453,0.0398009950249,0.00995024875622,0.0174129353234,0.0273631840796,0.0298507462687,0.0124378109453,0.044776119403,0.0174129353234,0.0323383084577,0.00995024875622,0.0199004975124,0.0522388059701,0.0149253731343,0.0248756218905,0.0547263681592,0.0323383084577,0.089552238806,0.0373134328358,0.00746268656716,0.0124378109453,0.101990049751,0.00746268656716,0.00248756218905,0.0,0.0422885572139
0.00213561131874,0.00106780565937,0.00106780565937,0.0112119594234,0.00480512546716,0.0112119594234,0.0149492792312,0.0112119594234,0.00213561131874,0.0122797650828,0.0325680726108,0.0192205018687,0.0133475707421,0.0213561131874,0.00427122263748,0.00907634810464,0.0192205018687,0.0272290443139,0.0149492792312,0.0539241857982,0.0165509877202,0.0320341697811,0.00266951414842,0.00907634810464,0.06780565937,0.0133475707421,0.0496529631607,0.0758142018153,0.0250934329952,0.0923651895355,0.0352375867592,0.0154831820609,0.0266951414842,0.123865456487,0.0416444207154,0.0336358782702,0.00533902829685,0.0464495461826
