0.225080385852,0.176848874598,0.0675241157556,0.147909967846,0.016077170418,0.0385852090032,0.0418006430868,0.0,0.0032154340836,0.0257234726688,0.0128617363344,0.0225080385852,0.0064308681672,0.0032154340836,0.0,0.0032154340836,0.0096463022508,0.0096463022508,0.0096463022508,0.0128617363344,0.0257234726688,0.0064308681672,0.0,0.0,0.0385852090032,0.0064308681672,0.032154340836,0.016077170418,0.0225080385852,0.0096463022508,0.0,0.0,0.0,0.0032154340836,0.0,0.0032154340836,0.0,0.0032154340836
0.0246218782976,0.21878297573,0.114667604643,0.276820260288,0.0495954977137,0.0640168835737,0.0400984875132,0.0066830812522,0.0038691523039,0.00914526908196,0.0161800914527,0.0175870559268,0.0130144213859,0.00844178684488,0.00316567006683,0.00140696447415,0.00597959901512,0.00773830460781,0.00492437565951,0.0196975026381,0.00809004572635,0.00844178684488,0.0,0.00457263454098,0.0218079493493,0.0038691523039,0.0123109391488,0.00914526908196,0.00316567006683,0.0112557157932,0.00246218782976,0.000703482237074,0.000703482237074,0.00527611677805,0.00140696447415,0.0,0.0,0.000351741118537
0.0153524075366,0.148639218423,0.277041172366,0.0872295882763,0.0118632240056,0.225401256106,0.0537334263782,0.0118632240056,0.00348918353105,0.00348918353105,0.0062805303559,0.00907187718074,0.0153524075366,0.00209351011863,0.00209351011863,0.00558269364969,0.00697836706211,0.00209351011863,0.00418702023726,0.0104675505932,0.00488485694348,0.0111653872994,0.00139567341242,0.00209351011863,0.0146545708304,0.00418702023726,0.0223307745987,0.00279134682484,0.00139567341242,0.0202372644801,0.0062805303559,0.0,0.00279134682484,0.00209351011863,0.0,0.000697836706211,0.0,0.000697836706211
0.0101638827608,0.0651985502679,0.0276946107784,0.310786322093,0.113654270407,0.121060510558,0.0658682634731,0.0195004727387,0.00665773715726,0.0123699968484,0.0226914591869,0.0405767412543,0.0146942956193,0.0126851560038,0.00397888433659,0.00736684525685,0.00937598487236,0.0103214623385,0.00988811849984,0.0193822880555,0.00586983926883,0.0109517806492,0.00244248345414,0.00350614560353,0.0213126378821,0.00342735581469,0.0155215884021,0.00673652694611,0.00323038134258,0.0102426725496,0.00141821619918,0.00070910809959,0.00130003151592,0.00378190986448,0.00149700598802,0.00185156003782,7.87897888434e-05,0.00220611408761
0.00351837372948,0.0211102423769,0.00641125879593,0.19835809226,0.103205629398,0.0659890539484,0.0752150117279,0.0387021110242,0.0107896794371,0.0270523846755,0.0437842064113,0.0698201720094,0.0227521501173,0.0266614542611,0.00531665363565,0.0103205629398,0.0191555903049,0.0200156372166,0.00985144644253,0.0392494136044,0.0122752150117,0.0252541047694,0.00570758405004,0.00641125879593,0.0408131352619,0.00664581704457,0.0258014073495,0.0113369820172,0.00742767787334,0.0146989835809,0.00351837372948,0.00086004691165,0.00218921032056,0.0086004691165,0.00320562939797,0.00367474589523,0.000703674745895,0.00359655981235
0.00363567980944,0.0153889550555,0.036607534633,0.0912681000439,0.0294615432834,0.285056102301,0.19234626716,0.0344135899204,0.0164232432771,0.00429386322322,0.0105309346204,0.0262333103492,0.0326897762176,0.0103115401492,0.0034476274055,0.0086817526484,0.0270795461669,0.0180216887106,0.0150441923149,0.0100608036106,0.00623707139723,0.0211872375102,0.00335360120354,0.004952046637,0.0140099040933,0.004952046637,0.0268914937629,0.00987275120667,0.00435654735786,0.0174888735661,0.00360433774212,0.00181783990472,0.00222528677992,0.00391775841535,0.00103428822165,0.00147307716417,0.000407446875196,0.00122234062559
0.00372403731716,0.00733289822244,0.0098667792836,0.0575882059354,0.0370484124851,0.228087687642,0.179521633969,0.0479517794756,0.0242254386302,0.00614274196645,0.0120935232464,0.0401965677429,0.0490267593197,0.0165470111721,0.00679540830038,0.0153184627788,0.03570468768,0.0305985334204,0.0209621069605,0.0110569355396,0.00764003532077,0.0250700656506,0.00426152723922,0.00691058471225,0.0183130494875,0.00587399700541,0.0344761392867,0.0108649748532,0.00637309479019,0.0189657158214,0.00360886090529,0.00261066533574,0.00372403731716,0.00583560486812,0.00161246976619,0.00165086190348,0.000307137098322,0.00211156755097
0.00183854253719,0.00417850576634,0.00484706668895,0.0488049473508,0.0469664048136,0.119672405148,0.142403476517,0.0183854253719,0.0150426207588,0.00768845061006,0.0198896874478,0.0397793748955,0.0320909242855,0.0289152599031,0.00986127360856,0.029416680595,0.0509777703493,0.0518134715026,0.0352665886679,0.0203911081397,0.0108641149925,0.0414507772021,0.0148754805282,0.0198896874478,0.0300852415176,0.00852415176333,0.0551562761157,0.0160454621427,0.0105298345312,0.0262410162126,0.00317566438242,0.00584990807287,0.00451278622764,0.0118669563764,0.00183854253719,0.00484706668895,0.000334280461307,0.00568276784222
0.0024219590958,0.0061894510226,0.0118406889128,0.0355220667384,0.0331001076426,0.190258342304,0.229278794403,0.034983853606,0.022874058127,0.0034983853606,0.0123789020452,0.0347147470398,0.0452099031216,0.0123789020452,0.00672766415501,0.0126480086114,0.052475780409,0.034983853606,0.0365984930032,0.0104951560818,0.00726587728741,0.0239504843918,0.0032292787944,0.0056512378902,0.018837459634,0.0029601722282,0.044402583423,0.0102260495156,0.00753498385361,0.0223358449946,0.004036598493,0.0034983853606,0.0043057050592,0.0048439181916,0.002691065662,0.0032292787944,0.0005382131324,0.0018837459634
0.0050994390617,0.0147883732789,0.00662927078021,0.0856705762366,0.115502294748,0.0257521672616,0.0339112697603,0.0168281489036,0.0101988781234,0.032891381948,0.0578786333503,0.0494645588985,0.0158082610913,0.0374808771035,0.00841407445181,0.0137684854666,0.0147883732789,0.0260071392147,0.0137684854666,0.0966343702193,0.0272819989801,0.0456399796022,0.00433452320245,0.00917899031107,0.0805711371749,0.0137684854666,0.0377358490566,0.0260071392147,0.00917899031107,0.0252422233554,0.00484446710862,0.00203977562468,0.00407955124936,0.0147883732789,0.00305966343702,0.0050994390617,0.00127485976543,0.00458949515553
0.00316742081448,0.00848416289593,0.00407239819005,0.0712669683258,0.0623303167421,0.0325791855204,0.0331447963801,0.0244343891403,0.0079185520362,0.0446832579186,0.0430995475113,0.0533936651584,0.0201357466063,0.0245475113122,0.0106334841629,0.0141402714932,0.0211538461538,0.0368778280543,0.0139140271493,0.0925339366516,0.0203619909502,0.0649321266968,0.0066742081448,0.0162895927602,0.0623303167421,0.0164027149321,0.0369909502262,0.0276018099548,0.0147058823529,0.0364253393665,0.00950226244344,0.00294117647059,0.00542986425339,0.0175339366516,0.0052036199095,0.00837104072398,0.00429864253394,0.0214932126697
0.00266895434182,0.00695834524831,0.00362215232104,0.0594795539033,0.0530931274426,0.052521208655,0.0654847011724,0.0223048327138,0.013440091507,0.0269755028119,0.0330759698789,0.0336478886665,0.0242112286722,0.0344104470499,0.00695834524831,0.0246878276618,0.0351730054332,0.0527118482509,0.0202077971595,0.0492803355257,0.0188733199886,0.0865503765132,0.0137260509008,0.024497188066,0.0433705080545,0.0095319797922,0.0500428939091,0.0247831474597,0.0126775331236,0.0337432084644,0.00590982747117,0.00238299494805,0.00600514726909,0.0187780001906,0.0047659898961,0.00733962444,0.00162043656467,0.0144886092841
0.00183755972069,0.0047776552738,0.00306259953448,0.0329535709911,0.0312385152517,0.107558495651,0.163175303197,0.0285434276614,0.0200906529462,0.00931030258483,0.0209481808159,0.0388337620973,0.0343011147862,0.0291559475683,0.00624770305035,0.0210706847973,0.0480215607007,0.0540242557883,0.047776552738,0.0192331250766,0.0118828861938,0.0456939850545,0.0121278941566,0.0181305892442,0.0214381967414,0.0077177508269,0.0657846380007,0.0139654538773,0.00992282249173,0.0273183878476,0.00526767119931,0.00673771897587,0.00784025480828,0.00992282249173,0.00294009555311,0.00551267916207,0.00171505573931,0.00392012740414
0.00151260504202,0.00521008403361,0.00252100840336,0.0389915966387,0.0354621848739,0.0383193277311,0.0475630252101,0.0331092436975,0.0100840336134,0.0287394957983,0.0258823529412,0.0705882352941,0.0267226890756,0.0252100840336,0.00638655462185,0.0203361344538,0.0282352941176,0.0431932773109,0.0267226890756,0.070756302521,0.0166386554622,0.0850420168067,0.00991596638655,0.0225210084034,0.052268907563,0.0114285714286,0.0601680672269,0.023025210084,0.0139495798319,0.0376470588235,0.00655462184874,0.00470588235294,0.00739495798319,0.0173109243697,0.00873949579832,0.0109243697479,0.00403361344538,0.0221848739496
0.000750187546887,0.00300075018755,0.00675168792198,0.0367591897974,0.0420105026257,0.0420105026257,0.0705176294074,0.026256564141,0.013503375844,0.0202550637659,0.0412603150788,0.0405101275319,0.0187546886722,0.0300075018755,0.00975243810953,0.0187546886722,0.0315078769692,0.0450112528132,0.0367591897974,0.0450112528132,0.026256564141,0.0667666916729,0.0270067516879,0.0382595648912,0.0435108777194,0.00525131282821,0.0817704426107,0.0217554388597,0.0120030007502,0.0315078769692,0.00825206301575,0.00150037509377,0.00825206301575,0.0157539384846,0.00450112528132,0.00975243810953,0.00375093773443,0.0150037509377
0.00194174757282,0.00332871012483,0.00305131761442,0.0302357836338,0.0371705963939,0.0649098474341,0.0990291262136,0.0660194174757,0.0183079056865,0.0152565880721,0.0368932038835,0.0679611650485,0.0393897364771,0.026907073509,0.00416088765603,0.0230235783634,0.0185852981969,0.0249653259362,0.0294036061026,0.0366158113731,0.0149791955617,0.0682385575589,0.0122052704577,0.0244105409154,0.0363384188627,0.0119278779473,0.0624133148405,0.0202496532594,0.0113730929265,0.0305131761442,0.00804438280166,0.00305131761442,0.00665742024965,0.0133148404993,0.00332871012483,0.00859916782247,0.00416088765603,0.0130374479889
0.00167444085636,0.00490371965076,0.0032292787944,0.0242793924172,0.0257146274369,0.0685324721923,0.103336921421,0.0371965075948,0.030737950006,0.0110034684846,0.0257146274369,0.0551369453415,0.0368376988399,0.0294223179046,0.00837220428178,0.0155483793805,0.0302595383327,0.0331300083722,0.0485587848343,0.039588565961,0.0149503647889,0.0753498385361,0.00813299844516,0.0210501136228,0.0287047003947,0.0105250568114,0.0761870589642,0.0159071881354,0.0102858509748,0.0387513455328,0.00681736634374,0.00586054299725,0.0108838655663,0.0156679822988,0.00358808754934,0.00609974883387,0.00334888171271,0.0147111589523
0.00174155346569,0.00322187391153,0.00348310693138,0.0240334378265,0.0269940787182,0.0445837687217,0.0714036920933,0.0299547196099,0.0188087774295,0.0185475444096,0.0335249042146,0.057210031348,0.0495471960989,0.0272553117381,0.0073145245559,0.0128874956461,0.0262974573319,0.0242075931731,0.0417102055033,0.0487634970394,0.018373389063,0.0795019157088,0.00740160222919,0.0210727969349,0.0499825844653,0.0144548937652,0.0951758969,0.0203761755486,0.0136711947057,0.0438000696621,0.00809822361546,0.00592128178335,0.0115813305468,0.0169801462905,0.00400557297109,0.0073145245559,0.00287356321839,0.0079240682689
0.00309693403531,0.00299370290079,0.00289047176628,0.0196139155569,0.0180654485393,0.0429441519562,0.0631774543202,0.0234334675338,0.0207494580365,0.00691648601218,0.0138329720244,0.0298337978734,0.0474863218747,0.0225043873232,0.00547125012904,0.0203365334985,0.0428409208217,0.0523381851967,0.0491380200268,0.0317951894291,0.0130071229483,0.0592546712088,0.00753587281924,0.0174460617322,0.0582223598637,0.015587901311,0.127800144524,0.0332404253123,0.0242593166099,0.0740167234438,0.00898110870238,0.00392278311139,0.00763910395375,0.0138329720244,0.00330339630433,0.00495509445649,0.00175492928667,0.00578094353257
0.00253742704897,0.00710479573712,0.00321407426203,0.0329865516366,0.0443203924554,0.0263046604077,0.0336631988497,0.0164086949167,0.00456736868815,0.0443203924554,0.0742620316333,0.0575995940117,0.0216527108179,0.0436437452423,0.0100651272943,0.0132792015563,0.0302799627844,0.0532859680284,0.0211452254081,0.0860187769602,0.0247822041783,0.0302799627844,0.00803518565508,0.0128562970481,0.0860187769602,0.0168315994248,0.0546392624545,0.0312103527024,0.0134483633596,0.0339169415546,0.0062589867208,0.00270658885224,0.00752770024528,0.0180157320477,0.00405988327836,0.0093884800812,0.00253742704897,0.0108263554089
0.00190961171229,0.00678973053257,0.00403140250371,0.0337364735837,0.0379800551666,0.0301294292383,0.0409505622746,0.0169743263314,0.00657755145343,0.0481646509654,0.0515595162317,0.0702312751963,0.0269467430511,0.0498620835986,0.0212179079143,0.0159134309357,0.0360704434543,0.0464672183323,0.0244005941014,0.0776575429663,0.0140038192234,0.0405262041163,0.00530447697857,0.0165499681731,0.072777424146,0.0176108635689,0.0524082325483,0.0256736685763,0.0110333121154,0.0369191597708,0.0101845957989,0.00360704434543,0.00678973053257,0.011882028432,0.00212179079143,0.00742626777,0.00169743263314,0.0159134309357
0.00178041543027,0.00356083086053,0.00227497527201,0.0193867457962,0.0214638971316,0.030959446093,0.0471810089021,0.0223541048467,0.00880316518299,0.0232443125618,0.0348170128586,0.0680514342235,0.0238377843719,0.0547972304649,0.013649851632,0.0191889218595,0.0359050445104,0.0614243323442,0.0411473788328,0.0629080118694,0.0115727002967,0.028981206726,0.00791295746785,0.0132542037587,0.0789317507418,0.0142433234421,0.0899109792285,0.030959446093,0.015331355094,0.0464886251236,0.00939663699308,0.00336300692384,0.00603363006924,0.0192878338279,0.00682492581602,0.00761622156281,0.000890207715134,0.0122650840752
0.00176470588235,0.00176470588235,0.00117647058824,0.0188235294118,0.0252941176471,0.04,0.0505882352941,0.0329411764706,0.0111764705882,0.0176470588235,0.0170588235294,0.0523529411765,0.0252941176471,0.0194117647059,0.00294117647059,0.0217647058824,0.0147058823529,0.0352941176471,0.0388235294118,0.0517647058824,0.0123529411765,0.0388235294118,0.0147058823529,0.0111764705882,0.0917647058824,0.0217647058824,0.133529411765,0.0352941176471,0.0311764705882,0.0647058823529,0.00764705882353,0.00294117647059,0.00588235294118,0.0229411764706,0.00176470588235,0.00470588235294,0.00352941176471,0.0147058823529
0.0017283097131,0.0017283097131,0.00241963359834,0.0179744210162,0.0197027307293,0.0279986173522,0.0380228136882,0.0338748703768,0.00622191496716,0.0183200829589,0.0283442792948,0.0559972347045,0.0297269270653,0.0369858278604,0.0107155202212,0.0241963359834,0.0248876598686,0.0525406152783,0.0387141375735,0.0570342205323,0.0203940546146,0.0356031800899,0.00587625302454,0.0155547874179,0.0815762184583,0.0127894918769,0.102315935016,0.0331835464915,0.0283442792948,0.0501209816799,0.0117525060491,0.00622191496716,0.00760456273764,0.0241963359834,0.00725890079502,0.00760456273764,0.00311095748358,0.0193570687867
0.00134153158189,0.0036892118502,0.00134153158189,0.0164337618781,0.0187814421465,0.015259921744,0.0220793739519,0.0125768585802,0.00385690329793,0.0190050307434,0.0250978200112,0.0303521520402,0.0121296813862,0.0225265511459,0.00564561207378,0.0066517607602,0.00994969256568,0.030296254891,0.027557294578,0.0686416992733,0.0150922302963,0.0399664617105,0.00754611514813,0.015036333147,0.168697596423,0.0294019005031,0.104695360537,0.0873672442705,0.0374510899944,0.064002235886,0.00844046953605,0.00262716601453,0.00391280044718,0.0376746785914,0.00804918949134,0.00894354387926,0.000894354387926,0.00698714365567
0.00178207739308,0.00585539714868,0.0061099796334,0.0239307535642,0.0226578411405,0.0341140529532,0.0323319755601,0.0127291242363,0.0071283095723,0.0193482688391,0.0336048879837,0.0478615071283,0.0201120162933,0.0392057026477,0.00840122199593,0.0134928716904,0.0196028513238,0.0470977596741,0.0287678207739,0.0689918533605,0.0208757637475,0.0404786150713,0.00483706720978,0.0132382892057,0.11099796334,0.0137474541752,0.0845213849287,0.0613543788187,0.030549898167,0.0626272912424,0.00941955193483,0.00254582484725,0.0030549898167,0.0241853360489,0.00891038696538,0.0050916496945,0.0010183299389,0.00941955193483
0.00103622274284,0.00256803027573,0.00279329608939,0.0133357361687,0.0116687691476,0.0256803027573,0.038160028834,0.0173454676518,0.00991169580105,0.0070282933862,0.0125247792395,0.0231573256443,0.028743917823,0.0180663182555,0.00522616687691,0.0141917462606,0.0281582267075,0.0569021445305,0.0573526761579,0.0317624797261,0.0110830780321,0.0496936384934,0.00707334654893,0.0157686069562,0.0899711659759,0.0190574878356,0.121193007749,0.0566318255542,0.0394215173905,0.119751306542,0.0122995134258,0.00486574157506,0.00617228329429,0.0239682825734,0.00500090106325,0.00459542259867,0.000991169580105,0.00684808073527
0.0011323055483,0.00235171152339,0.000958104694713,0.0099294486543,0.0124553610313,0.0166361815173,0.0149812734082,0.0076648375577,0.00270011323055,0.00731643585054,0.018029788346,0.0239526173678,0.011323055483,0.0195975960282,0.00357111749848,0.00600992944865,0.00783903841129,0.0282205382806,0.0182039891995,0.0459890253462,0.00696803414337,0.0254333246233,0.00322271579131,0.00696803414337,0.165403710478,0.0257817263305,0.0845745144151,0.10617542026,0.0582701855239,0.118543680864,0.0142844699939,0.00461632261998,0.00470342304677,0.0717707516767,0.0141973695671,0.0153296751154,0.00182910896263,0.0130650640188
0.00176211453744,0.00220264317181,0.00198237885463,0.00991189427313,0.0121145374449,0.0129955947137,0.0220264317181,0.0121145374449,0.00330396475771,0.0116740088106,0.00859030837004,0.0211453744493,0.0154185022026,0.0129955947137,0.00330396475771,0.00704845814978,0.0114537444934,0.0226872246696,0.0345814977974,0.0343612334802,0.00814977973568,0.0372246696035,0.00330396475771,0.00814977973568,0.124889867841,0.0200440528634,0.0881057268722,0.118942731278,0.05859030837,0.145154185022,0.018281938326,0.00462555066079,0.00528634361233,0.0621145374449,0.0127753303965,0.0112334801762,0.000660792951542,0.0107929515419
0.000540216086435,0.00264105642257,0.00246098439376,0.0104441776711,0.0100840336134,0.0175870348139,0.021668667467,0.00888355342137,0.00492196878752,0.00636254501801,0.0100840336134,0.0153661464586,0.0165066026411,0.0109243697479,0.00246098439376,0.00726290516206,0.0154861944778,0.0338535414166,0.0329531812725,0.0289315726291,0.00792316926771,0.0295918367347,0.00444177671068,0.00912364945978,0.0849339735894,0.016206482593,0.133253301321,0.0851740696279,0.0488595438175,0.199219687875,0.024849939976,0.0112244897959,0.0111044417767,0.0429171668667,0.0119447779112,0.00714285714286,0.0015006002401,0.0111644657863
0.000421407501054,0.00505689001264,0.00421407501054,0.00716392751791,0.00800674252002,0.0219131900548,0.0278128950695,0.0054782975137,0.00379266750948,0.00294985250737,0.0122208175306,0.0172777075432,0.0252844500632,0.01601348504,0.00294985250737,0.00758533501896,0.0214917825537,0.0493046776233,0.0290771175727,0.0286557100716,0.00927096502318,0.0438263801096,0.00589970501475,0.0113780025284,0.0509903076275,0.00716392751791,0.054782975137,0.0438263801096,0.0273914875685,0.13990729035,0.0665823851665,0.0269700800674,0.0366624525917,0.0716392751791,0.0206489675516,0.0286557100716,0.00168563000421,0.0560471976401
0.00213523131673,0.00213523131673,0.00355871886121,0.00711743772242,0.0113879003559,0.0213523131673,0.0291814946619,0.0170818505338,0.00427046263345,0.00782918149466,0.0135231316726,0.0163701067616,0.0348754448399,0.0277580071174,0.00782918149466,0.0120996441281,0.0341637010676,0.0633451957295,0.0298932384342,0.0213523131673,0.0113879003559,0.0220640569395,0.00355871886121,0.0085409252669,0.0341637010676,0.00925266903915,0.0697508896797,0.0548042704626,0.0284697508897,0.160854092527,0.0576512455516,0.0192170818505,0.0220640569395,0.0491103202847,0.0306049822064,0.020640569395,0.00284697508897,0.0277580071174
0.0030737704918,0.00563524590164,0.0015368852459,0.00922131147541,0.00563524590164,0.0138319672131,0.0245901639344,0.00717213114754,0.00358606557377,0.0102459016393,0.0220286885246,0.0266393442623,0.0394467213115,0.030737704918,0.00614754098361,0.0194672131148,0.0348360655738,0.0527663934426,0.0297131147541,0.0379098360656,0.00922131147541,0.0230532786885,0.0046106557377,0.0184426229508,0.0563524590164,0.0107581967213,0.063012295082,0.0332991803279,0.0271516393443,0.127049180328,0.0496926229508,0.0184426229508,0.016393442623,0.0655737704918,0.0261270491803,0.0409836065574,0.0107581967213,0.014856557377
0.00111928365846,0.00255836264791,0.00111928365846,0.0124720179085,0.0159897665494,0.0127918132395,0.0199872081868,0.00991365526063,0.0027182603134,0.00927406459866,0.013271506236,0.0300607611129,0.0227054685002,0.0209465941797,0.00687559961625,0.00911416693316,0.013591301567,0.02590342181,0.013911096898,0.0297409657819,0.00607611128878,0.0342181004157,0.0054365206268,0.00719539494723,0.123281100096,0.0193476175248,0.0599616245603,0.113367444835,0.0503677646306,0.103453789575,0.0291013751199,0.00831467860569,0.012312120243,0.0729133354653,0.0279820914615,0.0286216821234,0.00143907898945,0.0225455708347
0.0,0.000979911807937,0.000489955903969,0.00734933855953,0.0093091621754,0.0093091621754,0.0186183243508,0.00538951494366,0.00244977951984,0.0127388535032,0.0117589416952,0.0220480156786,0.016168544831,0.0195982361587,0.0078392944635,0.00734933855953,0.00685938265556,0.0244977951984,0.0166585007349,0.0254777070064,0.00881920627144,0.0235178833905,0.00342969132778,0.00636942675159,0.102890739833,0.0122488975992,0.0382165605096,0.0979911807937,0.0416462518373,0.119549240568,0.0416462518373,0.0176384125429,0.0225379715826,0.135717785399,0.0264576188143,0.0323370896619,0.00146986771191,0.0426261636453
0.000723589001447,0.00253256150507,0.000361794500724,0.0166425470333,0.0155571635311,0.0137481910275,0.0195369030391,0.0155571635311,0.0061505065123,0.0119392185239,0.0253256150507,0.0285817655572,0.031476121563,0.0329232995658,0.00470332850941,0.0108538350217,0.0253256150507,0.037988422576,0.010492040521,0.0513748191027,0.0126628075253,0.0188133140376,0.00470332850941,0.00687409551375,0.0705499276411,0.0191751085384,0.0452243125904,0.0795947901592,0.0303907380608,0.0596960926194,0.0264109985528,0.0155571635311,0.0256874095514,0.108176555716,0.0434153400868,0.0267727930535,0.00289435600579,0.0416063675832
0.0,0.00178890876565,0.0,0.0125223613596,0.0107334525939,0.00536672629696,0.00894454382826,0.00357781753131,0.00178890876565,0.0232558139535,0.0357781753131,0.0339892665474,0.0178890876565,0.0447227191413,0.0125223613596,0.00894454382826,0.0125223613596,0.0196779964222,0.0107334525939,0.0429338103757,0.0232558139535,0.0375670840787,0.0,0.0214669051878,0.0805008944544,0.0196779964222,0.0447227191413,0.0697674418605,0.0268336314848,0.121645796064,0.0447227191413,0.00894454382826,0.0161001788909,0.100178890877,0.0107334525939,0.0125223613596,0.00715563506261,0.046511627907
0.000974658869396,0.000487329434698,0.00146198830409,0.0116959064327,0.016081871345,0.0141325536062,0.0204678362573,0.0141325536062,0.00194931773879,0.0121832358674,0.0277777777778,0.030701754386,0.0155945419103,0.0224171539961,0.00584795321637,0.00730994152047,0.0224171539961,0.0355750487329,0.0155945419103,0.051656920078,0.00877192982456,0.0316764132554,0.00536062378168,0.0107212475634,0.0682261208577,0.0112085769981,0.0482456140351,0.062865497076,0.0350877192982,0.0940545808967,0.0443469785575,0.020955165692,0.0243664717349,0.0867446393762,0.0399610136452,0.0384990253411,0.00487329434698,0.0355750487329
