0.245341614907,0.204968944099,0.0869565217391,0.108695652174,0.0372670807453,0.0496894409938,0.0310559006211,0.00621118012422,0.00310559006211,0.0155279503106,0.0341614906832,0.0155279503106,0.00310559006211,0.0124223602484,0.0,0.0,0.0155279503106,0.0,0.0186335403727,0.027950310559,0.00621118012422,0.0124223602484,0.0,0.00310559006211,0.0217391304348,0.00310559006211,0.027950310559,0.00310559006211,0.0,0.0,0.0,0.00310559006211,0.0,0.00310559006211,0.0,0.0,0.0,0.0
0.0320665083135,0.234560570071,0.105700712589,0.277315914489,0.0537410926366,0.0721496437055,0.0359263657957,0.00742280285036,0.00237529691211,0.0100950118765,0.0142517814727,0.0258313539192,0.0109857482185,0.00564133016627,0.00267220902613,0.0020783847981,0.00593824228029,0.00861045130641,0.0041567695962,0.0148456057007,0.00801662707838,0.00742280285036,0.000593824228029,0.00267220902613,0.0100950118765,0.00326603325416,0.0083135391924,0.0083135391924,0.00653206650831,0.00801662707838,0.00148456057007,0.0,0.000296912114014,0.00385985748219,0.0020783847981,0.000890736342043,0.0,0.00178147268409
0.00798630918426,0.135196805476,0.304620650314,0.100969766115,0.0199657729606,0.236166571592,0.0393610952653,0.00513405590416,0.00285225328009,0.00342270393611,0.0176839703366,0.00798630918426,0.0131203650884,0.00399315459213,0.000570450656018,0.00171135196805,0.00513405590416,0.00399315459213,0.00912721049629,0.0142612664005,0.00399315459213,0.00684540787222,0.0,0.00399315459213,0.0119794637764,0.00171135196805,0.00855675984027,0.00285225328009,0.00228180262407,0.0182544209926,0.00114090131204,0.000570450656018,0.00114090131204,0.00285225328009,0.0,0.000570450656018,0.0,0.0
0.00863033979706,0.0658289098328,0.0221355577222,0.319214241866,0.125482974037,0.123171920702,0.0708121185859,0.0173329000108,0.00527209041996,0.0119163687574,0.0251688152241,0.0445961073195,0.0145885241758,0.0121691402159,0.00400823312751,0.00588596396201,0.00805257646337,0.00848589896364,0.0054887516701,0.01603293251,0.00689704979598,0.00956920521431,0.0018055104178,0.00252771458491,0.02130502293,0.0030332575019,0.0140829812588,0.00675260896255,0.00371935146066,0.00790813562994,0.000686093958762,0.000469432708627,0.000397212291915,0.00343046979381,0.000938865417253,0.00104719604232,0.000252771458491,0.000902755208898
0.00484909893609,0.0191792719114,0.00506622276905,0.200115799378,0.101179706159,0.0626764131143,0.0793225736412,0.0340160671636,0.00940869942824,0.0261272345661,0.0573206919013,0.0745458493161,0.0238112470145,0.0275747267858,0.0085402040964,0.0128103061446,0.0176594050807,0.0188173988565,0.00882970254035,0.0353188101614,0.0144025475863,0.0239559962365,0.00405297821524,0.00745458493161,0.0369834262141,0.00687558804371,0.0246797423464,0.0125931823116,0.00593471810089,0.0147644206412,0.00224361294058,0.000796120720851,0.00195411449663,0.0085402040964,0.00180936527466,0.00369110516031,0.000289498443946,0.00180936527466
0.00384088608349,0.0127434049902,0.0354314297624,0.100488298696,0.0332876793902,0.308104567379,0.197731197523,0.0350145894123,0.0163163222771,0.00366224021914,0.00946823081046,0.023789674269,0.0307866372893,0.00923003632466,0.00336449711189,0.00961710236408,0.0243256118621,0.0149467039838,0.0136664086226,0.00893229321741,0.0045852438516,0.0145894122551,0.00294765676175,0.00509140713392,0.0114035610076,0.00315607693682,0.0243553861728,0.00678854284523,0.00461501816233,0.0147680581195,0.00205442744,0.00199487881856,0.00199487881856,0.00330494849044,0.000833680700292,0.00125052105044,0.000297743107247,0.00122074673971
0.00282021990575,0.00610452663144,0.00931743538484,0.0589390261317,0.0411966300157,0.234756532914,0.19048979009,0.0474439525917,0.0214550906754,0.00424817935171,0.0126017421105,0.0378052263316,0.0531914893617,0.0160288447808,0.00717549621591,0.013672711695,0.0368056547194,0.0246679994288,0.02159788662,0.00953162930173,0.00635441953449,0.0197772383264,0.00417678137941,0.00724689418821,0.0162073397116,0.00424817935171,0.0370555476224,0.00996001713551,0.00674710838212,0.0208482079109,0.00196344423818,0.00260602598886,0.00278452091961,0.00528344995002,0.00157075539055,0.00182064829359,0.000214193916893,0.00128516350136
0.00140409997192,0.00575680988486,0.00491434990171,0.0484414490312,0.0457736590845,0.129317607414,0.135776467284,0.0157259196855,0.0155855096883,0.00730131985397,0.0235888795282,0.0419825891603,0.0401572591969,0.038051109239,0.0127773097445,0.0320134793597,0.0624824487504,0.0447907891042,0.027801179444,0.0179724796406,0.0113732097725,0.0339792193204,0.0141814097164,0.0200786295984,0.0286436394271,0.00673967986521,0.0530749789385,0.0146026397079,0.0127773097445,0.021201909576,0.0035102499298,0.0033698399326,0.00308901993822,0.0106711597866,0.00266778994664,0.00322942993541,0.000982869980343,0.00421229991575
0.000977756049866,0.00586653629919,0.00733317037399,0.0393546810071,0.0351992177952,0.192862380836,0.245416768516,0.0295771205084,0.0303104375458,0.00757760938646,0.0127108286483,0.0320215106331,0.0369102908824,0.0122219506233,0.00684429234906,0.0114886335859,0.0501099975556,0.0373991689074,0.0359325348326,0.0134441456857,0.00537765827426,0.0139330237106,0.003666585187,0.00537765827426,0.0141774627231,0.00635541432413,0.0547543387925,0.00586653629919,0.0043999022244,0.0210217550721,0.00244439012466,0.00195551209973,0.003666585187,0.00488878024933,0.00195551209973,0.00268882913713,0.00122219506233,0.00268882913713
0.00650602409639,0.0120481927711,0.00481927710843,0.0850602409639,0.110120481928,0.0284337349398,0.0293975903614,0.0185542168675,0.00795180722892,0.0320481927711,0.0787951807229,0.0648192771084,0.0120481927711,0.038313253012,0.0113253012048,0.0120481927711,0.0120481927711,0.0209638554217,0.0134939759036,0.0925301204819,0.0257831325301,0.0351807228916,0.00385542168675,0.0113253012048,0.0838554216867,0.0146987951807,0.0339759036145,0.0257831325301,0.0118072289157,0.0202409638554,0.00313253012048,0.00192771084337,0.00313253012048,0.0175903614458,0.00409638554217,0.00530120481928,0.00168674698795,0.00530120481928
0.00428352881183,0.00724120346762,0.0044875063743,0.0631310555839,0.0685364609893,0.0224375318715,0.031820499745,0.0240693523712,0.00775114737379,0.049668536461,0.0515043345232,0.0597654258032,0.0234574196838,0.0230494645589,0.0101988781234,0.0150943396226,0.0253952065273,0.0365119836818,0.0159102498725,0.0873023967364,0.0206017338093,0.0714941356451,0.00836308006119,0.0136664966854,0.0691483936767,0.0163182049975,0.0371239163692,0.0279449260581,0.0122386537481,0.03222845487,0.00611932687404,0.00173380928098,0.00458949515553,0.0154003059663,0.00489546149924,0.00734319224885,0.00254971953085,0.0166241713412
0.00164419598816,0.00723446234791,0.00287734297928,0.0567247615916,0.0555738243999,0.0496547188425,0.063465965143,0.0240874712266,0.0135646169023,0.0273758632029,0.0359256823413,0.0357612627425,0.0297599473857,0.0434889838869,0.0113449523183,0.0251561986189,0.036254521539,0.0538474186123,0.0194837224597,0.0420092074975,0.0214567576455,0.0788391976324,0.0168530088787,0.0233475830319,0.0423380466952,0.0118382111148,0.0570536007892,0.0222788556396,0.012084840513,0.0297599473857,0.0050970075633,0.00353502137455,0.00361723117396,0.0134001973035,0.00452153896744,0.00690562315028,0.00271292338047,0.0091252877343
0.00184082295615,0.00519761775853,0.00259880887926,0.0298863021115,0.03540877098,0.100162425555,0.161667569031,0.0317271250677,0.0186247969681,0.00963724959394,0.0228478613969,0.0454791553871,0.0415809420682,0.0332430969139,0.00606388738495,0.0214401732539,0.0463454250135,0.0621548456957,0.0476448294532,0.0131023280996,0.00736329182458,0.0409312398484,0.0110449377369,0.014293448836,0.0206821873308,0.00866269626421,0.068327016784,0.0123443421765,0.010720086627,0.0303194369247,0.00368164591229,0.00465619924201,0.00638873849486,0.0116946399567,0.00249052517596,0.0041147807255,0.00119112073633,0.00443963183541
0.0011250175784,0.0043594431163,0.0021094079595,0.0392349880467,0.0420475319927,0.0354380537196,0.0438756855576,0.0344536633385,0.0104064126002,0.0236253691464,0.0258754043032,0.0749542961609,0.0413443960062,0.0291098298411,0.0082970046407,0.0175783996625,0.0361411897061,0.0434538039657,0.0261566586978,0.0585009140768,0.0151877373084,0.0884545071017,0.0081563774434,0.0250316411194,0.0458444663198,0.0153283645057,0.0667979187175,0.0194065532274,0.0132189565462,0.0310786106033,0.0073126142596,0.0036563071298,0.0067501054704,0.0202503164112,0.005625087892,0.0087188862326,0.0049219519055,0.0161721276895
0.00133868808568,0.00133868808568,0.00267737617135,0.0261044176707,0.0401606425703,0.0441767068273,0.0669344042838,0.0361445783133,0.00736278447122,0.0160642570281,0.0548862115127,0.0408299866131,0.0214190093708,0.0281124497992,0.0127175368139,0.0133868808568,0.0314591700134,0.0394912985274,0.0321285140562,0.0361445783133,0.020749665328,0.0796519410977,0.0200803212851,0.0528781793842,0.0475234270415,0.0153949129853,0.0863453815261,0.0174029451138,0.0194109772423,0.0274431057564,0.0113788487282,0.00267737617135,0.00736278447122,0.016733601071,0.0053547523427,0.00803212851406,0.00133868808568,0.00736278447122
0.00175526579739,0.00476429287864,0.00275827482447,0.0278335005015,0.0280842527583,0.06444332999,0.100802407222,0.0799899699097,0.0155466399198,0.0127883650953,0.033851554664,0.0912738214644,0.0456369107322,0.0278335005015,0.00576730190572,0.0165496489468,0.0230692076229,0.027331995988,0.0248244734203,0.0346038114343,0.0122868605817,0.0594282848546,0.0137913741224,0.0258274824473,0.0295887662989,0.0102808425276,0.0722166499498,0.0155466399198,0.0150451354062,0.0348545636911,0.00451354062187,0.00175526579739,0.0042627883651,0.0115346038114,0.00351053159478,0.0067703109328,0.00100300902708,0.00827482447342
0.00126236061435,0.00378708184305,0.00305070481801,0.0240900483905,0.0271407532085,0.0527035556491,0.100673258994,0.0355564906375,0.0300862613086,0.0100988849148,0.0260887860299,0.0615400799495,0.045129391963,0.0340837365874,0.00841573742899,0.0132547864507,0.0310330317694,0.0373448348412,0.05659583421,0.0307174416158,0.0140963601936,0.0689038501999,0.0104144750684,0.0203029665474,0.0350305070482,0.0120976225542,0.0867872922365,0.0192509993688,0.012202819272,0.0388175888912,0.00599621291816,0.00704818009678,0.00820534399327,0.00967809804334,0.00441826215022,0.00431306543236,0.00231432779297,0.00746896696823
0.00125460675919,0.00274445228574,0.00266603936329,0.0232886379675,0.0246216576492,0.0408531325963,0.0627303379597,0.0342664471105,0.0192895789226,0.0127813063593,0.0298753234533,0.064533835176,0.0581039755352,0.030345800988,0.00556731749392,0.018662275543,0.0312083431349,0.0236807025798,0.0400690033718,0.0394416999922,0.0184270367757,0.0661805065475,0.00658668548577,0.0246216576492,0.0485375989963,0.0166235395593,0.110719046499,0.0227397475104,0.017094017094,0.0515172900494,0.00831176977966,0.00478318826943,0.00674351133067,0.0128597192817,0.00415588488983,0.00666509840822,0.00203873598369,0.00541049164902
0.0018220176448,0.00335634829306,0.00306866129651,0.0176448024549,0.0158227848101,0.0399884925201,0.0579209819716,0.0233026467204,0.0215765247411,0.00402761795167,0.0145761411584,0.0297276563099,0.0510164940545,0.0260836210203,0.00642500958957,0.0218642117376,0.0480437284235,0.05111238972,0.054085155351,0.0278097429996,0.0140007671653,0.0536056770234,0.00671269658611,0.0155350978136,0.0610855389336,0.0113156885309,0.139719984657,0.0339470655926,0.0235903337169,0.0757575757576,0.00767165324127,0.0060414269275,0.00546605293441,0.0143843498274,0.00268507863445,0.00373993095512,0.00105485232068,0.00441120061373
0.00297036876041,0.00659276968775,0.00282547272332,0.034195464754,0.0447728754619,0.0267333188437,0.0318771281605,0.0135477794682,0.00499891327972,0.0432514670724,0.0905600231834,0.0623052959502,0.0187640368036,0.047308556111,0.0103600666522,0.0128957473013,0.0251394624357,0.0454249076288,0.0169528363399,0.0828080851989,0.0260812866768,0.0281098311961,0.00717235383612,0.0131855393755,0.0917916394987,0.0152140838948,0.0491922045932,0.0357168731435,0.0154314279504,0.0361515612548,0.00702745779903,0.00282547272332,0.00521625733536,0.0206476852858,0.00391219300152,0.00695500978048,0.00159385640803,0.00949069042962
0.00287165893528,0.00728959575878,0.00552242102938,0.0296001767175,0.0477137176938,0.0335763198586,0.042853987188,0.0181135409764,0.00596421471173,0.0406450187762,0.0492599955821,0.0653854649879,0.0196598188646,0.0470510271703,0.0178926441352,0.0196598188646,0.0293792798763,0.0508062734703,0.0249613430528,0.0762094102054,0.0152418820411,0.0452838524409,0.00684780207643,0.0189971283411,0.0728959575878,0.0161254694058,0.0474928208527,0.0313673514469,0.0150209851999,0.0355643914292,0.00839407996466,0.00198807157058,0.00574331787055,0.0159045725646,0.00463883366468,0.00905677048818,0.00198807157058,0.0130329136293
0.00215164816249,0.00284017557449,0.00163525260349,0.0168689215939,0.0208279542129,0.0305534039074,0.0370944143214,0.0228935364489,0.00636887856098,0.0198812290214,0.0479387210603,0.0725535760392,0.0277132283329,0.0561149840778,0.0150615371374,0.0198812290214,0.0407952491609,0.0584387640933,0.0414837765729,0.0474223255013,0.0154918667699,0.0265943712884,0.00645494448748,0.0116189000775,0.0806437731302,0.0140287460195,0.0945003872967,0.0339099750409,0.0177295808589,0.0531887425768,0.00645494448748,0.00309837335399,0.00456149410448,0.0207418882864,0.00490575781048,0.00645494448748,0.001204922971,0.00989758154747
0.000505050505051,0.0030303030303,0.000505050505051,0.0191919191919,0.0212121212121,0.030303030303,0.0353535353535,0.0358585858586,0.00757575757576,0.0161616161616,0.0363636363636,0.0580808080808,0.0318181818182,0.0368686868687,0.00606060606061,0.0287878787879,0.0262626262626,0.0318181818182,0.0282828282828,0.0525252525253,0.0171717171717,0.0454545454545,0.010101010101,0.00959595959596,0.0717171717172,0.020202020202,0.153535353535,0.0368686868687,0.0186868686869,0.0525252525253,0.00858585858586,0.0030303030303,0.00656565656566,0.0227272727273,0.00353535353535,0.00454545454545,0.000505050505051,0.00808080808081
0.00111203780929,0.00139004726161,0.00305810397554,0.0227967750904,0.014734500973,0.0353072004448,0.030303030303,0.0305810397554,0.00750625521268,0.0105643591882,0.0294690019461,0.0503197108702,0.0386433138727,0.0364192382541,0.00917431192661,0.0375312760634,0.0289129830414,0.0608840700584,0.0372532666111,0.0461495690853,0.0116763969975,0.0339171531832,0.00472616068946,0.0144564915207,0.0789546844593,0.0127884348068,0.11620795107,0.038087294968,0.031971087017,0.0594940227968,0.00583819849875,0.0038921323325,0.00834028356964,0.0222407561857,0.00528217959411,0.00444815123714,0.00194606616625,0.0136224631637
0.00119207271644,0.00402324541797,0.00134108180599,0.0166890180301,0.0217056573784,0.0139571847216,0.0183777877117,0.0120697362539,0.00352654845279,0.0177817513535,0.0240401331148,0.026076590672,0.0112750211096,0.0233944270601,0.00561267570655,0.00586102418914,0.0105796453584,0.0250831967417,0.0229970694879,0.0668057418169,0.0130134604878,0.0370535936025,0.00725177569165,0.0127154423086,0.180549346843,0.0299011573039,0.106491829335,0.0942234142949,0.0373019420851,0.0766403417275,0.00640739085084,0.00302985148761,0.00322853027368,0.0338747330254,0.00938757264193,0.00829483931853,0.00139075150251,0.00685441811951
0.00249772933697,0.00499545867393,0.00476839237057,0.022025431426,0.0240690281562,0.0256584922797,0.0281562216167,0.0118074477748,0.00431425976385,0.0156675749319,0.035876475931,0.0476839237057,0.0108991825613,0.0383742052679,0.00522252497729,0.0097638510445,0.0186194368756,0.0351952770209,0.0256584922797,0.0649409627611,0.0188465031789,0.0397366030881,0.00999091734787,0.0122615803815,0.128292461399,0.0231607629428,0.0962761126249,0.063578564941,0.0372388737511,0.0678928247048,0.00613079019074,0.00431425976385,0.00454132606721,0.0288374205268,0.00476839237057,0.00885558583106,0.00136239782016,0.00772025431426
0.00113761179978,0.00223599560646,0.00223599560646,0.012278361839,0.0109838380668,0.0270673152362,0.0324415502903,0.0161227051624,0.00843401851561,0.00564883100581,0.0116899419426,0.0207123803546,0.0286756629531,0.0185940687274,0.00482504315079,0.0154950572729,0.0271457712223,0.0549976463204,0.0527616507139,0.0272634552016,0.00980699827397,0.0455829279774,0.008590930488,0.0156127412522,0.0972854228778,0.0154950572729,0.126863329672,0.062607876981,0.0457790679429,0.131884512788,0.0121606778597,0.00623725090224,0.00560960301271,0.020869292327,0.00407971128197,0.00451121920603,0.00121606778597,0.00506041110937
0.000989948218093,0.00213219616205,0.000837648492233,0.014163874505,0.0114986293025,0.013097776424,0.0137069753274,0.00875723423698,0.0017514468474,0.0102040816327,0.0154584221748,0.0188090161438,0.00883338409991,0.0144684739567,0.00411209259823,0.0057873895827,0.0073103868413,0.0213219616205,0.0135546756016,0.0384556807798,0.00723423697837,0.0247487054523,0.00395979287237,0.00753883643009,0.175906183369,0.0242156564118,0.0849832470302,0.118108437405,0.0603868413037,0.137374352726,0.0140877246421,0.00380749314651,0.00510204081633,0.0652604325312,0.015229972586,0.0148492232714,0.000989948218093,0.010965580262
0.00108577633008,0.00126673905176,0.0,0.00814332247557,0.0130293159609,0.0171914585595,0.0190010857763,0.0106768005791,0.00307636626855,0.010133912414,0.00868621064061,0.014115092291,0.0133912414043,0.0190010857763,0.00235251538183,0.00506695620702,0.0119435396308,0.024249004705,0.0260586319218,0.0220774520449,0.0052479189287,0.033840028954,0.00597176981542,0.00814332247557,0.130293159609,0.019182048498,0.09591024249,0.133007600434,0.0568222946073,0.16051393413,0.0182772348896,0.00452406804198,0.00470503076366,0.0622511762577,0.0104958378574,0.00886717336229,0.00217155266015,0.00922909880565
0.00103927360245,0.00289902636473,0.00284432775408,0.0103380374138,0.00738431243846,0.0168471720818,0.0193086095613,0.00787659993436,0.00519636801225,0.00596214856143,0.00951755825402,0.014604529045,0.0161360901433,0.0119789957335,0.00246143747949,0.00683732633191,0.0142216387704,0.028880866426,0.0294825511432,0.0232469095285,0.00760310688109,0.0323268788973,0.00486817634832,0.0105021332458,0.0764686576961,0.0153156109835,0.133081719724,0.0913466797943,0.0535499398315,0.22120118149,0.0221529373154,0.0097910513073,0.0100098457499,0.0482988732086,0.0088064763155,0.00618094300405,0.00142216387704,0.0100098457499
0.00321414222579,0.00321414222579,0.00200883889112,0.00924065889916,0.0112494977903,0.0172760144636,0.0184813177983,0.00843712334271,0.00522298111691,0.00361591000402,0.0136601044596,0.0188830855765,0.0128565689032,0.0184813177983,0.00441944556047,0.00602651667336,0.0216954600241,0.0377661711531,0.019686621133,0.0301325833668,0.00883889112093,0.0389714744877,0.00281237444757,0.00964242667738,0.0453997589393,0.00843712334271,0.0618722378465,0.0542386500603,0.0265166733628,0.167135395741,0.0634793089594,0.0277219766975,0.0317396544797,0.0687022900763,0.0309361189233,0.0329449578144,0.0016070711129,0.0534351145038
0.0,0.00131406044678,0.00262812089356,0.00262812089356,0.00854139290407,0.0190538764783,0.0223390275953,0.00985545335085,0.00591327201051,0.0065703022339,0.0144546649146,0.0177398160315,0.0400788436268,0.026938239159,0.00394218134034,0.00788436268068,0.0341655716163,0.0321944809461,0.0197109067017,0.0164257555848,0.00525624178712,0.0249671484888,0.00459921156373,0.011826544021,0.0413929040736,0.00788436268068,0.0795006570302,0.0473061760841,0.0243101182654,0.205650459921,0.0512483574244,0.0203679369251,0.023653088042,0.0643889618922,0.0249671484888,0.0335085413929,0.0065703022339,0.030223390276
0.000452079566004,0.00135623869801,0.000904159132007,0.00904159132007,0.0103978300181,0.0239602169982,0.0366184448463,0.00949367088608,0.00632911392405,0.00723327305606,0.0126582278481,0.0235081374322,0.0370705244123,0.0253164556962,0.00587703435805,0.00678119349005,0.0320976491863,0.0397830018083,0.0207956600362,0.0366184448463,0.00587703435805,0.0185352622061,0.00452079566004,0.0158227848101,0.0429475587703,0.00904159132007,0.0628390596745,0.0424954792043,0.0244122965642,0.132007233273,0.0592224231465,0.0203435804702,0.0122061482821,0.0777576853526,0.0348101265823,0.0519891500904,0.00858951175407,0.0302893309222
0.00114843525696,0.00272753373529,0.000717772035601,0.0100488084984,0.0113407981625,0.0137812230835,0.0150732127476,0.0114843525696,0.00315819695665,0.00890037324146,0.0170829744473,0.0208153890324,0.0139247774907,0.0167958656331,0.00401952339937,0.00717772035601,0.0129198966408,0.0225380419179,0.0110536893483,0.0287108814241,0.00789549239162,0.037037037037,0.00473729543497,0.00703416594889,0.113407981625,0.0175136376687,0.0689061154177,0.128768303187,0.0493827160494,0.106086706862,0.0305770887166,0.0084697100201,0.0124892334195,0.0910134941143,0.0287108814241,0.0288544358312,0.00186620729256,0.023830031582
0.00128976784179,0.00257953568358,0.00128976784179,0.0141874462597,0.00902837489252,0.0128976784179,0.0167669819433,0.00816852966466,0.00644883920894,0.00945829750645,0.0163370593293,0.0171969045572,0.0116079105761,0.0206362854686,0.00300945829751,0.00515907136715,0.0103181427343,0.0189165950129,0.01203783319,0.0193465176268,0.00945829750645,0.0270851246776,0.00386930352537,0.00386930352537,0.0786758383491,0.0116079105761,0.0533104041273,0.105760963027,0.0477214101462,0.116509028375,0.0481513327601,0.0176268271711,0.0197764402408,0.143164230439,0.0150472914875,0.0472914875322,0.00171969045572,0.0326741186586
0.000645577792124,0.00484183344093,0.000322788896062,0.0129115558425,0.0161394448031,0.0112976113622,0.0174306003873,0.00903808908974,0.00225952227243,0.00806972240155,0.0267914783731,0.0238863783086,0.0332472562944,0.0264686894771,0.00645577792124,0.0116204002582,0.0267914783731,0.0277598450613,0.0132343447385,0.0422853453841,0.0100064557779,0.00968366688186,0.00355067785668,0.00903808908974,0.0861846352485,0.0132343447385,0.0548741123305,0.0787604906391,0.0400258231117,0.0668173014848,0.0290510006456,0.0180761781795,0.0319561007101,0.111039380245,0.0438992898644,0.0306649451259,0.00225952227243,0.0393802453196
0.0,0.0,0.00290275761974,0.00435413642961,0.0101596516691,0.00580551523948,0.011611030479,0.021770682148,0.0101596516691,0.011611030479,0.0696661828737,0.0522496371553,0.00870827285922,0.0261248185776,0.0275761973875,0.0130624092888,0.0290275761974,0.0188679245283,0.00580551523948,0.0435413642961,0.021770682148,0.021770682148,0.00435413642961,0.011611030479,0.0957910014514,0.0203193033382,0.033381712627,0.0957910014514,0.033381712627,0.103047895501,0.0435413642961,0.00580551523948,0.0130624092888,0.0696661828737,0.0159651669086,0.00145137880987,0.00580551523948,0.0304789550073
0.00137931034483,0.0032183908046,0.000459770114943,0.0101149425287,0.0137931034483,0.0133333333333,0.0179310344828,0.00965517241379,0.0064367816092,0.00597701149425,0.0367816091954,0.0289655172414,0.0183908045977,0.0248275862069,0.00873563218391,0.00873563218391,0.0174712643678,0.0234482758621,0.0170114942529,0.0409195402299,0.0119540229885,0.0303448275862,0.0032183908046,0.015632183908,0.063908045977,0.0165517241379,0.0432183908046,0.0652873563218,0.0377011494253,0.095632183908,0.0390804597701,0.0257471264368,0.023908045977,0.101609195402,0.0377011494253,0.0404597701149,0.0128735632184,0.0275862068966
