0.268617021277,0.228723404255,0.061170212766,0.125,0.0372340425532,0.0372340425532,0.0372340425532,0.00265957446809,0.00265957446809,0.00531914893617,0.031914893617,0.0132978723404,0.00797872340426,0.00265957446809,0.0,0.0,0.00531914893617,0.0159574468085,0.0159574468085,0.0106382978723,0.0106382978723,0.00797872340426,0.0,0.0,0.0106382978723,0.0106382978723,0.0212765957447,0.0106382978723,0.00265957446809,0.00531914893617,0.00531914893617,0.0,0.0,0.0,0.0,0.0,0.0,0.00531914893617
0.0369444444444,0.245833333333,0.103611111111,0.286388888889,0.0555555555556,0.0752777777778,0.0325,0.00805555555556,0.00361111111111,0.00722222222222,0.0177777777778,0.0208333333333,0.00916666666667,0.005,0.0025,0.0025,0.00388888888889,0.00333333333333,0.00472222222222,0.0175,0.00333333333333,0.00583333333333,0.00111111111111,0.00222222222222,0.0116666666667,0.000833333333333,0.00805555555556,0.00416666666667,0.00333333333333,0.00722222222222,0.00166666666667,0.000277777777778,0.000555555555556,0.00222222222222,0.00111111111111,0.00166666666667,0.000555555555556,0.00194444444444
0.0163072067333,0.166754339821,0.293003682272,0.083640189374,0.0205155181483,0.239347711731,0.0410310362967,0.00894266175697,0.00368227248816,0.00473435034193,0.00526038926881,0.013150973172,0.00946870068385,0.00473435034193,0.00210415570752,0.00315623356128,0.00473435034193,0.00631246712257,0.00526038926881,0.00368227248816,0.00420831141504,0.00473435034193,0.0026301946344,0.00157811678064,0.00473435034193,0.00105207785376,0.0189374013677,0.00368227248816,0.0,0.0136770120989,0.00315623356128,0.0,0.00105207785376,0.00210415570752,0.00105207785376,0.0,0.0,0.00157811678064
0.0102249488753,0.078111305872,0.0223122991528,0.334100204499,0.120325737657,0.123685363716,0.0623356704645,0.0161773298276,0.00500292141396,0.011722173532,0.0262196903301,0.0368463336255,0.0112839614373,0.0132193981887,0.00361524978089,0.00416301489921,0.00792433537832,0.00766871165644,0.00660969909436,0.0176745544844,0.00598889862694,0.0101153958516,0.00266579024248,0.0028118609407,0.015739117733,0.00317703768624,0.0125255623722,0.00701139351446,0.00394390885188,0.00777826468011,0.000985977212971,0.000255623721881,0.00073035349109,0.00357873210634,0.000584282792872,0.00135115395852,0.000255623721881,0.00127811860941
0.0056871355554,0.0230364984522,0.0048952559211,0.213951479375,0.107263695918,0.070333309337,0.0753725433734,0.035922539774,0.00993448995753,0.0305953495069,0.0539917932474,0.0709812108559,0.0199409689727,0.0232524656252,0.00885465409258,0.0101504571305,0.0165574832625,0.0161975379742,0.0128860413217,0.0349146929667,0.0126700741487,0.0216687063566,0.00482326686344,0.00611906990137,0.0330429774674,0.007054927651,0.0197969908574,0.0131739975524,0.0056871355554,0.0146137787056,0.00201569361457,0.000647901518969,0.00187171549924,0.00590310272839,0.000719890576632,0.00266359513354,0.000647901518969,0.0021596717299
0.00353335176821,0.0143484806587,0.0358558392479,0.103573294006,0.0310320459643,0.31919992626,0.194334347252,0.0322610378837,0.0168064644975,0.00387132454604,0.00983193535503,0.0247641871755,0.0301410268227,0.00937106338526,0.0037484253541,0.00611423479891,0.0214766337911,0.0148093526285,0.013764709497,0.00712815313239,0.00500814207147,0.0141948566688,0.00334900298031,0.00396349893999,0.0121055704059,0.00270378222263,0.0251636095493,0.00669800596061,0.00396349893999,0.0166528405076,0.00165913909116,0.00144406550527,0.00141334070728,0.00307247979845,0.000614495959689,0.000798844747596,0.00027652318186,0.000952468737518
0.00312193705304,0.00559044542055,0.00903909681635,0.0644716303046,0.0378262605728,0.248048789342,0.19617381203,0.043053690057,0.0228337023995,0.00537263585871,0.0144117326751,0.0368098159509,0.0459941191418,0.0144480342687,0.00613496932515,0.0108541764983,0.0373180382619,0.0222165753077,0.0219987657458,0.00936581115911,0.00595346135695,0.0214179402476,0.0039931753004,0.00631647729335,0.0166261298871,0.00413838167496,0.035394053799,0.00918430319091,0.00642538207427,0.0190220350673,0.00246850836752,0.001815079682,0.0023596035866,0.00471920717319,0.00148836533924,0.00196028605656,0.000508222310959,0.00112534940284
0.00150870936771,0.00411466191195,0.00397750651488,0.0511589631052,0.0471814565903,0.125085722123,0.141544369771,0.0154985598683,0.0181045124126,0.00918941160335,0.0307228089425,0.0392264435606,0.0333287614868,0.0356604032369,0.00987518858867,0.0268824578247,0.0607598408997,0.0426553284872,0.033877383075,0.0146756274859,0.0120696749417,0.0347003154574,0.0128926073241,0.0179673570155,0.0297627211631,0.0074063914415,0.0544506926348,0.0135783843094,0.0113838979564,0.0303113427513,0.00356604032369,0.00150870936771,0.00397750651488,0.00960087779454,0.00301741873543,0.00438897270608,0.00164586476478,0.0027431079413
0.00185099490976,0.00578435909301,0.0090236001851,0.0448866265618,0.0360944007404,0.20708005553,0.250809810273,0.0259139287367,0.0222119389172,0.00485886163813,0.0187413234614,0.037251272559,0.038870893105,0.0161962054604,0.00416473854697,0.0131883387321,0.0425728829246,0.0342434058306,0.0354002776492,0.00856085145766,0.00509023600185,0.0166589541879,0.00323924109209,0.00555298472929,0.0134197130958,0.00347061545581,0.0386395187413,0.00879222582138,0.00601573345673,0.0261453031004,0.00161962054604,0.0023137436372,0.00254511800093,0.0023137436372,0.00208236927348,0.0023137436372,0.0,0.00208236927348
0.00446114111294,0.0138530171402,0.0049307349143,0.0911011974642,0.109415355717,0.0342803474994,0.033106362996,0.0178445644517,0.00751350082179,0.044141817328,0.0751350082179,0.0626907724818,0.011739845034,0.0305235970885,0.00751350082179,0.00962667292792,0.0138530171402,0.0223057055647,0.0119746419347,0.0756046020193,0.0258276590749,0.038976285513,0.00516553181498,0.00868748532519,0.0873444470533,0.0138530171402,0.0309931908899,0.0342803474994,0.0105658605306,0.022070908664,0.00446114111294,0.00328715660953,0.00187837520545,0.0152617985443,0.00328715660953,0.00586992251702,0.000939187602724,0.00563512561634
0.00398318211994,0.0109537508298,0.00542155344103,0.0700376189422,0.0762336800177,0.0329718964373,0.0337464040717,0.0205797742863,0.00763443239655,0.0393892454083,0.0581987165302,0.0591945120602,0.0177030316442,0.0261119716751,0.00940473556096,0.0142730692631,0.0201371984952,0.0323080327506,0.0164859482186,0.0876300066386,0.0189201150697,0.0624031865457,0.00652799291879,0.0167072361142,0.0777826952866,0.0134985616287,0.0408276167294,0.0262226156229,0.0113963266209,0.0319761009073,0.00409382606771,0.00165965921664,0.00365125027661,0.0163753042709,0.00453640185882,0.00641734897101,0.00199159105997,0.0126134100465
0.00239030220249,0.00495134027659,0.00204883045928,0.0595868191907,0.0630015366228,0.0576233566672,0.073331056855,0.0257811166126,0.014341813215,0.0243298617039,0.0493426668943,0.0359399009732,0.0257811166126,0.0463547891412,0.00964657674577,0.0204883045928,0.0346593819361,0.0474645723066,0.0225371350521,0.0379033634967,0.0215127198224,0.0717944340106,0.0142564452792,0.0244152296397,0.0394399863411,0.0102441522964,0.0552330544647,0.0191224176199,0.0138296056001,0.0275738432645,0.00426839679017,0.0024756701383,0.00478060440499,0.0138296056001,0.00435376472597,0.00495134027659,0.00153662284446,0.00887826532354
0.0010764262648,0.00478411673245,0.0043057050592,0.0355220667384,0.0327711996173,0.103336921421,0.179045568712,0.0285850974764,0.0242793924172,0.00908982179165,0.0203324961129,0.0387513455328,0.0344456404736,0.0259538332735,0.00586054299725,0.0169836144002,0.0416218155723,0.0629111350317,0.0544193278316,0.0168640114819,0.010764262648,0.0365984930032,0.00765458677192,0.012677909341,0.0193756727664,0.0084918072001,0.0724793684966,0.0136347326875,0.00908982179165,0.0314555675158,0.00490371965076,0.0032292787944,0.00346848463102,0.0120798947494,0.0043057050592,0.00418610214089,0.00143523501973,0.0032292787944
0.00262102991058,0.00477952513105,0.00123342584027,0.0434782608696,0.050107924761,0.036386062288,0.0514955288313,0.0340733888375,0.0126426148628,0.0269811902559,0.0403946962689,0.0712303422757,0.0288313290163,0.0242059821153,0.00724637681159,0.0160345359235,0.0342275670675,0.0374653098982,0.0312981806969,0.0479494295405,0.0172679617638,0.0803268578477,0.0104841196423,0.027289546716,0.0491828553808,0.0157261794635,0.072617946346,0.0232809127351,0.0157261794635,0.0308356460068,0.00616712920136,0.00262102991058,0.00678384212149,0.0146469318532,0.00416281221092,0.00847980265187,0.00138760407031,0.0103299414123
0.0,0.00225733634312,0.00225733634312,0.0327313769752,0.0361173814898,0.0445823927765,0.0558690744921,0.0389390519187,0.00564334085779,0.0135440180587,0.0423250564334,0.0400677200903,0.0259593679458,0.0259593679458,0.0112866817156,0.00959367945824,0.0349887133183,0.0400677200903,0.0349887133183,0.0423250564334,0.0242663656885,0.0727990970655,0.0231376975169,0.0479683972912,0.0440180586907,0.00959367945824,0.106094808126,0.0276523702032,0.0124153498871,0.0400677200903,0.00395033860045,0.00395033860045,0.00451467268623,0.0180586907449,0.00282167042889,0.00338600451467,0.00282167042889,0.0129796839729
0.0013777900248,0.0041333700744,0.00385781206944,0.0369247726646,0.0325158445853,0.0843207495178,0.117663268118,0.0655828051805,0.0198401763571,0.00854229815376,0.0394047947093,0.0614494351061,0.0460181868283,0.0294847065307,0.00330669605952,0.0121245522182,0.0184623863323,0.0308624965555,0.027831358501,0.0325158445853,0.0146045742629,0.0537338109672,0.0121245522182,0.0264535684762,0.027280242491,0.0118489942133,0.0655828051805,0.0187379443373,0.014053458253,0.0338936346101,0.0041333700744,0.00330669605952,0.00578671810416,0.013777900248,0.0041333700744,0.00468448608432,0.00165334802976,0.00799118214384
0.00047064360513,0.00352982703848,0.00352982703848,0.0261207200847,0.0231791975527,0.0685963054477,0.116601953171,0.0336510177668,0.0355335921873,0.00894222849747,0.027062007295,0.0485939522297,0.0449464642899,0.0314154606424,0.005412401459,0.011648429227,0.0301211907283,0.0387104365219,0.0631839039887,0.024591128368,0.0132956818449,0.0593010942464,0.0118837510295,0.0220025885398,0.0289445817155,0.00917755030004,0.0900105894811,0.020002353218,0.0128250382398,0.0443581597835,0.00576538416284,0.005412401459,0.005412401459,0.00882456759619,0.00282386163078,0.005412401459,0.00211789622309,0.00658901047182
0.00165982353455,0.00262077400192,0.00253341486852,0.021315628549,0.0238490434175,0.0456888267668,0.0737311085874,0.0353804490259,0.0194810867476,0.0115314056085,0.0383506595615,0.054075303573,0.0531143531056,0.0310998514895,0.00742552633878,0.0141521796104,0.0342447802918,0.0280422818206,0.0455141085,0.0407093561632,0.0214029876824,0.0689263562505,0.00777496287237,0.0234996068839,0.0415829474972,0.014501616144,0.102996418276,0.0238490434175,0.0137153839434,0.0510177339041,0.00690137153839,0.00497947060365,0.00690137153839,0.0113566873417,0.0034943653359,0.00541626627064,0.00104830960077,0.00611513933782
0.00192444039299,0.00324116276714,0.00182315405652,0.0196495492758,0.0161045274992,0.041729970627,0.0587460751545,0.0206624126405,0.0211688443229,0.00638103919781,0.0180289678922,0.0329180593538,0.0477058644789,0.0168135318546,0.00536817583308,0.0185353995746,0.0431479793376,0.0493264458625,0.0539856173402,0.0260305884736,0.013268510078,0.0559100577332,0.00810290691786,0.0178263952193,0.0480097234883,0.0150916641345,0.150815355009,0.0332219183632,0.0208649853135,0.0910564164894,0.00557074850603,0.00536817583308,0.00506431682366,0.0139775144333,0.00313987643067,0.00374759444951,0.000911577028259,0.00476045781424
0.00234157763793,0.00739060441973,0.00226840333675,0.0387092053271,0.0478559929753,0.0307332064979,0.032343041124,0.0117810624909,0.00307332064979,0.0384165081223,0.107712571345,0.0600761012732,0.0162446948632,0.0436850578077,0.00761012732328,0.0123664569003,0.0261963998244,0.0414898287721,0.0212205473438,0.0695887604273,0.0272940143422,0.0294892433777,0.00731743011854,0.0122932825992,0.088394555832,0.0158788233572,0.0499048734085,0.0376115908093,0.0152202546466,0.0365139762915,0.00717108151617,0.00219522903556,0.00541489828772,0.0196838870189,0.00409776086638,0.00826869603395,0.00182935752964,0.0103175764671
0.00130753138075,0.00732217573222,0.00575313807531,0.034780334728,0.0465481171548,0.0360878661088,0.0366108786611,0.0222280334728,0.00810669456067,0.0426255230126,0.0609309623431,0.0588389121339,0.0167364016736,0.0470711297071,0.013859832636,0.0154288702929,0.0292887029289,0.0405334728033,0.032949790795,0.0789748953975,0.0141213389121,0.0384414225941,0.00889121338912,0.0180439330544,0.0844665271967,0.0162133891213,0.0622384937238,0.0214435146444,0.0130753138075,0.0405334728033,0.00758368200837,0.00130753138075,0.00313807531381,0.0146443514644,0.00470711297071,0.00339958158996,0.00209205020921,0.00967573221757
0.00100227790433,0.00318906605923,0.00182232346241,0.020410022779,0.0227790432802,0.0362642369021,0.0389977220957,0.0189521640091,0.00610478359909,0.0189521640091,0.0630523917995,0.0770842824601,0.0266970387244,0.0575854214123,0.0125740318907,0.0189521640091,0.032437357631,0.0499316628702,0.0419134396355,0.0433712984055,0.016583143508,0.0245102505695,0.00656036446469,0.00984054669704,0.0782687927107,0.0121184510251,0.0954897494305,0.0355353075171,0.0191343963554,0.0536674259681,0.00938496583144,0.00318906605923,0.00346241457859,0.0194988610478,0.00583143507973,0.00410022779043,0.00191343963554,0.00883826879271
0.000527983104541,0.0026399155227,0.00527983104541,0.0285110876452,0.0285110876452,0.0443505807814,0.0417106652587,0.0401267159451,0.0153115100317,0.00739176346357,0.0205913410771,0.0628299894403,0.0306230200634,0.0258711721225,0.00633579725449,0.0227032734952,0.0332629355861,0.0343189017951,0.0343189017951,0.0406546990496,0.0158394931362,0.039070749736,0.012671594509,0.0163674762408,0.0617740232313,0.0221752903907,0.147307286167,0.0227032734952,0.0316789862724,0.0496304118268,0.00633579725449,0.00158394931362,0.00475184794087,0.0216473072862,0.00369588173178,0.00475184794087,0.00105596620908,0.0110876451954
0.000810810810811,0.00243243243243,0.00351351351351,0.0154054054054,0.0186486486486,0.0351351351351,0.0451351351351,0.0348648648649,0.0108108108108,0.0121621621622,0.0343243243243,0.0532432432432,0.0313513513514,0.0316216216216,0.00648648648649,0.0286486486486,0.0397297297297,0.0578378378378,0.0405405405405,0.0424324324324,0.0172972972973,0.0289189189189,0.00648648648649,0.0181081081081,0.0632432432432,0.012972972973,0.119189189189,0.0302702702703,0.0286486486486,0.0610810810811,0.00945945945946,0.00513513513514,0.00459459459459,0.0183783783784,0.00675675675676,0.00540540540541,0.00378378378378,0.0151351351351
0.000788138515344,0.00320181271859,0.00152701837348,0.0181271858529,0.0215260332003,0.0158120289641,0.0201467907985,0.0101965420423,0.00325107137579,0.0205901187134,0.0299985222403,0.0245800699473,0.00940840352692,0.0228067582878,0.00482734840648,0.00527067632136,0.0101472833851,0.0248756218905,0.0258607950347,0.0677306536624,0.0122161469878,0.0376336141077,0.0070932466381,0.0111817151864,0.169646815428,0.0284222452096,0.105413526427,0.100635436678,0.0365006649919,0.0785182995912,0.00645288409438,0.00265996748929,0.00403920989114,0.0350721639328,0.00911285158367,0.00753657455298,0.00128072508743,0.00591103886508
0.00249687890137,0.00349563046192,0.000998751560549,0.0184769038702,0.0212234706617,0.0212234706617,0.0262172284644,0.0122347066167,0.00524344569288,0.0164794007491,0.0397003745318,0.0409488139825,0.0159800249688,0.0514357053683,0.00524344569288,0.00649188514357,0.0209737827715,0.0421972534332,0.0274656679151,0.0566791510612,0.0202247191011,0.0466916354557,0.0122347066167,0.0154806491885,0.114606741573,0.0134831460674,0.106866416979,0.0659176029963,0.030961298377,0.0776529338327,0.00699126092385,0.00249687890137,0.00449438202247,0.0282147315855,0.0039950062422,0.00524344569288,0.000749063670412,0.00848938826467
0.00109984113406,0.00248482626584,0.00236262169538,0.0120982524746,0.0118945781906,0.0287995437696,0.0330359688786,0.01446087417,0.00892093364292,0.00692492565889,0.0134425027496,0.0173123141472,0.026029573506,0.0164976170109,0.00370687197035,0.0138905861746,0.0252148763697,0.0490447676076,0.0557660189824,0.0255000203674,0.0102244490611,0.0424864556601,0.00855431993157,0.0158865941586,0.0905128518473,0.0155607153041,0.139761293739,0.0660719377571,0.0441158499328,0.138417043464,0.0101022444906,0.00488818281804,0.00525479652939,0.0238706260947,0.00468450853395,0.00521406167257,0.000855431993157,0.00505112224531
0.00127418969499,0.00183164768655,0.000876005415306,0.0121844389583,0.0125029863821,0.012582623238,0.016405192323,0.0082025961615,0.00175201083061,0.0122640758143,0.0203073982639,0.0195110297045,0.00796368559369,0.0136975392212,0.00286692681373,0.00334474794935,0.0073265907462,0.0211037668233,0.0155291869077,0.04037588596,0.00828223301744,0.0242096042048,0.00422075336466,0.00907860157681,0.166281755196,0.0219797722386,0.0844150672931,0.119853468185,0.0629927530461,0.136975392212,0.0121048021024,0.00238910567811,0.00477821135622,0.0714342597754,0.0160070080433,0.0132197180855,0.00143346340686,0.00844150672931
0.000171115674196,0.00273785078713,0.00171115674196,0.0109514031485,0.0133470225873,0.0191649555099,0.0241273100616,0.0100958247775,0.00239561943874,0.00667351129363,0.0124914442163,0.0188227241615,0.0121492128679,0.0164271047228,0.00342231348392,0.00564681724846,0.0107802874743,0.0207049965777,0.0313141683778,0.0275496235455,0.00667351129363,0.0287474332649,0.00376454483231,0.0106091718001,0.120807665982,0.0198494182067,0.0954825462012,0.126283367556,0.0518480492813,0.155201916496,0.017453798768,0.00479123887748,0.00598904859685,0.0614305270363,0.0143737166324,0.0130047912389,0.00205338809035,0.0109514031485
0.000862626698296,0.00221048091438,0.00194091007117,0.00938106534397,0.00803321112788,0.0186543023507,0.0210804399396,0.00781755445331,0.00560707353893,0.00598447271943,0.0132089713177,0.0149342247143,0.013155057149,0.01390985551,0.00296527927539,0.00625404356265,0.0143950830278,0.0278197110201,0.0315397886565,0.0201638990727,0.00770972611602,0.0284127668751,0.00307310761268,0.00986629286176,0.0751024369204,0.0141794263532,0.137373301704,0.0897131766228,0.05127237438,0.228488246711,0.0244770325642,0.00943497951262,0.00894975199482,0.0427539357343,0.00905758033211,0.00738624110416,0.00161742505931,0.0112141470779
0.00156372165754,0.00195465207193,0.00312744331509,0.00899139953088,0.010164190774,0.0168100078186,0.0199374511337,0.00703674745895,0.00351837372948,0.00586395621579,0.0152462861611,0.0215011727912,0.0160281469898,0.0230648944488,0.0027365129007,0.00508209538702,0.0164190774042,0.0379202501955,0.0207193119625,0.0371383893667,0.00977326035966,0.0265832681783,0.00390930414386,0.0086004691165,0.0484753713839,0.0129007036747,0.0559030492572,0.0586395621579,0.029319781079,0.170445660672,0.0598123534011,0.0269741985927,0.0375293197811,0.0715402658327,0.0238467552776,0.0269741985927,0.0027365129007,0.0512118842846
0.0013633265167,0.00204498977505,0.00204498977505,0.0054533060668,0.0068166325835,0.0197682344922,0.0306748466258,0.00749829584185,0.00204498977505,0.00340831629175,0.0109066121336,0.0204498977505,0.0299931833674,0.0190865712338,0.00477164280845,0.011588275392,0.0293115201091,0.0463531015678,0.0299931833674,0.0177232447171,0.00613496932515,0.0197682344922,0.0027266530334,0.00886162235855,0.0327198364008,0.00613496932515,0.079754601227,0.0490797546012,0.0279481935924,0.227675528289,0.0674846625767,0.0177232447171,0.0299931833674,0.0477164280845,0.0170415814588,0.025221540559,0.0040899795501,0.0286298568507
0.0,0.00151898734177,0.00253164556962,0.00759493670886,0.00607594936709,0.0222784810127,0.0308860759494,0.00962025316456,0.00151898734177,0.00354430379747,0.0273417721519,0.0156962025316,0.0253164556962,0.0248101265823,0.00658227848101,0.00658227848101,0.0227848101266,0.0425316455696,0.0313924050633,0.0318987341772,0.013164556962,0.0177215189873,0.00354430379747,0.013164556962,0.0491139240506,0.00607594936709,0.0729113924051,0.0506329113924,0.0253164556962,0.158987341772,0.0637974683544,0.0273417721519,0.0172151898734,0.0541772151899,0.0303797468354,0.0491139240506,0.00354430379747,0.0232911392405
0.000288475407472,0.000721188518679,0.00129813933362,0.010385114669,0.0124044425213,0.0102408769652,0.0164430982259,0.0060579835569,0.00230780325977,0.0109620654839,0.0175969998558,0.0204817539305,0.0151449588923,0.0188951391894,0.00389441800087,0.00389441800087,0.00851002452041,0.018029712967,0.0115390162989,0.0359151882302,0.0080773114092,0.0287033030434,0.00245204096351,0.00908697533535,0.12548680225,0.0164430982259,0.0548103274196,0.139045146401,0.0536564257897,0.117121015433,0.0350497620078,0.0096639261503,0.0115390162989,0.0826482042406,0.0288475407472,0.0301456800808,0.00230780325977,0.0199048031155
0.00365296803653,0.00319634703196,0.00182648401826,0.00730593607306,0.00593607305936,0.013698630137,0.0141552511416,0.00867579908676,0.00228310502283,0.00821917808219,0.0264840182648,0.0187214611872,0.00867579908676,0.0205479452055,0.00319634703196,0.00456621004566,0.0123287671233,0.010502283105,0.0100456621005,0.0223744292237,0.00547945205479,0.027397260274,0.00365296803653,0.00639269406393,0.0821917808219,0.00913242009132,0.0438356164384,0.131506849315,0.0429223744292,0.147488584475,0.0497716894977,0.0168949771689,0.0237442922374,0.11095890411,0.0182648401826,0.0356164383562,0.0013698630137,0.0369863013699
0.000362844702467,0.00253991291727,0.0,0.0101596516691,0.0134252539913,0.0166908563135,0.0195936139332,0.00798258345428,0.00290275761974,0.010885341074,0.0319303338171,0.0221335268505,0.0181422351234,0.0185050798258,0.0021770682148,0.00834542815675,0.0185050798258,0.0326560232221,0.010885341074,0.0410014513788,0.0105224963716,0.0203193033382,0.00326560232221,0.00689404934688,0.0870827285922,0.0134252539913,0.0482583454282,0.0834542815675,0.0370101596517,0.0812772133527,0.0319303338171,0.0185050798258,0.0370101596517,0.118287373004,0.0471698113208,0.0275761973875,0.0010885341074,0.0380986937591
0.0,0.0,0.0,0.0126227208976,0.0070126227209,0.00140252454418,0.0168302945302,0.00841514726508,0.00280504908836,0.0070126227209,0.0869565217391,0.0476858345021,0.00561009817672,0.0364656381487,0.00561009817672,0.00981767180926,0.0140252454418,0.0196353436185,0.00561009817672,0.0518934081346,0.0238429172511,0.039270687237,0.00420757363254,0.0280504908836,0.116409537167,0.0182328190743,0.0322580645161,0.054698457223,0.0294530154278,0.0897615708275,0.0476858345021,0.00561009817672,0.0266479663394,0.100981767181,0.0070126227209,0.00841514726508,0.00561009817672,0.0224403927069
0.00182982616651,0.00228728270814,0.00137236962489,0.00869167429094,0.0118938700823,0.0109789569991,0.0150960658737,0.0096065873742,0.0032021957914,0.0164684354986,0.0466605672461,0.0315645013724,0.0137236962489,0.0292772186642,0.00411710887466,0.00686184812443,0.01967063129,0.0329368709973,0.0146386093321,0.0430009149131,0.0114364135407,0.0333943275389,0.00457456541629,0.012351326624,0.064043915828,0.0109789569991,0.0448307410796,0.0654162854529,0.0251601097896,0.129002744739,0.0393412625801,0.0187557182068,0.0260750228728,0.100182982617,0.0215004574565,0.0306495882891,0.0096065873742,0.0288197621226
