0.247619047619,0.24126984127,0.0507936507937,0.114285714286,0.0507936507937,0.0539682539683,0.0603174603175,0.0,0.0,0.0126984126984,0.0222222222222,0.0126984126984,0.015873015873,0.0031746031746,0.0031746031746,0.0,0.0031746031746,0.0,0.0222222222222,0.0,0.0253968253968,0.00634920634921,0.0,0.0,0.0126984126984,0.00634920634921,0.00952380952381,0.0031746031746,0.0031746031746,0.00952380952381,0.0,0.0,0.0031746031746,0.00634920634921,0.0,0.0,0.0,0.0
0.0369794903667,0.225605966439,0.121504039776,0.27781230578,0.0522063393412,0.0739589807334,0.0285891858297,0.0052827843381,0.00124300807955,0.00621504039776,0.0177128651336,0.0223741454319,0.00839030453698,0.00932256059664,0.00217526413922,0.00248601615911,0.00590428837787,0.00497203231821,0.00310752019888,0.0192666252331,0.00559353635799,0.00621504039776,0.00124300807955,0.00217526413922,0.0155376009944,0.00435052827843,0.00932256059664,0.00683654443754,0.00497203231821,0.00745804847732,0.00248601615911,0.000932256059664,0.00186451211933,0.00497203231821,0.000310752019888,0.000310752019888,0.000310752019888,0.0
0.017745302714,0.151878914405,0.27139874739,0.0960334029228,0.0156576200418,0.245302713987,0.0417536534447,0.00365344467641,0.00156576200418,0.00365344467641,0.0125260960334,0.018267223382,0.00574112734864,0.00782881002088,0.00208768267223,0.00260960334029,0.00574112734864,0.00208768267223,0.00730688935282,0.0172233820459,0.00260960334029,0.0062630480167,0.00104384133612,0.00417536534447,0.00835073068894,0.00208768267223,0.0156576200418,0.00469728601253,0.00260960334029,0.0161795407098,0.00208768267223,0.0,0.000521920668058,0.00156576200418,0.000521920668058,0.0,0.0,0.00156576200418
0.0111698562812,0.0656415220791,0.0252066423412,0.311192195994,0.117209025244,0.127671457294,0.0678010276268,0.0184674957182,0.00558492814059,0.0141112517686,0.0342914587832,0.0392806612555,0.0118400476581,0.0177973043414,0.00323925832154,0.00461687392956,0.00804229652245,0.00804229652245,0.00726040658277,0.0159728944821,0.00778166654256,0.00927098071338,0.00152654702509,0.00387221684414,0.0169037158389,0.00372328542706,0.0142974160399,0.00670191376871,0.00357435400998,0.00949437783901,0.00111698562812,0.000335095688435,0.000297862834165,0.00327649117581,0.000819122793953,0.00111698562812,0.000260629979894,0.00119145133666
0.00586319218241,0.0197611292074,0.00593557727108,0.212884545784,0.0977198697068,0.0708650018096,0.0839667028592,0.0338762214984,0.00962721679334,0.0258414766558,0.0589938472675,0.0696344553022,0.0203402099168,0.0318494390156,0.0061527325371,0.00854144046326,0.0159971045965,0.0161418747738,0.00977198697068,0.0370611653999,0.0152008686211,0.0204849800941,0.00419833514296,0.00673181324647,0.0364096996019,0.00600796235975,0.0227289178429,0.0111473036554,0.00492218602968,0.0152008686211,0.00166485703945,0.000723850886717,0.00108577633008,0.00629750271444,0.00173724212812,0.00188201230547,0.000361925443359,0.00238870792617
0.00360584593784,0.0166251834833,0.0366009317761,0.101984810773,0.0332503669666,0.305858701895,0.185174548472,0.0306337354011,0.0159231603804,0.00373348650201,0.0158912502393,0.0273789010147,0.0260386750909,0.0140723721999,0.00459506031017,0.00784989469653,0.0212202437935,0.0145510243155,0.0139128214947,0.00737124258089,0.00644584849065,0.0152211372774,0.00264854170655,0.00523326313102,0.0135618099432,0.00354202565575,0.0246984491671,0.00686068032421,0.00485034143851,0.0177739485609,0.00229753015508,0.00172314761631,0.00181887803944,0.00366966621992,0.00124449550067,0.000829663667113,0.000351011551471,0.000957304231285
0.00277478032989,0.00697548944042,0.0101356559272,0.0615461692616,0.0418914752582,0.230460921844,0.190573454602,0.0417373207954,0.0230075535687,0.00539540619701,0.0197703098505,0.0365346076769,0.048443039926,0.0178819176815,0.00828580237398,0.0119084322491,0.0370741482966,0.0248188685062,0.0222367812548,0.00874826576229,0.00770772313858,0.024973022969,0.00366116849083,0.00693695082473,0.017573608756,0.00412363187914,0.0357252967473,0.00801603206413,0.00616617851087,0.0189995375366,0.00223523971019,0.00134885154925,0.00254354863573,0.00439340218899,0.00104054262371,0.00235085555727,0.000308308925543,0.00169569909049
0.00154429313492,0.00505405025972,0.00280780569985,0.0519444054471,0.0557349431419,0.122420328513,0.129018671908,0.0172680050541,0.0154429313492,0.00772146567458,0.037063035238,0.0383265478029,0.0346764003931,0.036641864383,0.0119331742243,0.0258318124386,0.0534886985821,0.0461884037625,0.0338340586831,0.0168468341991,0.0115120033694,0.0350975712481,0.00856380738453,0.0195142496139,0.0293415695634,0.00772146567458,0.0558753334269,0.0147409799242,0.0129159062193,0.0289203987084,0.0018250737049,0.00294819598484,0.0018250737049,0.0120735645093,0.00379053769479,0.00393092797978,0.000421170854977,0.00519444054471
0.00284967941107,0.00403704583234,0.00617430539064,0.0489194965566,0.0356209926383,0.194253146521,0.234148658276,0.0280218475422,0.0208976490145,0.00664925195915,0.0230349085728,0.0344336262171,0.0353835193541,0.0168606031821,0.00522441225362,0.0135359772026,0.043695084303,0.0308715269532,0.0403704583234,0.00902398480171,0.00949893137022,0.0159107100451,0.0042745191166,0.0085490382332,0.0147233436238,0.00379957254809,0.0496319164094,0.00878651151745,0.00712419852767,0.0265970078366,0.0042745191166,0.0021372595583,0.00237473284256,0.00379957254809,0.00142483970553,0.00118736642128,0.0,0.00189978627404
0.007165034631,0.011941724385,0.0076427036064,0.085980415572,0.115118223071,0.0274659660855,0.0343921662288,0.0179125865775,0.0074038691187,0.0403630284213,0.0737998566993,0.0575591115357,0.0131358968235,0.0348698352042,0.0085980415572,0.0066873656556,0.0114640554096,0.0212562694053,0.0114640554096,0.0893240983998,0.0257941246716,0.0363028421304,0.0045378552663,0.0090757105326,0.0831144017196,0.0138524002866,0.0260329591593,0.0279436350609,0.0126582278481,0.0277048005732,0.004776689754,0.0014330069262,0.0050155242417,0.0164795796513,0.0052543587294,0.004776689754,0.002388344877,0.0093145450203
0.00366992882562,0.0116770462633,0.00289145907473,0.0673932384342,0.0681717081851,0.0356983985765,0.0351423487544,0.0189056939502,0.00733985765125,0.040146797153,0.0681717081851,0.0534919928826,0.0192393238434,0.0250222419929,0.00900800711744,0.0154581850534,0.0195729537367,0.029359430605,0.0156806049822,0.0919706405694,0.0221307829181,0.0626112099644,0.00678380782918,0.0165702846975,0.0728425266904,0.0147909252669,0.0418149466192,0.0258007117438,0.0103425266904,0.0342526690391,0.00511565836299,0.00244661921708,0.00389234875445,0.0176823843416,0.00300266903915,0.00656138790036,0.00311387900356,0.0122330960854
0.00291003152534,0.00614339988683,0.00323336836149,0.0598173146876,0.0604639883599,0.0531889095465,0.060787325196,0.0210168943497,0.0122867997737,0.0202893864684,0.0632123514671,0.0362137256487,0.0255436100558,0.0555331016086,0.00856842615795,0.0231994179937,0.0336270309595,0.0451054886428,0.0223910759033,0.0425996281626,0.0222294074852,0.0764691617493,0.0126909708189,0.0231994179937,0.0396895966373,0.0105892813839,0.0510063859025,0.0210977285587,0.012933473446,0.028130304745,0.00420337886994,0.0034758709886,0.00307169994342,0.0118826287285,0.0054158920055,0.00800258669469,0.00177835259882,0.00800258669469
0.00200282752121,0.00447690857681,0.00471253534402,0.0395852968897,0.0294533459001,0.113572101791,0.15574929312,0.0243873704053,0.0215598491989,0.00871819038643,0.0260367577757,0.0400565504241,0.0332233741753,0.0327521206409,0.00447690857681,0.0172007540057,0.0387606032045,0.059849198869,0.0531338360038,0.0167295004713,0.0101319509896,0.0417059377945,0.00836475023563,0.01472667295,0.0226201696513,0.0109566446748,0.0719839773798,0.0139019792648,0.01178133836,0.0268614514609,0.00365221489161,0.00424128180961,0.00577285579642,0.011192271442,0.00483034872762,0.00600848256362,0.000942507068803,0.00388784165881
0.00212121212121,0.00348484848485,0.0019696969697,0.0395454545455,0.0340909090909,0.0339393939394,0.0515151515152,0.030303030303,0.0113636363636,0.0222727272727,0.0363636363636,0.0618181818182,0.0301515151515,0.0336363636364,0.00515151515152,0.0159090909091,0.0375757575758,0.035303030303,0.0281818181818,0.0562121212121,0.0193939393939,0.0918181818182,0.00909090909091,0.0224242424242,0.0475757575758,0.0165151515152,0.0706060606061,0.0231818181818,0.0162121212121,0.0406060606061,0.00878787878788,0.00484848484848,0.00924242424242,0.0184848484848,0.00484848484848,0.00833333333333,0.00333333333333,0.0137878787879
0.0,0.00214822771214,0.0016111707841,0.0370569280344,0.030612244898,0.0483351235231,0.0542427497315,0.0225563909774,0.0182599355532,0.0128893662728,0.046723952739,0.0327604726101,0.0139634801289,0.0268528464017,0.0112781954887,0.0134264232009,0.031149301826,0.0445757250269,0.0370569280344,0.0429645542427,0.0290010741139,0.0735767991407,0.0241675617615,0.0418904403867,0.0510204081633,0.0145005370569,0.0918367346939,0.0295381310419,0.0182599355532,0.0365198711063,0.00644468313641,0.00322234156821,0.00751879699248,0.0177228786251,0.00698174006445,0.00966702470462,0.00214822771214,0.00751879699248
0.00140607424072,0.00365579302587,0.00562429696288,0.0317772778403,0.0306524184477,0.078177727784,0.116422947132,0.0669291338583,0.0191226096738,0.0112485939258,0.0511811023622,0.0641169853768,0.0441507311586,0.0388076490439,0.0044994375703,0.0143419572553,0.0222159730034,0.0241844769404,0.0241844769404,0.0300899887514,0.0182789651294,0.0613048368954,0.00759280089989,0.0196850393701,0.0236220472441,0.00590551181102,0.0638357705287,0.0202474690664,0.0115298087739,0.0323397075366,0.0070303712036,0.00309336332958,0.0070303712036,0.00899887514061,0.0095613048369,0.00871766029246,0.00196850393701,0.00646794150731
0.00203203442505,0.00466172603395,0.00310781735596,0.0230695672962,0.0237867559168,0.0695672961989,0.0938321778628,0.0286875448243,0.0306000478126,0.00860626344729,0.0374133397083,0.0552235237868,0.0419555343055,0.0345445852259,0.006693760459,0.0109968921826,0.0279703562037,0.0341859909156,0.0621563471193,0.0327516136744,0.0197226870667,0.0695672961989,0.00753048051638,0.0215156586182,0.0279703562037,0.0107578293091,0.0855845087258,0.0166148697107,0.00944298350466,0.0436289744203,0.00693282333254,0.00585704040163,0.00896485775759,0.0117140808033,0.00454219459718,0.00848673201052,0.00227109729859,0.0070523547693
0.00147221199853,0.00312845049687,0.00193227824807,0.0217151269783,0.0236474052264,0.0415899889584,0.0675377254325,0.0333087964667,0.0204269414796,0.0104895104895,0.0499631947,0.0538277511962,0.0515274199485,0.0368973132131,0.00772911299227,0.0123297754877,0.0268678689731,0.0243835112256,0.0444423997056,0.0464666912035,0.0217151269783,0.071954361428,0.00634891424365,0.0245675377254,0.0426021347074,0.0148141332352,0.0961538461538,0.0228192859772,0.0159182922341,0.048951048951,0.00818917924181,0.00524475524476,0.00782112624218,0.0147221199853,0.00331247699669,0.0057968347442,0.00239234449761,0.00699300699301
0.00343781597573,0.00283114256825,0.00262891809909,0.0212335692619,0.0168857431749,0.0478260869565,0.0649140546006,0.0208291203236,0.0223458038423,0.00738119312437,0.0199191102123,0.0366026289181,0.0456016177958,0.0302325581395,0.00556117290192,0.0210313447927,0.0430738119312,0.049646107179,0.0469160768453,0.0294236602629,0.0140546006067,0.0521739130435,0.00829120323559,0.0146612740142,0.0478260869565,0.0116279069767,0.136602628918,0.0322548028311,0.0208291203236,0.0847320525784,0.00677451971689,0.00343781597573,0.00505561172902,0.0118301314459,0.00323559150657,0.00343781597573,0.00131445904954,0.00353892821031
0.00447800509263,0.00772675388533,0.00272192466415,0.0367898849767,0.0412678900694,0.0268680305558,0.0322240758627,0.0133462112565,0.00447800509263,0.0366142769339,0.100008780402,0.0532092369831,0.016770568092,0.0401264377909,0.00737553779963,0.0114145227851,0.0251997541487,0.0466239353762,0.0233558696988,0.08569672491,0.023794889806,0.0308192115199,0.0079901659496,0.0128193871279,0.0914039863026,0.0178242163491,0.0562823777329,0.0349460005268,0.0154535077707,0.0355606286768,0.00869259812099,0.00193168847133,0.00588286943542,0.0177364123277,0.00447800509263,0.00640969356397,0.00131706032136,0.0103608745281
0.0062625250501,0.0105210420842,0.00475951903808,0.0353206412826,0.0463426853707,0.0320641282565,0.0408316633267,0.0145290581162,0.00676352705411,0.0438376753507,0.0733967935872,0.062625250501,0.0135270541082,0.0388276553106,0.0127755511022,0.0145290581162,0.0253006012024,0.0485971943888,0.0235470941884,0.0711422845691,0.0150300601202,0.0425851703407,0.00926853707415,0.0195390781563,0.0718937875752,0.0175350701403,0.0576152304609,0.0300601202405,0.0122745490982,0.0380761523046,0.00776553106212,0.00350701402806,0.00400801603206,0.0170340681363,0.00400801603206,0.0060120240481,0.00425851703407,0.0140280561122
0.00228832951945,0.00487513680231,0.00278579245846,0.0212914137897,0.0229827877823,0.0296487911651,0.0433787682818,0.0208934434385,0.00587006268033,0.0205949656751,0.0635757636056,0.0687493781713,0.0254701024774,0.0587006268033,0.0124365734753,0.017610188041,0.034722913143,0.0546214307034,0.0365137797234,0.0502437568401,0.0204954730873,0.0339269724406,0.00537259974132,0.0113421550095,0.0790966073028,0.0123370808875,0.082976818227,0.0290518356382,0.0190030842702,0.0504427420157,0.0106457068948,0.00278579245846,0.00477564421451,0.0210924286141,0.00368122574868,0.00746194408517,0.00139289622923,0.00686498855835
0.00167691447736,0.00670765790945,0.00167691447736,0.0223588596982,0.0290665176076,0.0408049189491,0.0452766908888,0.0385690329793,0.00838457238681,0.00950251537172,0.0324203465623,0.0553381777529,0.0340972610397,0.0285075461151,0.0111794298491,0.0223588596982,0.0313024035774,0.035774175517,0.0424818334265,0.0469536053661,0.0201229737283,0.0329793180548,0.0117384013415,0.0128563443264,0.0698714365567,0.018446059251,0.123532699832,0.0329793180548,0.0251537171604,0.0497484628284,0.00670765790945,0.00335382895472,0.00670765790945,0.0212409167132,0.00279485746227,0.00670765790945,0.00111794298491,0.00950251537172
0.00165243734508,0.00330487469017,0.00275406224181,0.0201046543652,0.0154227485541,0.0305700908841,0.0437895896447,0.0313963095566,0.0071605618287,0.0134949049849,0.042687964748,0.0454420269898,0.0267144037455,0.0435141834205,0.00963921784632,0.0291930597632,0.0344257780226,0.0559074635087,0.0369044340402,0.0490223079042,0.0209308730377,0.0300192784357,0.00413109336271,0.0112916551914,0.0660974938034,0.0085375929496,0.11594602038,0.0380060589369,0.028917653539,0.065546681355,0.00798678050124,0.00358028091435,0.00771137427706,0.0220324979345,0.00385568713853,0.00495731203525,0.00247865601763,0.0148719361058
0.00157759810688,0.00394399526721,0.00182409781108,0.0204594754486,0.0229244724906,0.0161210806547,0.0227272727273,0.0127193847367,0.00394399526721,0.0184381778742,0.0376651548018,0.027114967462,0.0106487872215,0.0253894695326,0.00433839479393,0.00621179254585,0.0109445868665,0.0270163675804,0.0256852691777,0.0724216130941,0.0190790771051,0.0362847564583,0.00552159337409,0.0125714849142,0.150167619799,0.0269177676987,0.103431275882,0.0889370932755,0.0365805561033,0.0732104121475,0.00774009071189,0.00276079668704,0.00458489449813,0.0346085584697,0.00808519029777,0.00971208834549,0.000985998816801,0.00670479195425
0.00248880039821,0.00373320059731,0.00398208063713,0.0204081632653,0.0223992035839,0.0261324041812,0.0313588850174,0.0126928820309,0.0059731209557,0.0121951219512,0.043056246889,0.0383275261324,0.0189148830264,0.0495271279243,0.00497760079642,0.00920856147337,0.0191637630662,0.047287207566,0.0283723245396,0.0709308113489,0.0268790443006,0.0355898456944,0.00572424091588,0.00746640119462,0.104031856645,0.0184171229467,0.103782976605,0.0540069686411,0.0321055251369,0.0726729716277,0.00995520159283,0.00298656047785,0.0059731209557,0.0288700846192,0.00572424091588,0.00647088103534,0.000746640119462,0.00746640119462
0.000740954184333,0.00201704194624,0.00296381673733,0.0116494463426,0.0133783394393,0.0306261062858,0.0359362779401,0.0164656485407,0.00860330136253,0.00662742353764,0.01918248055,0.0227637591076,0.0280739307619,0.0237928621414,0.0045280533487,0.0137076524102,0.0260568888157,0.0565595027374,0.0532663730293,0.028197423126,0.0122257440415,0.0468447700984,0.0078623471782,0.0153542172642,0.0884616967851,0.0167537973902,0.118634997736,0.0603877660231,0.0393940641337,0.126620837278,0.0112789692504,0.00489853044087,0.00559832050385,0.0245338163257,0.00514551516898,0.00506318692628,0.00107026715515,0.00473387395546
0.00174229824978,0.00300942424962,0.000475172249941,0.0142551674982,0.0132256276233,0.015918270373,0.0171062009979,0.00847390512394,0.00300942424962,0.00910746812386,0.0280351627465,0.0224914864972,0.00926585887384,0.0203532113725,0.00380137799952,0.00538528549933,0.00950344499881,0.024075393997,0.0232834402471,0.0458541221193,0.0102162033737,0.0257384968718,0.0048309178744,0.00847390512394,0.153084659856,0.0235210263721,0.0838679021145,0.103825136612,0.055911934743,0.132652253108,0.0120376969985,0.00419735487448,0.00388057337451,0.0615348063673,0.0143343628732,0.0136216044983,0.00174229824978,0.00815712362398
0.000172205958326,0.00275529533322,0.00120544170828,0.0132598587911,0.0115377992079,0.0156707422077,0.0230755984157,0.0106767694162,0.00378853108318,0.00809368004133,0.0208369209575,0.0191148613742,0.0117100051662,0.0215257447908,0.00223867745824,0.00878250387463,0.0111933872912,0.0258308937489,0.0287583950405,0.0299638367488,0.00912691579129,0.0280695712072,0.00275529533322,0.00757706216635,0.123299466162,0.0201480971242,0.087652832788,0.111933872912,0.0501119338729,0.162734630618,0.0227311864991,0.00516617874978,0.00258308937489,0.0594110556225,0.0132598587911,0.0106767694162,0.00189426554159,0.0106767694162
0.000859799021979,0.00188081036058,0.00322424633242,0.00935031436402,0.00838304046429,0.019130528239,0.0237519479822,0.00988768875275,0.00596485571498,0.00677091729808,0.0168198183675,0.0152076952012,0.0167123434897,0.0174646676339,0.00290182169918,0.00779192863668,0.0152614326401,0.0292331667473,0.0335321618572,0.0244505346875,0.00945778924176,0.0313289268633,0.00494384437638,0.00886667741415,0.0777580740502,0.0139179966683,0.128754903541,0.0866784889032,0.0453006609705,0.206405502714,0.0254178085872,0.0102638508249,0.011499811919,0.0394432801333,0.00994142619163,0.00800687839218,0.0018270729217,0.0116072867967
0.00158415841584,0.00277227722772,0.00158415841584,0.0134653465347,0.00950495049505,0.019801980198,0.0249504950495,0.00673267326733,0.00435643564356,0.00475247524752,0.0213861386139,0.0182178217822,0.0150495049505,0.0257425742574,0.00356435643564,0.00712871287129,0.0126732673267,0.030099009901,0.0277227722772,0.0257425742574,0.0110891089109,0.0372277227723,0.0019801980198,0.0114851485149,0.0471287128713,0.0118811881188,0.0562376237624,0.0487128712871,0.0289108910891,0.160792079208,0.0590099009901,0.0225742574257,0.0455445544554,0.0728712871287,0.0221782178218,0.0249504950495,0.00316831683168,0.0574257425743
0.00070126227209,0.00140252454418,0.00490883590463,0.0070126227209,0.00631136044881,0.0224403927069,0.031556802244,0.00631136044881,0.00350631136045,0.00981767180926,0.0203366058906,0.0217391304348,0.0266479663394,0.0252454417952,0.00561009817672,0.0140252454418,0.0196353436185,0.0532959326788,0.0245441795231,0.0203366058906,0.00981767180926,0.0182328190743,0.00280504908836,0.00490883590463,0.0455820476858,0.0126227208976,0.0715287517532,0.0582047685835,0.0224403927069,0.18443197756,0.0708274894811,0.0182328190743,0.0294530154278,0.0568022440393,0.015427769986,0.0210378681627,0.00280504908836,0.0294530154278
0.00048309178744,0.0024154589372,0.00048309178744,0.00772946859903,0.012077294686,0.0193236714976,0.03961352657,0.0115942028986,0.00386473429952,0.0048309178744,0.0246376811594,0.0231884057971,0.0381642512077,0.0289855072464,0.00338164251208,0.0169082125604,0.0342995169082,0.0444444444444,0.0294685990338,0.0468599033816,0.0101449275362,0.0236714975845,0.0048309178744,0.0140096618357,0.0449275362319,0.00628019323671,0.0647342995169,0.03961352657,0.0236714975845,0.129468599034,0.056038647343,0.019806763285,0.0169082125604,0.0618357487923,0.0227053140097,0.0323671497585,0.00966183574879,0.0265700483092
0.000584112149533,0.00131425233645,0.00160630841121,0.0119742990654,0.00992990654206,0.0116822429907,0.018691588785,0.0115362149533,0.0035046728972,0.0112441588785,0.0238025700935,0.0259929906542,0.0159170560748,0.0221962616822,0.00496495327103,0.00657126168224,0.015625,0.0254088785047,0.0122663551402,0.0388434579439,0.010660046729,0.0302278037383,0.00423481308411,0.00511098130841,0.116822429907,0.0172313084112,0.0554906542056,0.11550817757,0.0473130841121,0.117552570093,0.0351927570093,0.00861565420561,0.0124123831776,0.0636682242991,0.026285046729,0.0327102803738,0.00219042056075,0.0251168224299
0.0,0.00277520814061,0.00138760407031,0.00925069380204,0.00878815911193,0.0148011100833,0.0194264569843,0.00555041628122,0.00323774283071,0.00693802035153,0.0254394079556,0.0268270120259,0.013413506013,0.018038852914,0.00416281221092,0.00277520814061,0.0166512488437,0.0198889916744,0.00878815911193,0.0314523589269,0.0101757631822,0.0282146160962,0.00323774283071,0.00601295097132,0.0846438482886,0.0120259019426,0.0444033302498,0.105920444033,0.0416281221092,0.121184088807,0.0494912118409,0.0129509713228,0.0152636447734,0.133672525439,0.0185013876041,0.040703052729,0.0,0.0323774283071
0.0,0.00149644594089,0.0,0.0104751215862,0.0175832398055,0.0130939019828,0.0273101384212,0.0108492330715,0.00374111485223,0.00635989524878,0.0355405910961,0.0250654695099,0.0280583613917,0.0291806958474,0.00673400673401,0.0108492330715,0.0299289188178,0.0347923681257,0.0145903479237,0.0542461653573,0.0149644594089,0.0224466891134,0.00224466891134,0.00860456416012,0.0808080808081,0.0160867938646,0.037037037037,0.0729517396184,0.0419004863449,0.0673400673401,0.0321735877291,0.0160867938646,0.0385334829779,0.0976430976431,0.0254395809951,0.0273101384212,0.00149644594089,0.037037037037
0.00146412884334,0.00146412884334,0.00292825768668,0.01317715959,0.0175695461201,0.0117130307467,0.0117130307467,0.00292825768668,0.00439238653001,0.0161054172767,0.0805270863836,0.0307467057101,0.00878477306003,0.0468521229868,0.0234260614934,0.0117130307467,0.0307467057101,0.0263543191801,0.00732064421669,0.0571010248902,0.0263543191801,0.0600292825769,0.0,0.0204978038067,0.0761346998536,0.0161054172767,0.0204978038067,0.0761346998536,0.0292825768668,0.0922401171303,0.0219619326501,0.01317715959,0.0190336749634,0.0775988286969,0.00585651537335,0.00292825768668,0.00146412884334,0.0336749633968
0.00123507616303,0.00370522848909,0.000823384108687,0.0123507616303,0.0107039934129,0.0139975298477,0.0111156854673,0.0094689172499,0.00494030465212,0.0123507616303,0.0543433511733,0.0292301358584,0.013174145739,0.0321119802388,0.0123507616303,0.00864553314121,0.0172910662824,0.0300535199671,0.0160559901194,0.0531082750103,0.0189378344998,0.0370522848909,0.00699876492384,0.0123507616303,0.0588719637711,0.013174145739,0.0494030465212,0.0518731988473,0.028818443804,0.100864553314,0.0510498147386,0.0189378344998,0.0160559901194,0.0831617949774,0.0209962947715,0.0292301358584,0.0135858377933,0.0415808974887
