0.253125,0.275,0.0625,0.109375,0.0375,0.0375,0.028125,0.0,0.0,0.015625,0.015625,0.009375,0.00625,0.0,0.0,0.00625,0.0,0.01875,0.009375,0.03125,0.0125,0.009375,0.0,0.0,0.0125,0.01875,0.00625,0.003125,0.0,0.009375,0.003125,0.003125,0.0,0.0,0.00625,0.0,0.0,0.0
0.0288282703038,0.253874767514,0.109423434594,0.296342219467,0.0443273403596,0.0805951642901,0.0238685678859,0.00805951642901,0.00154990700558,0.00681959082455,0.0148791072536,0.0170489770614,0.00650960942343,0.00650960942343,0.00247985120893,0.00247985120893,0.00712957222567,0.00464972101674,0.00247985120893,0.0123992560446,0.00712957222567,0.00712957222567,0.0018598884067,0.00123992560446,0.0120892746435,0.00402975821451,0.0105393676379,0.00650960942343,0.00309981401116,0.00867947923125,0.000619962802232,0.000619962802232,0.000619962802232,0.00247985120893,0.00123992560446,0.000619962802232,0.0,0.00123992560446
0.018756698821,0.176312968917,0.261521972133,0.0921757770632,0.016077170418,0.265809217578,0.0412647374062,0.0037513397642,0.0037513397642,0.0075026795284,0.0096463022508,0.0150053590568,0.0021436227224,0.008038585209,0.0016077170418,0.0021436227224,0.0048231511254,0.0042872454448,0.0042872454448,0.0064308681672,0.0010718113612,0.0037513397642,0.0,0.0010718113612,0.005359056806,0.0016077170418,0.016077170418,0.0021436227224,0.0021436227224,0.016077170418,0.0021436227224,0.0,0.0005359056806,0.0,0.0005359056806,0.0005359056806,0.0,0.0016077170418
0.0115072202166,0.0785198555957,0.02478188929,0.343261131167,0.114959386282,0.125601684717,0.0656212394705,0.014214801444,0.00500150421179,0.0107175090253,0.026286101083,0.0370412154031,0.0100030084236,0.0129738267148,0.0038357400722,0.00500150421179,0.00812274368231,0.00665613718412,0.00676895306859,0.0144028279182,0.00571600481348,0.00755866425993,0.0017674488568,0.00270758122744,0.0157942238267,0.00312123947052,0.0124097472924,0.00654332129964,0.00297081829122,0.00823555956679,0.00101534296029,0.000376052948255,0.000376052948255,0.00357250300842,0.000564079422383,0.00105294825511,0.000188026474128,0.00075210589651
0.00442673749447,0.0194038660174,0.00597609561753,0.213221189317,0.105356352368,0.0719344842851,0.0748856426147,0.031208499336,0.0109930647779,0.0276671093404,0.0526043972259,0.0653681570016,0.0205843293493,0.028773793714,0.00900103290542,0.012837538734,0.0174856131031,0.0175593920614,0.0105503910285,0.0359303526634,0.0137966651911,0.0238306035119,0.00391028478678,0.00715655894939,0.0310609414195,0.00619743249225,0.0244208351778,0.0132064335252,0.00604987457577,0.014386896857,0.00147557916482,0.00103290541538,0.00258226353844,0.0078943485318,0.00147557916482,0.00405784270326,0.000221336874723,0.00147557916482
0.00355076275644,0.0155839032088,0.0378748027354,0.114709363493,0.0324829037349,0.318812467123,0.194042609153,0.0306088900579,0.0167674907943,0.00341925302472,0.00950157811678,0.0221922672278,0.0288006312467,0.00920568122041,0.00391241451867,0.00713440294582,0.0206470278801,0.0127893214098,0.0139729089953,0.00815360336665,0.00466859547607,0.0137756443977,0.00210415570752,0.00480010520779,0.00973172014729,0.00259731720147,0.0219621251973,0.00673987375066,0.00345213045765,0.0145975802209,0.00256443976854,0.00144660704892,0.0019726459758,0.00272882693319,0.000887690689111,0.000854813256181,0.0003287743293,0.000624671225671
0.0024868123587,0.00704596834966,0.0108892238131,0.0726827430294,0.0407686510927,0.256518462698,0.185719668425,0.042275810098,0.0243029389601,0.00478522984175,0.0126224566692,0.0327430293896,0.0475885455916,0.0134137151469,0.00648078372268,0.0106631499623,0.0374905802562,0.0226073850791,0.0207611152977,0.00911831198191,0.00670685757347,0.0230972117558,0.00361718161266,0.00576488319518,0.0161642803316,0.00373021853806,0.0311981914092,0.00968349660889,0.00659382064808,0.0170308967596,0.00199698568199,0.00214770158252,0.00211002260739,0.00474755086662,0.00109269027882,0.00195930670686,0.000263752825923,0.00113036925396
0.000512098322878,0.00473690948662,0.00422481116374,0.0567148892587,0.050185635642,0.12456791704,0.140058891307,0.0176673921393,0.013698630137,0.00780949942389,0.0257329407246,0.0414799641531,0.0348226859557,0.0334144155678,0.0121623351684,0.0265010882089,0.063884265779,0.0553066188708,0.0313660222763,0.0140827038791,0.010498015619,0.0320061451799,0.00972986813468,0.0176673921393,0.0261170144668,0.00742542568173,0.0569709384202,0.0124183843298,0.0117782614262,0.0252208424017,0.00256049161439,0.00320061451799,0.00256049161439,0.0098578927154,0.00307258993727,0.00409678658302,0.00140827038791,0.00448086032518
0.00234741784038,0.0056338028169,0.01220657277,0.0542253521127,0.0335680751174,0.219953051643,0.248122065728,0.0267605633803,0.0206572769953,0.00399061032864,0.0138497652582,0.0272300469484,0.0335680751174,0.012441314554,0.0056338028169,0.0136150234742,0.0457746478873,0.0333333333333,0.0316901408451,0.0105633802817,0.00774647887324,0.0223004694836,0.0018779342723,0.00657276995305,0.0119718309859,0.00422535211268,0.0410798122066,0.00868544600939,0.00446009389671,0.0206572769953,0.00140845070423,0.00117370892019,0.00258215962441,0.00492957746479,0.000469483568075,0.00258215962441,0.000704225352113,0.00140845070423
0.00360766629087,0.012626832018,0.0054114994363,0.0870349492672,0.108906426156,0.0308906426156,0.0392333709132,0.0135287485908,0.00631341600902,0.041488162345,0.0719278466742,0.0656144306652,0.0110484780158,0.0324689966178,0.0101465614431,0.00811724915445,0.0160090191657,0.0205186020293,0.0121758737317,0.0777903043968,0.0259301014656,0.0367531003382,0.00563697857948,0.0137542277339,0.0906426155581,0.0135287485908,0.0275084554679,0.0286358511838,0.0135287485908,0.0220969560316,0.00631341600902,0.00202931228861,0.00360766629087,0.0137542277339,0.00563697857948,0.00789177001127,0.00202931228861,0.00586245772266
0.0039352864014,0.0083078268474,0.00404459991255,0.0728027984259,0.0713817227809,0.0296239615216,0.0326847398338,0.0249234805422,0.0103847835592,0.0442719720157,0.0640577175339,0.0558592041976,0.0203323130739,0.0254700480979,0.0106034105815,0.0121337997376,0.0238303454307,0.0292960209882,0.017490161784,0.0872321818977,0.0252514210756,0.0650415391342,0.00666812418015,0.0141014429383,0.0694140795802,0.0139921294272,0.0443812855269,0.0267818102317,0.0106034105815,0.0286401399213,0.00535636204635,0.00273283777875,0.0037166593791,0.0133362483603,0.0024048972453,0.0069960647136,0.0028421512899,0.00907302142545
0.00185643564356,0.00518254950495,0.00355816831683,0.0563892326733,0.0590965346535,0.0607209158416,0.0631961633663,0.025525990099,0.0119121287129,0.0206528465347,0.0473391089109,0.0339573019802,0.0266089108911,0.0508972772277,0.0100556930693,0.0249071782178,0.0399133663366,0.0497370049505,0.0232827970297,0.0392945544554,0.0221998762376,0.0774288366337,0.0133044554455,0.0215810643564,0.0387530940594,0.0112159653465,0.0514387376238,0.0191058168317,0.0113706683168,0.0300123762376,0.00556930693069,0.00278465346535,0.00595606435644,0.013536509901,0.00355816831683,0.00966893564356,0.00162438118812,0.00680693069307
0.00156652120398,0.00414009175338,0.00234978180598,0.0347991496028,0.0281973816717,0.115363097236,0.163477677073,0.0302114803625,0.0238335011749,0.00962291596733,0.0202528812801,0.0426317556227,0.0317780015665,0.0294282197605,0.00469956361195,0.0170079445004,0.0435269105964,0.0551639252546,0.0510238335012,0.0168960501287,0.00906344410876,0.0398343963299,0.00973481033904,0.017567416359,0.0231621349446,0.00794450039163,0.0670247286561,0.0134273246056,0.00872776099362,0.0325612621685,0.00414009175338,0.00604229607251,0.00716123978964,0.0115251202864,0.00358061989482,0.00716123978964,0.00123083808884,0.00414009175338
0.00197238658777,0.00493096646943,0.00281769512539,0.0415610030995,0.0408565793181,0.0486052409129,0.0515638207946,0.0318399549169,0.0131022823331,0.0250774866159,0.0373344604114,0.0721329952099,0.0316990701606,0.0352211890673,0.00662158354466,0.0166244012398,0.0374753451677,0.0352211890673,0.0276134122288,0.0495914342068,0.0201465201465,0.0845308537616,0.00788954635108,0.0236686390533,0.0448013524937,0.0147928994083,0.0641025641026,0.0231051000282,0.014652014652,0.0301493378416,0.00549450549451,0.003663003663,0.00704423781347,0.0163426317272,0.0050718512257,0.00986193293886,0.00169061707523,0.0111298957453
0.0,0.00631246712257,0.00157811678064,0.0415570752236,0.0378748027354,0.044187269858,0.070489216202,0.0215675960021,0.0205155181483,0.0152551288795,0.0447133087849,0.0331404523935,0.0178853235139,0.0268279852709,0.00894266175697,0.00999473961073,0.031036296686,0.035244608101,0.0331404523935,0.0426091530773,0.0210415570752,0.0689110994214,0.0284061020516,0.0320883745397,0.0468174644924,0.0163072067333,0.0873224618622,0.0247238295634,0.0226196738559,0.0510257759074,0.0126249342451,0.0026301946344,0.00420831141504,0.0236717517096,0.0026301946344,0.00315623356128,0.0,0.00894266175697
0.00125944584383,0.00403022670025,0.00251889168766,0.0350125944584,0.0249370277078,0.0863979848866,0.119899244332,0.0715365239295,0.0206549118388,0.0088161209068,0.039798488665,0.0722921914358,0.0536523929471,0.0274559193955,0.00226700251889,0.0163727959698,0.0239294710327,0.0302267002519,0.0329974811083,0.0289672544081,0.0123425692695,0.0564231738035,0.00856423173804,0.0186397984887,0.0267002518892,0.00856423173804,0.0622166246851,0.0151133501259,0.0105793450882,0.0261964735516,0.00528967254408,0.00302267002519,0.00604534005038,0.0176322418136,0.00503778337531,0.00554156171285,0.00327455919395,0.00579345088161
0.00086249383933,0.00443568260227,0.00505174963036,0.022917693445,0.0230409068507,0.0744208969936,0.102267126663,0.0365943814687,0.0284622966979,0.0101034992607,0.0279694430754,0.0507639231148,0.0406604238541,0.0288319369147,0.00739280433711,0.0125677673731,0.0289551503204,0.0434943321833,0.0618531296205,0.0312962050271,0.0142927550517,0.063947757516,0.00825529817644,0.0181123706259,0.0278462296698,0.00985707244948,0.0936421882701,0.0193445046821,0.0109659931,0.0425086249384,0.00591424346969,0.00554460325283,0.00850172498768,0.0112124199113,0.00357318876294,0.00591424346969,0.00221784130113,0.00640709709216
0.00131429072111,0.00271620082362,0.00210286515377,0.0228686585473,0.0242705686498,0.0497678086393,0.07035836327,0.0304039253483,0.0189257863839,0.0120914746342,0.0319810742136,0.0539735389468,0.0578287917287,0.0293524927714,0.00674669236835,0.0157714886533,0.0281258214317,0.0255848593709,0.044335406992,0.0403049154473,0.0226934197845,0.0760536230614,0.00543240164724,0.0210286515377,0.0467887496714,0.015070533602,0.106983264698,0.026899150092,0.0155086305091,0.0480154210111,0.00560764041006,0.00481906597739,0.00832384123368,0.0130552878297,0.00341715587488,0.00560764041006,0.000876193814072,0.00499430474021
0.0018711018711,0.0031185031185,0.0016632016632,0.0247401247401,0.0153846153846,0.0516632016632,0.0600831600832,0.0253638253638,0.0206860706861,0.00571725571726,0.0155925155925,0.0269230769231,0.0481288981289,0.0218295218295,0.00540540540541,0.0215176715177,0.0469854469854,0.047920997921,0.0566528066528,0.0256756756757,0.0120582120582,0.056237006237,0.00758835758836,0.0165280665281,0.0513513513514,0.0148648648649,0.134927234927,0.0335758835759,0.0252598752599,0.0807692307692,0.00634095634096,0.00519750519751,0.00706860706861,0.0109147609148,0.00197505197505,0.00384615384615,0.00114345114345,0.00343035343035
0.00454918338429,0.00753225445596,0.00305764784846,0.0369900812887,0.0474308300395,0.0321425907972,0.0341561637706,0.0129763591618,0.00671190991125,0.0312476694757,0.0933701245432,0.0557834290402,0.0158848534566,0.0382578864941,0.0080542918935,0.0147662018048,0.0280408680737,0.0456409873965,0.0261764486539,0.0777835781938,0.029010366172,0.0303527481542,0.00984413453651,0.0145424714744,0.0849429487658,0.0154373927959,0.0523528973078,0.0368409277351,0.0153628160191,0.0363188902976,0.005369527929,0.00216272652696,0.00559325825938,0.0167051980013,0.00402714594675,0.0090237899918,0.001789842643,0.00976955775971
0.00402010050251,0.00979899497487,0.0070351758794,0.0409547738693,0.0484924623116,0.0311557788945,0.0356783919598,0.0183417085427,0.00577889447236,0.0371859296482,0.063567839196,0.0595477386935,0.0248743718593,0.0346733668342,0.00979899497487,0.0150753768844,0.029648241206,0.0530150753769,0.0221105527638,0.0756281407035,0.0188442211055,0.0502512562814,0.00603015075377,0.0180904522613,0.0678391959799,0.0160804020101,0.0550251256281,0.0291457286432,0.00979899497487,0.0510050251256,0.00879396984925,0.00251256281407,0.00326633165829,0.0113065326633,0.00552763819095,0.00678391959799,0.00301507537688,0.0103015075377
0.00107449856734,0.00411891117479,0.00268624641834,0.019340974212,0.0230121776504,0.0353689111748,0.0391296561605,0.0224749283668,0.00805873925501,0.0188932664756,0.057037965616,0.0704691977077,0.0271310888252,0.0565007163324,0.0102077363897,0.016744269341,0.041547277937,0.0557843839542,0.0392191977077,0.0499641833811,0.0176396848138,0.0290114613181,0.00644699140401,0.0104763610315,0.0757521489971,0.0136998567335,0.0856017191977,0.0331303724928,0.0172815186246,0.052829512894,0.00859598853868,0.00376074498567,0.00483524355301,0.0203259312321,0.00402936962751,0.00743194842407,0.000805873925501,0.00958094555874
0.00209314495029,0.00523286237572,0.00313971742543,0.0198848770277,0.0188383045526,0.047619047619,0.0376766091052,0.032967032967,0.0125588697017,0.0130821559393,0.0225013082156,0.0612244897959,0.0371533228676,0.0277341705913,0.0094191522763,0.0251177394035,0.0282574568289,0.0287807430665,0.0371533228676,0.0486656200942,0.0125588697017,0.0450026164312,0.0094191522763,0.0198848770277,0.0586080586081,0.0209314495029,0.143903715332,0.0287807430665,0.032967032967,0.0559916274202,0.00680272108844,0.00209314495029,0.00837257980115,0.0151753008896,0.00418628990058,0.00627943485086,0.00418628990058,0.00575614861329
0.0013037809648,0.00312907431551,0.00365058670143,0.0208604954368,0.0179921773142,0.0398956975228,0.044850065189,0.032073011734,0.0114732724902,0.0117340286832,0.0346805736636,0.0430247718383,0.026075619296,0.0318122555411,0.00651890482399,0.0302477183833,0.0310299869622,0.0620599739244,0.0328552803129,0.0560625814863,0.019035202086,0.0344198174707,0.0112125162973,0.0164276401565,0.0649282920469,0.0138200782269,0.114993481095,0.0391134289439,0.0281616688396,0.0542372881356,0.00886571056063,0.00182529335072,0.00521512385919,0.019035202086,0.00365058670143,0.00756192959583,0.00391134289439,0.0122555410691
0.00123047799337,0.00425934690014,0.00184571699006,0.020397539044,0.0204921911973,0.0177472787506,0.019687647894,0.00965451964032,0.00307619498344,0.0224325603407,0.028537624231,0.0256034074775,0.010269758637,0.0218646474207,0.00364410790345,0.0059630856602,0.00903928064363,0.0268812115476,0.0231897775674,0.0761003312825,0.0164694746805,0.0415996213914,0.00667297681022,0.0114529105537,0.164505442499,0.0262659725509,0.10780880265,0.0906767628964,0.0357785139612,0.0743492664458,0.00719356365357,0.00156176053005,0.00397539044013,0.0369143398012,0.00719356365357,0.00889730241363,0.000993847610033,0.00577378135353
0.00385728061716,0.00916104146577,0.00361620057859,0.024831243973,0.0250723240116,0.0279652844744,0.0270009643202,0.0168756027001,0.00216972034716,0.0192864030858,0.0376084860174,0.0426711668274,0.0137415621986,0.0335101253616,0.00723240115718,0.0106075216972,0.0156702025072,0.0392960462874,0.0274831243973,0.0634040501446,0.0209739633558,0.0373674059788,0.0101253616201,0.0149469623915,0.125120540019,0.0149469623915,0.0911282545805,0.0559305689489,0.0289296046287,0.0819672131148,0.0079556412729,0.00216972034716,0.00771456123433,0.0318225650916,0.00554484088717,0.00554484088717,0.000964320154291,0.00578592092575
0.000837587747288,0.00219368219528,0.00319081046586,0.0143586470964,0.0110880663689,0.0299537332482,0.0393666241225,0.0170309508615,0.0100510529675,0.00542437779196,0.0128430121251,0.0186263560944,0.026842693044,0.0179483088705,0.00335035098915,0.0145580727505,0.0259253350351,0.0537252712189,0.0587906828334,0.0251675175495,0.00945277600511,0.044671346522,0.00809668155712,0.0143586470964,0.0893028079132,0.01647255903,0.127991384812,0.0648532227186,0.0461470963625,0.128709317167,0.0096123165284,0.00422782386726,0.00574345883854,0.0233726866624,0.00538449266114,0.00462667517549,0.000997128270581,0.00470644543714
0.00103019256676,0.00245661304382,0.00063396465647,0.0158491164118,0.0124415563832,0.0131547666218,0.0168793089785,0.0103019256676,0.00332831444647,0.00990569775735,0.0183057294556,0.0169585545606,0.00871701402647,0.0165623266503,0.00380378793882,0.00538869958,0.00713210238529,0.0205246057532,0.0180679927094,0.0400982645218,0.0104604168318,0.0263887788256,0.00388303352088,0.00689436563912,0.158332672953,0.025596323005,0.0893890165623,0.112845708852,0.0603851335288,0.135589190903,0.0156113796656,0.004041524685,0.00562643632617,0.0668832712576,0.0146604326809,0.0128377842935,0.00110943814882,0.00792455820588
0.00032097576633,0.00144439094848,0.000802439415824,0.0131600064195,0.0105922002889,0.0121970791205,0.0250361097737,0.0113946397047,0.00369122131279,0.00882683357407,0.0120365912374,0.0205424490451,0.0134809821858,0.0173326913818,0.00337024554646,0.00690097897609,0.0129995185364,0.0213448884609,0.0224683036431,0.0248756218905,0.00834536992457,0.0327395281656,0.00465414861178,0.00770341839191,0.118279569892,0.0192585459798,0.0962927298989,0.13031616113,0.0483068528326,0.153907879955,0.0251965976569,0.00481463649494,0.00449366072861,0.0585780773552,0.015567324667,0.0133204943027,0.00192585459798,0.0134809821858
0.000905751522166,0.00161022492829,0.00171086398631,0.0112715744981,0.00800080511246,0.0202787701907,0.0208826045388,0.00805112464147,0.00513259195894,0.00664217782922,0.0148945805867,0.0137372314195,0.0139888290646,0.0126302017813,0.00211342021839,0.00759824888039,0.0154480954058,0.027071906607,0.0307452322246,0.021989634177,0.00714537311931,0.0316006642178,0.00402556232074,0.0101142253309,0.0797564534796,0.0159009711669,0.133246112816,0.0885120515272,0.0531374226337,0.215518542746,0.0249081668596,0.0112715744981,0.0098123081568,0.0393498716852,0.010969657324,0.0065415387712,0.00171086398631,0.0117747697882
0.00244299674267,0.00529315960912,0.0057003257329,0.0057003257329,0.00855048859935,0.0236156351792,0.0195439739414,0.00407166123779,0.00366449511401,0.00407166123779,0.0191368078176,0.0175081433225,0.0118078175896,0.0232084690554,0.00610749185668,0.0057003257329,0.0171009771987,0.0309446254072,0.0126221498371,0.0289087947883,0.00855048859935,0.0370521172638,0.00610749185668,0.0057003257329,0.0557817589577,0.0162866449511,0.0549674267101,0.049674267101,0.0293159609121,0.178745928339,0.064332247557,0.0276872964169,0.0456026058632,0.067996742671,0.0285016286645,0.0179153094463,0.00325732899023,0.0468241042345
0.00137080191912,0.00342700479781,0.000685400959561,0.00753941055517,0.00274160383825,0.0246744345442,0.0315284441398,0.00822481151474,0.00548320767649,0.00822481151474,0.010966415353,0.0116518163125,0.0301576422207,0.0212474297464,0.00137080191912,0.0089102124743,0.0191912268677,0.0431802604524,0.0267306374229,0.0294722412611,0.00342700479781,0.0226182316655,0.00137080191912,0.00959561343386,0.0479780671693,0.00753941055517,0.0726525017135,0.0404386566141,0.0274160383825,0.213159698424,0.0637422892392,0.017135023989,0.0328992460589,0.0596298834818,0.0164496230295,0.0287868403016,0.00137080191912,0.0370116518163
0.000963855421687,0.00240963855422,0.0033734939759,0.00626506024096,0.00674698795181,0.0255421686747,0.0318072289157,0.0144578313253,0.0033734939759,0.00915662650602,0.0168674698795,0.0226506024096,0.0318072289157,0.0289156626506,0.00192771084337,0.0120481927711,0.0375903614458,0.0486746987952,0.0265060240964,0.0510843373494,0.0134939759036,0.0293975903614,0.00144578313253,0.0130120481928,0.0375903614458,0.00819277108434,0.0496385542169,0.0433734939759,0.033734939759,0.133493975904,0.0679518072289,0.0202409638554,0.0173493975904,0.0592771084337,0.0240963855422,0.0293975903614,0.00867469879518,0.0274698795181
0.000449842555106,0.00179937022042,0.00104963262858,0.014245014245,0.0136452241715,0.0127455390613,0.0194931773879,0.00869695606538,0.00254910781227,0.00749737591843,0.0173939121308,0.0226420752737,0.0167941220573,0.015444594392,0.00389863547758,0.0052481631429,0.0106462738042,0.0223421802369,0.0161943319838,0.0310391363023,0.00719748088169,0.0314889788574,0.00404858299595,0.00869695606538,0.116059379217,0.0169440695756,0.0589293747188,0.127305443095,0.0491827860249,0.117708801919,0.0371869845554,0.0121457489879,0.0158944369471,0.069575648523,0.0295396611186,0.0262408157145,0.00224921277553,0.0257909731594
0.00184501845018,0.00230627306273,0.0,0.0119926199262,0.0147601476015,0.0110701107011,0.0198339483395,0.00461254612546,0.00184501845018,0.010147601476,0.0221402214022,0.020295202952,0.00738007380074,0.0216789667897,0.00691881918819,0.00507380073801,0.0156826568266,0.0147601476015,0.0119926199262,0.0327490774908,0.0119926199262,0.0373616236162,0.00230627306273,0.00553505535055,0.0779520295203,0.015221402214,0.0465867158672,0.111162361624,0.0521217712177,0.112084870849,0.0355166051661,0.0198339483395,0.0226014760148,0.116697416974,0.0189114391144,0.0419741697417,0.00230627306273,0.0327490774908
0.00157542339504,0.00393855848759,0.000393855848759,0.0133910988578,0.0161480897991,0.0157542339504,0.0259944860181,0.0106341079165,0.00118156754628,0.011421819614,0.0362347380859,0.0224497833793,0.0224497833793,0.0173296573454,0.00393855848759,0.00945254037022,0.0208743599842,0.0433241433635,0.0145726664041,0.0575029539189,0.00945254037022,0.0248129184718,0.00236313509256,0.00590783773139,0.0728633320205,0.0161480897991,0.0519889720362,0.0760141788106,0.0307207562032,0.0634107916503,0.0354470263883,0.0133910988578,0.0366285939346,0.096494682946,0.032690035447,0.0346593146908,0.00551398188263,0.0429302875148
0.0,0.0012077294686,0.0,0.006038647343,0.00966183574879,0.0144927536232,0.0132850241546,0.0132850241546,0.0012077294686,0.00845410628019,0.0893719806763,0.0507246376812,0.0157004830918,0.0434782608696,0.00845410628019,0.00845410628019,0.0169082125604,0.0471014492754,0.00724637681159,0.0507246376812,0.0229468599034,0.0374396135266,0.006038647343,0.0217391304348,0.0990338164251,0.0157004830918,0.0350241545894,0.0458937198068,0.0277777777778,0.101449275362,0.0314009661836,0.00845410628019,0.00966183574879,0.0724637681159,0.0108695652174,0.00845410628019,0.0169082125604,0.0229468599034
0.00163265306122,0.000816326530612,0.000816326530612,0.0155102040816,0.00897959183673,0.0183673469388,0.0142857142857,0.00734693877551,0.00571428571429,0.0138775510204,0.045306122449,0.0432653061224,0.0204081632653,0.0351020408163,0.00897959183673,0.00816326530612,0.0220408163265,0.0248979591837,0.0155102040816,0.0518367346939,0.0183673469388,0.0371428571429,0.00571428571429,0.0208163265306,0.0669387755102,0.0110204081633,0.0408163265306,0.0530612244898,0.0216326530612,0.101632653061,0.0461224489796,0.0142857142857,0.0228571428571,0.089387755102,0.0195918367347,0.030612244898,0.00571428571429,0.0314285714286
