0.275,0.242857142857,0.0678571428571,0.125,0.025,0.0464285714286,0.0285714285714,0.0,0.00357142857143,0.0,0.0285714285714,0.0178571428571,0.0,0.0107142857143,0.0,0.0,0.00357142857143,0.00714285714286,0.0,0.0142857142857,0.00714285714286,0.0107142857143,0.00357142857143,0.0,0.025,0.0,0.0214285714286,0.0107142857143,0.00357142857143,0.00714285714286,0.0,0.00357142857143,0.0,0.0,0.00714285714286,0.0,0.0,0.00357142857143
0.0318796992481,0.256541353383,0.0974436090226,0.28992481203,0.043007518797,0.0815037593985,0.0300751879699,0.00631578947368,0.0012030075188,0.00932330827068,0.0162406015038,0.0189473684211,0.00842105263158,0.0132330827068,0.000902255639098,0.00330827067669,0.00571428571429,0.00390977443609,0.00390977443609,0.0174436090226,0.00451127819549,0.00571428571429,0.000601503759398,0.00240601503759,0.0156390977444,0.00300751879699,0.00751879699248,0.00541353383459,0.00330827067669,0.00511278195489,0.0018045112782,0.000300751879699,0.0012030075188,0.00240601503759,0.000300751879699,0.0015037593985,0.0,0.0
0.0175534832693,0.157432803072,0.281952825014,0.0948985189248,0.0142622051563,0.251234229292,0.0345584201865,0.00877674163467,0.003291278113,0.00548546352167,0.006582556226,0.0148107515085,0.00548546352167,0.00603400987383,0.00109709270433,0.000548546352167,0.00932528798683,0.00274273176083,0.0126165660998,0.00548546352167,0.00274273176083,0.00603400987383,0.0,0.00219418540867,0.00548546352167,0.00274273176083,0.0148107515085,0.0016456390565,0.000548546352167,0.0213933077345,0.00383982446517,0.0,0.000548546352167,0.00109709270433,0.000548546352167,0.0,0.000548546352167,0.0016456390565
0.0115958890828,0.0726779135156,0.0237347294939,0.335815396548,0.113825867753,0.131820826062,0.067209617995,0.0156292418073,0.00511925538104,0.0114407601319,0.0261780104712,0.0341283692069,0.0103548574753,0.0126042272639,0.00387822377351,0.00577855342253,0.00678689160365,0.00632150475082,0.00826061663758,0.0156292418073,0.00608881132441,0.00942408376963,0.00197789412449,0.00333527244522,0.0165987977506,0.00248206321505,0.0134962187318,0.00725227845647,0.00310257901881,0.00841574558852,0.000930773705643,0.000426604615086,0.000620515803762,0.0035291836339,0.000814426992437,0.00139616055846,0.000232693426411,0.00108590265658
0.00623191631427,0.0209214333408,0.00756732695304,0.219229913198,0.100675124267,0.0803472067661,0.0786408487277,0.0301951183322,0.0100155797908,0.0287855182135,0.0526745307515,0.0620965947029,0.0212181912605,0.0235922546183,0.00675124267379,0.0111284219898,0.0166184435047,0.0165442540248,0.0114251799095,0.0387269085244,0.0159507381853,0.02173751762,0.00408042139625,0.0077157059129,0.0304918762519,0.00504488463536,0.0240373914979,0.0105349061503,0.00704800059352,0.0139476222272,0.00185473699829,0.000296757919727,0.00126122115884,0.00459974775577,0.00170635803843,0.00356109503672,0.000370947399659,0.00237406335782
0.00422867632597,0.0158329508949,0.0357962368059,0.116862256605,0.0350750671999,0.312889267685,0.190519897725,0.0274044450272,0.0164229987543,0.00347472628335,0.0112109093293,0.0219628925457,0.0263554710549,0.0099980331738,0.00331082410018,0.00694945256671,0.0193404576149,0.0124893463581,0.0156034878385,0.00934242444109,0.00504818724185,0.0161935356979,0.00239297187439,0.0047203828755,0.0130138333443,0.00236019143775,0.0221595751655,0.00642496558054,0.00462204156559,0.0165541205009,0.00206516750803,0.00104897397233,0.00163902183177,0.00340916541008,0.00078673047925,0.00134399790205,0.000229463056448,0.000917852225792
0.00271636610579,0.00709273372067,0.00924319022108,0.0701350637591,0.0403304912095,0.251301592092,0.184901531729,0.0385950350864,0.0232022938203,0.00422545838678,0.013732739757,0.0335773032521,0.045574586886,0.0147513770467,0.00656455142232,0.0113559194145,0.0394250358409,0.024371840338,0.021278201162,0.00999773636158,0.00784727986116,0.0252395683996,0.00377273070248,0.00588545989587,0.0159586508715,0.00399909454463,0.0346336678488,0.00822455293141,0.00626273296612,0.0198822908021,0.00181091073719,0.00166000150909,0.00230136572851,0.00528182298348,0.00162227420207,0.00173545612314,0.000415000377273,0.00109409190372
0.00176789998737,0.00404091425685,0.0042934713979,0.0612451067054,0.0503851496401,0.135118070463,0.130319484783,0.0159110998863,0.0157848213158,0.00782927137265,0.0244980426822,0.0363682283117,0.0364945068822,0.0323273140548,0.0127541356232,0.0242454855411,0.0553100138906,0.0428084354085,0.0353579997474,0.0209622427074,0.014143199899,0.040535421139,0.00921833564844,0.0185629498674,0.0277812855158,0.00896577850739,0.0526581639096,0.0146483141811,0.0101022856421,0.0250031569643,0.00340952140422,0.0018941785579,0.00239929284001,0.0108599570653,0.00340952140422,0.00404091425685,0.000883949993686,0.00366207854527
0.0014800197336,0.00419338924519,0.00888011840158,0.0522940305871,0.0283670448939,0.230636408485,0.239763196843,0.0194869264924,0.0266403552047,0.00641341884558,0.0155402072028,0.0244203256043,0.0236803157375,0.0133201776024,0.00641341884558,0.00863344844598,0.0394671928959,0.0436605821411,0.0352738036507,0.0130735076468,0.00666008880118,0.0189935865812,0.00592007893439,0.00518006906759,0.0165268870252,0.00271336951159,0.0402072027627,0.00986679822398,0.00542673902319,0.0263936852491,0.00345337937839,0.00468672915639,0.00222002960039,0.00542673902319,0.000246669955599,0.00246669955599,0.000493339911199,0.0014800197336
0.0031212484994,0.0129651860744,0.00504201680672,0.084993997599,0.105882352941,0.0393757503001,0.0372148859544,0.0180072028812,0.00720288115246,0.0376950780312,0.0708283313325,0.0557022809124,0.0141656662665,0.034093637455,0.0112845138055,0.00744297719088,0.0139255702281,0.0249699879952,0.0132052821128,0.0746698679472,0.0276110444178,0.0374549819928,0.00528211284514,0.00720288115246,0.0938775510204,0.0146458583433,0.0331332533013,0.0268907563025,0.0122448979592,0.0247298919568,0.00456182472989,0.00192076830732,0.00384153661465,0.0144057623049,0.00456182472989,0.00672268907563,0.00240096038415,0.00672268907563
0.00377877018207,0.00973319592351,0.00412229474407,0.0676743387152,0.0748883545173,0.03824573457,0.0345814725753,0.0249627848391,0.00755754036414,0.0387037673194,0.0571395854804,0.0506126188022,0.0234741784038,0.0286270468338,0.00950417954884,0.016031146227,0.0251918012138,0.0362990953853,0.0156876216649,0.0871407305622,0.017748769037,0.0699645024619,0.00709950761479,0.0140845070423,0.0680178632772,0.0120233596702,0.0393908164434,0.0251918012138,0.0119088514829,0.0302301614565,0.00377877018207,0.00286270468338,0.00297721287072,0.0154586052903,0.00400778655674,0.00916065498683,0.0016031146227,0.0105347532349
0.00166856276071,0.0070534698521,0.00356465680698,0.0617368221464,0.0566552901024,0.059385665529,0.0666666666667,0.0175957527493,0.0146378460372,0.0224497535078,0.0469472885855,0.0329161926432,0.0272279105044,0.0438376943496,0.00864618885097,0.0258627227911,0.0366325369738,0.0464922260144,0.0224497535078,0.0401971937808,0.0226772847933,0.0850967007964,0.0117557830868,0.0210087220326,0.0349639742131,0.00955631399317,0.0580204778157,0.0204778156997,0.0130451270383,0.0303375047402,0.00553659461509,0.00379218809253,0.00515737580584,0.0169131588927,0.00417140690178,0.00697762609025,0.00159271899886,0.0062950322336
0.00135900339751,0.00509626274066,0.0044167610419,0.0382785956965,0.0331823329558,0.111211778029,0.157870894677,0.0238958097395,0.0204983012458,0.00668176670442,0.0248018120045,0.0394110985277,0.0330690826727,0.0289920724802,0.00566251415629,0.0147225368063,0.0462061155153,0.0602491506229,0.0502831257078,0.017100792752,0.012570781427,0.041449603624,0.00951302378256,0.0160815402039,0.0235560588901,0.00770101925255,0.063986409966,0.0140430351076,0.0109852774632,0.0346545866365,0.00453001132503,0.00588901472254,0.00668176670442,0.0105322763307,0.00532276330691,0.00509626274066,0.00124575311438,0.00317100792752
0.00257382823083,0.00514765646166,0.00176104036846,0.0400975345435,0.0429422920618,0.0513410999729,0.0486318070983,0.029395827689,0.0111081007857,0.0215388783527,0.0388783527499,0.0589271200217,0.033866160932,0.0298022216202,0.00501219181794,0.0144947168789,0.0325115144947,0.0392847466811,0.0316987266323,0.0540503928475,0.0195069086968,0.097128149553,0.00866973719859,0.0251964237334,0.0479544838797,0.0150365754538,0.0685451097264,0.018423191547,0.012462747223,0.0272283933893,0.00514765646166,0.00487672717421,0.00663776754267,0.0191005147656,0.0067732321864,0.00894066648605,0.00298022216202,0.0123272825792
0.00157397691501,0.00314795383001,0.000524658971668,0.0309548793284,0.0377754459601,0.0466946484785,0.0734522560336,0.0236096537251,0.0178384050367,0.0194123819517,0.0451206715635,0.0262329485834,0.0251836306401,0.0225603357817,0.00891920251836,0.00944386149003,0.0230849947534,0.0388247639035,0.0466946484785,0.0424973767051,0.0257082896118,0.0828961175236,0.0209863588667,0.0398740818468,0.0535152151102,0.0209863588667,0.0834207764953,0.0209863588667,0.0204616998951,0.0304302203568,0.00682056663169,0.00367261280168,0.00524658971668,0.0173137460651,0.00367261280168,0.00577124868835,0.0,0.0146904512067
0.00235910878113,0.00366972477064,0.00262123197903,0.040629095675,0.024377457405,0.0996068152031,0.133420707733,0.0605504587156,0.0228047182176,0.00786369593709,0.0272608125819,0.059501965924,0.0422018348624,0.0204456094364,0.00393184796855,0.0154652686763,0.0180865006553,0.0212319790301,0.0343381389253,0.0361730013106,0.0186107470511,0.0681520314548,0.00917431192661,0.0241153342071,0.0256880733945,0.0083879423329,0.0602883355177,0.01625163827,0.0178243774574,0.0304062909567,0.00498034076016,0.00524246395806,0.00969855832241,0.00969855832241,0.00393184796855,0.00419397116645,0.000786369593709,0.00602883355177
0.00119803522224,0.00323469510004,0.00299508805559,0.0261171678447,0.0209656163891,0.0699652569786,0.109141008746,0.0301904876003,0.028393434767,0.00646939020007,0.0256379537558,0.0512759075117,0.0331855756559,0.0304300946448,0.00742781837786,0.0129387804001,0.0313885228226,0.0379777165449,0.0602611716784,0.0341440038337,0.016053671978,0.0706840781119,0.011261531089,0.0198873846891,0.0264765784114,0.0125793698335,0.092727926201,0.0185695459447,0.0110219240446,0.0442074997005,0.00491194441117,0.00539115850006,0.00898526416677,0.0136576015335,0.0040733197556,0.00838624655565,0.00131783874446,0.00646939020007
0.0022524636321,0.00290943219146,0.0022524636321,0.0277803847959,0.0229938995777,0.0522759267949,0.0707648991084,0.0315344908494,0.0185828249648,0.0139840450493,0.0274988268419,0.0546222430784,0.054246832473,0.0306898169873,0.00835288596903,0.0170811825434,0.0277803847959,0.0246832473017,0.0437353355232,0.0494603472548,0.0196152041295,0.0816518066635,0.00694509619897,0.0240262787424,0.0429845143125,0.0141717503519,0.0946973251994,0.0213045518536,0.0152041295167,0.0427029563585,0.00713280150164,0.00563115908024,0.0092914124824,0.0136086344439,0.00356640075082,0.00628812763961,0.00215861098076,0.00553730642891
0.00247178936056,0.00279419666846,0.00204191295003,0.0210639441161,0.018162278345,0.0501880709296,0.0652337452982,0.0229983879635,0.022246104245,0.00591080064481,0.0160128962923,0.0265448683503,0.0463191832348,0.0220311660398,0.00655561526061,0.0171950564213,0.0421278882321,0.059430413756,0.0523374529823,0.0288017195056,0.013756045137,0.0583557227297,0.00956475013434,0.0155830198818,0.0472864051585,0.0111767866738,0.138097796883,0.0294465341214,0.0205265986029,0.0831810854379,0.00773777538958,0.00472864051585,0.00752283718431,0.0113917248791,0.00257925846319,0.00386888769479,0.000859752821064,0.00386888769479
0.00330422468728,0.0099913460782,0.00361891275273,0.0390213201164,0.0461804736055,0.0343009991346,0.0302887263001,0.0118008024546,0.00377625678546,0.035245063331,0.0900794587365,0.0582959641256,0.0198253481237,0.0423255448037,0.00849657776729,0.0136102588309,0.0269058295964,0.0478325859492,0.0236016049091,0.0734009912674,0.0264337974982,0.0322555267091,0.0082605617182,0.0146329950437,0.0907875068838,0.0158130752891,0.0493273542601,0.0350877192982,0.01471166706,0.0371331917237,0.00676579340729,0.00298953662182,0.00519235308001,0.0162064353709,0.00440563291637,0.00747384155456,0.000786720163638,0.00983400204547
0.00417754569191,0.00809399477807,0.00443864229765,0.0381201044386,0.0454308093995,0.0433420365535,0.0334203655352,0.0143603133159,0.00574412532637,0.0404699738903,0.0616187989556,0.0584856396867,0.0167101827676,0.032637075718,0.0156657963446,0.0130548302872,0.0313315926893,0.0425587467363,0.0274151436031,0.0788511749347,0.0190600522193,0.0480417754569,0.00783289817232,0.0201044386423,0.0723237597911,0.0156657963446,0.0626631853786,0.0292428198433,0.0140992167102,0.0441253263708,0.00939947780679,0.00130548302872,0.0065274151436,0.013315926893,0.00391644908616,0.00757180156658,0.000522193211488,0.00835509138381
0.00151558207824,0.00539926115374,0.0037889551956,0.0233967983329,0.0234915222127,0.0363739698778,0.0436677086293,0.0214075968552,0.00700956711187,0.0200814625367,0.0579710144928,0.0780524770295,0.0245334848915,0.0520034100597,0.00843042531022,0.016387231221,0.0346689400398,0.0563607085346,0.0357109027186,0.0454674623473,0.0177133655395,0.0287960594866,0.0057781566733,0.0101354551482,0.0743582457137,0.0141138581036,0.0916927157336,0.0311641564838,0.0204603580563,0.0520981339396,0.0067253954722,0.00312588803637,0.00520981339396,0.0199867386568,0.00492564175429,0.00502036563418,0.00236809699725,0.0106090745477
0.000515198351365,0.00257599175683,0.00103039670273,0.0231839258114,0.0180319422978,0.0540958268934,0.0525502318393,0.0443070582174,0.0118495620814,0.0164863472437,0.0319422977846,0.0396702730551,0.042246264812,0.0278207109737,0.00772797527048,0.0175167439464,0.0365790829469,0.0360638845956,0.0329726944874,0.0345182895415,0.015455950541,0.0453374549201,0.00721277691911,0.0216383307573,0.0736733642452,0.0159711488923,0.120556414219,0.0314270994333,0.0288511076765,0.0551262235961,0.00978876867594,0.00566718186502,0.00206079340546,0.0221535291087,0.0015455950541,0.00360638845956,0.00103039670273,0.00721277691911
0.000810591731964,0.00162118346393,0.00270197243988,0.0186436098352,0.0248581464469,0.0407997838422,0.0432315590381,0.0329640637665,0.00594433936774,0.0143204539314,0.0310726830586,0.0478249121859,0.0367468251824,0.0367468251824,0.00702512834369,0.0259389354229,0.0391786003783,0.0637665495812,0.0340448527425,0.0564712239935,0.0243177519589,0.0326938665226,0.0045933531478,0.0116184814915,0.0713320724129,0.00621453661173,0.105917319643,0.0335044582545,0.0256687381789,0.0551202377736,0.00972710078357,0.00351256417185,0.00702512834369,0.0167522291273,0.00945690353958,0.0021615779519,0.00540394487976,0.0102674952715
0.0019640577433,0.00358440538152,0.0025041736227,0.0217028380634,0.0214082294019,0.0166453893744,0.0207699106354,0.0121771580084,0.00387901404301,0.0222429539428,0.0298045762545,0.024108808799,0.0112442305804,0.0243543160169,0.00456643425317,0.00805263674752,0.00982028871649,0.0281842286163,0.0246489246784,0.0760090346656,0.0146322301876,0.0364823725818,0.00731611509378,0.0130609839929,0.162329372484,0.0290189531572,0.100166944908,0.0889227143278,0.0375626043406,0.0705096729844,0.00721791220662,0.00255327506629,0.00368260826868,0.0328979672002,0.00805263674752,0.00908376706275,0.00103113031523,0.00780712952961
0.00124719381392,0.00548765278124,0.000748316288351,0.0226989274133,0.0244449987528,0.0246944375156,0.0356697430781,0.0139685707159,0.00798204040908,0.0199551010227,0.0331753554502,0.0506360688451,0.0137191319531,0.040409079571,0.00723372412073,0.00823147917186,0.018458468446,0.0386630082315,0.0269393863806,0.0581192317286,0.0164629583437,0.0419057121477,0.009229234223,0.0104764280369,0.123472187578,0.014966325767,0.10127213769,0.0643552007982,0.0321776003991,0.0683462210027,0.00823147917186,0.0029932651534,0.00424045896732,0.0284360189573,0.00848091793465,0.00548765278124,0.000997755051135,0.00598653030681
0.000946502057613,0.00333333333333,0.00296296296296,0.0168312757202,0.0129218106996,0.0317283950617,0.0376543209877,0.0169135802469,0.0109053497942,0.0080658436214,0.0158024691358,0.0206995884774,0.0276131687243,0.0185596707819,0.0043621399177,0.0159259259259,0.0264609053498,0.0537448559671,0.0559259259259,0.0302880658436,0.0122633744856,0.0467901234568,0.00860082304527,0.0141563786008,0.0868312757202,0.0154732510288,0.123868312757,0.057695473251,0.038353909465,0.125061728395,0.00930041152263,0.00460905349794,0.00576131687243,0.0243621399177,0.00444444444444,0.00518518518519,0.000905349794239,0.00469135802469
0.00103527912718,0.00310583738154,0.000557457991558,0.0129808075177,0.012662260094,0.0163255554671,0.0195906665605,0.00684876961058,0.00294656366967,0.0134586286533,0.0197499402724,0.0200684876961,0.008839691009,0.0195110297045,0.00485784821215,0.00358365851716,0.00979533328024,0.0238114199251,0.0206259456877,0.0450744604603,0.008839691009,0.0269172573067,0.0030262005256,0.00828223301744,0.150911842,0.0225372302302,0.0863263518356,0.110376682329,0.0569403519949,0.133949191686,0.0135382655093,0.00406147965278,0.00326511109341,0.0641873058852,0.0150513657721,0.0145735446365,0.00167237397468,0.010113880704
0.000169319336268,0.00220115137149,0.00118523535388,0.0130375888927,0.0106671181849,0.0179478496444,0.025228581104,0.013884185574,0.00440230274297,0.00982052150356,0.0147307822553,0.0216728750423,0.00931256349475,0.0179478496444,0.00287842871656,0.00812732814087,0.0104977988486,0.0250592617677,0.0262444971216,0.0257365391128,0.0101591601761,0.0350491026075,0.00338638672536,0.00728073145953,0.118354216051,0.0191330849983,0.0917710802574,0.125296308838,0.0489332881815,0.150016931934,0.0181171689807,0.00457162207924,0.00660345411446,0.0604470030477,0.0171012529631,0.00931256349475,0.00237047070775,0.01134439553
0.000635626887017,0.00217172519731,0.00211875629006,0.0137189469781,0.00937549658351,0.0205519360136,0.0230414746544,0.0100111234705,0.00577361089041,0.00847502516023,0.0148312940304,0.0158906721754,0.0168970814132,0.0143545738651,0.00264844536257,0.00699189575719,0.0154139520102,0.0296625880608,0.0332644737539,0.0237300704486,0.00889877641824,0.0333174426612,0.00460829493088,0.010117061285,0.0784999205466,0.0126595688331,0.126013030351,0.0880872927592,0.0448116955347,0.205413422321,0.0237300704486,0.0112823772446,0.00868690078924,0.0438052862969,0.00932252767625,0.00847502516023,0.00137719158854,0.0113353461518
0.0020618556701,0.00371134020619,0.00577319587629,0.00989690721649,0.0107216494845,0.0136082474227,0.019793814433,0.00577319587629,0.00329896907216,0.00824742268041,0.0185567010309,0.0189690721649,0.0152577319588,0.0218556701031,0.00371134020619,0.00659793814433,0.0185567010309,0.0292783505155,0.0189690721649,0.0288659793814,0.0123711340206,0.0284536082474,0.00329896907216,0.0107216494845,0.040412371134,0.00824742268041,0.0486597938144,0.0470103092784,0.0309278350515,0.183505154639,0.0890721649485,0.0325773195876,0.0321649484536,0.0676288659794,0.0247422680412,0.0247422680412,0.00247422680412,0.0494845360825
0.0,0.00179533213645,0.00478755236385,0.00478755236385,0.0113704368642,0.0263315380012,0.0365050867744,0.0119688809096,0.00478755236385,0.00478755236385,0.0185517654099,0.0227408737283,0.0311190903651,0.0245362058648,0.00538599640934,0.0125673249551,0.0221424296828,0.0508677438659,0.0341113105925,0.0353081986834,0.0101735487732,0.0275284260922,0.00299222022741,0.0197486535009,0.0412926391382,0.00957510472771,0.0634350688211,0.0466786355476,0.0137642130461,0.181328545781,0.0436864153202,0.0155595451825,0.0281268701376,0.0472770795931,0.0155595451825,0.0227408737283,0.00598444045482,0.0400957510473
0.00134228187919,0.00089485458613,0.00134228187919,0.00715883668904,0.0107382550336,0.0214765100671,0.0322147651007,0.0178970917226,0.00447427293065,0.0107382550336,0.020581655481,0.0281879194631,0.0335570469799,0.0299776286353,0.00357941834452,0.0152125279642,0.0263982102908,0.05548098434,0.0326621923937,0.0510067114094,0.00939597315436,0.0232662192394,0.00223713646532,0.0111856823266,0.0536912751678,0.00805369127517,0.0581655480984,0.0380313199105,0.0250559284116,0.116331096197,0.0510067114094,0.0241610738255,0.0170022371365,0.0572706935123,0.0250559284116,0.0348993288591,0.0076062639821,0.0326621923937
0.00117716303708,0.00220718069453,0.00088287227781,0.0119187757504,0.0170688640377,0.0133902295468,0.0192760447322,0.00853443201883,0.00338434373161,0.00927015891701,0.018540317834,0.0229546792231,0.0161859917599,0.0257504414361,0.00367863449088,0.00632725132431,0.0107416127134,0.0236904061212,0.0147145379635,0.0382577987051,0.00868157739847,0.0379635079459,0.00338434373161,0.00809299587993,0.117569158328,0.0170688640377,0.0548852266039,0.117422012949,0.0434078869923,0.105650382578,0.0350206003531,0.00824014125956,0.0113301942319,0.0688640376692,0.0332548557975,0.0320776927604,0.00279576221307,0.0263390229547
0.00138504155125,0.00277008310249,0.000461680517082,0.0124653739612,0.0115420129271,0.0115420129271,0.0184672206833,0.00600184672207,0.00646352723915,0.0106186518929,0.0350877192982,0.0253924284395,0.00969529085873,0.0152354570637,0.00692520775623,0.00923361034164,0.0124653739612,0.0235457063712,0.0120036934441,0.0309325946445,0.0078485687904,0.0327793167128,0.00184672206833,0.00831024930748,0.0923361034164,0.0147737765466,0.0493998153278,0.0904893813481,0.0406278855032,0.1108033241,0.0443213296399,0.0156971375808,0.0184672206833,0.114496768236,0.0161588180979,0.0397045244691,0.000923361034164,0.0387811634349
0.000396825396825,0.00198412698413,0.000793650793651,0.0123015873016,0.0123015873016,0.0174603174603,0.0230158730159,0.0111111111111,0.0031746031746,0.00833333333333,0.0380952380952,0.0269841269841,0.0238095238095,0.0206349206349,0.00238095238095,0.00833333333333,0.0206349206349,0.0412698412698,0.0170634920635,0.0706349206349,0.0111111111111,0.0194444444444,0.00357142857143,0.0107142857143,0.0849206349206,0.0107142857143,0.047619047619,0.0753968253968,0.0305555555556,0.0626984126984,0.0297619047619,0.0186507936508,0.0321428571429,0.0980158730159,0.0297619047619,0.0285714285714,0.000793650793651,0.0448412698413
0.0,0.0025974025974,0.0,0.0025974025974,0.00909090909091,0.00519480519481,0.0246753246753,0.012987012987,0.00519480519481,0.0233766233766,0.087012987013,0.0441558441558,0.0103896103896,0.0467532467532,0.012987012987,0.0194805194805,0.0181818181818,0.0376623376623,0.0116883116883,0.0402597402597,0.0220779220779,0.0532467532468,0.0038961038961,0.0207792207792,0.0909090909091,0.0142857142857,0.038961038961,0.0519480519481,0.0246753246753,0.120779220779,0.0181818181818,0.0142857142857,0.0103896103896,0.0636363636364,0.00909090909091,0.00909090909091,0.00649350649351,0.012987012987
0.00164812525752,0.00453234445818,0.0020601565719,0.0111248454883,0.00865265760198,0.011948908117,0.0181293778327,0.0103007828595,0.00453234445818,0.0111248454883,0.0428512566955,0.0350226617223,0.0185414091471,0.0366707869798,0.00782859497322,0.00906468891636,0.0181293778327,0.0304903172641,0.0164812525752,0.0482076637824,0.0168932838896,0.0350226617223,0.00329625051504,0.0156571899464,0.0589204779563,0.0177173465183,0.04985578904,0.0585084466419,0.0251339101772,0.110836423568,0.0527400082406,0.0144210960033,0.0177173465183,0.0712814173877,0.0259579728059,0.0309023485785,0.0123609394314,0.0354346930367
