0.221122112211,0.244224422442,0.0726072607261,0.118811881188,0.039603960396,0.049504950495,0.023102310231,0.00660066006601,0.0,0.013201320132,0.016501650165,0.0,0.00660066006601,0.00660066006601,0.00660066006601,0.013201320132,0.003300330033,0.00990099009901,0.00990099009901,0.023102310231,0.026402640264,0.003300330033,0.0,0.0,0.013201320132,0.00660066006601,0.019801980198,0.003300330033,0.003300330033,0.03300330033,0.0,0.0,0.00660066006601,0.0,0.0,0.0,0.0,0.0
0.0305847076462,0.226386806597,0.110644677661,0.289955022489,0.0413793103448,0.0911544227886,0.0332833583208,0.00569715142429,0.000899550224888,0.00659670164918,0.0176911544228,0.0167916041979,0.00659670164918,0.00599700149925,0.00119940029985,0.00299850074963,0.00509745127436,0.00449775112444,0.00269865067466,0.0197901049475,0.0047976011994,0.00869565217391,0.00149925037481,0.00359820089955,0.0128935532234,0.00359820089955,0.0149925037481,0.00509745127436,0.00419790104948,0.0101949025487,0.00149925037481,0.000599700149925,0.000599700149925,0.00299850074963,0.00209895052474,0.0,0.0,0.00269865067466
0.0223166843783,0.15037194474,0.280021253985,0.0951115834219,0.00797024442083,0.256641870351,0.0356004250797,0.00371944739639,0.00212539851222,0.00637619553666,0.00903294367694,0.00690754516472,0.00425079702444,0.00903294367694,0.00106269925611,0.00265674814028,0.00531349628055,0.00690754516472,0.0127523910733,0.0111583421892,0.00318809776833,0.00690754516472,0.0,0.00265674814028,0.00797024442083,0.00159404888417,0.0201912858661,0.00265674814028,0.00265674814028,0.0170031880978,0.00265674814028,0.0,0.000531349628055,0.00159404888417,0.000531349628055,0.0,0.000531349628055,0.0
0.0101443478893,0.0677744246082,0.0250881721994,0.333490891903,0.11715085627,0.147583899938,0.0616296404029,0.0159255353961,0.00545395047813,0.0102534268989,0.026687997673,0.0320692288114,0.0099989092099,0.0138530342144,0.00374504599498,0.00490855543032,0.00785368868851,0.00694469694215,0.00596298585609,0.0164345707741,0.00639930189434,0.00872632076501,0.00178162382286,0.00374504599498,0.0152347016689,0.00363596698542,0.0115623750136,0.00541759080828,0.00374504599498,0.00734465331055,0.001745264153,0.00043631603825,0.00069083372723,0.00327237028688,0.00112714976548,0.00119986910519,0.000181798349271,0.000799912736792
0.00504261363636,0.0227272727273,0.00767045454545,0.223082386364,0.110227272727,0.0857244318182,0.075,0.0305397727273,0.0108664772727,0.0235085227273,0.0495028409091,0.0548295454545,0.0173295454545,0.0276988636364,0.00688920454545,0.0116477272727,0.0170454545455,0.0173295454545,0.0107954545455,0.0394176136364,0.0153409090909,0.0225142045455,0.00511363636364,0.00632102272727,0.0262784090909,0.00674715909091,0.0222301136364,0.0113636363636,0.00575284090909,0.0144886363636,0.00184659090909,0.00078125,0.000497159090909,0.00639204545455,0.00220170454545,0.00269886363636,0.000639204545455,0.00191761363636
0.00347673511827,0.0153691187939,0.0390564075903,0.115934494411,0.0350922796985,0.319079802443,0.182772290096,0.0282362880166,0.0152391473876,0.00412659214973,0.0106251624643,0.0221601247726,0.0266441382896,0.0115349623083,0.00393163504029,0.00646607746296,0.0209578892644,0.0133220691448,0.0135495191058,0.00750584871328,0.00539381336106,0.0165713543021,0.00217702105537,0.00519885625162,0.012087340785,0.00354172082142,0.0219326748115,0.00698596308812,0.00435404211074,0.0162789186379,0.0017871068365,0.00126722121133,0.00120223550819,0.0027293995321,0.000877306992462,0.00110475695347,0.000389914218872,0.00103977125032
0.00293567208543,0.00755935561998,0.0111555539246,0.0765476496275,0.0382004330116,0.266742504862,0.181828189791,0.0377967780999,0.0233752889802,0.00414663682067,0.0120729514513,0.0310080364023,0.0465670984551,0.0155957579538,0.00623830318153,0.0104950277054,0.0365491174636,0.0215037980258,0.0192653480606,0.0100179809915,0.00866023265201,0.0247330373197,0.00315584749184,0.00631169498367,0.0151921030421,0.00392646141426,0.0301640306778,0.00792631463066,0.00686213349969,0.0176140325126,0.0019448827566,0.00168801144912,0.00201827455873,0.00506403434736,0.00172470735019,0.00198157865766,0.000220175406407,0.00121096473524
0.00101407022436,0.00595766256813,0.00430979845354,0.0547597921156,0.0543795157815,0.132716440614,0.130561541387,0.0173659525922,0.014070224363,0.00823932057295,0.0275066548358,0.0323234884016,0.0329572822918,0.0376473570795,0.0110280136899,0.0247179617188,0.0565344150082,0.0392952211941,0.0358727341868,0.0205349220434,0.0114082900241,0.0455064013183,0.0109012549119,0.0171124350361,0.0299150716187,0.008366079351,0.0541259982254,0.0144505006972,0.0136899480289,0.0234503739384,0.002788693117,0.00152110533654,0.00405628089745,0.011154772468,0.00253517556091,0.00329572822918,0.00126758778045,0.00266193433895
0.00186828584773,0.00677253619804,0.00887435777674,0.0499766464269,0.0375992526857,0.220457730033,0.254787482485,0.0203176085941,0.0175151798225,0.0056048575432,0.0135450723961,0.0289584306399,0.0310602522186,0.0175151798225,0.00513778608127,0.00934142923867,0.0457730032695,0.0287248949089,0.0439047174218,0.00887435777674,0.00607192900514,0.0161139654367,0.00373657169547,0.00373657169547,0.0144792153199,0.00256889304064,0.0397010742644,0.0114432508174,0.00583839327417,0.0221858944418,0.00326950023354,0.00326950023354,0.0021018215787,0.00443717888837,0.000467071461934,0.00233535730967,0.000467071461934,0.00116767865483
0.0057128663686,0.0126676602086,0.00546448087432,0.0906607054148,0.109786388475,0.0382513661202,0.0370094386488,0.0158966716344,0.00894187779434,0.0337804272231,0.0715350223547,0.0422255340288,0.0126676602086,0.0307998012916,0.00943864878291,0.00869349230005,0.0141579731744,0.0258320914059,0.0131644311972,0.0856929955291,0.030303030303,0.0375062096374,0.00596125186289,0.0126676602086,0.0812220566319,0.0131644311972,0.0340288127173,0.0265772478887,0.0141579731744,0.0265772478887,0.00347739692002,0.00124192747144,0.00248385494287,0.019870839543,0.00695479384004,0.00596125186289,0.00124192747144,0.00422255340288
0.00346180475421,0.00957765981999,0.00438495268867,0.0713131779368,0.0679667666744,0.0363489499192,0.0348488345257,0.0210016155089,0.006577429033,0.0428109854604,0.0579275328871,0.0511193168705,0.0199630740826,0.0288483729518,0.00911608585276,0.013731825525,0.0220401569351,0.0349642280175,0.0168474498038,0.0983152550196,0.0211170090007,0.0696976690515,0.00553888760674,0.0141933994923,0.0700438495269,0.0166166628202,0.0384260327718,0.0252711747057,0.0114239556889,0.0290791599354,0.00542349411493,0.000692360950842,0.00426955919686,0.013731825525,0.00473113316409,0.00600046157397,0.0032310177706,0.00934687283637
0.00178377539941,0.00791065611913,0.00248177446875,0.0665425779432,0.06064836358,0.0601830308671,0.0732899022801,0.0227237474794,0.0122537614394,0.0184581976113,0.0454474949589,0.0327284008066,0.0245075228789,0.0483946021405,0.00860865518846,0.0256708546611,0.032418178998,0.0450597176982,0.0210950829843,0.0427330541337,0.0227237474794,0.0868621064061,0.0115557623701,0.0212501938886,0.0382348379091,0.0117108732744,0.0490926012099,0.0224135256709,0.0124088723437,0.0268341864433,0.00442066077245,0.00325732899023,0.0043431053203,0.0163642004033,0.00356755079882,0.00558399255468,0.00178377539941,0.0046533271289
0.00156197701662,0.00502064041058,0.00557848934509,0.0390494254156,0.0360370411693,0.13142920897,0.158763806761,0.024991632266,0.0189668637733,0.00513221019748,0.0256610509874,0.0345866339395,0.0352560526609,0.0354791922347,0.00546691955818,0.014727211871,0.045408903269,0.0519915206962,0.0504295436796,0.020417271003,0.010264420395,0.0418386700881,0.00825616423073,0.0137230837889,0.0196362824947,0.00613633827959,0.0634832087471,0.0138346535758,0.00803302465692,0.0291197143813,0.00490907062368,0.00379337275466,0.00613633827959,0.0117148276247,0.00390494254156,0.00524377998438,0.00100412808212,0.00301238424635
0.00111203780929,0.00653322212955,0.00347511815402,0.0465665832638,0.0405893800389,0.0469835974423,0.054489852655,0.0278009452321,0.0107033639144,0.0230747845427,0.0329441201001,0.0562969140951,0.0308590492077,0.0258548790659,0.00542118432027,0.0136224631637,0.0350291909925,0.0401723658604,0.0290519877676,0.0564359188212,0.0223797609119,0.0949402279678,0.00820127884348,0.0283569641368,0.0508757297748,0.0141784820684,0.0671392827356,0.0200166805671,0.0151515151515,0.0297470113984,0.00653322212955,0.00291909924937,0.00639421740339,0.0184876285794,0.00597720322491,0.00903530720044,0.00375312760634,0.00889630247428
0.00102459016393,0.0030737704918,0.00102459016393,0.0399590163934,0.0348360655738,0.047643442623,0.0742827868852,0.0240778688525,0.0117827868852,0.015881147541,0.0343237704918,0.03125,0.0179303278689,0.0210040983607,0.00614754098361,0.0128073770492,0.0210040983607,0.0486680327869,0.0404713114754,0.046106557377,0.016393442623,0.102459016393,0.0225409836066,0.0379098360656,0.046106557377,0.0179303278689,0.0911885245902,0.0194672131148,0.015881147541,0.0332991803279,0.00358606557377,0.00409836065574,0.0122950819672,0.0199795081967,0.0046106557377,0.00768442622951,0.0015368852459,0.00973360655738
0.00203303684879,0.00457433290978,0.00355781448539,0.0322744599746,0.0310038119441,0.097331639136,0.140025412961,0.0617534942821,0.0238881829733,0.0114358322745,0.0289707750953,0.0528589580686,0.0335451080051,0.0233799237611,0.00279542566709,0.0177890724269,0.0216010165184,0.0254129606099,0.0317662007624,0.0371029224905,0.0190597204574,0.0632782719187,0.00914866581957,0.0249047013977,0.0264294790343,0.0121982210928,0.0622617534943,0.0193138500635,0.0137229987294,0.0233799237611,0.00406607369759,0.00381194409149,0.00711562897078,0.0119440914867,0.00457433290978,0.00330368487929,0.000762388818297,0.00762388818297
0.0010889292196,0.00556563823351,0.00508166969147,0.0275862068966,0.0246823956443,0.0675136116152,0.102117362371,0.0300060496068,0.0261343012704,0.0096793708409,0.0295220810647,0.0510586811857,0.0370235934664,0.0333938294011,0.00423472474289,0.0118572292801,0.0385964912281,0.0325468844525,0.0572292800968,0.0287961282517,0.0186327888687,0.0805807622505,0.0117362371446,0.0208106473079,0.0315789473684,0.0110102843315,0.0799758015729,0.0231094978826,0.0101633393829,0.0422262552934,0.00641258318209,0.00375075620085,0.00992135511192,0.00919540229885,0.00483968542045,0.00738052026618,0.0010889292196,0.00387174833636
0.00108508906773,0.00506374898273,0.00316484311421,0.0256804412696,0.0208879645538,0.0548874220092,0.0700786689574,0.0308346143413,0.0188986345963,0.0115742833891,0.0300207975405,0.0513608825391,0.0457545890225,0.0293878289176,0.0087711366308,0.0113934352111,0.0284835880279,0.0254995930916,0.0430418663532,0.0404195677729,0.0204358441089,0.087620942219,0.00714350302921,0.0226060222443,0.0456641649335,0.0131114929017,0.099737770142,0.0283931639389,0.0132923410797,0.051903427073,0.00687223076228,0.00632968622841,0.00732435120716,0.01591463966,0.00289357084727,0.00804774391898,0.00126593724568,0.00515417307171
0.00373421197144,0.00230642504119,0.00417353102691,0.0230642504119,0.0160351455244,0.049203734212,0.0634816035146,0.0244920373421,0.0232839099396,0.0054914881933,0.018890719385,0.0259198242724,0.0466776496431,0.0231740801757,0.00691927512356,0.0159253157606,0.0406370126304,0.0521691378364,0.0533772652389,0.028665568369,0.0174629324547,0.0572213069742,0.00757825370675,0.0198791872597,0.0544755628775,0.012300933553,0.130917078528,0.0314113124657,0.0224052718287,0.0735859417902,0.00691927512356,0.0054914881933,0.00658978583196,0.0143876990664,0.00263591433278,0.0048325096101,0.000988467874794,0.00329489291598
0.00210278408613,0.00942047270586,0.00403734544537,0.0428967953571,0.0459248044411,0.0344015476491,0.0321305408361,0.0142148204222,0.00630835225839,0.0333922112877,0.084447808899,0.0567751703255,0.0165699385987,0.0418874589957,0.00681302043906,0.0125325931533,0.0264950794852,0.0490369248886,0.0227100681302,0.0808310202708,0.0280090840273,0.0293548658424,0.00790646816385,0.0123643704264,0.0872234838927,0.0173269408697,0.0532424930608,0.0369248885524,0.0144671545126,0.0393641180924,0.00605601816805,0.00285978635714,0.00395323408192,0.0178316090504,0.00462612498949,0.00731768861973,0.000672890907562,0.00757002271007
0.0040899795501,0.00511247443763,0.00332310838446,0.0411554192229,0.0536809815951,0.0378323108384,0.0414110429448,0.0184049079755,0.00869120654397,0.0322085889571,0.0626278118609,0.0529141104294,0.0199386503067,0.0296523517382,0.0125255623722,0.0173824130879,0.0278629856851,0.043200408998,0.0250511247444,0.0774539877301,0.0140593047035,0.05163599182,0.0081799591002,0.015081799591,0.0879345603272,0.0138036809816,0.0590490797546,0.0255623721881,0.0112474437628,0.049591002045,0.00536809815951,0.00127811860941,0.00332310838446,0.0158486707566,0.00485685071575,0.00792433537832,0.000511247443763,0.0102249488753
0.00158368801346,0.00465208353954,0.00316737602692,0.0261308522221,0.0242502227061,0.0401860833416,0.0459269523904,0.0193011976641,0.00673067405721,0.0178164901514,0.0459269523904,0.0686924675839,0.0279125012373,0.0509749579333,0.0120756211026,0.0194991586657,0.0439473423736,0.058002573493,0.039295258834,0.0495892309215,0.0160348411363,0.0278135207364,0.00722557656142,0.0086113035732,0.0800752251806,0.0114817380976,0.0890824507572,0.0279125012373,0.0171236266456,0.0520637434425,0.00871028407404,0.0028704345244,0.0057408690488,0.0174205681481,0.00475106404038,0.00722557656142,0.00188062951599,0.00831436207067
0.00101729399797,0.00457782299084,0.00152594099695,0.0203458799593,0.0233977619532,0.0427263479145,0.0503560528993,0.0432349949135,0.00864699898271,0.0142421159715,0.0254323499491,0.0559511698881,0.0386571719227,0.0325534079349,0.00508646998983,0.0228891149542,0.0396744659207,0.0254323499491,0.0356052899288,0.0427263479145,0.0152594099695,0.0539165818922,0.0223804679552,0.00813835198372,0.0752797558494,0.0218718209563,0.117497456765,0.028484231943,0.027975584944,0.0427263479145,0.00915564598169,0.00203458799593,0.00559511698881,0.0193285859613,0.00203458799593,0.00457782299084,0.00152594099695,0.00813835198372
0.00188730115934,0.00323537341602,0.00458344567269,0.0210299272041,0.0207603127528,0.0358587220275,0.0463736856295,0.0331625775142,0.00943650579671,0.0137503370181,0.0320841197088,0.0539228902669,0.0404421677002,0.0482609867889,0.00970612024805,0.0253437584255,0.0345106497708,0.0568886492316,0.0310056619035,0.0396333243462,0.0177945537881,0.0283095173901,0.00350498786735,0.0145591803721,0.0714478296037,0.00889727689404,0.127527635481,0.0275006740361,0.0221083850094,0.0563494203289,0.00727959018603,0.00242653006201,0.00512267457536,0.0175249393367,0.0078188190887,0.00485306012402,0.00323537341602,0.0118630358587
0.00141774627231,0.00405768760694,0.00175996088976,0.0252261060865,0.0224883891469,0.0222928379369,0.0207773160596,0.0105108775361,0.00405768760694,0.0201906624297,0.0332437056954,0.025177218284,0.00982644830115,0.0230261549743,0.00464434123686,0.00669762894158,0.0117819604009,0.0282571498411,0.0253238816915,0.0769494011244,0.0178929357125,0.0413590809093,0.00586653629919,0.0135419212906,0.145538988022,0.0278171596187,0.102811048643,0.0847714495233,0.0375458323148,0.0731361525299,0.00787093620142,0.00303104375458,0.00430212661941,0.0353947690051,0.00503544365681,0.00928868247372,0.000977756049866,0.00611097531166
0.00240513094602,0.00374131480492,0.0040085515767,0.0213789417424,0.0232495991448,0.0269909139498,0.0272581507215,0.0114911811865,0.00561197220738,0.0211117049706,0.0419561731694,0.0427578834848,0.0179048637092,0.0352752538749,0.0053447354356,0.00828433992517,0.0219134152859,0.0435595938001,0.0272581507215,0.0619989310529,0.0253874933191,0.044895777659,0.00828433992517,0.0141635489043,0.111437733832,0.0200427578835,0.0927311598076,0.0563869588455,0.0344735435596,0.0705505077499,0.0112239444148,0.0026723677178,0.00374131480492,0.0285943345804,0.00721539283805,0.00694815606627,0.0013361838589,0.00641368252272
0.00105592332372,0.00308654510011,0.00312715753564,0.014701701661,0.0129147544978,0.0325711732933,0.0410997847541,0.0168947731795,0.011696381432,0.00739146326605,0.0158388498558,0.0224992892824,0.0262762457865,0.0201843804573,0.00389879381066,0.0135645534663,0.0245299110588,0.0573447589652,0.0538520895098,0.0308248385656,0.0106404581083,0.0525524915729,0.00796003736344,0.0147423140966,0.0896316452098,0.0155951752427,0.120903220566,0.0594159931771,0.0377289526053,0.11732932624,0.00865044876741,0.00560451610283,0.0041018559883,0.0250578727206,0.00446736790805,0.00633553994233,0.00101531088819,0.00491410469886
0.000948766603416,0.00213472485769,0.00110689437065,0.0185800126502,0.0143105629349,0.0166824794434,0.0191334598355,0.0092504743833,0.00284629981025,0.0104364326376,0.021110056926,0.0169987349779,0.00798545224541,0.0195287792536,0.0022137887413,0.0061669829222,0.00940860215054,0.0246679316888,0.0165243516762,0.051944971537,0.00869702719798,0.0275932953827,0.00474383301708,0.00845983554712,0.15362112587,0.0234819734345,0.0880771663504,0.108870967742,0.0542378241619,0.119860847565,0.0127292852625,0.00324161922834,0.00442757748261,0.0680740037951,0.0139943074004,0.0165243516762,0.0017394054396,0.00964579380139
0.000674650025299,0.0033732501265,0.000674650025299,0.0145049755439,0.0138303255186,0.0193961882274,0.0204081632653,0.012481025468,0.00708382526564,0.00893911283522,0.019227525721,0.0178782256704,0.0118063754427,0.0220947883286,0.00354191263282,0.00910777534154,0.0158542755945,0.0183842131894,0.0251307134424,0.0276606510373,0.00489121268342,0.0387923764547,0.0047225501771,0.00590318772137,0.114015854276,0.0199021757463,0.0931017034913,0.142857142857,0.0440209141508,0.145049755439,0.0166975881262,0.00573452521504,0.00640917524034,0.052454039467,0.0101197503795,0.0104570753921,0.00185528756957,0.0109630629111
0.000626664577785,0.0022455480704,0.00240221421484,0.00908663637788,0.00966107890751,0.022821035041,0.0254321374484,0.0106532978223,0.00757219698157,0.00579664734451,0.0146743955298,0.0177032743224,0.0182777168521,0.015092171915,0.00287221264818,0.00778108517416,0.0170766097446,0.0264243563633,0.034048775393,0.0279910178077,0.00746775288527,0.0373909864745,0.00449109614079,0.00872108204084,0.0791686249935,0.0157710585409,0.128257350253,0.0886730377565,0.0401587550264,0.200428220795,0.0225077027521,0.011227740352,0.00929552457047,0.0385398715338,0.00939996866677,0.00689331035563,0.0021411039741,0.011227740352
0.00419991600168,0.00545989080218,0.00209995800084,0.0109197816044,0.010079798404,0.0256194876102,0.0222595548089,0.0104997900042,0.00293994120118,0.00713985720286,0.0251994960101,0.0197396052079,0.0167996640067,0.0239395212096,0.00671986560269,0.00587988240235,0.0163796724066,0.0348593028139,0.0214195716086,0.0302393952121,0.0092398152037,0.0356992860143,0.000419991600168,0.0117597648047,0.0495590088198,0.010079798404,0.0592188156237,0.052498950021,0.0314993700126,0.155396892062,0.0579588408232,0.0319193616128,0.0331793364133,0.0592188156237,0.0277194456111,0.0172196556069,0.000839983200336,0.0541789164217
0.00123609394314,0.00185414091471,0.00309023485785,0.00865265760198,0.0061804697157,0.0271940667491,0.0358467243511,0.0105067985167,0.00741656365884,0.00679851668727,0.0148331273177,0.0185414091471,0.0284301606922,0.0216316440049,0.0061804697157,0.0061804697157,0.0315203955501,0.044499381953,0.0309023485785,0.0302843016069,0.00679851668727,0.0271940667491,0.00432632880099,0.0166872682324,0.0475896168109,0.00988875154512,0.0723114956737,0.0346106304079,0.0234857849197,0.179851668727,0.0624227441286,0.0166872682324,0.0247218788628,0.0556242274413,0.0160692212608,0.0222496909765,0.00494437577256,0.0327564894932
0.000510204081633,0.00204081632653,0.0015306122449,0.00765306122449,0.00663265306122,0.0316326530612,0.0392857142857,0.0173469387755,0.00663265306122,0.00765306122449,0.0168367346939,0.0188775510204,0.0290816326531,0.0239795918367,0.0122448979592,0.0112244897959,0.0357142857143,0.0617346938776,0.0234693877551,0.0392857142857,0.00867346938776,0.0295918367347,0.00204081632653,0.00918367346939,0.0632653061224,0.0107142857143,0.0688775510204,0.0484693877551,0.0142857142857,0.127551020408,0.0494897959184,0.0132653061224,0.015306122449,0.055612244898,0.019387755102,0.0270408163265,0.0117346938776,0.0321428571429
0.000705218617772,0.00183356840621,0.000846262341326,0.0125528913963,0.0119887165021,0.014245416079,0.0201692524683,0.00973201692525,0.00267983074753,0.00818053596615,0.0205923836389,0.0224259520451,0.0150916784203,0.0241184767278,0.00394922425952,0.00677009873061,0.0173483779972,0.0266572637518,0.019605077574,0.0370944992948,0.00691114245416,0.0349788434415,0.00423131170663,0.00437235543018,0.120733427362,0.0138222849083,0.0593794076164,0.131593794076,0.037658674189,0.103808180536,0.0317348377997,0.0105782792666,0.0135401974612,0.0609308885755,0.0269393511989,0.0352609308886,0.00169252468265,0.0252468265162
0.0023629489603,0.00283553875236,0.00189035916824,0.0113421550095,0.0118147448015,0.0146502835539,0.0127599243856,0.00803402646503,0.00283553875236,0.00803402646503,0.0288279773157,0.0226843100189,0.00945179584121,0.0241020793951,0.0047258979206,0.00519848771267,0.00992438563327,0.0217391304348,0.0141776937618,0.0378071833648,0.0047258979206,0.039224952741,0.00141776937618,0.0108695652174,0.0874291115312,0.0151228733459,0.0415879017013,0.0978260869565,0.0448960302457,0.104442344045,0.0444234404537,0.0151228733459,0.0189035916824,0.107277882798,0.0245746691871,0.047258979206,0.000945179584121,0.038752362949
0.000809388911372,0.00242816673412,0.000404694455686,0.0109267503035,0.021853500607,0.0178065560502,0.0259004451639,0.00849858356941,0.00526102792392,0.0121408336706,0.0303520841764,0.0275192229866,0.027114528531,0.0246863617968,0.00323755564549,0.00971266693646,0.0222581950627,0.0299473897208,0.0190206394172,0.0671792796439,0.0121408336706,0.0178065560502,0.00768919465803,0.00607041683529,0.102792391744,0.0222581950627,0.0477539457709,0.0647511129098,0.0319708619992,0.0542290570619,0.0279239174423,0.02063941724,0.0372318899231,0.0874140024282,0.0319708619992,0.0263051396196,0.00242816673412,0.0315661675435
0.0,0.00121802679659,0.00243605359318,0.0194884287454,0.0231425091352,0.00730816077954,0.0219244823386,0.0146163215591,0.00121802679659,0.00121802679659,0.0901339829476,0.0438489646772,0.00365408038977,0.0341047503045,0.0182704019488,0.00730816077954,0.0280146163216,0.0304506699147,0.0194884287454,0.0377588306943,0.0341047503045,0.047503045067,0.00609013398295,0.0194884287454,0.0730816077954,0.0109622411693,0.0438489646772,0.0803897685749,0.0341047503045,0.109622411693,0.0170523751523,0.00730816077954,0.0158343483557,0.0584652862363,0.00121802679659,0.00730816077954,0.0121802679659,0.0158343483557
0.00128479657388,0.00214132762313,0.000428265524625,0.0154175588865,0.0149892933619,0.0115631691649,0.0158458244111,0.00556745182013,0.006852248394,0.0149892933619,0.0462526766595,0.027408993576,0.017130620985,0.0483940042827,0.00942184154176,0.010278372591,0.023982869379,0.0269807280514,0.017130620985,0.0612419700214,0.0179871520343,0.0415417558887,0.00556745182013,0.0115631691649,0.0603854389722,0.00856531049251,0.0432548179872,0.0466809421842,0.0364025695931,0.104068522484,0.03426124197,0.0188436830835,0.020556745182,0.0839400428266,0.0256959314775,0.0291220556745,0.003426124197,0.030835117773
