0.246753246753,0.25,0.0551948051948,0.13961038961,0.0324675324675,0.0357142857143,0.038961038961,0.0162337662338,0.00649350649351,0.0227272727273,0.0162337662338,0.012987012987,0.0,0.012987012987,0.0,0.0,0.00649350649351,0.00324675324675,0.00324675324675,0.0162337662338,0.0,0.0,0.00324675324675,0.00324675324675,0.0194805194805,0.00649350649351,0.0162337662338,0.00324675324675,0.0,0.0194805194805,0.0,0.0,0.0,0.00649350649351,0.0,0.0,0.0,0.00649350649351
0.0295625942685,0.225339366516,0.117345399698,0.288084464555,0.0503770739065,0.0889894419306,0.0316742081448,0.00603318250377,0.00120663650075,0.00965309200603,0.0171945701357,0.0214177978884,0.00301659125189,0.0105580693816,0.00211161387632,0.00241327300151,0.00573152337858,0.00603318250377,0.00150829562594,0.0174962292609,0.00452488687783,0.00754147812971,0.000301659125189,0.00180995475113,0.0141779788839,0.00392156862745,0.00663650075415,0.00361990950226,0.00422322775264,0.0078431372549,0.00180995475113,0.00150829562594,0.000301659125189,0.00422322775264,0.000301659125189,0.000301659125189,0.0,0.00120663650075
0.0201550387597,0.147803617571,0.240310077519,0.100775193798,0.0186046511628,0.269250645995,0.0454780361757,0.0046511627907,0.0046511627907,0.00826873385013,0.0093023255814,0.0077519379845,0.00516795865633,0.0129198966408,0.000516795865633,0.0031007751938,0.0062015503876,0.00413436692506,0.0139534883721,0.00413436692506,0.00413436692506,0.0077519379845,0.000516795865633,0.00361757105943,0.0062015503876,0.00206718346253,0.0206718346253,0.00361757105943,0.000516795865633,0.0160206718346,0.0062015503876,0.0,0.0,0.00103359173127,0.0,0.0,0.0,0.000516795865633
0.0099180063733,0.0673135450607,0.0238103763114,0.328475777865,0.11321565398,0.147588528053,0.0715743492427,0.0152529628701,0.00583622757707,0.0113144043825,0.0265315621755,0.0329764760643,0.0103118622221,0.0127824125461,0.00375953310179,0.00447563464499,0.00891546421283,0.00769809158939,0.00719682050915,0.0152887679473,0.00626588850299,0.00998961652762,0.001790253858,0.00318665186723,0.0152887679473,0.00322245694439,0.0112785993054,0.00626588850299,0.00290021124996,0.00805614236099,0.000895126928999,0.00025063554012,0.000322245694439,0.00347309248451,0.000644491388879,0.000859321851839,0.00028644061728,0.000787711697519
0.00575500137024,0.0210331597698,0.00644012058098,0.236297615785,0.0990682378734,0.0857084132639,0.0772129350507,0.0295971499041,0.010139764319,0.0238421485338,0.049808166621,0.0561797752809,0.0163743491367,0.0268566730611,0.00739928747602,0.0104823239244,0.0156207180049,0.0165798849,0.0100027404768,0.0417237599342,0.0163058372157,0.0213757193752,0.00328857221156,0.00602904905454,0.030419292957,0.00637160865991,0.0216497670595,0.0115100027405,0.0069197040285,0.0124691696355,0.0023979172376,0.000548095368594,0.00123321457934,0.00630309673883,0.00184982186901,0.00315154836942,0.000205535763223,0.00184982186901
0.00381843936688,0.0173369464803,0.0396624992302,0.119972901398,0.0365523187781,0.33047976843,0.184116523988,0.0273141590195,0.0164747182361,0.00295621112274,0.00976165547823,0.0208166533227,0.023649688982,0.0090533965634,0.00406479029377,0.00662068116031,0.0190921968344,0.013610888711,0.0121635770155,0.00729814620928,0.00529654492825,0.0141651782965,0.00249430313482,0.00434193508653,0.0120711954179,0.00301779885447,0.0202007760054,0.00625115476997,0.00378764550102,0.0132105684548,0.0019400135493,0.000862228244134,0.00187842581758,0.00277144792757,0.000585083451376,0.000708258914824,0.000369526390343,0.00123175463448
0.0022755183125,0.00693491295239,0.0108358014881,0.0778732933613,0.0430181319078,0.268149967493,0.182402658383,0.0369500830745,0.0206241421657,0.00437043993354,0.0134725131836,0.0284981579137,0.0422596258037,0.0125695297262,0.00624864552481,0.00967998266272,0.0362999349852,0.0217799609911,0.0211298129018,0.00939102795637,0.00794625442462,0.0252474174673,0.00429820125695,0.00595969081846,0.0153145994365,0.00353969515278,0.0323629271112,0.00942714729466,0.00639312287799,0.0189265332659,0.00202268294445,0.00151701220834,0.00209492162104,0.00498446868453,0.00205880228274,0.00191432492957,0.000216716029762,0.00101134147222
0.00164328150676,0.00442421944128,0.00455062571104,0.0602957906712,0.0522057894072,0.14195424093,0.133358614587,0.0160535962584,0.0136518771331,0.00758437618506,0.0273037542662,0.0346353179118,0.033497661484,0.0358993806093,0.0126406269751,0.0230059410947,0.0563771963089,0.0384275060043,0.034003286563,0.0190873467324,0.0130198457844,0.0386803185438,0.0113765642776,0.0214890658577,0.0251548476804,0.00771078245481,0.0539754771837,0.0131462520541,0.0126406269751,0.0257868790292,0.00290734420427,0.00328656301353,0.00278093793452,0.00859562634307,0.00240171912527,0.00353937555303,0.000505625079004,0.00240171912527
0.00327102803738,0.00420560747664,0.00957943925234,0.0525700934579,0.043691588785,0.223598130841,0.225934579439,0.0242990654206,0.0217289719626,0.010046728972,0.0102803738318,0.0273364485981,0.0329439252336,0.0203271028037,0.00724299065421,0.00957943925234,0.0378504672897,0.028738317757,0.0364485981308,0.00607476635514,0.00841121495327,0.0221962616822,0.00514018691589,0.00677570093458,0.0147196261682,0.00771028037383,0.0469626168224,0.00794392523364,0.00514018691589,0.0233644859813,0.00303738317757,0.0018691588785,0.0018691588785,0.0035046728972,0.00140186915888,0.00257009345794,0.000233644859813,0.00140186915888
0.00457875457875,0.0100732600733,0.003663003663,0.0892857142857,0.110805860806,0.040293040293,0.0414377289377,0.0203754578755,0.00755494505495,0.0299908424908,0.0631868131868,0.0602106227106,0.0125915750916,0.0318223443223,0.00641025641026,0.0100732600733,0.0164835164835,0.0196886446886,0.0137362637363,0.0796703296703,0.0297619047619,0.0428113553114,0.00686813186813,0.0107600732601,0.0860805860806,0.0141941391941,0.0313644688645,0.0286172161172,0.0125915750916,0.02586996337,0.00457875457875,0.00228937728938,0.00114468864469,0.0137362637363,0.00503663003663,0.00457875457875,0.00114468864469,0.00663919413919
0.00453857791225,0.00930990340975,0.00709880134994,0.070173396951,0.0727336203887,0.0373559874316,0.0351448853718,0.0254858605842,0.0058186896311,0.0413126963808,0.0560921680438,0.0530664494356,0.0186198068195,0.0265332247178,0.00861166065402,0.0159432095892,0.0258349819621,0.0302571860817,0.0182706854416,0.0814616548353,0.0211800302572,0.0731991155592,0.00709880134994,0.0130338647737,0.0750610962411,0.0162923309671,0.03817060398,0.0258349819621,0.0109391365065,0.028627952985,0.00442220411963,0.00221110205982,0.00349121377866,0.0187361806121,0.00209472826719,0.00663330617945,0.00162923309671,0.00768067031305
0.00245681381958,0.009443378119,0.00291746641075,0.0674856046065,0.0591170825336,0.0658733205374,0.0673320537428,0.0185028790787,0.0140499040307,0.0176583493282,0.0480614203455,0.0327063339731,0.023339731286,0.0436852207294,0.00952015355086,0.022802303263,0.0353934740883,0.043915547025,0.0238003838772,0.0385412667946,0.0249520153551,0.0864491362764,0.0132821497121,0.0201919385797,0.0396161228407,0.0129750479846,0.0487523992322,0.0214971209213,0.0121305182342,0.027792706334,0.00391554702495,0.00214971209213,0.00491362763916,0.0157389635317,0.00391554702495,0.0068330134357,0.000998080614203,0.00729366602687
0.00124167513263,0.00474094141551,0.00270910938029,0.0444745456598,0.0294615645107,0.128456936449,0.164578394853,0.0209955976973,0.0226887910599,0.00756293035331,0.0249463822102,0.0345411445987,0.0364600970764,0.0238175866351,0.00440230274297,0.0155773789367,0.041426797607,0.0568912969861,0.051134439553,0.0193024043346,0.0121909922113,0.0459419799074,0.00869172592843,0.0130940286714,0.0222372728299,0.00857884637092,0.0643413477819,0.0144485833616,0.0109493170787,0.028219889378,0.0037250253979,0.00440230274297,0.00485382097302,0.00982052150356,0.00304774805283,0.00519245964556,0.000677277345073,0.00417654362795
0.00218998083767,0.00643306871065,0.00424308787298,0.0379140432521,0.0476320832193,0.0518751710923,0.0569395017794,0.0320284697509,0.0110867779907,0.023952915412,0.0306597317273,0.0609088420476,0.0307966055297,0.0294278675062,0.006569942513,0.013139885026,0.0384615384615,0.0379140432521,0.0310703531344,0.0472214618122,0.0213523131673,0.0977278948809,0.00793868053655,0.0212154393649,0.0480427046263,0.0125923898166,0.0629619490829,0.0257322748426,0.0136873802354,0.0332603339721,0.00615932110594,0.00218998083767,0.00506433068711,0.0180673419108,0.00424308787298,0.00821242814125,0.00136873802354,0.00971803996715
0.00405885337392,0.00304414003044,0.0025367833587,0.0405885337392,0.0289193302892,0.0542871638762,0.0674784373415,0.0258751902588,0.0111618467783,0.01166920345,0.0416032470827,0.0309487569762,0.0152207001522,0.0258751902588,0.0106544901065,0.00862506341958,0.0279046169457,0.0502283105023,0.0319634703196,0.0492135971588,0.0284119736175,0.0786402841197,0.0213089802131,0.0461694571284,0.0461694571284,0.0157280568239,0.0948756976154,0.0223236935566,0.0182648401826,0.0360223236936,0.0050735667174,0.00101471334348,0.00405885337392,0.0187721968544,0.00405885337392,0.00558092338914,0.00202942668696,0.00963977676306
0.00102066853789,0.00612401122735,0.00127583567237,0.0308752232712,0.0359785659607,0.114825210513,0.126818065833,0.0632814493493,0.0216892064302,0.00586884409288,0.0352130645573,0.0551161010462,0.0336820617504,0.0206685378923,0.00204133707578,0.0165858637408,0.0219443735647,0.0239857106405,0.0303648890023,0.028578719061,0.0165858637408,0.0701709619801,0.0102066853789,0.01939270222,0.0349578974228,0.00893084970656,0.0637917836183,0.0183720336821,0.0127583567237,0.0265373819852,0.00484817555499,0.00178616994131,0.00510334268946,0.0147996937994,0.0028068384792,0.00535850982393,0.00102066853789,0.0066343454963
0.00135501355014,0.00431140675043,0.00258684405026,0.0290711998029,0.0235279625524,0.0739098300074,0.109263365361,0.0283321015028,0.0277161862528,0.00739098300074,0.0311653116531,0.0450849963045,0.0349839862035,0.0321507760532,0.00652870165065,0.0137965016014,0.0279625523528,0.0383099285538,0.0553091894555,0.0277161862528,0.0158906134516,0.0764966740576,0.00911554570091,0.0226656812023,0.0293175659029,0.0151515151515,0.0893077112589,0.0168760778517,0.0135501355014,0.0385562946539,0.00640551860064,0.00591278640059,0.0113328406011,0.0123183050012,0.00394185760039,0.00480413895048,0.0019709288002,0.00591278640059
0.00161137440758,0.00303317535545,0.00312796208531,0.0249289099526,0.0240758293839,0.0562085308057,0.0710900473934,0.0312796208531,0.0196208530806,0.0107109004739,0.0263507109005,0.0549763033175,0.0518483412322,0.0292890995261,0.00436018957346,0.0126066350711,0.0270142180095,0.0227488151659,0.0460663507109,0.0416113744076,0.0217061611374,0.0888151658768,0.00511848341232,0.0260663507109,0.0454976303318,0.015355450237,0.0972511848341,0.0264454976303,0.0154502369668,0.0468246445498,0.00483412322275,0.00502369668246,0.00767772511848,0.0162085308057,0.00436018957346,0.0036018957346,0.00104265402844,0.00616113744076
0.00279870828848,0.0032292787944,0.00419806243272,0.0233584499462,0.0194833153929,0.05382131324,0.0632938643703,0.0243272335845,0.0201291711518,0.00656620021529,0.0142088266954,0.0214208826695,0.0426264800861,0.0227125941873,0.0059203444564,0.0210979547901,0.0397201291712,0.056942949408,0.0556512378902,0.0286329386437,0.0155005382131,0.0566200215285,0.00893433799785,0.0194833153929,0.0580193756728,0.0113024757804,0.129171151776,0.0327233584499,0.0236813778256,0.0713670613563,0.00699677072121,0.00602798708288,0.00409041980624,0.0124865446717,0.0032292787944,0.00559741657696,0.000645855758881,0.00398277717976
0.00419269976981,0.00822097994081,0.00279513317988,0.0401183821111,0.0433245642881,0.0332127589609,0.0328839197632,0.0133179875041,0.00337060177573,0.0323084511674,0.0859092403815,0.0563959223939,0.0157842814864,0.0378165077277,0.00698783294969,0.0131535679053,0.0276224926011,0.0506412364354,0.0266359750082,0.0846760933903,0.0277047024005,0.0323084511674,0.00739888194673,0.0134824071029,0.0926504439329,0.0161953304834,0.0549161460046,0.0321440315686,0.014715554094,0.0416803682999,0.00887865833607,0.00180861558698,0.00378165077277,0.0157842814864,0.00369944097336,0.00575468595857,0.000657678395265,0.0070700427491
0.0030487804878,0.00965447154472,0.00685975609756,0.0409044715447,0.0607215447154,0.0406504065041,0.0477642276423,0.0116869918699,0.00736788617886,0.0322662601626,0.057418699187,0.056656504065,0.021087398374,0.0378556910569,0.0116869918699,0.0144817073171,0.0256605691057,0.0543699186992,0.0241361788618,0.0678353658537,0.0149898373984,0.0462398373984,0.00965447154472,0.016006097561,0.0764735772358,0.0172764227642,0.0561483739837,0.0264227642276,0.0147357723577,0.0439532520325,0.00813008130081,0.00228658536585,0.00508130081301,0.0149898373984,0.0025406504065,0.00482723577236,0.00127032520325,0.00685975609756
0.00156985871272,0.00406316372703,0.00313971742543,0.0240096038415,0.0240096038415,0.0355526826115,0.0456182472989,0.0214239541971,0.00692584726198,0.0191153384431,0.0522670606704,0.0692584726198,0.0230861575399,0.0470034167513,0.00997322005725,0.0164373441684,0.0396158463385,0.0650106196325,0.0428479083941,0.050881891218,0.0166220334288,0.0293655923908,0.0075722596731,0.00997322005725,0.0747991504294,0.0148674854557,0.0902207036661,0.0301966940622,0.018468926032,0.0517129928895,0.00794163819374,0.00323206205559,0.00397081909687,0.0199464401145,0.00387847446671,0.00489426539847,0.00175454797304,0.00877273986518
0.00521080056845,0.00521080056845,0.00236854571293,0.0255802936997,0.0208432022738,0.0525817148271,0.0601610611085,0.0331596399811,0.00757934628138,0.00900047370914,0.035528185694,0.0540028422549,0.0341070582662,0.0260540028423,0.00900047370914,0.0232117479867,0.0383704405495,0.0260540028423,0.0388441496921,0.0345807674088,0.00994789199432,0.0592136428233,0.0142112742776,0.0123164377072,0.071056371388,0.0127901468498,0.129796305069,0.0227380388441,0.0251065845571,0.0497394599716,0.0108953102795,0.00426338228328,0.00142112742776,0.0208432022738,0.00521080056845,0.00426338228328,0.000473709142586,0.00426338228328
0.00209369275059,0.00418738550118,0.00340225071971,0.0204135043182,0.0167495420047,0.0397801622612,0.0403035854488,0.0337607956032,0.00889819419,0.0175346767862,0.032713949228,0.0523423187647,0.0429207013871,0.0353310651662,0.00706621303324,0.0269562941638,0.0332373724156,0.0625490709238,0.0316671028527,0.0463229521068,0.0188432347553,0.0340225071971,0.004449097095,0.0175346767862,0.0651661868621,0.0157026956294,0.107825176655,0.0295734101021,0.0227689086627,0.0651661868621,0.00811305940853,0.00392567390735,0.00915990578383,0.0162261188171,0.00471080868882,0.00523423187647,0.00209369275059,0.0112535985344
0.00147380431682,0.00437387087573,0.00175905676524,0.0234857849197,0.0265284777028,0.0208234287344,0.0222021489018,0.0121707711325,0.00318531900732,0.0226300275744,0.0358942664258,0.0260055148807,0.00993629361985,0.0222021489018,0.00461158124941,0.00665589046306,0.0121707711325,0.0316154796995,0.0267661880764,0.0782542550157,0.0175905676524,0.0373205286679,0.00660834838832,0.0123609394314,0.14324427118,0.0252448416849,0.101264619188,0.0844347247314,0.0357040981268,0.0754492726063,0.00599030141675,0.00232956166207,0.0044689550252,0.0335647047637,0.00755918988305,0.00774935818199,0.000855757345251,0.00551488066939
0.00298359025361,0.00397812033814,0.00372948781701,0.022376926902,0.0273495773247,0.0345599204376,0.0290900049727,0.016658378916,0.00845350571855,0.0191447041273,0.0328194927897,0.0417702635505,0.0159124813526,0.0387866732969,0.00721034311288,0.00795624067628,0.020387866733,0.0472401790154,0.0330681253108,0.0621581302834,0.0246146195922,0.0445052212829,0.0101939333665,0.011188463451,0.111636001989,0.0181501740428,0.0900049726504,0.0579313774242,0.0258577821979,0.0621581302834,0.00919940328195,0.00273495773247,0.00770760815515,0.0285927399304,0.00596718050721,0.00372948781701,0.0022376926902,0.00795624067628
0.00119061793071,0.00198436321784,0.00337341747033,0.0153192840418,0.0144064769615,0.0355597888638,0.0377822756677,0.0154780330992,0.010675874112,0.00615152597531,0.0159542802715,0.023018613327,0.0294082628884,0.0190101996269,0.00408778822876,0.012342739215,0.0259951581537,0.0542128031115,0.0562368535937,0.0271857760845,0.0112711830774,0.0531412469738,0.00702464579117,0.0165495892368,0.0843354367583,0.0168274000873,0.116759931738,0.0628646267413,0.0392110171846,0.117831487876,0.00944556891693,0.00615152597531,0.00507996983768,0.0274238996706,0.00587371512482,0.00563559153868,0.000595308965353,0.0046037226654
0.000392927308448,0.00204322200393,0.00117878192534,0.0166601178782,0.0147740667976,0.0178388998035,0.0189390962672,0.00919449901768,0.00212180746562,0.00990176817289,0.0201178781925,0.0198821218075,0.00722986247544,0.0154813359528,0.00392927308448,0.00542239685658,0.00950884086444,0.0231827111984,0.0195677799607,0.0471512770138,0.0108447937132,0.0271119842829,0.00361493123772,0.00699410609037,0.155284872299,0.0279764243615,0.0833791748527,0.104675834971,0.0562671905697,0.127387033399,0.0106090373281,0.00424361493124,0.0060510805501,0.0664047151277,0.0165815324165,0.0161886051081,0.00157170923379,0.0102946954813
0.000823723228995,0.00181219110379,0.000658978583196,0.0146622734761,0.0118616144975,0.026194398682,0.0285008237232,0.00955518945634,0.00395387149918,0.0112026359143,0.0154859967051,0.0224052718287,0.0151565074135,0.0204283360791,0.00345963756178,0.00642504118616,0.0121911037891,0.027018121911,0.0304777594728,0.0285008237232,0.00658978583196,0.0362438220758,0.00362438220758,0.00790774299835,0.126029654036,0.0202635914333,0.0843492586491,0.121746293245,0.0429983525535,0.137561779242,0.0202635914333,0.00560131795717,0.00708401976936,0.0518945634267,0.0126853377265,0.0112026359143,0.00115321252059,0.0120263591433
0.000676484362804,0.00234167664047,0.0018213040537,0.0110839360982,0.0106676380288,0.0211271270229,0.0246136233543,0.0102513399594,0.00598428474788,0.00660873185201,0.0145183951709,0.0176406306916,0.0154550658271,0.0145704324296,0.00281001196857,0.00738929073216,0.0173804443982,0.0277878961336,0.0304417963262,0.0257584430452,0.00973096737264,0.0381953478691,0.00442316698756,0.00993911640735,0.0825831295207,0.0151948795337,0.132278711557,0.0834677629182,0.0382994223864,0.202424936254,0.0234167664047,0.0115002341677,0.00941874382058,0.0391320185253,0.0117604204611,0.00759743976687,0.00140500598428,0.0103033772181
0.00407000407,0.001628001628,0.001628001628,0.015873015873,0.011803011803,0.01221001221,0.027269027269,0.00936100936101,0.003256003256,0.00691900691901,0.017501017501,0.017908017908,0.011396011396,0.019129019129,0.004884004884,0.00691900691901,0.02035002035,0.030118030118,0.015059015059,0.03256003256,0.01221001221,0.045177045177,0.00529100529101,0.013431013431,0.0541310541311,0.00569800569801,0.0582010582011,0.0561660561661,0.026455026455,0.159544159544,0.0708180708181,0.025234025234,0.038258038258,0.0565730565731,0.018722018722,0.034188034188,0.002035002035,0.048026048026
0.00356125356125,0.00213675213675,0.00641025641026,0.00854700854701,0.00783475783476,0.02849002849,0.0277777777778,0.00712250712251,0.0042735042735,0.00854700854701,0.0128205128205,0.0178062678063,0.0220797720798,0.0213675213675,0.00569800569801,0.00925925925926,0.0320512820513,0.0605413105413,0.0356125356125,0.0292022792023,0.00498575498575,0.0242165242165,0.00498575498575,0.00783475783476,0.0491452991453,0.00925925925926,0.0783475783476,0.0292022792023,0.0220797720798,0.189458689459,0.0527065527066,0.0185185185185,0.0299145299145,0.045584045584,0.0206552706553,0.02849002849,0.00356125356125,0.0299145299145
0.000944733112896,0.00188946622579,0.00283419933869,0.00661313179027,0.00614076523382,0.027397260274,0.0297590930562,0.0141709966934,0.00566839867737,0.00755786490316,0.0193670288144,0.0245630609353,0.0444024563061,0.0288143599433,0.00566839867737,0.00897496457251,0.0354274917336,0.076995748701,0.0292867264998,0.0406235238545,0.0099196976854,0.0297590930562,0.00425129900803,0.0141709966934,0.0505432215399,0.0122815304676,0.0557392536608,0.0340103920642,0.0174775625886,0.130845536136,0.0505432215399,0.0155880963628,0.0170051960321,0.0481813887577,0.0226735947095,0.0425129900803,0.00850259801606,0.0188946622579
0.000848776347432,0.00155608997029,0.00070731362286,0.0113170179658,0.0107511670675,0.0138633470081,0.0196633187155,0.0106097043429,0.00311217994059,0.00947800254633,0.0151365115292,0.0265949922196,0.0155608997029,0.0196633187155,0.00509265808459,0.00622435988117,0.0173999151224,0.026453529495,0.0182486914698,0.034375442071,0.00792191257604,0.0288583958127,0.00396095628802,0.00735606167775,0.123214033102,0.0186730796435,0.0630923751591,0.121516480407,0.0434290564436,0.112462866035,0.0322535012024,0.0103267788938,0.0168340642241,0.0684679586929,0.0248974395247,0.0288583958127,0.00127316452115,0.0199462441647
0.00390815828041,0.00390815828041,0.000488519785051,0.0141670737665,0.00879335613092,0.019052271617,0.0166096726917,0.00244259892526,0.00195407914021,0.0117244748412,0.0254030288227,0.0210063507572,0.00830483634587,0.0229604298974,0.00537371763556,0.00439667806546,0.0195407914021,0.0229604298974,0.0156326331216,0.0322423058134,0.00488519785051,0.0351734245237,0.00293111871031,0.00928187591597,0.0869565217391,0.0102589154861,0.0532486565706,0.0957498778701,0.0385930630191,0.104054714216,0.0405471421593,0.0229604298974,0.0239374694675,0.113336590132,0.0166096726917,0.0415241817294,0.000488519785051,0.0385930630191
0.000390930414386,0.00156372165754,0.0027365129007,0.0129007036747,0.0215011727912,0.0144644253323,0.0207193119625,0.00742767787334,0.00469116497263,0.0152462861611,0.0383111806099,0.02228303362,0.0211102423769,0.0289288506646,0.00586395621579,0.0129007036747,0.017200938233,0.0430023455825,0.0132916340891,0.0660672400313,0.0160281469898,0.0254104769351,0.00469116497263,0.00703674745895,0.103596559812,0.0148553557467,0.0496481626271,0.0699765441751,0.0265832681783,0.0594214229867,0.0254104769351,0.0117279124316,0.0308835027365,0.0875684128225,0.0320562939797,0.0265832681783,0.00195465207193,0.0359655981235
0.00124223602484,0.0,0.0,0.00745341614907,0.0223602484472,0.00621118012422,0.0186335403727,0.00621118012422,0.00248447204969,0.0248447204969,0.111801242236,0.039751552795,0.00745341614907,0.0409937888199,0.0198757763975,0.00869565217391,0.0173913043478,0.0248447204969,0.0124223602484,0.0596273291925,0.0310559006211,0.0484472049689,0.00372670807453,0.0211180124224,0.0658385093168,0.0285714285714,0.0347826086957,0.0745341614907,0.0273291925466,0.0944099378882,0.0273291925466,0.00248447204969,0.0136645962733,0.0571428571429,0.0111801242236,0.00124223602484,0.0,0.0248447204969
0.00164406083025,0.0,0.00123304562269,0.0115084258118,0.0152075626798,0.013152486642,0.0180846691328,0.0139745170571,0.006576243321,0.0143855322647,0.0419235511714,0.0283600493218,0.0139745170571,0.0476777640773,0.0135635018496,0.00945334977394,0.0258939580764,0.0217838060008,0.0230168516235,0.0489108097,0.0143855322647,0.046033703247,0.00369913686806,0.0279490341143,0.055487053021,0.0115084258118,0.0464447184546,0.0546650226058,0.0238388820386,0.110563090834,0.0439786272092,0.0143855322647,0.0127414714344,0.0727496917386,0.0242498972462,0.0267159884916,0.00904233456638,0.0312371557748
