0.280701754386,0.270175438596,0.0561403508772,0.105263157895,0.0350877192982,0.0526315789474,0.0491228070175,0.00350877192982,0.0,0.00701754385965,0.0175438596491,0.00350877192982,0.00701754385965,0.0105263157895,0.0,0.00701754385965,0.00701754385965,0.0,0.00701754385965,0.00701754385965,0.00701754385965,0.0,0.0,0.00701754385965,0.0175438596491,0.00350877192982,0.00350877192982,0.0,0.0,0.0315789473684,0.0,0.0,0.0,0.0,0.0,0.00350877192982,0.0,0.0
0.0340512223516,0.234284051222,0.101280558789,0.328579743888,0.0480209545984,0.0718859138533,0.0224097788126,0.0101862630966,0.00174621653085,0.00727590221187,0.0104772991851,0.0154249126892,0.0046565774156,0.0058207217695,0.00058207217695,0.00261932479627,0.0069848661234,0.00291036088475,0.00436554132712,0.0215366705471,0.00494761350407,0.00785797438882,0.00174621653085,0.00407450523865,0.0160069848661,0.00261932479627,0.00844004656577,0.00494761350407,0.0034924330617,0.00523864959255,0.00145518044237,0.00058207217695,0.000291036088475,0.0011641443539,0.000291036088475,0.00145518044237,0.0,0.000291036088475
0.015678588927,0.160705536502,0.302302792749,0.0852523272905,0.016168544831,0.270455658991,0.0411562959334,0.0093091621754,0.00195982361587,0.00244977951984,0.00734933855953,0.0078392944635,0.00636942675159,0.00146986771191,0.000489955903969,0.000489955903969,0.00832925036747,0.00293973542381,0.00587947084762,0.00293973542381,0.00195982361587,0.00636942675159,0.00195982361587,0.00195982361587,0.00489955903969,0.000979911807937,0.0142087212151,0.00195982361587,0.00146986771191,0.0102890739833,0.0,0.000979911807937,0.00195982361587,0.000979911807937,0.0,0.0,0.0,0.000489955903969
0.00969354783851,0.0728546648073,0.0216319172817,0.353661440087,0.126866433115,0.141865922928,0.063909390837,0.0138430665624,0.00431958096663,0.00996564742696,0.0234345770552,0.0280602700588,0.00979558518418,0.0099316349784,0.00275500833305,0.00482976769498,0.00816298765348,0.00724465154246,0.00602020339444,0.0145233155335,0.00557804156321,0.0088432366246,0.00173463487636,0.00241488384749,0.0137410292167,0.00244889629604,0.0104418217067,0.00523791707765,0.00227883405326,0.00612224074011,0.000476174279786,0.000238087139893,0.00044216183123,0.00329920750995,0.0010883983538,0.00129247304513,0.000170062242781,0.000782286316792
0.004884004884,0.022792022792,0.00698684032017,0.240469407136,0.106769773436,0.0801112467779,0.0830280830281,0.0299823633157,0.00983584316918,0.0258445258445,0.0499253832587,0.0563695563696,0.0184506851174,0.0240808574142,0.00651200651201,0.0102428435762,0.0160765160765,0.0130918464252,0.00847917514584,0.0364943698277,0.0143128476462,0.0250305250305,0.00400217066884,0.00590150590151,0.0310676977344,0.00501967168634,0.0209605209605,0.0107855107855,0.00617283950617,0.0118708452042,0.001221001221,0.000407000407,0.00115316781983,0.00563017229684,0.001628001628,0.00230633563967,0.000407000407,0.00169583502917
0.00307512080832,0.0172499633914,0.0379264899692,0.122448381901,0.0317176746229,0.352262410309,0.19074535071,0.0251867037634,0.018069995607,0.00304583394348,0.00866891199297,0.0161370625275,0.022111582955,0.00635524967052,0.00351442378093,0.00594523356275,0.0173378239859,0.0117440328013,0.0106604188022,0.00679455264314,0.00468589837458,0.0123297700981,0.00190364621467,0.00374871869966,0.0107189925318,0.00260653097086,0.0207936740372,0.00609166788695,0.00325084199736,0.014379850637,0.00152291697174,0.000761458485869,0.000878605945234,0.00240152291697,0.000995753404598,0.00105432713428,5.85737296822e-05,0.000820032215551
0.00264435267695,0.00554227341882,0.0114830109397,0.0738969789176,0.0419111787293,0.288596681881,0.191661233065,0.0359342171992,0.0247409983337,0.00416576106643,0.00909222632761,0.0260812866768,0.0411142505252,0.00988915453162,0.00568716945592,0.00959936245744,0.0346301528653,0.0219517496196,0.0202492211838,0.00804173005868,0.0081504020865,0.0202129971745,0.0032601608346,0.00601318553938,0.0146344997464,0.00383974498297,0.0302832717525,0.0092371223647,0.005433601391,0.017496196479,0.0016300804173,0.00195609650076,0.00188364848221,0.00409331304789,0.00123161631529,0.00235456060277,0.00021734405564,0.00115916829675
0.0018432047186,0.00540673384124,0.00430081101008,0.0636520029491,0.0540673384124,0.150159744409,0.146350454657,0.0163430818383,0.0131481936594,0.00847874170558,0.0202752519046,0.0337920865077,0.0292455148685,0.0276480707791,0.00995330548046,0.0260506266896,0.0555419021873,0.0420250675842,0.0366183337429,0.0186778078152,0.00983042516589,0.0390759400344,0.010076185795,0.014991398378,0.0265421479479,0.00835586139101,0.054190218727,0.0125337920865,0.0108134676825,0.0202752519046,0.00245760629147,0.00208896534775,0.00221184566232,0.0126566724011,0.00208896534775,0.00528385352667,0.000368640943721,0.00258048660605
0.0023137436372,0.00485886163813,0.00948634891254,0.0504396112911,0.0400277649236,0.233688107358,0.24132346136,0.0240629338269,0.0189726978251,0.00578435909301,0.0106432207311,0.0279962980102,0.0312355391023,0.011568718186,0.00416473854697,0.00832947709394,0.0425728829246,0.0360944007404,0.0337806571032,0.00832947709394,0.00416473854697,0.0155020823693,0.00323924109209,0.00624710782045,0.0185099490976,0.0023137436372,0.0539102267469,0.00740397963906,0.00647848218417,0.0266080518279,0.00161962054604,0.000462748727441,0.000694123091161,0.00323924109209,0.0,0.00185099490976,0.000462748727441,0.00161962054604
0.00442684063374,0.0160764212488,0.00582479030755,0.0936626281454,0.117660764212,0.0344827586207,0.0340167753961,0.014678471575,0.00535880708295,0.0365796831314,0.0719944082013,0.0514911463187,0.0121155638397,0.034715750233,0.00768872320596,0.0125815470643,0.0151444547996,0.0219012115564,0.00908667287978,0.0873718546132,0.0263280521901,0.0438024231128,0.00629077353215,0.00768872320596,0.0827120223672,0.0139794967381,0.0235321528425,0.0342497670084,0.0116495806151,0.0253960857409,0.00442684063374,0.000931966449208,0.00256290773532,0.0130475302889,0.00465983224604,0.00582479030755,0.00139794967381,0.00465983224604
0.00488485694348,0.0100023261224,0.00314026517795,0.0782740172133,0.0793207722726,0.0374505699,0.0383810188416,0.0211677134217,0.00814142823913,0.0433821819028,0.0529192835543,0.0532682019074,0.0174459176553,0.0257036520121,0.0119795301233,0.0151197953012,0.027680856013,0.0301232844848,0.0174459176553,0.0846708536869,0.0264014887183,0.0698999767388,0.00709467317981,0.0153524075366,0.0683879972087,0.0182600604792,0.0340776924866,0.0215166317748,0.0105838567109,0.0248895091882,0.00418702023726,0.00174459176553,0.00279134682484,0.0145382647127,0.00395440800186,0.00535008141428,0.00139567341242,0.00907187718074
0.00144392748275,0.00649767367239,0.00328894593294,0.0708326648484,0.064495427563,0.0597625541473,0.076207283812,0.0219797850152,0.0166051660517,0.0180490935344,0.041071715065,0.0334509866838,0.0238248034654,0.0430771699021,0.00834269212257,0.0249478581742,0.0352157869405,0.0452430611263,0.0239852398524,0.0399486603562,0.0255896037221,0.0796566661319,0.0136370928927,0.0211776030804,0.0378629873255,0.011711856249,0.0507781164768,0.0211776030804,0.0134766565057,0.0278357131397,0.00385047328734,0.00224610941762,0.00425156425477,0.0136370928927,0.00401090967431,0.00521418257661,0.00136370928927,0.00425156425477
0.00157365936327,0.00387362304806,0.00447887664932,0.0415203970464,0.035104708873,0.13000847355,0.16329742162,0.0217891296453,0.0242101440504,0.0065367388936,0.0229996368478,0.0347415567123,0.032683694468,0.0275995642174,0.00254206512529,0.0137997821087,0.0461203244159,0.0551991284348,0.050478150345,0.0176734051568,0.00895775329863,0.0406730420046,0.00847355041762,0.0170681515555,0.0250574990921,0.00689989105435,0.0664568454182,0.0129524270669,0.00907880401888,0.0330468466287,0.00387362304806,0.00266311584554,0.00568938385183,0.0102893112214,0.00387362304806,0.00520518097083,0.000605253601259,0.00290521728604
0.00234157763793,0.00556124689009,0.00395141226401,0.0506366164203,0.0452217181326,0.0431728376994,0.0499048734085,0.0307332064979,0.0114151909849,0.0171227864774,0.0302941606908,0.0668813112835,0.0291233718718,0.0320503439192,0.00614664129958,0.0162446948632,0.0381969852188,0.0364408019903,0.0297087662813,0.0534172398654,0.0215132445485,0.0913215278794,0.0103907507683,0.0219522903556,0.0474169471682,0.0165373920679,0.0746377872091,0.0218059417533,0.0144885116347,0.0288306746671,0.00790282452803,0.00234157763793,0.00570759549246,0.0143421630323,0.00512220108298,0.00834187033514,0.00321966925216,0.00556124689009
0.00104876769795,0.00367068694284,0.00262191924489,0.04614577871,0.0340849501835,0.046670162559,0.0744625065548,0.0277923439958,0.0152071316203,0.0157315154693,0.0361824855794,0.0356581017305,0.0209753539591,0.0330361824856,0.0131095962244,0.0178290508652,0.0277923439958,0.0424750917672,0.0309386470897,0.0398531725223,0.0267435762979,0.0749868904038,0.0214997378081,0.0262191924489,0.0534871525957,0.0110120608285,0.0991085474567,0.0220241216571,0.0199265862611,0.0298898793917,0.00681699003671,0.00157315154693,0.00314630309386,0.0183534347142,0.00367068694284,0.00629260618773,0.00157315154693,0.00839014158364
0.00130412102243,0.00547730829421,0.00417318727178,0.037037037037,0.0339071465832,0.0972874282733,0.124934793949,0.0774647887324,0.0208659363589,0.00834637454356,0.0255607720396,0.0469483568075,0.037558685446,0.0213875847679,0.00521648408972,0.0156494522692,0.0198226395409,0.0299947835159,0.0255607720396,0.0268648930621,0.0148669796557,0.0699008868023,0.00912884715702,0.0318205529473,0.0383411580595,0.00834637454356,0.0714658320292,0.0146061554512,0.0148669796557,0.0255607720396,0.00704225352113,0.00260824204486,0.00730307772561,0.00860719874804,0.00208659363589,0.00234741784038,0.000782472613459,0.00495565988524
0.00266990291262,0.00449029126214,0.00339805825243,0.0260922330097,0.0258495145631,0.0796116504854,0.120388349515,0.0320388349515,0.0309466019417,0.00606796116505,0.0211165048544,0.0461165048544,0.0404126213592,0.0269417475728,0.00473300970874,0.0135922330097,0.0321601941748,0.0359223300971,0.0586165048544,0.0236650485437,0.0169902912621,0.0743932038835,0.00825242718447,0.0217233009709,0.0334951456311,0.0109223300971,0.0879854368932,0.018567961165,0.0106796116505,0.0419902912621,0.00473300970874,0.00461165048544,0.00606796116505,0.0110436893204,0.00291262135922,0.00558252427184,0.00157766990291,0.00364077669903
0.00187353629977,0.0040281030445,0.00346604215457,0.0259484777518,0.0225761124122,0.055925058548,0.071756440281,0.0305386416862,0.0184543325527,0.0103981264637,0.0291334894614,0.0485245901639,0.0473067915691,0.0246370023419,0.00590163934426,0.0137704918033,0.0301639344262,0.0264168618267,0.0487119437939,0.0418735362998,0.0187353629977,0.0830913348946,0.00608899297424,0.0235128805621,0.0484309133489,0.0144262295082,0.106323185012,0.0272599531616,0.0121779859485,0.0550819672131,0.00599531615925,0.00440281030445,0.00459016393443,0.0125526932084,0.00309133489461,0.00571428571429,0.00112412177986,0.00599531615925
0.0014933946008,0.00298678920161,0.00436530729466,0.0181504882252,0.0153934520391,0.0535324526134,0.0646754738656,0.0204480183802,0.0257323377369,0.00539919586445,0.0160827110856,0.0228604250431,0.0434233199311,0.0153934520391,0.00413555427915,0.0173463526709,0.0384836300976,0.0568638713383,0.056519241815,0.028489373923,0.0134405514072,0.062607696726,0.00746697300402,0.0199885123492,0.0593911545089,0.0143595634693,0.145663411832,0.0313612866169,0.0191843767949,0.0783457782883,0.00608845491097,0.00379092475589,0.00608845491097,0.0110281447444,0.00218265364733,0.00298678920161,0.000459506031017,0.00379092475589
0.00336592402629,0.00769354063151,0.00609071966661,0.03926911364,0.0433563071005,0.0385478442058,0.0383074210611,0.0152267991665,0.0055297323289,0.031415290912,0.075252444302,0.0602660682802,0.0167494790832,0.0393492546883,0.00585029652188,0.0128225677192,0.0301330341401,0.0450392691136,0.0243628786665,0.082144574451,0.0251642891489,0.031735855105,0.0108190415131,0.0115403109473,0.089998397179,0.0193941336753,0.0500080141048,0.0322167013945,0.0174707485174,0.042554896618,0.00408719346049,0.00248437249559,0.00528930918416,0.0174707485174,0.00416733450874,0.00512902708767,0.00104183362718,0.00865523321045
0.00385208012327,0.0107858243451,0.00667693888033,0.034925526451,0.0421160760144,0.0367231638418,0.0372367745249,0.0161787365177,0.00616332819723,0.0359527478172,0.0575243965074,0.057781201849,0.0195172059579,0.0344119157678,0.0128402670776,0.0164355418593,0.0295326142784,0.0529019003595,0.0238828967643,0.0793528505393,0.0172059578839,0.0500770416025,0.00924499229584,0.0179763739086,0.0896250642013,0.0220852593734,0.0498202362609,0.0249101181305,0.0128402670776,0.0446841294299,0.00513610683102,0.00256805341551,0.00385208012327,0.0184899845917,0.00231124807396,0.00333846944016,0.000256805341551,0.0107858243451
0.00148560817084,0.0050139275766,0.00232126276695,0.0243268337976,0.0234911792015,0.0393686165274,0.0473537604457,0.0179201485608,0.00649953574745,0.0151346332405,0.0532961931291,0.0671309192201,0.0252553389044,0.0493036211699,0.0127205199629,0.0163416898793,0.0352831940576,0.0574744661096,0.0441968430826,0.0422469823584,0.0176415970288,0.0313834726091,0.00677808727948,0.014113277623,0.0841225626741,0.0183844011142,0.0870009285051,0.0300835654596,0.0173630454968,0.0502321262767,0.00631383472609,0.00306406685237,0.00436397400186,0.0214484679666,0.00352831940576,0.00594243268338,0.00102135561746,0.0110492107707
0.00156168662155,0.00260281103592,0.00416449765747,0.0229047371161,0.0166579906299,0.0432066631963,0.0593440916189,0.0385216033316,0.0119729307652,0.00937011972931,0.0307131702238,0.0374804789172,0.0468505986465,0.0296720458095,0.00832899531494,0.019781363873,0.0353982300885,0.0359187922957,0.0343571056741,0.0374804789172,0.0104112441437,0.0411244143675,0.0176991150442,0.0124934929724,0.0666319625195,0.0229047371161,0.130661114003,0.0421655387819,0.0301926080167,0.051015096304,0.00676730869339,0.00520562207184,0.00364393545029,0.014055179594,0.00572618427902,0.00520562207184,0.00104112441437,0.00676730869339
0.000263504611331,0.0034255599473,0.00316205533597,0.0181818181818,0.0208168642951,0.0361001317523,0.0363636363636,0.0321475625823,0.0102766798419,0.0115942028986,0.0305665349144,0.0498023715415,0.0397891963109,0.0361001317523,0.0100131752306,0.0276679841897,0.0384716732543,0.062977602108,0.0461133069829,0.0405797101449,0.0205533596838,0.0292490118577,0.00658761528327,0.0166007905138,0.0619235836627,0.0142292490119,0.115415019763,0.0321475625823,0.0263504611331,0.0664031620553,0.00711462450593,0.00210803689065,0.00474308300395,0.0176548089592,0.00447957839262,0.00606060606061,0.00131752305665,0.0126482213439
0.00176779741997,0.003392259914,0.00167224080268,0.0226469182991,0.0222169135213,0.0182513139035,0.020353559484,0.00965121834687,0.0043956043956,0.0242236024845,0.0283803153368,0.0258480649785,0.00922121356904,0.0196846631629,0.00401337792642,0.00597228858098,0.0106067845198,0.0263736263736,0.0237935977066,0.0708552317248,0.0147157190635,0.0419493549928,0.00702341137124,0.0123745819398,0.161586239847,0.0305781175346,0.105685618729,0.0917343526039,0.0368848542762,0.0755852842809,0.00692785475394,0.00267558528428,0.00387004300048,0.0339703774486,0.00735785953177,0.00711896798853,0.000812231247014,0.00582895365504
0.000760263558033,0.00734921439432,0.00304105423213,0.0273694880892,0.0202736948809,0.0266092245312,0.0286365940193,0.0167257982767,0.00608210846427,0.0179929042068,0.0402939685758,0.0435884439939,0.0149518499747,0.0425747592499,0.00734921439432,0.0091231626964,0.0177394830208,0.0397871262038,0.0331981753675,0.0585402939686,0.022047643183,0.0392802838317,0.00886974151039,0.0129244804866,0.123162696401,0.0152052711607,0.0957932083122,0.0603142422707,0.0309173846934,0.0727318803852,0.00557526609225,0.0022807906741,0.00202736948809,0.0281297516472,0.00557526609225,0.00481500253421,0.00177394830208,0.00658895083629
0.00112916885107,0.00254062991491,0.00286324958664,0.0145178852281,0.013388716377,0.0356494737267,0.0393192724926,0.0140339557205,0.00992055490584,0.00721861515506,0.013348388918,0.0208492962858,0.0280679114409,0.0148405048998,0.00383110860185,0.0134693712949,0.0227850143162,0.0530709360003,0.0514981651006,0.030326249143,0.0110497237569,0.0466991974836,0.00754123482679,0.0157277089971,0.097148848651,0.0171794975199,0.128200992055,0.0598459491067,0.0387546880671,0.126507238779,0.00854942130096,0.00447634794532,0.00508125982982,0.0238738557084,0.00540387950155,0.00584748155019,0.000564584425535,0.00487962253498
0.000918695452458,0.00229673863114,0.000229673863114,0.0145460113306,0.0140866636043,0.0178380033685,0.0152350329199,0.0091103965702,0.00313887612923,0.0111774613382,0.0150053590568,0.0202112999541,0.00765579543715,0.016077170418,0.00436380339917,0.00459347726229,0.00711988975655,0.0228142704027,0.019369162456,0.0436380339917,0.00704333180217,0.024115755627,0.00505282498852,0.00765579543715,0.161537283724,0.0243454294901,0.0878885316184,0.105037513398,0.0653039350789,0.127239320165,0.0109477874751,0.00505282498852,0.00566528862349,0.0685959271168,0.0180676772317,0.0153881488287,0.00137804317869,0.0102587658858
0.0,0.00407401120353,0.00135800373451,0.0134102868783,0.0134102868783,0.0168052962146,0.0198608046172,0.00899677474113,0.0049227635376,0.00543201493804,0.0129010354778,0.0188423018163,0.0122220336106,0.0183330504159,0.00220675606858,0.00662026820574,0.0108640298761,0.0183330504159,0.0220675606858,0.0322525886946,0.00543201493804,0.0358173484977,0.00424376167034,0.0098455270752,0.121201833305,0.0176540485486,0.106263792225,0.127143099644,0.041928365303,0.15769818367,0.0193515532168,0.00933627567476,0.0049227635376,0.0633169241215,0.0135800373451,0.00899677474113,0.000679001867255,0.00967577660839
0.00107241344092,0.00168522112144,0.00270656725564,0.00924318251455,0.00878357675416,0.0221632111122,0.0206311919109,0.00985599019508,0.00551526912471,0.00582167296497,0.0124093555306,0.0193545092432,0.0142477785722,0.0126136247574,0.00311510570932,0.00725155755285,0.0185374323358,0.0273720763967,0.0335512205086,0.0209375957512,0.00556633643142,0.0318659993872,0.00459605760392,0.0108262690226,0.0820651618834,0.0154223266265,0.139260545399,0.0898273925033,0.0404963742212,0.211980390154,0.021141864978,0.0102645286488,0.0084771729139,0.0423347972628,0.0101113267286,0.00817076907364,0.00122561536105,0.00949851904811
0.003300330033,0.003300330033,0.0049504950495,0.0119636963696,0.00866336633663,0.0160891089109,0.0259900990099,0.00701320132013,0.00288778877888,0.003300330033,0.0218646864686,0.0193894389439,0.0160891089109,0.0226897689769,0.00206270627063,0.00742574257426,0.019801980198,0.0338283828383,0.0177392739274,0.0400165016502,0.0115511551155,0.0338283828383,0.00412541254125,0.0123762376238,0.0482673267327,0.0136138613861,0.0482673267327,0.0511551155116,0.0272277227723,0.164191419142,0.0585808580858,0.0272277227723,0.0367161716172,0.0726072607261,0.0235148514851,0.0235148514851,0.00412541254125,0.0507425742574
0.00154918667699,0.000774593338497,0.000774593338497,0.00542215336948,0.00774593338497,0.0232378001549,0.0255615801704,0.0193648334624,0.0131680867545,0.00154918667699,0.00387296669249,0.0240123934934,0.0340821068939,0.0162664601084,0.00619674670798,0.0162664601084,0.0263361735089,0.0611928737413,0.0410534469404,0.0286599535244,0.0116189000775,0.0255615801704,0.00154918667699,0.0178156467854,0.0487993803253,0.0147172734314,0.0673896204493,0.0449264136328,0.0201394268009,0.171959721146,0.0635166537568,0.00852052672347,0.0278853601859,0.0487993803253,0.0147172734314,0.0232378001549,0.00542215336948,0.0263361735089
0.0,0.00319659030368,0.0042621204049,0.00586041555674,0.00532765050613,0.0250399573788,0.0229088971763,0.0117208311135,0.00479488545551,0.00639318060735,0.0239744272776,0.0159829515184,0.035695258391,0.023441662227,0.00372935535429,0.0143846563665,0.0287693127331,0.0618007458711,0.0303676078849,0.0404901438466,0.0117208311135,0.0245071923282,0.00692594565796,0.0122535961641,0.0479488545551,0.0111880660629,0.0618007458711,0.039957378796,0.0207778369739,0.133724027704,0.0633990410229,0.0170484816196,0.0239744272776,0.0628662759723,0.02610548748,0.0340969632392,0.0117208311135,0.0218433670751
0.00201005025126,0.00258435032304,0.000861450107681,0.0119167264896,0.0160804020101,0.0106245513281,0.0182340272793,0.00904522613065,0.00373295046662,0.0114860014358,0.0145010768126,0.0208183776023,0.0133524766691,0.0202440775305,0.00445082555635,0.00473797559225,0.0119167264896,0.0241206030151,0.0150753768844,0.0357501794688,0.00832735104092,0.0311557788945,0.00402010050251,0.00603015075377,0.125915290739,0.0196697774587,0.0574300071788,0.130222541278,0.0470926058866,0.108973438622,0.029720028715,0.00976310122039,0.0137832017229,0.0666188083274,0.0264178033022,0.0357501794688,0.00157932519742,0.0259870782484
0.000467289719626,0.00280373831776,0.00140186915888,0.0116822429907,0.0158878504673,0.0107476635514,0.0130841121495,0.00420560747664,0.00233644859813,0.00467289719626,0.0252336448598,0.0172897196262,0.00794392523364,0.0200934579439,0.00280373831776,0.00420560747664,0.0177570093458,0.0210280373832,0.0158878504673,0.038785046729,0.0116822429907,0.0252336448598,0.0018691588785,0.0144859813084,0.0845794392523,0.0126168224299,0.0546728971963,0.107943925234,0.0369158878505,0.107476635514,0.0481308411215,0.0130841121495,0.0177570093458,0.121028037383,0.0172897196262,0.0528037383178,0.0,0.0341121495327
0.0,0.00346020761246,0.00173010380623,0.0155709342561,0.0129757785467,0.0181660899654,0.0250865051903,0.00562283737024,0.00432525951557,0.0103806228374,0.0281141868512,0.0298442906574,0.0142733564014,0.0237889273356,0.00475778546713,0.011678200692,0.022491349481,0.038062283737,0.0147058823529,0.0501730103806,0.0134083044983,0.0181660899654,0.000865051903114,0.00475778546713,0.086937716263,0.0160034602076,0.048875432526,0.0730968858131,0.0289792387543,0.0627162629758,0.0389273356401,0.0211937716263,0.0371972318339,0.0955882352941,0.0423875432526,0.0350346020761,0.00173010380623,0.0389273356401
0.0,0.00249687890137,0.0,0.0149812734082,0.023720349563,0.0212234706617,0.0124843945069,0.00749063670412,0.00499375780275,0.00998751560549,0.111111111111,0.0324594257179,0.00749063670412,0.0387016229713,0.00998751560549,0.0124843945069,0.0274656679151,0.0174781523096,0.00998751560549,0.0474406991261,0.0212234706617,0.0461922596754,0.00499375780275,0.019975031211,0.0711610486891,0.00873907615481,0.0486891385768,0.0561797752809,0.0337078651685,0.106117353308,0.0299625468165,0.00624219725343,0.0187265917603,0.0649188514357,0.0112359550562,0.0137328339576,0.00499375780275,0.0212234706617
0.0,0.00322135296825,0.00230096640589,0.0105844454671,0.0124252185918,0.0165669581224,0.0216290842154,0.00966405890474,0.00552231937414,0.0119650253106,0.0556833870225,0.0377358490566,0.0193281178095,0.0400368154625,0.00966405890474,0.00598251265532,0.0188679245283,0.0317533364013,0.0165669581224,0.0460193281178,0.0161067648412,0.0391164289001,0.00230096640589,0.0161067648412,0.0653474459273,0.0197883110907,0.0395766221813,0.0455591348366,0.0248504371836,0.104003681546,0.0349746893695,0.0161067648412,0.0147261849977,0.0855959502991,0.0220892774965,0.0331339162448,0.00690289921767,0.0381960423378
