0.226114649682,0.197452229299,0.0859872611465,0.168789808917,0.0286624203822,0.0573248407643,0.0222929936306,0.0031847133758,0.0,0.0031847133758,0.0286624203822,0.0350318471338,0.0031847133758,0.0127388535032,0.00955414012739,0.0031847133758,0.00955414012739,0.0031847133758,0.00636942675159,0.0191082802548,0.0,0.00636942675159,0.0,0.0,0.0222929936306,0.0127388535032,0.00636942675159,0.00636942675159,0.00636942675159,0.00955414012739,0.0,0.0,0.0,0.0031847133758,0.0,0.0031847133758,0.0,0.0
0.0328530259366,0.211239193084,0.107492795389,0.314121037464,0.0564841498559,0.092795389049,0.0319884726225,0.00461095100865,0.00259365994236,0.0121037463977,0.0109510086455,0.0152737752161,0.00403458213256,0.00749279538905,0.000576368876081,0.00230547550432,0.00518731988473,0.00403458213256,0.00461095100865,0.0158501440922,0.00720461095101,0.00547550432277,0.00028818443804,0.00115273775216,0.0123919308357,0.00201729106628,0.00922190201729,0.00691642651297,0.00576368876081,0.00691642651297,0.000576368876081,0.0,0.000576368876081,0.00345821325648,0.00028818443804,0.000864553314121,0.0,0.00028818443804
0.0175097276265,0.166828793774,0.27140077821,0.102626459144,0.0199416342412,0.257782101167,0.0428015564202,0.00583657587549,0.00389105058366,0.0034046692607,0.0145914396887,0.00778210116732,0.00583657587549,0.00243190661479,0.00243190661479,0.000972762645914,0.00243190661479,0.00437743190661,0.00729571984436,0.00583657587549,0.00437743190661,0.00583657587549,0.000972762645914,0.00145914396887,0.00826848249027,0.000972762645914,0.0150778210117,0.00243190661479,0.0,0.0126459143969,0.0,0.0,0.00145914396887,0.000486381322957,0.0,0.0,0.0,0.0
0.0100992573055,0.0712153814118,0.0250572638301,0.335739571042,0.123342819463,0.149614770598,0.0625390435205,0.0119386409384,0.005587561602,0.00950926632887,0.0259248976192,0.0299507184008,0.00850281113348,0.0112098285556,0.00301936558617,0.00565697230513,0.00753106128965,0.00662872214896,0.00607343652391,0.0144721316027,0.00583049906296,0.00898868605539,0.001596446172,0.00263760671896,0.018116193517,0.00284583882835,0.01197334629,0.00534462414104,0.003192892344,0.00735753453182,0.00117998195322,0.000138821406261,0.000659401679739,0.00360935656278,0.000555285625043,0.00100645519539,0.000104116054696,0.00124939265635
0.00650789255054,0.0235391858211,0.00616172805317,0.240099695375,0.105649404597,0.0917335918028,0.0770562171144,0.0258238715037,0.0109387981169,0.0220160620327,0.0481860980338,0.0519246746054,0.0186236499585,0.0229853226253,0.0060924951537,0.00990030462476,0.0168235945721,0.0164081971753,0.0103849349211,0.0324702298532,0.0161312655774,0.0214621988369,0.00380780947106,0.00463860426475,0.034339518139,0.00630019385212,0.0213237330379,0.0126003877042,0.00519246746054,0.0137081140958,0.00221545278316,0.000138465798948,0.000830794793686,0.00588479645528,0.00297701467737,0.00304624757685,0.000346164497369,0.00173082248685
0.00275160759683,0.0188126215044,0.0397188574847,0.136234484821,0.0373560640048,0.326783310902,0.189023478391,0.0243158366981,0.0184537161657,0.00290115148796,0.00954090025422,0.0182742634963,0.0246747420368,0.00637056976223,0.0020337969194,0.00625093464932,0.0158217436818,0.0103484372663,0.0128009570809,0.00663974876626,0.00493494840736,0.0138178555406,0.00233288470166,0.00454613429041,0.0104082548228,0.00248242859279,0.0207866008674,0.00708838043966,0.00406759383879,0.0126215044115,0.00134589502019,0.000568266786302,0.00110662479438,0.00257215492747,0.00074771945566,0.000717810677434,8.97263346792e-05,0.000657993120981
0.00255447613887,0.0081665828076,0.015946123776,0.0778728180516,0.0420714479235,0.285791694082,0.174749390409,0.0331694856214,0.0260479157797,0.00429616441537,0.0116499593606,0.0255060572048,0.0374656500368,0.00855362464682,0.00456709370283,0.00983086271626,0.033363006541,0.0240740023997,0.0254673530209,0.0088632581182,0.00758602004877,0.0241514107675,0.00356078492085,0.00627007779541,0.0156364903046,0.00429616441537,0.0319309517359,0.0088632581182,0.00634748616325,0.016449278167,0.00247706777103,0.00127723806944,0.00197391338004,0.00522506482951,0.00178039246042,0.00131594225336,3.87041839223e-05,0.000812787862368
0.000921658986175,0.00579328505596,0.00592495062541,0.0551678736011,0.0516129032258,0.141145490454,0.132850559579,0.0148782093483,0.0147465437788,0.00750493745885,0.0258064516129,0.0322580645161,0.0289664252798,0.026991441738,0.0118499012508,0.0265964450296,0.051086240948,0.0422646477946,0.0430546412113,0.0173798551679,0.0102699144174,0.0413429888084,0.0126398946675,0.0168531928901,0.0296247531271,0.0104015799868,0.0575378538512,0.0176431863068,0.0115865701119,0.0302830809743,0.00473996050033,0.00131665569454,0.00276497695853,0.00816326530612,0.00276497695853,0.00276497695853,0.000263331138907,0.00223831468071
0.00155561317086,0.00440757065076,0.0103707544724,0.058594762769,0.0373347161006,0.250194451646,0.232823437905,0.0199637023593,0.0168524760176,0.00440757065076,0.0142597873995,0.0238527352865,0.0248898107337,0.00855587243972,0.00362976406534,0.00959294788696,0.0497796214675,0.0355198340679,0.0443349753695,0.00777806585429,0.00466683951257,0.0168524760176,0.00285195747991,0.00596318382162,0.0160746694322,0.00492610837438,0.0378532538242,0.00881514130153,0.00622245268343,0.0274824993518,0.0025926886181,0.00025926886181,0.000518537723619,0.00311122634172,0.000777806585429,0.00155561317086,0.0,0.000777806585429
0.00442017680707,0.0122204888196,0.00884035361414,0.0928237129485,0.107384295372,0.0345813832553,0.0452418096724,0.0161206448258,0.00624024960998,0.0312012480499,0.058762350494,0.0551222048882,0.00962038481539,0.0228809152366,0.00832033281331,0.01248049922,0.0150806032241,0.0182007280291,0.0143005720229,0.0860634425377,0.0330213208528,0.0410816432657,0.00520020800832,0.0171606864275,0.0751430057202,0.016900676027,0.0338013520541,0.0299011960478,0.0132605304212,0.0278211128445,0.00416016640666,0.00312012480499,0.00208008320333,0.01872074883,0.00364014560582,0.00572022880915,0.00104004160166,0.00832033281331
0.00253776435045,0.0107552870091,0.0031419939577,0.084833836858,0.0844712990937,0.0431419939577,0.0415709969789,0.0190936555891,0.00870090634441,0.0381873111782,0.0564350453172,0.046163141994,0.0163141993958,0.0219939577039,0.00845921450151,0.0171601208459,0.0210271903323,0.0319033232628,0.0222356495468,0.0851963746224,0.0210271903323,0.0725075528701,0.00580060422961,0.0125679758308,0.067915407855,0.0154682779456,0.0380664652568,0.0310574018127,0.00845921450151,0.0281570996979,0.00277945619335,0.0014501510574,0.00253776435045,0.0129305135952,0.00302114803625,0.00592145015106,0.00108761329305,0.00592145015106
0.00159165266602,0.00751613758953,0.00265275444336,0.0685294897869,0.0710938190821,0.0685294897869,0.0742771244142,0.016535502697,0.0129984967725,0.0164470775489,0.0436820231674,0.0319214784685,0.022106287028,0.0388186400212,0.00672031125652,0.0286497479883,0.031567777876,0.0427977716863,0.0206914846582,0.0389954903174,0.0285613228402,0.089132549297,0.0133521973649,0.0201609337696,0.038641789725,0.0131753470687,0.0486338314617,0.0206914846582,0.0114068441065,0.0292687240251,0.00450968255372,0.00106110177735,0.00504023344239,0.0145017242904,0.00406755681316,0.00601291007162,0.000795826333009,0.00486338314617
0.00268817204301,0.00640040962622,0.00460829493088,0.0469790066564,0.0320020481311,0.136328725038,0.154121863799,0.0250896057348,0.0193292370712,0.00665642601126,0.0177931387609,0.0285458269329,0.034178187404,0.0256016385049,0.00435227854583,0.0133128520225,0.0354582693292,0.0547875064004,0.0555555555556,0.0170250896057,0.00985663082437,0.0451868919611,0.00665642601126,0.0151049667179,0.0258576548899,0.00908858166923,0.0732206861239,0.0148489503328,0.0089605734767,0.03955453149,0.00358422939068,0.00448028673835,0.0047363031234,0.00755248335893,0.00268817204301,0.0047363031234,0.000640040962622,0.00243215565796
0.00182843211946,0.0063995124181,0.00396160292549,0.0519579460613,0.0505866219717,0.0548529635837,0.0653664482706,0.025902788359,0.0109705927167,0.0163035197318,0.0294072832546,0.0627761694347,0.0287978058815,0.0230077708365,0.00426634161207,0.0146274569557,0.0316928234039,0.0319975620905,0.0316928234039,0.0556148103002,0.0263598963888,0.102239829346,0.00731372847783,0.0191985372543,0.0454060642999,0.0147798262989,0.066128294987,0.0245314642694,0.0127990248362,0.0310833460308,0.00426634161207,0.000761846716441,0.00502818832851,0.015846411702,0.0038092335822,0.00761846716441,0.00152369343288,0.00929452994058
0.00178890876565,0.00357781753131,0.00357781753131,0.0339892665474,0.0393559928444,0.0590339892665,0.0810971973763,0.0286225402504,0.0125223613596,0.0131186642815,0.0375670840787,0.0363744782349,0.0190816935003,0.0316040548599,0.0107334525939,0.015503875969,0.0244484197973,0.0316040548599,0.0238521168754,0.0375670840787,0.0280262373286,0.0948121645796,0.0143112701252,0.0369707811568,0.0548598688134,0.0131186642815,0.0757304710793,0.0232558139535,0.0178890876565,0.0441264162194,0.00298151460942,0.00298151460942,0.00954084675015,0.0178890876565,0.00596302921884,0.00536672629696,0.00178890876565,0.00536672629696
0.00106809078772,0.00347129506008,0.00347129506008,0.037917222964,0.0381842456609,0.106542056075,0.131108144192,0.0504672897196,0.0197596795728,0.0117489986649,0.0283044058745,0.0467289719626,0.0373831775701,0.0210947930574,0.0018691588785,0.0141522029372,0.0280373831776,0.0224299065421,0.0291054739653,0.0344459279039,0.014953271028,0.075300400534,0.00934579439252,0.0208277703605,0.0360480640854,0.011214953271,0.0648865153538,0.0194926568758,0.0106809078772,0.026435246996,0.00320427236315,0.00240320427236,0.00480640854473,0.014953271028,0.00667556742323,0.00507343124166,0.0,0.0064085447263
0.00245834471456,0.00587271237367,0.00628243649276,0.0228079759629,0.0260857689156,0.0915050532641,0.103250478011,0.0267686424474,0.0305927342256,0.00887735591368,0.0285441136302,0.0427478830921,0.0304561595193,0.027724665392,0.00478011472275,0.0105162523901,0.0304561595193,0.0350996995356,0.0680142037695,0.0239005736138,0.0142037694619,0.085086042065,0.0110625512155,0.0217153783119,0.0318219065829,0.00983337885824,0.0915050532641,0.0173449877083,0.010106528271,0.0398798142584,0.00450696531002,0.00464354001639,0.0061458617864,0.0110625512155,0.00327779295275,0.00532641354821,0.0019120458891,0.0038240917782
0.000968887931963,0.00333728065454,0.00398320594251,0.0270212078803,0.0236839272258,0.0613629023576,0.078802885133,0.025837011519,0.0207772634299,0.0105501130369,0.0291742921735,0.0465066207342,0.0494132845301,0.0235762730111,0.00484443965981,0.0121649262569,0.0238992356551,0.0290666379589,0.0423081063624,0.034449348692,0.0282054042416,0.085154483798,0.0103348046076,0.025837011519,0.0469372375929,0.0121649262569,0.101087307568,0.0262676283777,0.0176552912047,0.0481214339541,0.00495209387448,0.00505974808914,0.00678221552374,0.0134567768328,0.00441382280116,0.00570567337711,0.00107654214663,0.00505974808914
0.00263788968825,0.00287769784173,0.00407673860911,0.0207434052758,0.0218225419664,0.0585131894484,0.0700239808153,0.0207434052758,0.0208633093525,0.00515587529976,0.0151079136691,0.0225419664269,0.0430455635492,0.0171462829736,0.00407673860911,0.0149880095923,0.037170263789,0.0564748201439,0.0498800959233,0.0284172661871,0.0166666666667,0.0624700239808,0.0106714628297,0.0207434052758,0.0480815347722,0.0111510791367,0.136330935252,0.0358513189448,0.0213429256595,0.0829736211031,0.00539568345324,0.00395683453237,0.00623501199041,0.0103117505995,0.00359712230216,0.00335731414868,0.00107913669065,0.00347721822542
0.00284978856407,0.00965250965251,0.00395293252436,0.0432984004413,0.0477109762824,0.040908255194,0.0438499724214,0.0145247288104,0.00652693509836,0.0300606729178,0.0785990071704,0.0534105534106,0.0138812281669,0.0353925353925,0.00505607648465,0.0129619415334,0.0316234601949,0.0534105534106,0.0238095238095,0.0781393638536,0.029325243611,0.0323588895017,0.00744622173194,0.0120426548998,0.0856775142489,0.0127780842067,0.0570876999448,0.0353925353925,0.0144328001471,0.0394373965803,0.00330943188086,0.002574002574,0.00422871851443,0.0157198014341,0.00459643316786,0.00523993381136,0.00147085861372,0.00726236440522
0.00545193687231,0.0123385939742,0.0077474892396,0.0416068866571,0.0416068866571,0.0421807747489,0.0401721664275,0.0157819225251,0.00659971305595,0.0295552367288,0.0593974175036,0.0588235294118,0.0255380200861,0.0332855093257,0.0100430416069,0.0169296987088,0.032137733142,0.0416068866571,0.0292682926829,0.0662840746055,0.0175035868006,0.0550932568149,0.00803443328551,0.0203730272597,0.0852223816356,0.0180774748924,0.0622668579627,0.0275466284075,0.0123385939742,0.0312769010043,0.00573888091822,0.000860832137733,0.00573888091822,0.0152080344333,0.00200860832138,0.0106169296987,0.000573888091822,0.0051649928264
0.00189601836144,0.00299371320228,0.00528889332402,0.024947610019,0.0262448857399,0.0462029737551,0.0425107274723,0.0188603931743,0.00668595948508,0.0137710807305,0.0498952200379,0.0726474403752,0.0288394371819,0.0481987825566,0.00808302564614,0.0163656321724,0.0374214150284,0.0603732162459,0.0404151282307,0.0419119848319,0.0172637461331,0.0323321025846,0.00648637860493,0.00928051092705,0.0767388484183,0.0138708711705,0.0898113960683,0.0332302165453,0.0188603931743,0.0548847420417,0.00768386388584,0.0024947610019,0.0028939227622,0.0199580880152,0.0053886837641,0.00459036024349,0.00209559924159,0.00858197784652
0.000561167227834,0.00505050505051,0.00112233445567,0.020202020202,0.0224466891134,0.0488215488215,0.047138047138,0.037037037037,0.0157126823793,0.0151515151515,0.0258136924804,0.0510662177329,0.0493827160494,0.0308641975309,0.00785634118967,0.0179573512907,0.0224466891134,0.0375982042649,0.0420875420875,0.0319865319865,0.0213243546577,0.0465768799102,0.0173961840629,0.0112233445567,0.0561167227834,0.0230078563412,0.115039281706,0.0364758698092,0.0359147025814,0.0606060606061,0.00561167227834,0.00392817059484,0.00561167227834,0.0162738496072,0.00729517396184,0.00392817059484,0.000561167227834,0.00280583613917
0.00118098612341,0.00590493061707,0.00649542367877,0.0174195453203,0.0203720106289,0.0436964865663,0.0410392677886,0.0383820490109,0.00767640980218,0.0103336285799,0.0345438441098,0.0555063478004,0.0354295837024,0.0330676114556,0.00974313551816,0.0230292294066,0.0360200767641,0.0649542367877,0.0351343371715,0.0395630351343,0.0209625036906,0.0286389134928,0.00472394449365,0.0138765869501,0.0682019486271,0.0088573959256,0.108355476823,0.0315913788013,0.0380868024801,0.0590493061707,0.00826690286389,0.00531443755536,0.00679067020963,0.0174195453203,0.00354295837024,0.00501919102451,0.00295246530853,0.0088573959256
0.00155460551885,0.0036436066848,0.00150602409639,0.0270598523125,0.0236105713175,0.0189953361834,0.0214729887291,0.00961912164788,0.0037893509522,0.0209871745045,0.0273027594248,0.0254080839487,0.00835600466382,0.0198698017878,0.00388651379712,0.00631558492033,0.0103478429848,0.0333268558103,0.0266226195103,0.0775845316751,0.0167120093276,0.038525068014,0.00699572483482,0.012776914108,0.148513408473,0.0293431791683,0.106393315196,0.0836572094831,0.0359502526234,0.0739409249903,0.00748153905946,0.00315779246016,0.00437232802176,0.037164788185,0.00748153905946,0.00927905169063,0.00126311698407,0.00573260785076
0.00111669458403,0.00558347292016,0.00335008375209,0.0234505862647,0.0201005025126,0.0309882747069,0.0315466219989,0.0145170295924,0.00614182021217,0.0175879396985,0.0393634840871,0.0429927414852,0.0189838079285,0.0332216638749,0.00558347292016,0.00949190396427,0.0192629815745,0.0538805136795,0.034617532105,0.0530429927415,0.0234505862647,0.0388051367951,0.00809603573423,0.0106085985483,0.110831937465,0.0201005025126,0.0979899497487,0.0508096035734,0.0382467895031,0.0770519262982,0.0072585147962,0.00530429927415,0.00251256281407,0.0279173646008,0.00670016750419,0.00530429927415,0.000558347292016,0.0036292573981
0.000913083177529,0.00347841210487,0.00269576938128,0.0170876994652,0.0142180094787,0.0361320057394,0.0389582155746,0.0141310491761,0.00991347449889,0.00826122874908,0.013000565242,0.0204791512674,0.0250445671551,0.017479020827,0.00304361059176,0.0133918866038,0.0277838166877,0.0552632723162,0.0518283403626,0.0308709074308,0.0122614026697,0.0554806730727,0.00760902647941,0.0137397278143,0.0896560720031,0.0173920605244,0.119483455802,0.0623070568286,0.0361754858907,0.12104874125,0.00930475238054,0.00534805861124,0.00578286012435,0.0230879603461,0.00569589982173,0.00665246315057,0.000826122874908,0.00417409452585
0.00123844121532,0.00231175693527,0.000990752972259,0.0171730515192,0.0139531043593,0.0150264200793,0.0188243064729,0.00710039630119,0.00321994715984,0.0102377807133,0.0198976221929,0.0180812417437,0.00751321003963,0.0141182298547,0.00338507265522,0.00445838837517,0.0106505944518,0.0209709379128,0.0222919418758,0.0444187582563,0.00941215323646,0.0255944517834,0.00346763540291,0.00792602377807,0.155383091149,0.0255118890357,0.0912318361955,0.105184940555,0.0562252311757,0.130284015852,0.0104854689564,0.00313738441215,0.00553170409511,0.0656373844122,0.0170079260238,0.0196499339498,0.00148612945839,0.0109808454425
0.00018221574344,0.0018221574344,0.00145772594752,0.0129373177843,0.0112973760933,0.019861516035,0.0215014577259,0.00801749271137,0.00382653061224,0.00874635568513,0.0125728862974,0.0267857142857,0.0120262390671,0.0196793002915,0.00309766763848,0.00510204081633,0.0158527696793,0.0256924198251,0.0278790087464,0.026056851312,0.00801749271137,0.0371720116618,0.00583090379009,0.00947521865889,0.115160349854,0.0176749271137,0.0949344023324,0.125364431487,0.0490160349854,0.154883381924,0.0173104956268,0.00564868804665,0.00510204081633,0.0524781341108,0.015306122449,0.0118440233236,0.00036443148688,0.0100218658892
0.000543183052689,0.00217273221076,0.00255296034764,0.0112438891907,0.00972297664313,0.0212927756654,0.023030961434,0.00809342748506,0.00592069527431,0.00640956002173,0.0124932102118,0.0164584464965,0.0126018468224,0.0139054861488,0.00369364475828,0.00744160782184,0.0180879956545,0.0288430200978,0.0338946224878,0.0207495926127,0.00765888104291,0.0342205323194,0.00505160239001,0.0114611624117,0.0871808799565,0.01515480717,0.130907115698,0.0863661053775,0.045247148289,0.199945681695,0.0209668658338,0.0105920695274,0.00912547528517,0.04546442151,0.0108093427485,0.00793047256926,0.00146659424226,0.0112982074959
0.00181818181818,0.00272727272727,0.00409090909091,0.0190909090909,0.00636363636364,0.0209090909091,0.0177272727273,0.00772727272727,0.00863636363636,0.00727272727273,0.0204545454545,0.03,0.0209090909091,0.03,0.00818181818182,0.00772727272727,0.02,0.0313636363636,0.0181818181818,0.0277272727273,0.015,0.0377272727273,0.005,0.0122727272727,0.0454545454545,0.0127272727273,0.0636363636364,0.0590909090909,0.0322727272727,0.155454545455,0.0604545454545,0.0227272727273,0.0345454545455,0.0522727272727,0.02,0.0231818181818,0.000909090909091,0.0363636363636
0.000694444444444,0.00208333333333,0.00138888888889,0.0104166666667,0.0104166666667,0.0340277777778,0.0388888888889,0.00694444444444,0.00416666666667,0.00347222222222,0.0215277777778,0.0298611111111,0.0194444444444,0.0361111111111,0.00347222222222,0.00763888888889,0.0277777777778,0.0590277777778,0.0298611111111,0.0256944444444,0.00486111111111,0.0208333333333,0.00486111111111,0.0145833333333,0.0326388888889,0.0131944444444,0.0784722222222,0.0430555555556,0.025,0.172916666667,0.0409722222222,0.0152777777778,0.0263888888889,0.0430555555556,0.0236111111111,0.0256944444444,0.00833333333333,0.0333333333333
0.00307062436029,0.00102354145343,0.00102354145343,0.010747185261,0.0133060388946,0.0348004094166,0.0327533265097,0.0117707267144,0.003582395087,0.00972364380757,0.0204708290686,0.0199590583419,0.0271238485159,0.0255885363357,0.003582395087,0.0117707267144,0.0348004094166,0.0547594677584,0.0291709314227,0.0332650972364,0.0117707267144,0.0235414534289,0.00204708290686,0.0122824974411,0.0506653019447,0.0127942681679,0.0578300921187,0.050153531218,0.0301944728762,0.131525076766,0.0440122824974,0.0174002047083,0.0168884339816,0.0655066530194,0.0291709314227,0.0342886386899,0.00614124872057,0.021494370522
0.000653274538625,0.00244977951984,0.000489955903969,0.0140454025804,0.015678588927,0.0119222603299,0.016168544831,0.010452392618,0.00326637269312,0.0132288094072,0.0176384125429,0.0243344765638,0.0106157112527,0.0225379715826,0.00195982361587,0.00816593173281,0.0122488975992,0.0290707169688,0.0181283684468,0.0357667809897,0.00881920627144,0.0310305405847,0.00408296586641,0.00849256900212,0.117752735587,0.0225379715826,0.066960640209,0.110240078393,0.0442593499918,0.12134574555,0.0323370896619,0.00767597582884,0.0106157112527,0.0584680712069,0.0248244324677,0.0328270455659,0.00195982361587,0.0269475747183
0.00159914712154,0.00319829424307,0.00213219616205,0.0143923240938,0.0127931769723,0.0143923240938,0.0127931769723,0.0090618336887,0.00373134328358,0.00586353944563,0.0277185501066,0.0143923240938,0.0090618336887,0.0250533049041,0.00479744136461,0.00959488272921,0.0127931769723,0.0202558635394,0.0106609808102,0.0426439232409,0.0117270788913,0.0314498933902,0.00373134328358,0.0090618336887,0.0842217484009,0.0191897654584,0.0426439232409,0.105543710021,0.0415778251599,0.118869936034,0.0399786780384,0.0181236673774,0.0197228144989,0.102345415778,0.0191897654584,0.0415778251599,0.00106609808102,0.0330490405117
0.00175131348511,0.00262697022767,0.00131348511384,0.010945709282,0.0192644483363,0.0288966725044,0.0210157618214,0.0144483362522,0.00131348511384,0.0100700525394,0.0306479859895,0.0218914185639,0.0232049036778,0.0214535901926,0.00262697022767,0.00919439579685,0.0288966725044,0.0359019264448,0.0210157618214,0.0494746059545,0.0118213660245,0.0210157618214,0.0061295971979,0.00394045534151,0.080122591944,0.015761821366,0.0415936952715,0.0831873905429,0.0376532399299,0.0665499124343,0.0328371278459,0.0205779334501,0.026707530648,0.0862521891419,0.0380910683012,0.0363397548161,0.00437828371278,0.0310858143608
0.0,0.0,0.0,0.0101137800253,0.0265486725664,0.0139064475348,0.0113780025284,0.00505689001264,0.00379266750948,0.0101137800253,0.0872313527181,0.0379266750948,0.0151706700379,0.0530973451327,0.0278128950695,0.0151706700379,0.0265486725664,0.0353982300885,0.0202275600506,0.0455120101138,0.0240202275601,0.0467762326169,0.00126422250316,0.0227560050569,0.0758533501896,0.0113780025284,0.0442477876106,0.0695322376738,0.0303413400759,0.0884955752212,0.0202275600506,0.00379266750948,0.0164348925411,0.0530973451327,0.0101137800253,0.00505689001264,0.0113780025284,0.0202275600506
0.000467071461934,0.0014012143858,0.00233535730967,0.0107426436245,0.0144792153199,0.0144792153199,0.0154133582438,0.00840728631481,0.0014012143858,0.0126109294722,0.0509107893508,0.035030359645,0.0130780009341,0.0453059318076,0.00700607192901,0.0126109294722,0.028024287716,0.035030359645,0.0144792153199,0.0551144325082,0.0266230733302,0.0364315740308,0.00607192900514,0.0294255021018,0.0579168612798,0.0154133582438,0.0387669313405,0.0569827183559,0.0275572162541,0.0765997197571,0.0364315740308,0.0177487155535,0.0172816440915,0.0826716487623,0.0214852872489,0.0336291452592,0.00840728631481,0.0322279308734
