0.290657439446,0.235294117647,0.0692041522491,0.159169550173,0.0311418685121,0.0519031141869,0.0242214532872,0.00692041522491,0.00346020761246,0.00692041522491,0.0138408304498,0.00692041522491,0.00346020761246,0.00692041522491,0.00346020761246,0.0,0.0103806228374,0.0103806228374,0.0,0.00692041522491,0.00346020761246,0.0,0.0,0.0,0.0276816608997,0.0,0.00692041522491,0.00346020761246,0.00692041522491,0.00346020761246,0.0,0.0,0.0,0.00692041522491,0.0,0.0,0.0,0.0
0.0345999382144,0.24281742354,0.10874266296,0.303367315416,0.0552981155391,0.0994748223664,0.0213160333642,0.00463392029657,0.000926784059314,0.00741427247451,0.0129749768304,0.0139017608897,0.0064874884152,0.00370713623726,0.00123571207909,0.00185356811863,0.00772320049428,0.00556070435589,0.00278035217794,0.0154464009886,0.00586963237566,0.00772320049428,0.0,0.00247142415817,0.00741427247451,0.00154464009886,0.00556070435589,0.00308928019771,0.00463392029657,0.0086499845536,0.0,0.0,0.0,0.000617856039543,0.00123571207909,0.000926784059314,0.0,0.0
0.0165598290598,0.19391025641,0.291132478632,0.0860042735043,0.0138888888889,0.275106837607,0.036858974359,0.00213675213675,0.00160256410256,0.00480769230769,0.00480769230769,0.00854700854701,0.00587606837607,0.00267094017094,0.0,0.00160256410256,0.00373931623932,0.00534188034188,0.00373931623932,0.00641025641026,0.00160256410256,0.0042735042735,0.0,0.00320512820513,0.00641025641026,0.00106837606838,0.00694444444444,0.0,0.00160256410256,0.00801282051282,0.00106837606838,0.0,0.000534188034188,0.000534188034188,0.0,0.0,0.0,0.0
0.00990581966906,0.0800720423249,0.0288544519905,0.358598176429,0.116280814979,0.144797568572,0.0567708528761,0.0132828036471,0.00547821845334,0.00817980563581,0.0249146373494,0.0254399459683,0.00840493790102,0.00986829762485,0.00303928558028,0.00454016734832,0.00727927657499,0.00690405613298,0.00626618138156,0.0133203256913,0.00525308618814,0.00926794491764,0.00172601403324,0.00206371243105,0.0130576713819,0.00288919740347,0.0121571423211,0.00427751303891,0.00322689580128,0.00832989381261,0.000637874751416,0.000187610221005,0.000300176353608,0.00232636674046,0.000637874751416,0.000863007016622,0.0,0.000600352707215
0.00697517437936,0.0236255906398,0.00787519687992,0.241806045151,0.105902647566,0.0871521788045,0.0789769744244,0.0274506862672,0.00907522688067,0.0261006525163,0.0532513312833,0.0533263331583,0.0161254031351,0.0189004725118,0.00615015375384,0.0108752718818,0.01605040126,0.0194254856371,0.00945023625591,0.0338258456461,0.0135753393835,0.02407560189,0.00382509562739,0.00502512562814,0.0309757743944,0.00412510312758,0.0215255381385,0.0116252906323,0.004800120003,0.0137253431336,0.0011250281257,0.000825020625516,0.00105002625066,0.00637515937898,0.0012750318758,0.00225005625141,0.000150003750094,0.00135003375084
0.00299767921609,0.016374419804,0.0409038164002,0.121712222795,0.0325876740588,0.3534038164,0.199168385766,0.0214672511604,0.0164066529139,0.00293321299639,0.00918643630737,0.0158264569366,0.0240781330583,0.00580195977308,0.00196621970088,0.00547962867457,0.0151495616297,0.00931536874678,0.0134412068076,0.00689788550799,0.00406137184116,0.0126353790614,0.00267534811759,0.00428700361011,0.00970216606498,0.00225631768953,0.0199522949974,0.00564079422383,0.00328777720474,0.0127643115008,0.000773594636411,0.000580195977308,0.000870293965962,0.00277204744714,0.000999226405364,0.00119262506447,3.22331098504e-05,0.000419030428056
0.00323823577636,0.00979668798164,0.0138137399574,0.0781275618954,0.041564190851,0.28529267093,0.183349729464,0.0330382029841,0.0242662731595,0.00438596491228,0.010575504181,0.0258648958846,0.0420150844401,0.00983767830792,0.0045909165437,0.00909985243483,0.0357025741925,0.0197573372684,0.02172487293,0.00655845220528,0.00696835546811,0.0245941957698,0.00315625512379,0.0060255779636,0.0131578947368,0.00352516806034,0.0329152320052,0.00782915232005,0.00536973274307,0.0197573372684,0.00155763239875,0.000901787178226,0.00209050664043,0.00397606164945,0.00159862272504,0.00188555500902,0.000737825873094,0.00135268076734
0.000839748075577,0.00531840447866,0.00447865640308,0.0656403079076,0.0541637508747,0.146256123163,0.135619314206,0.0124562631211,0.0167949615115,0.00923722883135,0.0247725682295,0.0337298810357,0.0302309307208,0.0320503848845,0.00979706088174,0.0270118964311,0.0470258922323,0.0433869839048,0.0352694191742,0.0156752974108,0.00993701889433,0.0414275717285,0.0104968509447,0.016655003499,0.0306508047586,0.00769769069279,0.0604618614416,0.0130160951714,0.0111966410077,0.0286913925822,0.00265920223933,0.00153953813856,0.00349895031491,0.00615815255423,0.00111966410077,0.00237928621414,0.000279916025192,0.00237928621414
0.00331632653061,0.00459183673469,0.0130102040816,0.0507653061224,0.0331632653061,0.252806122449,0.234948979592,0.0127551020408,0.019387755102,0.00459183673469,0.0122448979592,0.025,0.0372448979592,0.00790816326531,0.00459183673469,0.0112244897959,0.0408163265306,0.0329081632653,0.0423469387755,0.00918367346939,0.00663265306122,0.0204081632653,0.00255102040816,0.00663265306122,0.0140306122449,0.00459183673469,0.0380102040816,0.00765306122449,0.00331632653061,0.0267857142857,0.00178571428571,0.000765306122449,0.00204081632653,0.00790816326531,0.00178571428571,0.000765306122449,0.000255102040816,0.00127551020408
0.0061629153269,0.0128617363344,0.0117899249732,0.125669882101,0.114147909968,0.0407288317256,0.0359056806002,0.0152733118971,0.005359056806,0.0364415862808,0.0680600214362,0.0527867095391,0.0120578778135,0.0275991425509,0.0075026795284,0.0101822079314,0.0112540192926,0.0192926045016,0.0144694533762,0.0659163987138,0.0302786709539,0.0415326902465,0.0029474812433,0.008038585209,0.0785101822079,0.0158092175777,0.0262593783494,0.0259914255091,0.010718113612,0.0310825294748,0.0029474812433,0.0032154340836,0.002679528403,0.0139335476956,0.0050911039657,0.002679528403,0.0010718113612,0.0037513397642
0.00565715037495,0.0106564925668,0.00578871201158,0.0813050914353,0.0847256939876,0.0449940797264,0.0428890935403,0.0167083278516,0.00947243783713,0.0372319431654,0.0556505722931,0.0492040520984,0.0215761084068,0.0226286014998,0.00907775292725,0.0173661360347,0.02183923168,0.0292066833311,0.0184186291277,0.0789369819761,0.0202604920405,0.0720957768715,0.00644652019471,0.0152611498487,0.0714379686883,0.0189448756743,0.0385475595316,0.0252598342323,0.0073674516511,0.0290751216945,0.00368372582555,0.000657808183134,0.00381528746218,0.00920931456387,0.00276279436916,0.0053940271017,0.00157873963952,0.00486778055519
0.00177024131184,0.00521755334017,0.00260877667008,0.0710891642598,0.074256964502,0.0653125873474,0.0725798937855,0.0202180191931,0.0151868070437,0.0192863132395,0.041926767912,0.037268238144,0.0275784962266,0.0380136029069,0.00596291810305,0.0282306903941,0.0303736140874,0.0451877387497,0.0202180191931,0.0354979968322,0.0265536196776,0.0896301127364,0.0135097363272,0.0211497251467,0.0409950619584,0.0128575421597,0.04397652101,0.0216155781235,0.0121121773968,0.0259945961055,0.00391316500512,0.00223609428864,0.002329264884,0.0109009596571,0.00381999440976,0.00633560048449,0.000652194167521,0.00363365321904
0.00111172873819,0.0041689827682,0.00403001667593,0.0428015564202,0.0372429127293,0.135908838243,0.163424124514,0.0168148971651,0.0257087270706,0.00764313507504,0.0207059477487,0.0298777098388,0.0304335742079,0.0209838799333,0.00291828793774,0.0159811006115,0.0382156753752,0.053362979433,0.0569760978321,0.0127848804892,0.0118121178432,0.0433574207893,0.00806003335186,0.0163979988883,0.0230683713174,0.00847693162868,0.0776820455809,0.0129238465814,0.00931072818232,0.0332128960534,0.00333518621456,0.00305725403002,0.00514174541412,0.00875486381323,0.00361311839911,0.00583657587549,0.00125069483046,0.00361311839911
0.00151209677419,0.00604838709677,0.0042002688172,0.0465389784946,0.044186827957,0.0527553763441,0.0552755376344,0.0278897849462,0.0126008064516,0.0199932795699,0.0292338709677,0.0635080645161,0.0332661290323,0.0277217741935,0.00722446236559,0.0147849462366,0.0357862903226,0.0421706989247,0.0275537634409,0.0485551075269,0.0201612903226,0.100470430108,0.00772849462366,0.021001344086,0.0520833333333,0.0132728494624,0.0593077956989,0.0246975806452,0.0168010752688,0.0369623655914,0.00621639784946,0.00302419354839,0.00369623655914,0.0146169354839,0.00436827956989,0.00739247311828,0.00134408602151,0.00604838709677
0.0,0.00262984878369,0.000657462195924,0.042735042735,0.0532544378698,0.0650887573964,0.0657462195924,0.017094017094,0.0177514792899,0.0164365548981,0.0355029585799,0.0355029585799,0.0157790927022,0.0276134122288,0.0111768573307,0.0151216305062,0.0289283366206,0.0368178829717,0.0493096646943,0.0295857988166,0.0328731097962,0.0802103879027,0.0157790927022,0.0440499671269,0.0394477317554,0.0190664036818,0.0736357659435,0.0309007232084,0.0203813280736,0.0289283366206,0.00460223537147,0.00262984878369,0.00262984878369,0.0164365548981,0.00197238658777,0.00854700854701,0.000657462195924,0.0105193951348
0.00222655162817,0.00640133593098,0.00528806011689,0.0439743946563,0.0317283607014,0.106596159198,0.113275814083,0.0592819370999,0.0211522404676,0.0100194823267,0.0239354300028,0.0456443083774,0.0381296966323,0.0175340940718,0.00194823267465,0.0205956025605,0.027275257445,0.0231004731422,0.0372947397718,0.0225438352352,0.0175340940718,0.0645699972168,0.0114110770944,0.0219871973281,0.0395212913999,0.0153075424436,0.0759810743112,0.0192040077929,0.0111327581408,0.027275257445,0.00417478430281,0.00389646534929,0.00361814639577,0.0125243529084,0.00166991372112,0.00473142220985,0.00166991372112,0.00584469802394
0.0015734515806,0.00457731368903,0.00414819053068,0.0320411958232,0.025604348448,0.0888284937777,0.118724073809,0.0293234158203,0.0308968674009,0.00700901158633,0.0247461021313,0.0360463453011,0.0381919610928,0.0238878558146,0.00328994421399,0.0130167358032,0.0326133600343,0.0327564010871,0.0682305821771,0.0241739379202,0.014447146331,0.0759547990273,0.00944070948362,0.0236017737091,0.0296094979259,0.0110141610642,0.0881132885138,0.0185953368617,0.00843942211415,0.0473465884709,0.00429123158346,0.00228865684451,0.00586468316407,0.00986983264197,0.00200257473895,0.00414819053068,0.00128736947504,0.0040051494779
0.0017224674346,0.0025837011519,0.00279900958123,0.0221767682205,0.0245451609431,0.0567337711271,0.0742814081171,0.0263752825923,0.0232533103671,0.0106577672516,0.0310044138228,0.0482290881688,0.0482290881688,0.0213155345032,0.00419851437184,0.0133491226182,0.0275594789536,0.0287436753149,0.0481214339541,0.0362794703413,0.0164710948434,0.0777263429863,0.00753579502638,0.0231456561524,0.0476908170955,0.0176552912047,0.119926795134,0.026159974163,0.0145333189794,0.0547959952632,0.00505974808914,0.00333728065454,0.00850468295834,0.0148562816234,0.00269135536656,0.00366024329853,0.000538271073313,0.00355258908386
0.00153022188217,0.00242285131344,0.00459066564652,0.0246110686049,0.0158122927825,0.060571282836,0.0707727620505,0.023208365213,0.0238459576639,0.00599336903851,0.0165774037235,0.0178525886254,0.0474368783474,0.0140270339199,0.00318796225453,0.0131344044887,0.044376434583,0.0595511349146,0.0578933945422,0.0313695485845,0.013389441469,0.0559806171895,0.0073960724305,0.0146646263708,0.054195358327,0.0132619229788,0.134659525631,0.0332823259373,0.0224432542719,0.0762560571283,0.00484570262688,0.00382555470543,0.0047181841367,0.0122417750574,0.00293292527416,0.00459066564652,0.000382555470543,0.00216781433308
0.0031921885269,0.0097643413764,0.00309830062905,0.0445967514787,0.0535161017745,0.0385879260163,0.0352079616937,0.0127687541076,0.0069477044409,0.0283541451507,0.0790536099897,0.0610271336025,0.0160548305323,0.0359590648765,0.0058210496667,0.0147403999624,0.0257252840109,0.054454980753,0.0232841986668,0.0693831565111,0.0247864050324,0.0290113604356,0.00929490188715,0.0144587362689,0.0837480048822,0.0158670547366,0.0564266266078,0.0369918317529,0.0138954088818,0.0407473476669,0.0071354802366,0.0031921885269,0.0050699464839,0.0166181579194,0.0033799643226,0.007511031828,0.00159609426345,0.00873157450005
0.00494186046512,0.00901162790698,0.00872093023256,0.0514534883721,0.0438953488372,0.043023255814,0.043023255814,0.0151162790698,0.00436046511628,0.0290697674419,0.0630813953488,0.059011627907,0.0218023255814,0.0279069767442,0.0101744186047,0.0168604651163,0.0328488372093,0.0441860465116,0.0279069767442,0.0723837209302,0.0136627906977,0.0485465116279,0.00872093023256,0.0130813953488,0.0767441860465,0.0154069767442,0.0633720930233,0.0328488372093,0.0110465116279,0.0447674418605,0.00668604651163,0.00145348837209,0.0046511627907,0.00988372093023,0.00436046511628,0.00581395348837,0.000581395348837,0.00959302325581
0.000939163101325,0.00521757278514,0.0037566524053,0.0212876969634,0.0256704581029,0.0425753939267,0.0421579881039,0.0192006678493,0.0075133048106,0.015444015444,0.0475842638005,0.068454554941,0.0253574037358,0.0471668579777,0.0117917144944,0.0158614212668,0.041427527914,0.0565584889909,0.0435145570281,0.0402796619013,0.0168005843682,0.0303662736095,0.00605238443076,0.00845246791193,0.0832724616508,0.0151309610769,0.0885943858917,0.0338098716477,0.0228529687989,0.0613586559533,0.00626108734217,0.00156527183554,0.00438276113952,0.0195137222164,0.00521757278514,0.00594803297506,0.000626108734217,0.00803506208912
0.000622277535781,0.00248911014312,0.00124455507156,0.0224019912881,0.0242688238955,0.0429371499689,0.0491599253267,0.0280024891101,0.0099564405725,0.0112009956441,0.0211574362166,0.059738643435,0.0348475420037,0.0304915992533,0.0099564405725,0.0217797137523,0.0385812072184,0.0360920970753,0.0460485376478,0.0329807093964,0.0292470441817,0.0541381456129,0.0105787181083,0.0136901057872,0.0603609209708,0.0186683260734,0.146235220909,0.0292470441817,0.0286247666459,0.0466708151836,0.00497822028625,0.00186683260734,0.00186683260734,0.0186683260734,0.00435594275047,0.00124455507156,0.000622277535781,0.00497822028625
0.000891530460624,0.00594353640416,0.00534918276374,0.0255572065379,0.0208023774146,0.0454680534918,0.0407132243685,0.0362555720654,0.0118870728083,0.00891530460624,0.0338781575037,0.0487369985141,0.0335809806835,0.0326894502229,0.00891530460624,0.0255572065379,0.0335809806835,0.0609212481426,0.0404160475483,0.0383358098068,0.0190193164933,0.0344725111441,0.00505200594354,0.0175334323923,0.0632986627043,0.00950965824666,0.112630014859,0.0338781575037,0.0261515601783,0.0594353640416,0.0074294205052,0.00594353640416,0.00772659732541,0.0225854383358,0.0035661218425,0.00505200594354,0.00416047548291,0.00416047548291
0.00138974675726,0.00401482396541,0.00169857936998,0.0270743257155,0.0256845789582,0.0208462013589,0.0214123944822,0.00854436895203,0.00386040765905,0.0219785876055,0.0312435659872,0.0246036648137,0.0106032530369,0.0205373687461,0.00406629606753,0.00633106856084,0.0111179740581,0.027743463043,0.0280008235536,0.0757669343216,0.0158534074532,0.039684990735,0.00751492690961,0.0113238624665,0.144945439572,0.0295449866173,0.105466337245,0.084877496397,0.0378319950587,0.0781861231213,0.00612518015236,0.00334568663784,0.00391187976117,0.0328906732551,0.00782375952234,0.00844142474779,0.00082355363393,0.00488984970146
0.00198976691302,0.00227401932916,0.00397953382604,0.0216031836271,0.0298465036953,0.0321205230244,0.0267197271177,0.011654349062,0.00540079590677,0.0113700966458,0.0326890278567,0.0349630471859,0.017623649801,0.031267765776,0.00682205798749,0.0133598635588,0.0167708925526,0.0432063672541,0.0361000568505,0.0503126776578,0.0287094940307,0.0432063672541,0.00966458214895,0.0159181353042,0.113700966458,0.0162023877203,0.112279704377,0.0682205798749,0.0321205230244,0.072200113701,0.0031267765776,0.00170551449687,0.00284252416146,0.0289937464468,0.00369528140989,0.00994883456509,0.00198976691302,0.00540079590677
0.00121523089387,0.00207039337474,0.00319560716536,0.0159780358268,0.0153929246557,0.0359618327482,0.0378071833648,0.0112521379062,0.00940678728959,0.00769646232784,0.0133225312809,0.0165181384463,0.0244846520839,0.0138176253488,0.00315059861374,0.0119722747322,0.026149968494,0.0581510486993,0.0577909802863,0.02687010532,0.0136825996939,0.0524799711945,0.00720136825997,0.0128724457647,0.0900171032496,0.0200738140247,0.130614816815,0.0607615446935,0.0392024484652,0.128589431992,0.00720136825997,0.00387073543973,0.00567107750473,0.0209739850572,0.00436582950761,0.00535601764335,0.000765145377622,0.00409577819786
0.00106430155211,0.00221729490022,0.00230598669623,0.0162305986696,0.0165853658537,0.0145454545455,0.0188026607539,0.00656319290466,0.00283813747228,0.0117960088692,0.0164966740576,0.0172062084257,0.00842572062084,0.0133924611973,0.00310421286031,0.00478935698448,0.00824833702882,0.0231485587583,0.0209312638581,0.0453215077605,0.00940133037694,0.0273170731707,0.00390243902439,0.00833702882483,0.158403547672,0.0286474501109,0.0909090909091,0.111396895787,0.0582705099778,0.134545454545,0.0109090909091,0.00283813747228,0.00434589800443,0.05977827051,0.0139246119734,0.0135698447894,0.00133037694013,0.00815964523282
0.000189861401177,0.00170875261059,0.000379722802354,0.00683501044238,0.00949307005886,0.0161382191001,0.0252515663566,0.00987279286121,0.00265805961648,0.00721473324473,0.0184165559142,0.0210746155307,0.0104423770647,0.0205050313271,0.00550598063414,0.00607556483767,0.0106322384659,0.0227833681413,0.0199354471236,0.0233529523448,0.0091133472565,0.036453389026,0.00436681222707,0.0104423770647,0.120372128346,0.023542813746,0.091133472565,0.134421872033,0.0539206379343,0.159293715588,0.0178469717107,0.00512625783178,0.00493639643061,0.0518321625214,0.0110119612683,0.0134801594836,0.000759445604709,0.0134801594836
0.00060921577315,0.0023814798405,0.00210456357997,0.0119627824546,0.00941515285778,0.0208794860434,0.022264067346,0.00841825431989,0.00526140894993,0.00542755870625,0.0140673460346,0.0168365086398,0.0143442622951,0.0157842268498,0.00276916260523,0.008473637572,0.0178887904298,0.0260301284891,0.0354452813469,0.0232609658839,0.0073105892778,0.0337837837838,0.0048183429331,0.010578201152,0.0800841825432,0.0141781125388,0.140728843598,0.0878378378378,0.0444173681879,0.20973637572,0.0191072219761,0.0103012848914,0.00908285334515,0.0362206468764,0.00941515285778,0.00814133805937,0.00110766504209,0.00952591936198
0.00387784779447,0.00193892389724,0.00484730974309,0.0135724672807,0.0150266602036,0.0281143965099,0.0227823557925,0.00630150266602,0.00775569558895,0.00484730974309,0.0213281628696,0.0252060106641,0.0213281628696,0.0300533204072,0.00678623364033,0.00436257876878,0.0179350460494,0.0358700920989,0.0169655841008,0.0285991274842,0.0111488124091,0.032961706253,0.00630150266602,0.020358700921,0.0504120213282,0.0121182743577,0.0489578284052,0.0412021328163,0.026660203587,0.162384876394,0.0494425593795,0.0310227823558,0.0373242850218,0.0620455647116,0.0159961221522,0.0353853611246,0.000969461948619,0.0378090159961
0.0,0.00178412132025,0.00178412132025,0.00802854594112,0.00624442462087,0.0383586083854,0.0463871543265,0.0133809099019,0.00267618198037,0.007136485281,0.0240856378234,0.0240856378234,0.0124888492417,0.028545941124,0.0107047279215,0.007136485281,0.0267618198037,0.0624442462087,0.0338983050847,0.0196253345227,0.00802854594112,0.0267618198037,0.00446030330062,0.0124888492417,0.0374665477252,0.00446030330062,0.0669045495094,0.0321141837645,0.0196253345227,0.195361284567,0.0490633363069,0.0169491525424,0.0276538804639,0.0454950936664,0.0196253345227,0.0223015165031,0.007136485281,0.028545941124
0.00112044817927,0.000560224089636,0.00112044817927,0.00952380952381,0.0100840336134,0.0280112044818,0.0319327731092,0.00616246498599,0.00560224089636,0.00616246498599,0.0196078431373,0.0285714285714,0.0285714285714,0.0268907563025,0.00392156862745,0.00728291316527,0.0263305322129,0.0621848739496,0.0291316526611,0.0448179271709,0.00896358543417,0.03081232493,0.00448179271709,0.0156862745098,0.0352941176471,0.0117647058824,0.0633053221289,0.0392156862745,0.024649859944,0.131092436975,0.0347338935574,0.0201680672269,0.036974789916,0.0565826330532,0.0291316526611,0.0397759103641,0.00952380952381,0.0302521008403
0.00123718628491,0.00229763167197,0.000176740897844,0.0132555673383,0.0116648992577,0.0148462354189,0.014669494521,0.00600919052669,0.00459526334394,0.0100742311771,0.0166136443973,0.0212089077413,0.00813008130081,0.0219158713326,0.00229763167197,0.005655708731,0.00954400848356,0.0229763167197,0.0129020855426,0.0374690703429,0.0118416401555,0.0337575114882,0.00530222693531,0.00706963591375,0.11965358784,0.0182043124779,0.0664545775893,0.125662778367,0.0507246376812,0.115058324496,0.0227995758218,0.0106044538706,0.0120183810534,0.0742311770944,0.0222693531283,0.0413573700954,0.00212089077413,0.0233297985154
0.00105207785376,0.00210415570752,0.00210415570752,0.00946870068385,0.013150973172,0.0105207785376,0.0173592845871,0.00473435034193,0.00420831141504,0.00894266175697,0.0247238295634,0.0241977906365,0.0110468174645,0.0226196738559,0.00157811678064,0.00578642819569,0.0168332456602,0.0168332456602,0.0184113624408,0.0515518148343,0.0026301946344,0.0368227248816,0.00210415570752,0.0120988953183,0.070489216202,0.0163072067333,0.0426091530773,0.0983692793267,0.048395581273,0.123619147817,0.0294581799053,0.0173592845871,0.026301946344,0.115728563914,0.0147290899527,0.0462914255655,0.0,0.0294581799053
0.0,0.00103199174407,0.00206398348813,0.0139318885449,0.0211558307534,0.015995872033,0.0299277605779,0.0077399380805,0.0030959752322,0.00722394220846,0.0356037151703,0.0257997936017,0.0190918472652,0.0134158926729,0.0046439628483,0.0103199174407,0.0144478844169,0.0366357069143,0.0170278637771,0.0567595459236,0.0113519091847,0.0144478844169,0.0077399380805,0.00670794633643,0.0918472652219,0.015479876161,0.0510835913313,0.0799793601651,0.0299277605779,0.0722394220846,0.0247678018576,0.0211558307534,0.031991744066,0.100619195046,0.0299277605779,0.0392156862745,0.00103199174407,0.0345717234262
0.0,0.0,0.0,0.0107095046854,0.0200803212851,0.00803212851406,0.0160642570281,0.00937081659973,0.00133868808568,0.00803212851406,0.113788487282,0.0696117804552,0.0187416331995,0.0401606425703,0.0120481927711,0.0107095046854,0.0334672021419,0.0227576974565,0.0214190093708,0.0776439089692,0.0254350736278,0.0374832663989,0.00937081659973,0.00669344042838,0.0736278447122,0.0200803212851,0.0374832663989,0.0615796519411,0.0240963855422,0.0669344042838,0.0187416331995,0.00401606425703,0.00937081659973,0.0789825970549,0.00401606425703,0.0053547523427,0.0120481927711,0.0107095046854
0.00154400411734,0.00257334019557,0.00102933607823,0.0149253731343,0.0128667009779,0.0118373648996,0.0174987133299,0.00926402470407,0.00308800823469,0.0159547092126,0.0607308286155,0.0406587750901,0.0200720535255,0.0365414307771,0.0102933607823,0.0164693772517,0.0257334019557,0.0344827586207,0.0118373648996,0.0463201235203,0.0164693772517,0.0519814719506,0.00720535254761,0.0144107050952,0.0452907874421,0.0138960370561,0.0355120946989,0.0555841482244,0.0262480699949,0.106021616058,0.0293360782295,0.0169840452908,0.0174987133299,0.062789500772,0.0257334019557,0.0375707668554,0.0108080288214,0.0329387545033
