0.251046025105,0.242677824268,0.092050209205,0.138075313808,0.0334728033473,0.0292887029289,0.0209205020921,0.00418410041841,0.0,0.00418410041841,0.0334728033473,0.0292887029289,0.00418410041841,0.00418410041841,0.0,0.0125523012552,0.0,0.0125523012552,0.00836820083682,0.0334728033473,0.0,0.00418410041841,0.0,0.0,0.00836820083682,0.00836820083682,0.0,0.00836820083682,0.0,0.00836820083682,0.00418410041841,0.0,0.0,0.00418410041841,0.0,0.0,0.0,0.0
0.0292112950341,0.240506329114,0.112301200909,0.304122038299,0.0571243102889,0.0827653359299,0.0350535540409,0.00389483933788,0.000649139889646,0.00681596884129,0.014605647517,0.0172022070756,0.00519311911717,0.00389483933788,0.000973709834469,0.00227198961376,0.00876338851022,0.00616682895164,0.000973709834469,0.0175267770204,0.00551768906199,0.00616682895164,0.000973709834469,0.000649139889646,0.00908795845505,0.000973709834469,0.00519311911717,0.00324569944823,0.00389483933788,0.00876338851022,0.0,0.0,0.000973709834469,0.00129827977929,0.00129827977929,0.00162284972412,0.0,0.000324569944823
0.0159659393294,0.162320383183,0.317722192656,0.083022884513,0.01809473124,0.27833954231,0.0282064928153,0.00266098988824,0.00319318786589,0.00266098988824,0.00798296966472,0.00638637573177,0.00372538584353,0.00266098988824,0.00212879191059,0.00159659393294,0.00425758382118,0.00266098988824,0.00638637573177,0.00532197977648,0.00266098988824,0.00478978179883,0.000532197977648,0.00266098988824,0.00851516764236,0.0010643959553,0.0101117615753,0.0010643959553,0.00266098988824,0.00798296966472,0.000532197977648,0.0,0.0,0.0010643959553,0.0,0.0,0.0,0.0010643959553
0.0111556496748,0.0805475722281,0.0283996369687,0.351308425352,0.111972470126,0.145363787627,0.0619800332779,0.0124035698079,0.0052185751021,0.00930267735592,0.0284752684919,0.026433217365,0.0080169414612,0.0104749659658,0.00215549841174,0.00544546967176,0.0076009680835,0.00578581152624,0.00669338980487,0.0107396762971,0.00665557404326,0.00926486159431,0.00166389351082,0.00215549841174,0.0136136741794,0.0027983663591,0.0110800181516,0.00525639086371,0.00230676145818,0.00809257298442,0.000718499470579,0.000605052185751,0.000189078808047,0.00317652397519,0.000756315232189,0.00151263046438,0.000226894569657,0.000453789139313
0.00600212733627,0.0261358456162,0.00858532137973,0.249202248898,0.101276401763,0.0904877678164,0.0756723902143,0.0243124145267,0.00828141619815,0.022261054551,0.0488527579395,0.0496125208935,0.0162589272147,0.0202096945753,0.00638200881325,0.0111685154232,0.0170946664641,0.0170946664641,0.0110925391278,0.0356328825406,0.0142835435344,0.0252241300714,0.0037228384744,0.00562224585929,0.0297067314998,0.00752165324419,0.02112141012,0.0119282783771,0.00638200881325,0.0150433064884,0.00151952590792,0.000455857772375,0.000455857772375,0.00531834067771,0.0018234310895,0.00273514663425,0.000151952590792,0.00136757331713
0.00397706558844,0.0162396844861,0.0435157259802,0.127862658668,0.0352633148842,0.337884863951,0.199383554834,0.0226692738541,0.014549431611,0.00258509263249,0.00874954429457,0.0162396844861,0.0230006959865,0.00603188280913,0.00248566599277,0.00646273158121,0.0174990885891,0.0104066549564,0.0114009213535,0.00659530043416,0.00440791436052,0.0143837205449,0.00202167500746,0.00450734100023,0.0103072283167,0.00245252377954,0.0176979418686,0.00579988731647,0.00417591886786,0.0136545918536,0.00102740861035,0.000629702051503,0.00099426639711,0.00278394591191,0.00099426639711,0.000563417625029,0.000132568852948,0.00066284426474
0.00303643724696,0.00948886639676,0.0158569500675,0.0851045883941,0.038883265857,0.28951585695,0.177842442645,0.0326417004049,0.0252192982456,0.0045124831309,0.0125253036437,0.0229841430499,0.0387567476383,0.0093201754386,0.00396423751687,0.0105431848853,0.0358046558704,0.0188933873144,0.0226045883941,0.0080971659919,0.00649460188934,0.0252192982456,0.00303643724696,0.0057354925776,0.0152665317139,0.00328947368421,0.0295630904184,0.00835020242915,0.00514507422402,0.0186403508772,0.00168690958165,0.00113866396761,0.00172908232119,0.00497638326586,0.00122300944669,0.00164473684211,0.000210863697706,0.00105431848853
0.00100157390185,0.00600944341107,0.00472170553727,0.0685362712834,0.0546573186436,0.146515953641,0.137215624553,0.0121619688081,0.0157390184576,0.00758334525683,0.0263270854199,0.0281871512377,0.0263270854199,0.0238946916583,0.00958649306052,0.0263270854199,0.0572327943912,0.0374874803262,0.0344827586207,0.013306624696,0.0138789526399,0.0367720703963,0.0118758048362,0.0208899699528,0.0299041350694,0.00815567320074,0.0526541708399,0.0163113464015,0.0161682644155,0.0317642008871,0.00228931177565,0.00100157390185,0.00329088567749,0.00915724710259,0.00286163971956,0.00286163971956,0.000143081985978,0.00271855773358
0.00309917355372,0.00542355371901,0.010847107438,0.0617252066116,0.0348657024793,0.249225206612,0.229338842975,0.0121384297521,0.0193698347107,0.00542355371901,0.0139462809917,0.021694214876,0.0278925619835,0.0121384297521,0.00180785123967,0.0100723140496,0.0439049586777,0.032541322314,0.0433884297521,0.00645661157025,0.00645661157025,0.0196280991736,0.00180785123967,0.00645661157025,0.0157541322314,0.00490702479339,0.0410640495868,0.00748966942149,0.0051652892562,0.0302169421488,0.00232438016529,0.00103305785124,0.0025826446281,0.00568181818182,0.00180785123967,0.00103305785124,0.0,0.00129132231405
0.00540832882639,0.0146024878313,0.0154137371552,0.116279069767,0.11276365603,0.0440778799351,0.0365062195782,0.013520822066,0.00513791238507,0.0343428880476,0.0616549486209,0.0559762033532,0.0118983234181,0.0259599783667,0.00703082747431,0.0110870740941,0.0110870740941,0.020281233099,0.0116279069767,0.0803136830719,0.0232558139535,0.0383991346674,0.00594916170903,0.00919415900487,0.0819361817198,0.0164954029205,0.0283937263386,0.0246078961601,0.0124391563007,0.026230394808,0.00351541373716,0.00108166576528,0.00189291508924,0.0140616549486,0.00540832882639,0.00594916170903,0.00162249864792,0.00459707950243
0.00246209666969,0.011532979137,0.00544252948037,0.0863029674744,0.080860437994,0.0448360761954,0.0395231307503,0.0196967733575,0.00855254632629,0.0364131139044,0.0528702863807,0.0478165090061,0.018919269146,0.0241026305559,0.00673836983284,0.0185305170403,0.0255280549436,0.029933912142,0.0200855254633,0.0780095892186,0.0203446935338,0.0741220681612,0.00868213036154,0.0151613321239,0.0698457949981,0.0142542438772,0.0326551768822,0.0263055591551,0.0119217312427,0.030970584424,0.00518336140987,0.00168459245821,0.00233251263444,0.0112738110665,0.00349876895167,0.00673836983284,0.000777504211481,0.0060904496566
0.00249759846302,0.00701248799232,0.00528338136407,0.0742555235351,0.0656099903939,0.0729106628242,0.0693563880884,0.016330451489,0.0164265129683,0.0192122958694,0.0468780019212,0.0325648414986,0.0195004803074,0.0353506243996,0.00643611911623,0.0226705091258,0.0303554274736,0.0446685878963,0.02353506244,0.0384245917387,0.0248799231508,0.0895292987512,0.0120076849183,0.0212295869356,0.0419788664745,0.0136407300672,0.0441882804995,0.0279538904899,0.0130643611912,0.0271853986551,0.0030739673391,0.00134486071085,0.00153698366955,0.0143131604227,0.00422670509126,0.00576368876081,0.00105667627281,0.00374639769452
0.00179930795848,0.00539792387543,0.00387543252595,0.0453979238754,0.0297577854671,0.137577854671,0.15446366782,0.0238062283737,0.0213148788927,0.00581314878893,0.0228373702422,0.0289273356401,0.0286505190311,0.0193771626298,0.00484429065744,0.0163321799308,0.037508650519,0.0574394463668,0.0692041522491,0.0145328719723,0.0134256055363,0.038339100346,0.00692041522491,0.0174394463668,0.0229757785467,0.00871972318339,0.0653287197232,0.0141176470588,0.00844290657439,0.0417993079585,0.00207612456747,0.00387543252595,0.00595155709343,0.0101038062284,0.00262975778547,0.00512110726644,0.000968858131488,0.00290657439446
0.00132846230488,0.00946529392228,0.00315509797409,0.0521421454666,0.048156758552,0.0556293590169,0.0577881102624,0.0259050149452,0.0129525074726,0.0205911657257,0.0323812686815,0.0529724344072,0.0269013616739,0.0313849219528,0.00797077382929,0.0149452009299,0.0357024244437,0.0368648289605,0.0287279973431,0.0531384921953,0.0199269345732,0.105612753238,0.00880106276984,0.0200929923613,0.040684158087,0.0127864496845,0.0645964795749,0.0275655928263,0.0147791431418,0.0368648289605,0.00464961806709,0.00149452009299,0.00464961806709,0.0114579873796,0.00348721355032,0.00581202258386,0.0016605778811,0.00697442710063
0.00332446808511,0.00265957446809,0.00265957446809,0.0438829787234,0.0359042553191,0.0585106382979,0.0664893617021,0.0279255319149,0.0146276595745,0.0106382978723,0.0239361702128,0.0345744680851,0.032579787234,0.0239361702128,0.0132978723404,0.0139627659574,0.0252659574468,0.0352393617021,0.0418882978723,0.0405585106383,0.030585106383,0.0844414893617,0.00864361702128,0.030585106383,0.0511968085106,0.0186170212766,0.094414893617,0.0279255319149,0.0146276595745,0.0445478723404,0.00465425531915,0.00199468085106,0.00531914893617,0.0106382978723,0.00332446808511,0.00598404255319,0.00132978723404,0.0093085106383
0.000286697247706,0.00659403669725,0.00602064220183,0.0355504587156,0.03125,0.10005733945,0.136467889908,0.0518922018349,0.0229357798165,0.00802752293578,0.0366972477064,0.0418577981651,0.03125,0.0203555045872,0.00372706422018,0.0169151376147,0.0246559633028,0.0220756880734,0.0412844036697,0.0260894495413,0.0143348623853,0.0699541284404,0.0100344036697,0.0235091743119,0.038130733945,0.0111811926606,0.0647935779817,0.0186353211009,0.014621559633,0.0309633027523,0.00516055045872,0.00229357798165,0.00344036697248,0.0134747706422,0.0043004587156,0.00516055045872,0.000286697247706,0.00573394495413
0.00145369966565,0.00363424916412,0.00625090856229,0.0299462131124,0.028056403547,0.0892571594709,0.11891263265,0.0220962349179,0.0271841837476,0.00726849832825,0.0264573339148,0.0373600814072,0.0353249018753,0.0250036342492,0.0058147986626,0.00973978775985,0.0332897223434,0.0337258322431,0.0731210931821,0.0242767844163,0.0187527256869,0.0753016426806,0.00712312836168,0.0197703154528,0.0292193632795,0.0106120075592,0.0949265881669,0.0178805058875,0.0101758976595,0.0456461695014,0.00494257886321,0.00174443959878,0.00683238842855,0.00901293792702,0.00116295973252,0.00377961913069,0.00159906963221,0.00334350923099
0.00127832655433,0.00278907611854,0.00337013364323,0.0280069726903,0.0244044160372,0.0640325392214,0.0851830331203,0.0276583381755,0.0233585124927,0.0106914584544,0.0309122603138,0.0434631028472,0.0462521789657,0.0211504938989,0.00429982568274,0.0109238814643,0.0312608948286,0.0240557815224,0.055316676351,0.0334689134224,0.0177803602557,0.0813480534573,0.00592678675189,0.024753050552,0.0486926205694,0.0181289947705,0.102730970366,0.0256827425915,0.0125508425334,0.0499709471238,0.00639163277164,0.00348634514817,0.00453224869262,0.013364323068,0.0026728646136,0.0047646717025,0.000929692039512,0.00441603718768
0.00194300518135,0.00284974093264,0.00453367875648,0.0222797927461,0.0185233160622,0.060103626943,0.0683937823834,0.0231865284974,0.0243523316062,0.00634715025907,0.015932642487,0.020725388601,0.0497409326425,0.0147668393782,0.0020725388601,0.0151554404145,0.0459844559585,0.0571243523316,0.0538860103627,0.0227979274611,0.0168393782383,0.0603626943005,0.00738341968912,0.0155440414508,0.0537564766839,0.0123056994819,0.131606217617,0.034585492228,0.0209844559585,0.079274611399,0.00427461139896,0.00388601036269,0.0050518134715,0.0113989637306,0.00427461139896,0.00349740932642,0.00116580310881,0.00310880829016
0.00394049847306,0.00926017141168,0.00433454832036,0.0525071421535,0.0500443306078,0.039700522116,0.0359570485666,0.0123140577283,0.00689587232785,0.0294552260861,0.0846222047089,0.0526056546153,0.0176337306669,0.0365481233376,0.0066988474042,0.014185794503,0.0295537385479,0.0495517682987,0.0210816668309,0.0707319475914,0.0270909270023,0.0325091124027,0.00876760910255,0.0132006698847,0.0865924539454,0.0177322431288,0.0501428430696,0.038025810265,0.0127081075756,0.0388139099596,0.00551669786228,0.00216727416018,0.0037434735494,0.0157619938922,0.00433454832036,0.0070928972515,0.000492562309132,0.00768397202246
0.00361961171438,0.0134912800263,0.00789733464956,0.0500164527805,0.042119118131,0.0552813425469,0.0427772293518,0.00954261270155,0.0108588351431,0.0361961171438,0.0615333991445,0.0526488976637,0.0171108917407,0.0312602829878,0.0161237249095,0.0171108917407,0.0250082263903,0.0496873971701,0.027311615663,0.0572556762093,0.0151365580783,0.0480421191181,0.00658111220796,0.0154656136887,0.0681145113524,0.0171108917407,0.064494899638,0.0243501151695,0.0187561697927,0.0470549522869,0.00658111220796,0.00164527805199,0.00394866732478,0.0138203356367,0.00296150049358,0.00723922342876,0.000658111220796,0.0111878907535
0.00158532442532,0.00690748499604,0.00452949835806,0.0236666289208,0.0263843279357,0.0432567093194,0.0417846223531,0.0190238931038,0.00758690974975,0.0157400067942,0.0528818933303,0.0671498131582,0.0215151172008,0.0432567093194,0.00951194655192,0.0192503680217,0.0439361340732,0.0646585890613,0.0405390103046,0.0387272109614,0.0152870569584,0.0339712376854,0.00724719737289,0.0113237458951,0.0783603215944,0.0126825954026,0.083908957083,0.0354433246518,0.018684180727,0.0523157060356,0.00928547163402,0.00203827426113,0.00588834786547,0.0177782810554,0.00634129770128,0.0079266221266,0.00101913713056,0.00860604688031
0.0,0.00241984271022,0.00241984271022,0.0223835450696,0.021778584392,0.0604960677556,0.0526315789474,0.0387174833636,0.0187537810042,0.0151240169389,0.0229885057471,0.0405323653962,0.0483968542045,0.0254083484574,0.005444646098,0.0151240169389,0.0320629159105,0.02722323049,0.0387174833636,0.0175438596491,0.016333938294,0.0550514216576,0.0127041742287,0.0211736237145,0.0586811857229,0.0151240169389,0.143375680581,0.0314579552329,0.0338777979431,0.0550514216576,0.00725952813067,0.00181488203267,0.00604960677556,0.0193587416818,0.00302480338778,0.00423472474289,0.00181488203267,0.005444646098
0.00123915737299,0.00154894671623,0.00340768277571,0.0216852540273,0.025092936803,0.0390334572491,0.0433705080545,0.0294299876084,0.0102230483271,0.0167286245353,0.0381040892193,0.0486369268897,0.0291201982652,0.0269516728625,0.00526641883519,0.0254027261462,0.0442998760843,0.0656753407683,0.0405824039653,0.045229244114,0.0244733581165,0.0312887236679,0.00743494423792,0.0161090458488,0.064126394052,0.00805452292441,0.106567534077,0.0353159851301,0.025092936803,0.0607187112763,0.0086741016109,0.00402726146221,0.00495662949195,0.0179677819083,0.00371747211896,0.0046468401487,0.00216852540273,0.0136307311029
0.00109614782336,0.00417580123186,0.00219229564673,0.024898214845,0.024898214845,0.0207746111285,0.0221839440443,0.00960434283328,0.00516755402443,0.0221317465289,0.030796534085,0.0221317465289,0.00981313289487,0.0190520931204,0.00354943104708,0.006159306817,0.0110658732644,0.0323624595469,0.0291784111076,0.0716149911264,0.0177993527508,0.0389393464871,0.00668128197098,0.0119010335108,0.148554128823,0.0279778682535,0.100636809688,0.0867000730765,0.0381041862407,0.0838292097296,0.0061071093016,0.00255767825452,0.0030274558931,0.0319970769391,0.00762083724815,0.00866478755611,0.000730765215576,0.00532414657062
0.00326708412742,0.00435611216989,0.00653416825483,0.0264089300299,0.0302205281786,0.0310372992105,0.0288592431255,0.0117070514566,0.00571739722298,0.0182412197114,0.0386604955078,0.029948271168,0.0193302477539,0.0318540702423,0.00517288320174,0.00653416825483,0.0187857337326,0.0465559488157,0.0307650421998,0.0549959161448,0.039205009529,0.042744350667,0.0138851075415,0.0119793084672,0.0977402668119,0.0212360468282,0.104818949088,0.0612578273891,0.0367546964334,0.0737816498775,0.00626191124421,0.0029948271168,0.00217805608494,0.0220528178601,0.0029948271168,0.00571739722298,0.000816771031854,0.00462836918051
0.00137816979052,0.00225101065785,0.00413450937155,0.0164002205072,0.0145626607865,0.0378077912532,0.0384968761485,0.0139195148842,0.00996876148475,0.00620176405733,0.0142410878354,0.0172271223815,0.0260933480338,0.0154355016538,0.0023888276369,0.0108416023521,0.0245773612642,0.0600882028666,0.0569184123484,0.029263138552,0.0118522601985,0.0570562293275,0.00675303197354,0.0139654538773,0.0882028665932,0.0173190003675,0.125183755972,0.0605475927968,0.0369349503859,0.12835354649,0.00735023888276,0.00404263138552,0.00473171628078,0.0226938625505,0.00413450937155,0.00496141124587,0.00050532892319,0.00321572951121
0.00181192244972,0.00226490306215,0.00108715346983,0.01603551368,0.0132270338829,0.0156731291901,0.01603551368,0.00806305490125,0.00308026816452,0.0119586881681,0.0169414749049,0.0179380322522,0.0064323246965,0.0144047834753,0.0038956332669,0.0045298061243,0.00887842000362,0.0214712810292,0.0180286283747,0.0476535604276,0.00806305490125,0.0279036057257,0.00498278673673,0.00896901612611,0.154556984961,0.0281753940931,0.0886030077913,0.105906867186,0.0588874796159,0.140876970466,0.0114151114332,0.0045298061243,0.0057981518391,0.0591592679833,0.0144953795978,0.0166696865374,0.00163073020475,0.00996557347346
0.00139192682442,0.00258500695963,0.000596540067608,0.0107377212169,0.0121296480414,0.0202823622987,0.0248558361503,0.0079538675681,0.00298270033804,0.00994233446013,0.015708888447,0.0184927420958,0.00954464108173,0.0178962020282,0.00278385364884,0.0073573275005,0.0141181149334,0.0228673692583,0.0238616027043,0.0340027838536,0.00914694770332,0.0338039371644,0.00457347385166,0.00874925432492,0.115132233048,0.016703121893,0.0968383376417,0.129250347982,0.044143965003,0.173792006363,0.0165042752038,0.00596540067608,0.00457347385166,0.0439451183138,0.0111354145953,0.0163054285146,0.000397693378405,0.00894810101412
0.000934797849965,0.00157747137182,0.00274596868427,0.0121523720495,0.00934797849965,0.0246552932928,0.0227856975929,0.00940640336527,0.00601776115915,0.00508296330918,0.0144893666745,0.0174690348212,0.0132624444964,0.0179364337462,0.00315494274363,0.00806263145595,0.0177611591493,0.0315494274363,0.0357560177612,0.0210913764898,0.00899742930591,0.0331853236738,0.00502453844356,0.00928955363403,0.0791656929189,0.015949988315,0.134201916336,0.0779387707408,0.0399041832204,0.218976396354,0.0177611591493,0.00940640336527,0.00981537742463,0.0356391680299,0.010224351484,0.00847160551531,0.00146062164057,0.00934797849965
0.000973236009732,0.00340632603406,0.00194647201946,0.0170316301703,0.00778588807786,0.0170316301703,0.0243309002433,0.00389294403893,0.00340632603406,0.00632603406326,0.0223844282238,0.0223844282238,0.0141119221411,0.0223844282238,0.000973236009732,0.0102189781022,0.0175182481752,0.0311435523114,0.0282238442822,0.025304136253,0.0194647201946,0.0486618004866,0.00778588807786,0.00827250608273,0.0506082725061,0.0107055961071,0.0637469586375,0.0403892944039,0.0272506082725,0.172749391727,0.0515815085158,0.0204379562044,0.0452554744526,0.0559610705596,0.0243309002433,0.0296836982968,0.00194647201946,0.0403892944039
0.00158982511924,0.00397456279809,0.00238473767886,0.0119236883943,0.00794912559618,0.0413354531002,0.0302066772655,0.0135135135135,0.00794912559618,0.0087440381558,0.010333863275,0.0198728139905,0.0357710651828,0.0278219395866,0.00397456279809,0.00556438791733,0.0190779014308,0.0794912559618,0.0357710651828,0.0302066772655,0.00953895071542,0.0325914149444,0.00158982511924,0.0111287758347,0.0302066772655,0.0087440381558,0.0659777424483,0.033386327504,0.0206677265501,0.189984101749,0.0381558028617,0.0158982511924,0.0373608903021,0.0429252782194,0.0158982511924,0.0198728139905,0.00715421303657,0.0214626391097
0.00109769484083,0.00109769484083,0.00109769484083,0.00933040614709,0.0104281009879,0.0290889132821,0.0285400658617,0.00933040614709,0.00713501646542,0.00987925356751,0.0246981339188,0.0279912184413,0.0208562019759,0.0257958287596,0.00384193194292,0.00933040614709,0.0356750823271,0.0603732162459,0.0340285400659,0.0450054884742,0.0137211855104,0.0279912184413,0.00219538968167,0.0120746432492,0.0543358946213,0.0137211855104,0.0570801317234,0.0411635565313,0.0230515916575,0.13117453348,0.0515916575192,0.0120746432492,0.0170142700329,0.0488474204171,0.0192096597146,0.0356750823271,0.00878155872667,0.0356750823271
0.00168255748738,0.00317816414283,0.000934754159656,0.0128996074033,0.0130865582352,0.0157038698822,0.0155169190503,0.00729108244532,0.00467377079828,0.0121518040755,0.0226210506637,0.0235558048233,0.0127126565713,0.0254253131426,0.0029912133109,0.00504767246214,0.0100953449243,0.0214993456721,0.0143952140587,0.0411291830249,0.0102822957562,0.0340250514115,0.00392596747056,0.00803888577304,0.115722564965,0.0173864273696,0.0611329220415,0.118900729108,0.0478594129744,0.110674892503,0.0315946905964,0.00934754159656,0.0125257057394,0.0686109553188,0.0259861656384,0.0373901663862,0.000747803327725,0.0192559356889
0.00319318786589,0.00319318786589,0.000532197977648,0.0127727514635,0.0111761575306,0.01809473124,0.0143693453965,0.00478978179883,0.00212879191059,0.0101117615753,0.0303352847259,0.0292708887706,0.00745077168707,0.0212879191059,0.00478978179883,0.00745077168707,0.00904736562001,0.0356572645024,0.0234167110165,0.0409792442789,0.010643959553,0.0383182543906,0.00372538584353,0.00745077168707,0.0723789249601,0.0154337413518,0.0564129856307,0.112293773284,0.0532197977648,0.0867482703566,0.0372538584353,0.0138371474188,0.0202235231506,0.103778605641,0.0143693453965,0.0356572645024,0.00212879191059,0.0260777009047
0.000512820512821,0.0,0.000512820512821,0.0189743589744,0.0225641025641,0.0205128205128,0.0189743589744,0.00769230769231,0.00564102564103,0.00461538461538,0.045641025641,0.0205128205128,0.0112820512821,0.0194871794872,0.00102564102564,0.00974358974359,0.0271794871795,0.0394871794872,0.0138461538462,0.0682051282051,0.0189743589744,0.02,0.00307692307692,0.00974358974359,0.0907692307692,0.014358974359,0.0461538461538,0.0712820512821,0.0441025641026,0.0830769230769,0.0292307692308,0.0158974358974,0.0235897435897,0.0789743589744,0.034358974359,0.0323076923077,0.0025641025641,0.0251282051282
0.00131406044678,0.00262812089356,0.00262812089356,0.0223390275953,0.030223390276,0.0105124835742,0.0157687253614,0.0065703022339,0.00394218134034,0.0105124835742,0.105124835742,0.0670170827858,0.0065703022339,0.030223390276,0.00919842312746,0.00788436268068,0.0249671484888,0.0289093298292,0.0144546649146,0.0446780551905,0.0223390275953,0.0315374507227,0.00919842312746,0.011826544021,0.0551905387648,0.0183968462549,0.065703022339,0.0670170827858,0.0459921156373,0.0749014454665,0.011826544021,0.0105124835742,0.00919842312746,0.0788436268068,0.00394218134034,0.00919842312746,0.00788436268068,0.0210249671485
0.00106269925611,0.00159404888417,0.00265674814028,0.0132837407014,0.010095642933,0.0106269925611,0.0122210414453,0.00212539851222,0.00212539851222,0.0138150903294,0.0637619553666,0.0425079702444,0.0249734325186,0.0414452709883,0.00903294367694,0.0143464399575,0.0345377258236,0.0350690754516,0.0132837407014,0.0616365568544,0.0223166843783,0.05738575983,0.00265674814028,0.0201912858661,0.066950053135,0.0143464399575,0.0494155154091,0.0419766206164,0.0233793836344,0.0855472901169,0.0228480340064,0.0154091392136,0.00956429330499,0.0759829968119,0.0228480340064,0.0207226354942,0.00425079702444,0.0340063761955
