0.263779527559,0.192913385827,0.0551181102362,0.169291338583,0.0393700787402,0.0590551181102,0.0393700787402,0.00393700787402,0.0,0.00393700787402,0.0196850393701,0.0275590551181,0.0,0.011811023622,0.0,0.0,0.0,0.00393700787402,0.011811023622,0.011811023622,0.011811023622,0.00393700787402,0.0,0.00393700787402,0.0157480314961,0.00787401574803,0.00787401574803,0.0,0.0157480314961,0.0196850393701,0.0,0.0,0.0,0.0,0.0,0.0,0.0,0.0
0.0313004194902,0.203291384318,0.121329461116,0.326879638593,0.0396902226525,0.0929332042594,0.0309777347531,0.00516295579219,0.00161342368506,0.0106485963214,0.00968054211036,0.0174249757986,0.00580832526621,0.00709906421426,0.000645369474024,0.00225879315908,0.00613101000323,0.00354953210713,0.00354953210713,0.0135527589545,0.0080671184253,0.00709906421426,0.00129073894805,0.00193610842207,0.0138754436915,0.0025814778961,0.00677637947725,0.00580832526621,0.00387221684414,0.0100032268474,0.000968054211036,0.0,0.000322684737012,0.00290416263311,0.000322684737012,0.000322684737012,0.0,0.000322684737012
0.015756893641,0.168823860439,0.313449634215,0.091164884637,0.0185706246483,0.256612267867,0.0399549803039,0.00675295441756,0.000562746201463,0.00225098480585,0.0129431626337,0.00731570061902,0.00281373100732,0.00281373100732,0.00112549240293,0.00112549240293,0.00393922341024,0.00281373100732,0.00393922341024,0.00450196961171,0.00393922341024,0.00337647720878,0.00168823860439,0.00225098480585,0.00675295441756,0.000562746201463,0.0101294316263,0.00225098480585,0.000562746201463,0.00900393922341,0.00112549240293,0.0,0.000562746201463,0.000562746201463,0.0,0.0,0.0,0.0
0.010725027703,0.0739274972297,0.0271489631154,0.352896944752,0.121893303783,0.145282570841,0.0601947126801,0.0100918157353,0.00431375653,0.0101313914833,0.0256846604401,0.025961690676,0.00894411904385,0.00977520975146,0.00233496913092,0.00565933196137,0.00787557384835,0.00589678644926,0.00530315022954,0.0132974513218,0.00498654424569,0.010804179199,0.0015038784233,0.00229539338293,0.0143659965173,0.00182048440716,0.0127433908501,0.00637169542504,0.00312648409055,0.00763811936046,0.000554060471743,0.000435333227798,0.000514484723761,0.00273072661073,0.000949817951559,0.00102896944752,0.000158302991927,0.000633211967706
0.00785669390321,0.0246700188561,0.0107636706474,0.248507228158,0.0962445003143,0.0952231301069,0.0850094280327,0.0217630421119,0.00644248900063,0.0213702074167,0.0498114393463,0.0504399748586,0.0162633563796,0.0184632306725,0.00487115021999,0.0126492771842,0.0148491514771,0.0161062225016,0.0128064110622,0.0332338152106,0.0160276555625,0.0247485857951,0.00518541797612,0.00526398491515,0.0282055311125,0.00526398491515,0.0206631049654,0.0115493400377,0.00659962287869,0.0140634820867,0.00157133878064,0.000628535512256,0.000707102451288,0.00746385920805,0.00212130735387,0.00117850408548,0.000157133878064,0.00125707102451
0.00357983021377,0.0187514915959,0.0490948143602,0.131737751867,0.0341618083257,0.337492755106,0.196106508472,0.0190583341857,0.0149330060346,0.00235245985476,0.0109440523678,0.0150352868978,0.0195356448808,0.00610275817395,0.00184105553851,0.00583000920528,0.0158194401827,0.0102962735672,0.0111145204732,0.0070232859432,0.00409123453002,0.0147966315502,0.00177286829634,0.00494357505711,0.0111827077154,0.00259111520235,0.0181378064164,0.00593229006853,0.0041253281511,0.0135010739491,0.00139783846442,0.000511404316252,0.000715966042753,0.00228427261259,0.00068187242167,0.00180696191743,0.000238655347584,0.000477310695169
0.00310206221601,0.0102236980077,0.0159035302342,0.0879500174764,0.0425113596645,0.287749038798,0.173147500874,0.0323313526739,0.0226756378889,0.0035826634044,0.0120150297099,0.0238552953513,0.0388413142258,0.00882558545963,0.00371373645578,0.0106169171618,0.0348217406501,0.0213212163579,0.0195735756728,0.00825760223698,0.00742747291157,0.0242922055225,0.00305837119888,0.00554875917511,0.0171268787137,0.00262146102761,0.0298846557148,0.00987416987067,0.00616043341489,0.0195735756728,0.00152918559944,0.00109227542817,0.00231562390772,0.00506815798672,0.000961202376791,0.00144180356519,0.000131073051381,0.000873820342538
0.00149655791679,0.00329242741694,0.00598623166717,0.072283747381,0.048039509129,0.157886860221,0.134690212511,0.0167614486681,0.012122119126,0.00823106854235,0.0269380425022,0.0276863214606,0.0272373540856,0.027536665669,0.00628554325052,0.0251421730021,0.0505836575875,0.039658784795,0.0404070637534,0.0181083507932,0.0112241843759,0.04010775217,0.0110745285843,0.0169111044597,0.0297815025441,0.00793175695899,0.0525291828794,0.0157138581263,0.0112241843759,0.0240945824603,0.00463932954205,0.00194552529183,0.00404070637534,0.0113738401676,0.00209518108351,0.00299311583358,0.000748278958396,0.00119724633343
0.00270124257158,0.0064829821718,0.0132360886008,0.0583468395462,0.02566180443,0.249594813614,0.223662884927,0.015397082658,0.0226904376013,0.00459211237169,0.0129659643436,0.0259319286872,0.030794165316,0.0167477039438,0.00351161534306,0.00945434900054,0.0367368989735,0.0348460291734,0.0399783900594,0.00810372771475,0.00702323068612,0.0207995678012,0.0032414910859,0.00864397622907,0.0148568341437,0.00540248514317,0.0418692598595,0.00729335494327,0.00378173960022,0.0299837925446,0.00162074554295,0.00108049702863,0.00270124257158,0.00594273365748,0.000810372771475,0.00135062128579,0.0,0.00216099405727
0.00409948073244,0.0273298715496,0.00929215632687,0.11041268106,0.10740639519,0.0377152227385,0.0423613009019,0.0147581306368,0.00464607816343,0.0344356381525,0.0691445750205,0.0513801585133,0.0125717409128,0.0297895599891,0.00792566274939,0.00929215632687,0.0147581306368,0.0235036895327,0.0139382344903,0.0751571467614,0.0306094561356,0.0407215086089,0.00464607816343,0.00737906531839,0.0707843673135,0.0150314293523,0.0311560535665,0.0322492484285,0.00983875375786,0.0256900792566,0.00437277944794,0.000819896146488,0.00163979229298,0.0133916370593,0.00163979229298,0.00491937687893,0.00109319486198,0.00409948073244
0.00342646283606,0.00856615709014,0.00553505535055,0.0846072746442,0.082762256194,0.0391407485503,0.039667896679,0.0173958882446,0.00830258302583,0.0359778597786,0.0544280442804,0.0487612018977,0.0177912493411,0.0214812862414,0.0121244069584,0.0224037954665,0.0201634159199,0.0349235635213,0.0148919346336,0.0761729045862,0.0229309435952,0.0738007380074,0.00817079599367,0.0131787032156,0.0707696362678,0.0164733790195,0.037163943068,0.0292567211386,0.011860832894,0.0303110173959,0.0054032683184,0.00131787032156,0.00263574064312,0.0141012124407,0.00382182393253,0.00474433315762,0.000922509225092,0.00461254612546
0.00227767874827,0.00812041988513,0.00386215092097,0.0729847494553,0.0697167755991,0.0711031887502,0.0741731035849,0.0165379283026,0.0141612200436,0.0156466627055,0.0488215488215,0.0297088532383,0.0227767874827,0.0313923549218,0.00703109526639,0.0229748465043,0.0316894434541,0.0445632798574,0.0212913448208,0.0402059813825,0.0239651416122,0.0840760546643,0.0118835412953,0.0218855218855,0.0421865715983,0.013468013468,0.051000198059,0.0239651416122,0.0121806298277,0.0323826500297,0.00396118043177,0.00158447217271,0.00277282630224,0.0109922756982,0.00376312141018,0.00653594771242,0.000495147553971,0.00386215092097
0.000579878225573,0.00434908669179,0.00478399536097,0.0453754711511,0.0336329370832,0.133951870107,0.155262394897,0.0187010727747,0.0197158596695,0.00753841693244,0.0211655552334,0.0287039721658,0.0349376630908,0.0194259205567,0.00449405624819,0.0166714989852,0.0314583937373,0.0526239489707,0.0594375181212,0.0165265294288,0.0139170774137,0.0487097709481,0.00797332560162,0.013627138301,0.0313134241809,0.00826326471441,0.0704552044071,0.0163815598724,0.00913308205277,0.0414612931284,0.00275442157147,0.00289939112786,0.00550884314294,0.0084082342708,0.00260945201508,0.0042041171354,0.000579878225573,0.00246448245868
0.000689417442261,0.00430885901413,0.00620475698035,0.0492933471217,0.0422268183385,0.060668734919,0.0573940020683,0.0256807997242,0.00965184419166,0.0179248534988,0.0305067218201,0.0568769389866,0.0291278869355,0.0311961392623,0.00706652878318,0.0137883488452,0.0291278869355,0.0386073767666,0.0325749741468,0.0506721820062,0.0241296104791,0.102033781455,0.0103412616339,0.0194760427439,0.0446397793864,0.0149948293692,0.0665287831782,0.0256807997242,0.0160289555326,0.0374008962427,0.00430885901413,0.00224060668735,0.00465356773526,0.0136159944847,0.00465356773526,0.00620475698035,0.00206825232678,0.00741123750431
0.0,0.00287976961843,0.00215982721382,0.0395968322534,0.0388768898488,0.0662347012239,0.0676745860331,0.0215982721382,0.0100791936645,0.0143988480922,0.0410367170626,0.0302375809935,0.0237580993521,0.0237580993521,0.0129589632829,0.0158387329014,0.0295176385889,0.0316774658027,0.033117350612,0.0374370050396,0.0251979841613,0.0655147588193,0.0158387329014,0.0280777537797,0.0467962562995,0.0151187904968,0.0986321094312,0.0395968322534,0.0194384449244,0.0633549316055,0.00143988480922,0.00143988480922,0.00359971202304,0.0172786177106,0.00359971202304,0.00215982721382,0.00215982721382,0.00791936645068
0.000587199060482,0.00322959483265,0.00528479154433,0.039048737522,0.0343511450382,0.112742219612,0.142102172637,0.0543159130945,0.0173223722842,0.00763358778626,0.0284791544334,0.0490311215502,0.0296535525543,0.0164415736935,0.00322959483265,0.0143863769818,0.0193775689959,0.0190839694656,0.0311215502055,0.0255431591309,0.0161479741632,0.070757486788,0.00851438637698,0.0246623605402,0.0314151497358,0.0137991779213,0.0651790957134,0.0278919553729,0.0182031708749,0.0346447445684,0.00528479154433,0.00176159718144,0.00499119201409,0.0102759835584,0.00411039342337,0.00381679389313,0.000587199060482,0.00499119201409
0.00105342362679,0.00421369450715,0.00421369450715,0.0326561324304,0.0213694507148,0.0904439428141,0.119337848006,0.0197140707299,0.0355154251317,0.00722347629797,0.0242287434161,0.0395786305493,0.0329571106095,0.0231753197893,0.00421369450715,0.0105342362679,0.0285929270128,0.0355154251317,0.0717832957111,0.0246802106847,0.0145974416855,0.077050413845,0.00812641083521,0.0234762979684,0.0300978179082,0.0115876598947,0.0945071482318,0.0150489089541,0.0130925507901,0.0463506395786,0.00481565086531,0.00346124905944,0.00692249811889,0.0109857035365,0.00240782543266,0.00436418359669,0.000300978179082,0.00180586907449
0.00154394299287,0.00320665083135,0.0041567695962,0.0271971496437,0.0211401425178,0.0634204275534,0.0782660332542,0.0229216152019,0.0220902612827,0.00760095011876,0.029216152019,0.0433491686461,0.0451306413302,0.0180522565321,0.00486935866983,0.0116389548694,0.0237529691211,0.0296912114014,0.0496437054632,0.033135391924,0.0225653206651,0.091567695962,0.0061757719715,0.0230403800475,0.0510688836105,0.0146080760095,0.108432304038,0.0282660332542,0.01567695962,0.0595011876485,0.00368171021378,0.00368171021378,0.00463182897862,0.0152019002375,0.00320665083135,0.00427553444181,0.00178147268409,0.00261282660333
0.00145176191105,0.00382737231094,0.00422330737759,0.0227002771545,0.018476969777,0.0655932427082,0.0706084202191,0.0164972944437,0.0217764286657,0.00686287448858,0.0176850996437,0.0204566451102,0.0475122079979,0.0179490563548,0.00277154546654,0.0128019004883,0.0431569222647,0.0595222383529,0.0484360564867,0.0241520390656,0.0134617922661,0.0543750824865,0.00725880955523,0.0164972944437,0.0562227794642,0.0129338788439,0.138841230038,0.0360300910651,0.0234921472878,0.0772073379966,0.00554309093309,0.00448726408869,0.00646693942193,0.0116140952884,0.00316748053319,0.00316748053319,0.000527913422199,0.00224363204434
0.00398406374502,0.00919399325774,0.00510777403208,0.045867810808,0.0493410971499,0.0371845949535,0.0340177750536,0.0102155480642,0.00531208499336,0.0325875983247,0.088058024313,0.0531208499336,0.0172642762284,0.0357544182245,0.00776381652876,0.012258657677,0.0253345591991,0.055572581469,0.0201246296864,0.074369189907,0.0294207784248,0.0279906016958,0.00827459393196,0.0128715905608,0.0928593319032,0.0178772091123,0.0569006027173,0.0320768209214,0.0150168556543,0.0375932168761,0.00561855143528,0.00224742057411,0.00439268566759,0.0178772091123,0.00459699662887,0.00612932883849,0.000204310961283,0.00561855143528
0.00303848750844,0.010465901418,0.010465901418,0.0543551654288,0.048615800135,0.057056043214,0.0378122889939,0.008440243079,0.0108035111411,0.0249831195138,0.0661715057394,0.0553679945982,0.0172180958812,0.0243079000675,0.0111411208643,0.0162052667117,0.025320729237,0.0509790681972,0.0276839972991,0.0627954085078,0.0145172180959,0.0513166779203,0.00708980418636,0.0202565833896,0.0783254557731,0.0209318028359,0.059081701553,0.0249831195138,0.0101282916948,0.0459149223498,0.00573936529372,0.0016880486158,0.00540175557056,0.0124915597569,0.00438892640108,0.00742741390952,0.00067521944632,0.00641458474004
0.00267038198073,0.00510855683269,0.00208986415883,0.0221757807965,0.0256588877279,0.045280390108,0.0458609079299,0.0178799489144,0.0084755601997,0.0174155346569,0.0541042610008,0.066411238825,0.0262394055498,0.0518982932776,0.0119586671311,0.0163706025775,0.0368048299083,0.0623476140718,0.0417972831766,0.0392430047602,0.0204342273308,0.0292580982236,0.00626959247649,0.0114942528736,0.0732613491234,0.0141646348543,0.0858005340764,0.0395913154534,0.0184604667363,0.056310228724,0.00638569604087,0.00255427841635,0.00313479623824,0.0171833275282,0.00371531406014,0.00568907465459,0.000464414257518,0.00603738534773
0.0,0.00133689839572,0.00401069518717,0.0180481283422,0.0274064171123,0.057486631016,0.0467914438503,0.0327540106952,0.0160427807487,0.00802139037433,0.0220588235294,0.0594919786096,0.0427807486631,0.0187165775401,0.00534759358289,0.0213903743316,0.0254010695187,0.0474598930481,0.0454545454545,0.0327540106952,0.0173796791444,0.0447860962567,0.0127005347594,0.0160427807487,0.072192513369,0.0173796791444,0.127673796791,0.043449197861,0.0260695187166,0.0541443850267,0.00133689839572,0.000668449197861,0.0033422459893,0.0173796791444,0.00200534759358,0.0033422459893,0.000668449197861,0.00668449197861
0.00167056465085,0.00100233879051,0.0033411293017,0.0220514533912,0.0257266956231,0.0414300033411,0.0504510524557,0.0280654861343,0.011693952556,0.013698630137,0.0434346809222,0.047109923154,0.0344136318076,0.0310725025058,0.00634814567324,0.0213832275309,0.033411293017,0.0688272636151,0.0360841964584,0.0400935516204,0.0227196792516,0.0210491146007,0.00501169395256,0.0213832275309,0.0658202472436,0.00935516204477,0.123621784163,0.0330771800869,0.0260608085533,0.0578015369195,0.0090210491146,0.00267290344136,0.00467758102239,0.0163715335783,0.00267290344136,0.00701637153358,0.00200467758102,0.00835282325426
0.00142442627275,0.00358744394619,0.00237404378792,0.0288578211554,0.0235821682933,0.0211553679768,0.0226325507782,0.0074914270641,0.00532840939066,0.0229490899499,0.032656291216,0.0243735162226,0.00997098390926,0.0189923503034,0.00337641783171,0.0054339224479,0.0122922711686,0.0287523080981,0.027802690583,0.0740174096544,0.019045106832,0.0413611184384,0.00522289633342,0.0120284885255,0.148351358481,0.0290688472698,0.0980216301767,0.0854655763651,0.0337641783171,0.0791875494592,0.00733315747824,0.00348193088895,0.00422052228963,0.0348720654181,0.00706937483514,0.0095489316803,0.000316539171723,0.00458981798998
0.00251256281407,0.00418760469012,0.00279173646008,0.0214963707426,0.0265214963707,0.0268006700168,0.0293132328308,0.00865438302624,0.00753768844221,0.0122836404243,0.034338358459,0.0424343941932,0.0192629815745,0.0307091010609,0.00949190396427,0.0069793411502,0.0167504187605,0.0555555555556,0.034617532105,0.0575097710776,0.0273590173088,0.0399218313791,0.0072585147962,0.0120044667783,0.123115577889,0.0150753768844,0.0932439977666,0.0745393634841,0.0287548855388,0.0739810161921,0.0072585147962,0.00446677833613,0.00335008375209,0.0228922389726,0.00530429927415,0.00586264656616,0.000837520938023,0.00502512562814
0.0010224473672,0.00334619138356,0.00302086722127,0.0177998791653,0.0142213133801,0.0405260956453,0.0367151554585,0.0116187200818,0.0104103731933,0.00817957893758,0.0138030394572,0.0157549844309,0.0249105358554,0.0140354138588,0.00288144258029,0.0095738253474,0.0270019054701,0.0652972068597,0.0581400752893,0.0313240693405,0.0115722452015,0.0560951805549,0.00590230980155,0.0133382906539,0.0900218431938,0.0180322535669,0.115675977134,0.0596272714598,0.0390388994748,0.126969373054,0.00757540549333,0.00395036482781,0.00483338755403,0.0237486638472,0.00515871171632,0.00422921410977,0.000464748803272,0.00418273922945
0.00113015633829,0.0024486720663,0.00226031267659,0.0177999623281,0.0155396496515,0.0144094933132,0.0143153136184,0.00715765680919,0.00339046901488,0.0125258994161,0.0194951968356,0.0199660953099,0.00791109436805,0.0136560557544,0.00329628932002,0.00555660199661,0.00932378979092,0.0242983612733,0.019871915615,0.0514221133924,0.00800527406291,0.0255226973065,0.00348464870974,0.00706347711433,0.161894895461,0.0294782444905,0.0902241476738,0.101431531362,0.0559427387455,0.139103409305,0.0107364852138,0.00291957054059,0.00536824260689,0.0595215671501,0.0129967978904,0.0129026181955,0.000659257864005,0.00696929741948
0.00083455038598,0.00208637596495,0.00229501356144,0.0123096181932,0.0173169205091,0.02023784686,0.018986021281,0.0100146046318,0.00375547673691,0.00918005424578,0.0191946588775,0.0237846860004,0.0102232422282,0.021489672439,0.00271228875443,0.00646776549134,0.0123096181932,0.0225328604214,0.0285833507198,0.0269142499478,0.0081368662633,0.0373461297726,0.00730231587732,0.0081368662633,0.116211141248,0.0235760484039,0.0884623409138,0.128729397037,0.0450657208429,0.155017734196,0.019403296474,0.00605049029835,0.00625912789485,0.041310244106,0.0150219069476,0.0133528061757,0.00041727519299,0.00897141664928
0.00109629088251,0.00194896156891,0.0029843474024,0.0119982946586,0.00950118764846,0.0208295267678,0.0237529691211,0.00919666240331,0.006395030148,0.0059686948048,0.0140690663256,0.0184542298557,0.0141299713746,0.0165661733358,0.00286253730434,0.0072477008344,0.0152262622571,0.0322796759851,0.0350204031914,0.0251537852488,0.00803946647177,0.0366039344662,0.00444606857909,0.00950118764846,0.0786284182959,0.0146781168159,0.133016627078,0.0886168463366,0.0380656556429,0.212924051404,0.0193678055911,0.0098057128936,0.0100493330897,0.034045922407,0.00864851696206,0.00797856142274,0.000730860588343,0.0101711431878
0.00151057401813,0.00503524672709,0.00251762336354,0.0166163141994,0.0100704934542,0.0251762336354,0.0206445115811,0.00453172205438,0.00503524672709,0.00855991943605,0.0322255790534,0.0231621349446,0.0206445115811,0.02416918429,0.00302114803625,0.00503524672709,0.0251762336354,0.0281973816717,0.0196374622356,0.0226586102719,0.00755287009063,0.0422960725076,0.00704934541793,0.0125881168177,0.0533736153072,0.00604229607251,0.0850956696878,0.0458207452165,0.0281973816717,0.158106747231,0.0614300100705,0.0221550855992,0.0372608257805,0.0523665659617,0.0140986908359,0.0226586102719,0.00201409869084,0.0382678751259
0.0,0.00315706393054,0.000789265982636,0.0118389897395,0.00710339384373,0.0505130228887,0.0339384372534,0.00473559589582,0.00552486187845,0.00631412786109,0.0205209155485,0.0189423835833,0.0189423835833,0.0197316495659,0.00710339384373,0.00552486187845,0.0394632991318,0.0584056827151,0.0299921073402,0.0315706393054,0.00710339384373,0.0378847671665,0.00394632991318,0.0134175217048,0.0284135753749,0.0110497237569,0.0852407261247,0.0378847671665,0.0236779794791,0.191002367798,0.0315706393054,0.0181531176006,0.0244672454617,0.0441988950276,0.0142067876875,0.0181531176006,0.008681925809,0.0268350434096
0.00125470514429,0.00125470514429,0.00501882057716,0.00501882057716,0.0175658720201,0.038895859473,0.0370138017566,0.00501882057716,0.0069008782936,0.0069008782936,0.0232120451694,0.0169385194479,0.0238393977415,0.0194479297365,0.00564617314931,0.00878293601004,0.0288582183187,0.0570890840652,0.0244667503137,0.0464240903388,0.00752823086575,0.038895859473,0.00313676286073,0.0125470514429,0.0489335006274,0.0156838143036,0.0702634880803,0.0395232120452,0.0175658720201,0.145545796738,0.0382685069009,0.0225846925972,0.0131744040151,0.069008782936,0.0207026348808,0.030112923463,0.00564617314931,0.0213299874529
0.00135030864198,0.00231481481481,0.000578703703704,0.0146604938272,0.0136959876543,0.0160108024691,0.0179398148148,0.00771604938272,0.00250771604938,0.0104166666667,0.0208333333333,0.0277777777778,0.0121527777778,0.0216049382716,0.00308641975309,0.00578703703704,0.0111882716049,0.0283564814815,0.0133101851852,0.039737654321,0.00694444444444,0.0341435185185,0.00270061728395,0.00848765432099,0.112847222222,0.0206404320988,0.0657793209877,0.114776234568,0.0451388888889,0.112075617284,0.0289351851852,0.00829475308642,0.0187114197531,0.0648148148148,0.0310570987654,0.0320216049383,0.000578703703704,0.0210262345679
0.000606060606061,0.00787878787879,0.000606060606061,0.010303030303,0.0127272727273,0.00969696969697,0.0133333333333,0.00363636363636,0.00363636363636,0.00606060606061,0.0351515151515,0.0260606060606,0.00909090909091,0.0193939393939,0.0030303030303,0.0133333333333,0.00848484848485,0.0284848484848,0.0115151515152,0.0454545454545,0.00909090909091,0.0333333333333,0.0030303030303,0.010303030303,0.0872727272727,0.02,0.0581818181818,0.0824242424242,0.0381818181818,0.112727272727,0.029696969697,0.02,0.0230303030303,0.108484848485,0.0224242424242,0.0436363636364,0.000606060606061,0.0290909090909
0.0,0.00463917525773,0.000515463917526,0.019587628866,0.0201030927835,0.0139175257732,0.029381443299,0.00567010309278,0.00567010309278,0.0113402061856,0.0340206185567,0.0216494845361,0.0149484536082,0.0247422680412,0.00360824742268,0.00618556701031,0.0185567010309,0.0365979381443,0.0190721649485,0.0639175257732,0.00773195876289,0.0170103092784,0.00309278350515,0.00515463917526,0.0788659793814,0.0170103092784,0.0546391752577,0.0711340206186,0.0386597938144,0.0829896907216,0.029381443299,0.0164948453608,0.0396907216495,0.0835051546392,0.0345360824742,0.0355670103093,0.00309278350515,0.0273195876289
0.0,0.0,0.00129533678756,0.0155440414508,0.00777202072539,0.00647668393782,0.0142487046632,0.0103626943005,0.00259067357513,0.0181347150259,0.111398963731,0.059585492228,0.0220207253886,0.0492227979275,0.0116580310881,0.0168393782383,0.0375647668394,0.0414507772021,0.0103626943005,0.0699481865285,0.0336787564767,0.0375647668394,0.00388601036269,0.0194300518135,0.0479274611399,0.0168393782383,0.0440414507772,0.0725388601036,0.0310880829016,0.0647668393782,0.0116580310881,0.00388601036269,0.0116580310881,0.0544041450777,0.00388601036269,0.00777202072539,0.00906735751295,0.0194300518135
0.0,0.00336322869955,0.00168161434978,0.0128923766816,0.015134529148,0.0173766816143,0.0128923766816,0.00784753363229,0.00336322869955,0.0112107623318,0.0599775784753,0.0381165919283,0.0207399103139,0.0487668161435,0.0100896860987,0.0128923766816,0.0308295964126,0.0308295964126,0.0128923766816,0.0566143497758,0.027466367713,0.0538116591928,0.00560538116592,0.0229820627803,0.0554932735426,0.0162556053812,0.0386771300448,0.0448430493274,0.0224215246637,0.0891255605381,0.02466367713,0.012331838565,0.0134529147982,0.0739910313901,0.0257847533632,0.0168161434978,0.0067264573991,0.0420403587444
