0.290322580645,0.254032258065,0.0604838709677,0.104838709677,0.0282258064516,0.0685483870968,0.0241935483871,0.00403225806452,0.0,0.00403225806452,0.0362903225806,0.00403225806452,0.0120967741935,0.00806451612903,0.0,0.00806451612903,0.00806451612903,0.0120967741935,0.0,0.00806451612903,0.0241935483871,0.0,0.0,0.0,0.0161290322581,0.00403225806452,0.0120967741935,0.0,0.0,0.0,0.0,0.0,0.0,0.00403225806452,0.00403225806452,0.0,0.0,0.0
0.031862745098,0.230742296919,0.122549019608,0.306022408964,0.046568627451,0.0878851540616,0.0238095238095,0.00210084033613,0.00210084033613,0.0063025210084,0.0143557422969,0.0192577030812,0.00385154061625,0.00840336134454,0.00140056022409,0.00595238095238,0.00560224089636,0.00385154061625,0.00105042016807,0.0105042016807,0.00665266106443,0.00945378151261,0.00105042016807,0.00175070028011,0.0112044817927,0.00420168067227,0.00735294117647,0.00560224089636,0.00385154061625,0.00700280112045,0.00105042016807,0.000350140056022,0.00140056022409,0.00175070028011,0.000700280112045,0.00105042016807,0.0,0.00140056022409
0.0134831460674,0.147752808989,0.303370786517,0.097191011236,0.0207865168539,0.239325842697,0.0438202247191,0.00393258426966,0.00224719101124,0.00898876404494,0.0140449438202,0.00561797752809,0.00674157303371,0.00280898876404,0.000561797752809,0.00337078651685,0.00337078651685,0.00674157303371,0.00449438202247,0.0106741573034,0.00224719101124,0.00674157303371,0.000561797752809,0.00449438202247,0.00561797752809,0.000561797752809,0.0162921348315,0.00393258426966,0.00224719101124,0.0140449438202,0.000561797752809,0.0,0.00224719101124,0.0,0.0,0.000561797752809,0.0,0.000561797752809
0.0105020691809,0.0733583196689,0.0263527758257,0.37018817834,0.115132349496,0.140665261185,0.0602404934801,0.00995549308972,0.0049191848208,0.00991645194035,0.0253767470914,0.0233466073241,0.00730069493246,0.00972124619349,0.00234246896229,0.00499726711954,0.00855001171234,0.0060123370032,0.00534863746389,0.013352073085,0.00577809010697,0.0102678222847,0.000976028734286,0.00347466229406,0.0140938549231,0.00265479815726,0.0108924806746,0.00597329585383,0.0032794565472,0.0076520652768,0.0008198641368,0.000156164597486,0.000429452643086,0.00281096275474,0.000741781838057,0.00152260482549,7.80822987429e-05,0.0008198641368
0.00463554987212,0.0222985933504,0.00895140664962,0.255195012788,0.103260869565,0.0950287723785,0.0726502557545,0.0227781329923,0.00783248081841,0.0236572890026,0.0553069053708,0.0519501278772,0.0157448849105,0.0221387468031,0.00479539641944,0.0124680306905,0.0137468030691,0.0137468030691,0.0107896419437,0.033807544757,0.0129475703325,0.0246962915601,0.00407608695652,0.00431585677749,0.0290920716113,0.00567455242967,0.0190217391304,0.0135070332481,0.00663363171355,0.0166240409207,0.0022378516624,0.000479539641944,0.000319693094629,0.00519501278772,0.000719309462916,0.00231777493606,0.000159846547315,0.00119884910486
0.00317132269099,0.0184934435576,0.0462157924743,0.130309293044,0.0363811288483,0.339759122007,0.18564709236,0.0196336944128,0.0157497149373,0.00256556442417,0.0100840935006,0.014751995439,0.0213084378563,0.00776795895097,0.00206670467503,0.00541619156214,0.0174600912201,0.00887257696693,0.0111887115165,0.0072334663626,0.00488169897377,0.0153221208666,0.00192417331813,0.00456100342075,0.010939281642,0.00310005701254,0.0211302736602,0.00783922462942,0.00359891676169,0.0150370581528,0.00131841505131,0.00092645381984,0.000890820980616,0.0023161345496,0.000712656784493,0.000641391106043,0.000106898517674,0.000677023945268
0.00233302836231,0.00814272644099,0.0167429094236,0.081473010064,0.0435956084172,0.290118938701,0.178225068618,0.0291399817017,0.0219579139982,0.00402561756633,0.0119853613907,0.0205855443733,0.0367795059469,0.0106587374199,0.00324794144556,0.0113906678866,0.0338517840805,0.019945105215,0.0207227813358,0.00869167429094,0.00690759377859,0.0243366880146,0.00288197621226,0.00695333943275,0.0172003659652,0.00315645013724,0.0318847209515,0.0112076852699,0.00704483074108,0.0211344922232,0.00173833485819,0.00173833485819,0.00150960658737,0.00397987191217,0.00146386093321,0.00192131747484,0.000182982616651,0.00114364135407
0.00215552976289,0.00514010943459,0.00646658928868,0.0691427623943,0.04990880451,0.150721273421,0.130658265628,0.0155861382855,0.0150887083402,0.00729563919748,0.0261979771182,0.0286851268446,0.022881777483,0.0285193168629,0.0067982092522,0.0232133974465,0.0454319350025,0.0384679157685,0.0446028850937,0.0189023379207,0.00878792903333,0.0412866854585,0.007627259161,0.0189023379207,0.0326645664069,0.00911954899685,0.0625103631239,0.0225501575195,0.011772508705,0.0243740673189,0.00198971978113,0.00182390979937,0.00348200961698,0.00928535897861,0.00198971978113,0.00232133974465,0.000663239927044,0.0029845796717
0.00114285714286,0.00657142857143,0.0128571428571,0.0565714285714,0.0362857142857,0.267142857143,0.229142857143,0.0122857142857,0.0157142857143,0.00657142857143,0.0122857142857,0.0262857142857,0.0285714285714,0.00971428571429,0.00342857142857,0.00742857142857,0.0422857142857,0.0314285714286,0.0442857142857,0.00714285714286,0.00485714285714,0.0202857142857,0.00257142857143,0.00485714285714,0.0188571428571,0.00485714285714,0.0425714285714,0.00885714285714,0.00257142857143,0.0202857142857,0.00228571428571,0.00228571428571,0.00114285714286,0.00257142857143,0.000285714285714,0.00171428571429,0.000285714285714,0.00171428571429
0.00621301775148,0.0156804733728,0.0094674556213,0.115384615385,0.131952662722,0.0328402366864,0.0384615384615,0.0147928994083,0.00621301775148,0.035798816568,0.0683431952663,0.053550295858,0.0147928994083,0.0195266272189,0.00591715976331,0.0156804733728,0.00828402366864,0.0183431952663,0.00976331360947,0.0828402366864,0.0215976331361,0.037573964497,0.00680473372781,0.00739644970414,0.0704142011834,0.014201183432,0.0331360946746,0.0304733727811,0.0136094674556,0.0295857988166,0.00177514792899,0.00177514792899,0.00384615384615,0.0127218934911,0.00295857988166,0.00355029585799,0.000295857988166,0.00443786982249
0.00315696426316,0.0103548427832,0.00580881424422,0.0828387422654,0.0796817780023,0.0449551711075,0.042934713979,0.0185629498674,0.00972344993055,0.0318221997727,0.0596034852885,0.0472281853769,0.0207096855664,0.0175527213032,0.00896577850739,0.01919434272,0.0257608283874,0.033337542619,0.0160373784569,0.0707159994949,0.0220987498422,0.0790503851496,0.00745043566107,0.0131329713348,0.0681904280844,0.0118701856295,0.0387675211517,0.0294229069327,0.014143199899,0.030685692638,0.00416719282738,0.00113650713474,0.00239929284001,0.0116176284884,0.00454602853896,0.00530369996212,0.00138906427579,0.0056825356737
0.00154432204262,0.00772161021312,0.0042211469165,0.0802017914136,0.0632142489447,0.076701328117,0.0728920004118,0.0148254916092,0.0159579944404,0.0205909605683,0.044167610419,0.0301657572326,0.0204880057655,0.0367548646144,0.00658910738186,0.0208998249768,0.0294450736127,0.040255327911,0.0234736950479,0.0400494183054,0.0249150622877,0.0875115824153,0.0107072994955,0.0210027797797,0.0391228250798,0.0137959435808,0.0523010398435,0.0244002882734,0.0109132091012,0.031195305261,0.00380932770514,0.00133841243694,0.00267682487388,0.0133841243694,0.00319159888809,0.00535364974776,0.000205909605683,0.00401523731082
0.00105152471083,0.00330479194833,0.00721045515998,0.0422112062491,0.0325972660358,0.133844073907,0.158179360072,0.0181763557158,0.0177257022683,0.00736067297581,0.0249361574283,0.0277902959291,0.0357518401682,0.0187772269791,0.00255370286916,0.0145711281358,0.0411596815382,0.0506234039357,0.0657954033348,0.0183265735316,0.00781132642331,0.0432627309599,0.00736067297581,0.0142706925041,0.0267387712183,0.00976415802914,0.0725552050473,0.0147213459516,0.0106654649241,0.0399579390116,0.00330479194833,0.00390566321166,0.00450653447499,0.00871263331831,0.00285413850083,0.00345500976416,0.000901306894998,0.00330479194833
0.000727404982724,0.00691034733588,0.00600109110747,0.0396435715585,0.0518276050191,0.0651027459538,0.0576468448809,0.0227314057101,0.0121840334606,0.0209128932533,0.0330969267139,0.0585561011093,0.0276413893435,0.0245499181669,0.00327332242226,0.0225495544644,0.0372795053646,0.0329150754683,0.0334606292053,0.0487361338425,0.0218221494817,0.0945626477541,0.00891071103837,0.0260047281324,0.0454628114203,0.0140025459174,0.0660120021822,0.0220040007274,0.0163666121113,0.0369158028732,0.00490998363339,0.00309147117658,0.00490998363339,0.0149118021458,0.00400072740498,0.00618294235316,0.000181851245681,0.00400072740498
0.00300075018755,0.00450112528132,0.00150037509377,0.0360090022506,0.0345086271568,0.0630157539385,0.0720180045011,0.0232558139535,0.0180045011253,0.0187546886722,0.0337584396099,0.0315078769692,0.0165041260315,0.0240060015004,0.0142535633908,0.0150037509377,0.0300075018755,0.0322580645161,0.0315078769692,0.0360090022506,0.0127531882971,0.0982745686422,0.0165041260315,0.0420105026257,0.0442610652663,0.0277569392348,0.0832708177044,0.0307576894224,0.0142535633908,0.0412603150788,0.00600150037509,0.00300075018755,0.00675168792198,0.0195048762191,0.00225056264066,0.00300075018755,0.000750187546887,0.00825206301575
0.000658761528327,0.00461133069829,0.00691699604743,0.0408432147563,0.0398550724638,0.110013175231,0.129117259552,0.0428194993412,0.0214097496706,0.00922266139657,0.0359025032938,0.0461133069829,0.0405138339921,0.018115942029,0.00329380764163,0.0158102766798,0.0210803689065,0.0240447957839,0.0312911725955,0.0237154150198,0.018115942029,0.0662055335968,0.00592885375494,0.0233860342556,0.0375494071146,0.0144927536232,0.0698287220026,0.0194334650856,0.0118577075099,0.032279314888,0.00494071146245,0.00230566534914,0.00329380764163,0.012187088274,0.00329380764163,0.00559947299078,0.000329380764163,0.0036231884058
0.0015192950471,0.004709814646,0.00592525068368,0.0306897599514,0.0267395928289,0.0932847158918,0.106654512306,0.0232452142206,0.0308416894561,0.00744454573078,0.0270434518383,0.0381343056822,0.0347918565785,0.0270434518383,0.00349437860833,0.010483135825,0.0360072926162,0.0312974779702,0.0618353084169,0.0217259191735,0.0148890914616,0.078547553935,0.00820419325433,0.0241567912489,0.0334244910362,0.0127620783956,0.0946520814342,0.0185353995746,0.010483135825,0.04451534488,0.00410209662716,0.00349437860833,0.00546946216955,0.0124582193862,0.0030385900942,0.00410209662716,0.00030385900942,0.00395016712246
0.000970873786408,0.00242718446602,0.00266990291262,0.022572815534,0.0228155339806,0.0684466019417,0.0794902912621,0.0251213592233,0.0214805825243,0.00885922330097,0.0290048543689,0.0462378640777,0.0462378640777,0.0217233009709,0.00461165048544,0.00995145631068,0.0263349514563,0.0258495145631,0.0436893203883,0.0292475728155,0.0219660194175,0.0848300970874,0.00594660194175,0.0231796116505,0.0497572815534,0.0157766990291,0.115776699029,0.0347087378641,0.0172330097087,0.0592233009709,0.00497572815534,0.00351941747573,0.00533980582524,0.0109223300971,0.00194174757282,0.00339805825243,0.000485436893204,0.00327669902913
0.00243177519589,0.00324236692786,0.0068900297217,0.022696568495,0.022156174007,0.0607943798973,0.0655228316671,0.0193191029451,0.0244528505809,0.00797081869765,0.0154012429073,0.0201296946771,0.044447446636,0.0128343690894,0.00256687381789,0.0114833828695,0.0383680086463,0.0616049716293,0.046338827344,0.0308024858146,0.0179681167252,0.0605241826533,0.00743042420967,0.0148608484193,0.0591731964334,0.0126992704674,0.135368819238,0.0359362334504,0.0182383139692,0.0828154552824,0.00756552283167,0.00324236692786,0.00432315590381,0.0104025938935,0.0021615779519,0.00418805728182,0.000810591731964,0.00283707106188
0.00408433601943,0.00695440997903,0.00463627331935,0.0533171431725,0.0544210177724,0.0366486367149,0.0280384148361,0.0102660337786,0.00695440997903,0.0296942267358,0.085881443868,0.0511093939728,0.0153438569379,0.0312396511756,0.0078375096589,0.0124737829783,0.0218567170769,0.0535379180925,0.0253891157964,0.0816867203886,0.0262722154763,0.0316812010156,0.0078375096589,0.0123633955183,0.0919527541671,0.0194281929573,0.0547521801523,0.0373109614748,0.014239982338,0.042940721934,0.0049674356993,0.00176619935975,0.00298046141958,0.0166685064577,0.00331162379954,0.00485704823932,0.000662324759907,0.00463627331935
0.00638440860215,0.00537634408602,0.010752688172,0.0480510752688,0.0446908602151,0.0460349462366,0.0473790322581,0.0154569892473,0.0104166666667,0.028561827957,0.0628360215054,0.0483870967742,0.0181451612903,0.0268817204301,0.0194892473118,0.0151209677419,0.0194892473118,0.0460349462366,0.0265456989247,0.0591397849462,0.0164650537634,0.0493951612903,0.00638440860215,0.0211693548387,0.0863575268817,0.0201612903226,0.0540994623656,0.03125,0.0171370967742,0.0480510752688,0.00504032258065,0.00134408602151,0.00470430107527,0.0141129032258,0.00268817204301,0.010752688172,0.000672043010753,0.00504032258065
0.00284090909091,0.00271739130435,0.00209980237154,0.0238389328063,0.0289031620553,0.0452075098814,0.0495306324111,0.0180335968379,0.00815217391304,0.0169219367589,0.0578063241107,0.0666996047431,0.0184041501976,0.0532361660079,0.0107460474308,0.0156867588933,0.0401432806324,0.0547183794466,0.0384140316206,0.0349555335968,0.0205039525692,0.029273715415,0.00457015810277,0.0098814229249,0.085597826087,0.0138339920949,0.0849802371542,0.0412549407115,0.0205039525692,0.0538537549407,0.00506422924901,0.00209980237154,0.00469367588933,0.0190217391304,0.00481719367589,0.00370553359684,0.000370553359684,0.00691699604743
0.00140252454418,0.00210378681627,0.00140252454418,0.031556802244,0.0252454417952,0.0532959326788,0.0420757363254,0.0336605890603,0.0133239831697,0.0119214586255,0.0308555399719,0.0483870967742,0.0371669004208,0.0280504908836,0.00771388499299,0.0175315568022,0.039270687237,0.0329593267882,0.031556802244,0.0301542776999,0.00631136044881,0.0575035063114,0.0182328190743,0.0126227208976,0.0687237026648,0.0196353436185,0.141654978962,0.0287517531557,0.0301542776999,0.0561009817672,0.00280504908836,0.00420757363254,0.00420757363254,0.0203366058906,0.00490883590463,0.00140252454418,0.0,0.00280504908836
0.000692760651195,0.00207828195359,0.00207828195359,0.024939383443,0.0176653966055,0.0415656390717,0.0457222029789,0.0308278489782,0.0110841704191,0.0117769310703,0.0387945964669,0.0505715275372,0.023207481815,0.0325597506062,0.00831312781434,0.0259785244198,0.0315206096294,0.0651195012123,0.0419120193973,0.0387945964669,0.0211291998614,0.0239002424662,0.00450294423277,0.0193972982335,0.0692760651195,0.0121233113959,0.119154832006,0.0419120193973,0.0256321440942,0.062002078282,0.00692760651195,0.00450294423277,0.00484932455837,0.0200900588847,0.00484932455837,0.00484932455837,0.00415656390717,0.00554208520956
0.00217028380634,0.00450751252087,0.00356149137451,0.0244852531998,0.0263772954925,0.0200333889816,0.0204229271007,0.00795770728993,0.00417362270451,0.0225375626043,0.0324986087924,0.0214802448525,0.0102392877017,0.0200890372844,0.00356149137451,0.00489705063996,0.0112409571508,0.031163049527,0.0226488592098,0.0740678909293,0.0190873678353,0.0386755703951,0.00634390651085,0.0119643850863,0.149860879243,0.0307178631052,0.103005008347,0.0866444073456,0.0363939899833,0.0801892042293,0.00489705063996,0.00339454646633,0.00300500834725,0.0355036171397,0.00818030050083,0.00845854201447,0.000333889816361,0.00523094045632
0.00266193433895,0.00532386867791,0.00443655723159,0.0245489500148,0.0248447204969,0.0286897367643,0.0248447204969,0.01123927832,0.00561963916001,0.0198166223011,0.0452528837622,0.0408163265306,0.0130139012127,0.0331262939959,0.00473232771369,0.00828157349896,0.0147885241053,0.0535344572612,0.0310559006211,0.0526471458148,0.0301685891748,0.039041703638,0.00828157349896,0.0124223602484,0.112688553682,0.0183377698906,0.105885832594,0.0677314404022,0.0313516711032,0.0813368825791,0.00591540964212,0.00207039337474,0.00325347530316,0.0221827861579,0.00384501626738,0.00384501626738,0.000591540964212,0.00177462289264
0.000899685110211,0.00294896786125,0.00364872294697,0.0177437896736,0.0126455740491,0.0363372819513,0.0390863197881,0.0124456440246,0.0093967111511,0.00659769080822,0.0162443144899,0.0163942620083,0.0259909031839,0.0126455740491,0.00324886289799,0.0116959064327,0.02604088569,0.0626780626781,0.0537811765882,0.0299895036737,0.0104463437797,0.0552806517719,0.00624781326536,0.0151446993552,0.0883690708252,0.0189933523267,0.126905583046,0.0621782376168,0.0369870545309,0.128305093217,0.00789723596741,0.00344879292248,0.00489828560004,0.0204428450042,0.00434847803269,0.00549807567351,0.000399860048983,0.00374868795921
0.00147347740668,0.00284872298625,0.00117878192534,0.0170923379175,0.0166011787819,0.0156188605108,0.0224950884086,0.00677799607073,0.00255402750491,0.0138506876228,0.0207269155206,0.0156188605108,0.00785854616896,0.0135559921415,0.00186640471513,0.00373280943026,0.00943025540275,0.0208251473477,0.0203339882122,0.0533398821218,0.0073673870334,0.0302554027505,0.00559921414538,0.00618860510806,0.148821218075,0.0296660117878,0.0878192534381,0.106483300589,0.0567779960707,0.138408644401,0.00844793713163,0.00432220039293,0.0073673870334,0.0568762278978,0.0152259332024,0.0138506876228,0.00108055009823,0.00766208251473
0.000656455142232,0.000656455142232,0.00131291028446,0.0157549234136,0.0142231947484,0.0155361050328,0.0201312910284,0.0113785557987,0.00459518599562,0.0089715536105,0.0207877461707,0.0247264770241,0.00984682713348,0.0199124726477,0.00284463894967,0.00481400437637,0.0142231947484,0.0231947483589,0.0225382932166,0.0262582056893,0.00831509846827,0.0450765864333,0.00503282275711,0.00962800875274,0.1295404814,0.0210065645514,0.092341356674,0.13238512035,0.0424507658643,0.144857768053,0.0133479212254,0.00503282275711,0.00415754923414,0.044420131291,0.0124726477024,0.0153172866521,0.0019693654267,0.010284463895
0.000977756049866,0.00281104864336,0.00287215839648,0.0116719628453,0.00934979222684,0.0226717184063,0.0259716450746,0.00751649963334,0.00592764605231,0.00580542654608,0.0147885602542,0.0170496211195,0.015216328526,0.0160718650697,0.0029332681496,0.00684429234906,0.0154607675385,0.0299437790271,0.034588120264,0.0244439012466,0.0100219995111,0.0333048154485,0.00458323148374,0.0106330970423,0.076509410902,0.0153996577854,0.140491322415,0.0861647518944,0.0409435345881,0.21156196529,0.0204717672941,0.0102664385236,0.00861647518944,0.0328770471767,0.00769982889269,0.00776093864581,0.000794426790516,0.00898313370814
0.00152052711607,0.00506842372022,0.00152052711607,0.0141915864166,0.0091231626964,0.0258489609731,0.021794221997,0.00709579320831,0.00608210846427,0.0091231626964,0.0248352762291,0.0243284338571,0.0207805372529,0.0243284338571,0.00304105423213,0.0106436898125,0.0187531677648,0.0243284338571,0.0273694880892,0.0354789660416,0.0111505321845,0.0537252914344,0.00405473897618,0.0091231626964,0.0562595032945,0.0121642169285,0.0562595032945,0.0390268626457,0.0288900152053,0.191079574252,0.0537252914344,0.023314749113,0.0319310694374,0.044602128738,0.0207805372529,0.0192600101368,0.000506842372022,0.0288900152053
0.00354924578527,0.000887311446318,0.000887311446318,0.0133096716948,0.00798580301686,0.0417036379769,0.0354924578527,0.00266193433895,0.00887311446318,0.0150842945874,0.01685891748,0.0186335403727,0.0133096716948,0.0133096716948,0.00177462289264,0.0159716060337,0.0275066548358,0.0541259982254,0.0266193433895,0.0177462289264,0.00532386867791,0.0221827861579,0.00354924578527,0.00887311446318,0.0372670807453,0.0115350488021,0.0842945874002,0.036379769299,0.0310559006211,0.197870452529,0.039041703638,0.0177462289264,0.0310559006211,0.0488021295475,0.0319432120674,0.0257320319432,0.00887311446318,0.0221827861579
0.000590318772137,0.000590318772137,0.00295159386068,0.0106257378985,0.0118063754427,0.0489964580874,0.0277449822904,0.00767414403778,0.00944510035419,0.0147579693034,0.0253837072019,0.0200708382527,0.0253837072019,0.0153482880756,0.0047225501771,0.0123966942149,0.0312868949233,0.0460448642267,0.0365997638725,0.0395513577332,0.00885478158205,0.0348288075561,0.00295159386068,0.0141676505313,0.0371900826446,0.00885478158205,0.0743801652893,0.0554899645809,0.0200708382527,0.143447461629,0.0548996458087,0.0141676505313,0.012987012987,0.0466351829988,0.0200708382527,0.0354191263282,0.00767414403778,0.0159386068477
0.00100826779593,0.00201653559185,0.000806614236741,0.0189554345634,0.016333938294,0.0149223633797,0.0147207098205,0.00625126033474,0.00403307118371,0.0129058277879,0.0225851986288,0.0298447267594,0.00806614236741,0.0173422060899,0.00282314982859,0.00564629965719,0.0137124420246,0.0248033877798,0.0135107884654,0.0399274047187,0.0106876386368,0.0360959870942,0.00342811050615,0.00766283524904,0.115950796532,0.0268199233716,0.0627142569066,0.118370639242,0.0461786650534,0.110102843315,0.0227868521879,0.00988102440008,0.0197620488002,0.0546481145392,0.0266182698125,0.0348860657391,0.00221818915104,0.0209719701553
0.00170068027211,0.00396825396825,0.0,0.00850340136054,0.0147392290249,0.015873015873,0.0136054421769,0.00566893424036,0.00396825396825,0.00907029478458,0.0300453514739,0.0289115646259,0.0102040816327,0.0204081632653,0.0,0.0062358276644,0.0136054421769,0.0209750566893,0.0136054421769,0.0391156462585,0.0124716553288,0.0323129251701,0.00396825396825,0.0124716553288,0.0691609977324,0.0170068027211,0.0442176870748,0.100907029478,0.0481859410431,0.120181405896,0.0374149659864,0.0187074829932,0.0238095238095,0.113945578231,0.0124716553288,0.0419501133787,0.0,0.030612244898
0.0,0.00174520069808,0.00349040139616,0.0174520069808,0.0273414776033,0.0174520069808,0.0139616055846,0.00349040139616,0.00232693426411,0.0087260034904,0.0401396160558,0.020942408377,0.0174520069808,0.0250145433392,0.00523560209424,0.00756253635835,0.0250145433392,0.043048283886,0.0157068062827,0.0593368237347,0.0133798720186,0.0174520069808,0.00465386852821,0.00465386852821,0.109365910413,0.021524141943,0.043048283886,0.0721349621873,0.0279232111693,0.0837696335079,0.0279232111693,0.022687609075,0.0308318789994,0.0814426992437,0.0238510762071,0.0255962769052,0.00349040139616,0.0308318789994
0.00149700598802,0.00299401197605,0.0,0.00898203592814,0.0164670658683,0.0284431137725,0.0134730538922,0.0119760479042,0.00149700598802,0.00748502994012,0.0913173652695,0.0718562874251,0.0104790419162,0.0389221556886,0.0104790419162,0.0059880239521,0.0194610778443,0.0254491017964,0.0134730538922,0.0434131736527,0.0284431137725,0.0419161676647,0.00898203592814,0.0104790419162,0.0748502994012,0.0269461077844,0.0434131736527,0.0553892215569,0.0553892215569,0.0778443113772,0.0209580838323,0.00449101796407,0.0104790419162,0.0733532934132,0.0104790419162,0.00299401197605,0.0104790419162,0.0194610778443
0.00112994350282,0.00338983050847,0.00112994350282,0.0101694915254,0.0169491525424,0.0112994350282,0.0135593220339,0.00734463276836,0.00508474576271,0.00960451977401,0.0790960451977,0.0372881355932,0.0237288135593,0.0412429378531,0.0045197740113,0.0141242937853,0.0225988700565,0.0350282485876,0.0197740112994,0.0553672316384,0.0231638418079,0.0677966101695,0.00395480225989,0.0242937853107,0.0474576271186,0.0197740112994,0.0423728813559,0.0480225988701,0.025988700565,0.0920903954802,0.025988700565,0.00790960451977,0.0180790960452,0.0536723163842,0.0271186440678,0.0209039548023,0.0112994350282,0.0276836158192
