0.258333333333,0.25,0.0958333333333,0.141666666667,0.0375,0.0458333333333,0.0166666666667,0.00833333333333,0.0,0.0166666666667,0.0208333333333,0.0125,0.0,0.00416666666667,0.00833333333333,0.0,0.0,0.0208333333333,0.0,0.0166666666667,0.0,0.0,0.0,0.0,0.00416666666667,0.00416666666667,0.0,0.0166666666667,0.0,0.0125,0.0,0.0,0.0,0.0,0.0,0.00833333333333,0.0,0.0
0.0280639431616,0.222380106572,0.110124333925,0.323268206039,0.0404973357016,0.0884547069272,0.0326820603908,0.00355239786856,0.00248667850799,0.00532859680284,0.0213143872114,0.0177619893428,0.0056838365897,0.00461811722913,0.000355239786856,0.000710479573712,0.00852575488455,0.00284191829485,0.00213143872114,0.0159857904085,0.00355239786856,0.00746003552398,0.000355239786856,0.00106571936057,0.0138543516874,0.00213143872114,0.00817051509769,0.00461811722913,0.00248667850799,0.00817051509769,0.00248667850799,0.0,0.00142095914742,0.00603907637655,0.000710479573712,0.0,0.000355239786856,0.000355239786856
0.0159779614325,0.178512396694,0.299173553719,0.0898071625344,0.0148760330579,0.265013774105,0.0413223140496,0.00330578512397,0.0,0.00220385674931,0.0110192837466,0.00606060606061,0.00275482093664,0.00165289256198,0.0,0.0,0.00550964187328,0.00110192837466,0.00440771349862,0.00495867768595,0.00165289256198,0.00495867768595,0.0,0.00165289256198,0.00716253443526,0.00220385674931,0.00881542699725,0.00110192837466,0.00220385674931,0.0159779614325,0.00330578512397,0.0,0.00165289256198,0.00165289256198,0.0,0.0,0.0,0.0
0.0101702932829,0.0727688426364,0.0298013245033,0.35371333964,0.120979186377,0.140807316304,0.0624408703879,0.0105250709555,0.0054399243141,0.0100520340587,0.027830337433,0.0251497950173,0.00819930621255,0.0108010091454,0.00189214758751,0.00532166508988,0.00634657836645,0.00595238095238,0.00496688741722,0.0128902554399,0.00465152948597,0.0108010091454,0.00106433301798,0.0030353200883,0.0145064648376,0.00319299905393,0.0122595395774,0.00555818353832,0.0036266162094,0.00894828129927,0.000630715862504,0.000315357931252,0.000748975086723,0.00228634500158,0.000591296121097,0.00110375275938,0.000157678965626,0.000473036896878
0.00707432102781,0.0243942104407,0.0108147666287,0.241746625468,0.0979834119369,0.095869247032,0.0783054155147,0.0228492437795,0.00943242803708,0.0224426736055,0.0599284436494,0.0469995121158,0.0157749227517,0.0191087981786,0.00577329647097,0.0134168157424,0.0163441209953,0.0157749227517,0.0107334525939,0.0328508700602,0.0134168157424,0.0284599121808,0.00243942104407,0.00512278419255,0.0311432753293,0.00406570174012,0.021385591153,0.0130102455684,0.00593592454058,0.0134168157424,0.00121971052204,0.000406570174012,0.000894454382826,0.0068303789234,0.00162628069605,0.00170759473085,8.13140348024e-05,0.00121971052204
0.0029936956292,0.0166942556264,0.0484978691931,0.136371640897,0.0366639664706,0.332546754482,0.184517310605,0.0202162504843,0.0161307364491,0.00313457542352,0.0107773042651,0.0175395343923,0.0205332300215,0.00718486951009,0.00165533758321,0.00461381326383,0.0175395343923,0.0104603247279,0.0126439615398,0.00552953192688,0.00419117388089,0.0146514986088,0.00179621737752,0.00489557285246,0.00986158560209,0.00218363681189,0.0206036699186,0.00704398971578,0.00422639382947,0.0146162786602,0.0011622583031,0.00095093861163,0.00144401789173,0.00324023526926,0.000810058817314,0.000915718663051,0.000176099742894,0.000986158560209
0.00218574152444,0.0113937590104,0.0152536855323,0.0858484862577,0.0452495000698,0.290099055946,0.171045900572,0.0278565781519,0.0224154769102,0.0052085755476,0.0143700878947,0.0245547132958,0.0375761521648,0.0104171510952,0.00479002929824,0.00925452262475,0.0340417616147,0.0187415709436,0.0207412919128,0.00832441984839,0.00711528623913,0.0236246105195,0.00381342138306,0.0067897502674,0.0152071803934,0.00283681346789,0.0289261963447,0.0099055945682,0.00669673998977,0.0217178998279,0.00139515416454,0.00190671069153,0.00186020555271,0.00492954471469,0.000930102776357,0.00232525694089,0.000186020555271,0.000465051388178
0.000517152215135,0.00379244957766,0.00379244957766,0.0739527667644,0.0543009825892,0.16014480262,0.129632821927,0.016721254956,0.0158593345975,0.00413721772108,0.0244785381831,0.0274090674022,0.0262023789002,0.0218927771074,0.00637821065334,0.0239613859679,0.0515428374418,0.0408550249957,0.0410274090674,0.0175831753146,0.0106878124461,0.0337872780555,0.00948112394415,0.0189622478883,0.030511980693,0.00706774694018,0.0637821065334,0.0175831753146,0.0105154283744,0.026891915187,0.00224099293225,0.00172384071712,0.00430960179279,0.0103430443027,0.00206860886054,0.0029305292191,0.000344768143424,0.00258576107568
0.0,0.00593387962701,0.0144108505227,0.057643402091,0.0375812376378,0.249222944335,0.229160779881,0.0101723650749,0.0183667702741,0.00452105114439,0.0152585476123,0.0194970330602,0.0282565696524,0.011302627861,0.00169539417915,0.00904210228878,0.0443628143543,0.0370161062447,0.0387115004238,0.00649901102006,0.00678157671659,0.0197795987567,0.00310822266177,0.00621644532354,0.011302627861,0.00988979937836,0.0497315625883,0.00932466798531,0.00480361684092,0.0268437411698,0.0011302627861,0.00141282848262,0.00282565696524,0.00254309126872,0.00169539417915,0.00197795987567,0.000565131393049,0.00141282848262
0.00428571428571,0.0145714285714,0.00714285714286,0.124,0.101428571429,0.0422857142857,0.038,0.014,0.00457142857143,0.042,0.0691428571429,0.0468571428571,0.0117142857143,0.0242857142857,0.004,0.0105714285714,0.0154285714286,0.0185714285714,0.00914285714286,0.0845714285714,0.0277142857143,0.0445714285714,0.00257142857143,0.00571428571429,0.0834285714286,0.016,0.03,0.0314285714286,0.0117142857143,0.028,0.00142857142857,0.002,0.00142857142857,0.0162857142857,0.00114285714286,0.00628571428571,0.000571428571429,0.00314285714286
0.00286259541985,0.0107347328244,0.00536736641221,0.0850429389313,0.0842080152672,0.0499761450382,0.0443702290076,0.0157442748092,0.00978053435115,0.0248091603053,0.0536736641221,0.0460400763359,0.0183683206107,0.0168177480916,0.00727576335878,0.021588740458,0.0260019083969,0.0298187022901,0.013358778626,0.0675095419847,0.0206345419847,0.0808683206107,0.0110925572519,0.0114503816794,0.0673902671756,0.0125238549618,0.0428196564885,0.0357824427481,0.0151479007634,0.0375715648855,0.00250477099237,0.00143129770992,0.00190839694656,0.0124045801527,0.00417461832061,0.00405534351145,0.000477099236641,0.00441316793893
0.00157695542473,0.00777964676198,0.00378469301934,0.0824222035324,0.0667577796468,0.0694911690496,0.0695962994113,0.0168208578638,0.015559293524,0.0185029436501,0.0441547518923,0.0340622371741,0.0180824222035,0.0352186711522,0.00557190916737,0.0239697224558,0.0332211942809,0.043944491169,0.0222876366695,0.032590412111,0.0263877207738,0.090622371741,0.0119848612279,0.0206055508831,0.0435239697225,0.0119848612279,0.0476240538267,0.023338940286,0.015559293524,0.030487804878,0.0034693019344,0.00178721614802,0.00231286795627,0.011354079058,0.0030487804878,0.00452060555088,0.000735912531539,0.00525651808242
0.0025922537359,0.00396462336078,0.00655687709668,0.0484903934126,0.0323269289418,0.139219274169,0.149588289113,0.0140286672766,0.0215004574565,0.00518450747179,0.0236352546508,0.0254650808173,0.029582189692,0.0198231168039,0.00213479719427,0.0144861238182,0.0390362915523,0.0497102775236,0.0649588289113,0.0154010369015,0.00991155840195,0.0423909728576,0.00853918877707,0.0182982616651,0.02714242147,0.00823421774931,0.0731930466606,0.0187557182068,0.0137236962489,0.0446782555657,0.00335468130528,0.00198231168039,0.0032021957914,0.00945410186032,0.0025922537359,0.00411710887466,0.000152485513876,0.0025922537359
0.00126285405015,0.00559263936496,0.00667508569367,0.0396896987191,0.0519574237777,0.0736063503518,0.0627818870648,0.0223705574599,0.0113656864514,0.0165975103734,0.0317517589753,0.0535810932708,0.0297672740393,0.0281436045463,0.00541223164351,0.0147934331589,0.0342774670756,0.0335558361898,0.025617896446,0.0461843766913,0.0263395273318,0.106079740213,0.00631427025077,0.0245354501173,0.0432978531481,0.0147934331589,0.0611582175717,0.027241565939,0.0137109868302,0.0353599134043,0.00252570810031,0.00306693126466,0.00451019303626,0.0165975103734,0.00505141620061,0.00577304708642,0.000541223164351,0.00811834746527
0.0016,0.0072,0.0032,0.0408,0.0408,0.0424,0.0768,0.02,0.012,0.0152,0.048,0.0288,0.0192,0.0144,0.0104,0.008,0.0288,0.0496,0.0408,0.0288,0.0272,0.0816,0.0128,0.0392,0.0472,0.0168,0.084,0.0304,0.0256,0.0528,0.0048,0.0008,0.0056,0.0176,0.0064,0.0072,0.0008,0.0024
0.00066203243959,0.00297914597815,0.00529625951672,0.0383978814962,0.0327706057597,0.116517709368,0.138695796094,0.0453492221119,0.0218470705065,0.011254551473,0.0380668652764,0.0413770274743,0.0321085733201,0.0198609731877,0.00165508109897,0.0165508109897,0.0251572327044,0.0178748758689,0.0350877192982,0.0208540218471,0.0165508109897,0.0648791790798,0.0135716650116,0.0221780867262,0.0278053624628,0.0102615028136,0.0675273088381,0.0228401191658,0.0172128434293,0.0407149950348,0.00529625951672,0.00165508109897,0.00529625951672,0.0122476001324,0.00264812975836,0.00331016219795,0.000331016219795,0.00331016219795
0.000783085356304,0.00673453406421,0.00532498042287,0.0319498825372,0.0335160532498,0.101331245106,0.107595927956,0.0244322631167,0.0266249021143,0.00657791699295,0.0286609240407,0.0377447141738,0.032419733751,0.0277212216132,0.00532498042287,0.00908379013312,0.0333594361785,0.0310101801096,0.0590446358653,0.0238057948316,0.0214565387627,0.0717306186374,0.00892717306186,0.0166014095536,0.032419733751,0.0101801096319,0.0961628817541,0.0166014095536,0.0131558339859,0.0469851213782,0.00469851213782,0.00375880971026,0.00266249021143,0.00861393891934,0.00328895849648,0.00501174628034,0.000783085356304,0.00391542678152
0.000380710659898,0.00368020304569,0.00355329949239,0.0284263959391,0.0236040609137,0.0766497461929,0.0785532994924,0.019923857868,0.0206852791878,0.00850253807107,0.0293147208122,0.0404822335025,0.0406091370558,0.0206852791878,0.00431472081218,0.00977157360406,0.0255076142132,0.0276649746193,0.0454314720812,0.0345177664975,0.0222081218274,0.0823604060914,0.00583756345178,0.021192893401,0.046192893401,0.0154822335025,0.109644670051,0.0345177664975,0.0175126903553,0.0654822335025,0.00406091370558,0.00304568527919,0.00710659898477,0.0125634517766,0.00177664974619,0.00456852791878,0.000380710659898,0.00380710659898
0.00136314067612,0.00504362050164,0.00381679389313,0.0254907306434,0.0197655398037,0.0631134133043,0.0700654307525,0.0174482006543,0.0204471101418,0.00736095965104,0.0186750272628,0.0219465648855,0.0441657579062,0.0171755725191,0.00422573609597,0.011586695747,0.0357142857143,0.0545256270447,0.0447110141767,0.0253544165758,0.0147219193021,0.0590239912759,0.00613413304253,0.0179934569248,0.0520719738277,0.0152671755725,0.139040348964,0.0377589967285,0.0224918211559,0.0869683751363,0.00504362050164,0.00258996728462,0.00477099236641,0.0143129770992,0.00340785169029,0.00327153762268,0.000681570338059,0.00245365321701
0.00366015971606,0.0109804791482,0.0043256433008,0.0449201419698,0.051685891748,0.042701863354,0.0381543921917,0.0096495119787,0.00743123336291,0.0347160603372,0.0899511978705,0.0464729370009,0.0167480035492,0.034272404614,0.00632209405501,0.0116459627329,0.0252883762201,0.0480257320319,0.023181011535,0.0740905057675,0.0227373558119,0.0309449866903,0.00709849157054,0.0124223602484,0.0866237799468,0.0157497781721,0.0546805678793,0.0387089618456,0.0135314995563,0.0465838509317,0.00488021295475,0.00199645075421,0.00343833185448,0.0188553682343,0.00343833185448,0.00720940550133,0.000665483584738,0.00621118012422
0.00408580183861,0.0102145045965,0.00715015321757,0.0558392917943,0.0497105890364,0.0524344569288,0.0422199523323,0.0132788559755,0.00715015321757,0.0292815798434,0.063670411985,0.0514130064692,0.0160027238679,0.0296220633299,0.0129383724889,0.0180456247872,0.0286006128703,0.053796390875,0.0306435137896,0.0646918624447,0.0177051413006,0.0514130064692,0.00408580183861,0.0143003064351,0.0708205652026,0.0129383724889,0.0524344569288,0.0251957780048,0.0146407899217,0.0493701055499,0.00715015321757,0.00510725229826,0.00306435137896,0.013619339462,0.00612870275792,0.00612870275792,0.000680966973102,0.00442628532516
0.0015713767678,0.00483500543938,0.00338450380757,0.0274386558685,0.0267134050526,0.0425480478666,0.047020427898,0.0175268947178,0.00906563519884,0.015834642814,0.0560860630968,0.0669648253354,0.0198235223015,0.0448446754503,0.0101535114227,0.0165598936299,0.0366251662033,0.0575365647286,0.0453281759942,0.038921793787,0.0172851444458,0.0299770337242,0.00604375679923,0.00918651033482,0.0788105886619,0.0129336395503,0.0991176115073,0.0355372899795,0.0170433941738,0.0616463193521,0.00278012812764,0.00278012812764,0.00302187839961,0.0182521455337,0.00362625407954,0.0054393811193,0.000483500543938,0.00725250815907
0.0021978021978,0.0029304029304,0.003663003663,0.029304029304,0.032967032967,0.0461538461538,0.0586080586081,0.0307692307692,0.0190476190476,0.00732600732601,0.025641025641,0.0556776556777,0.03663003663,0.0227106227106,0.003663003663,0.0205128205128,0.0278388278388,0.0307692307692,0.0336996336996,0.0307692307692,0.014652014652,0.0520146520147,0.0197802197802,0.0153846153846,0.0622710622711,0.010989010989,0.139926739927,0.0395604395604,0.0307692307692,0.0527472527473,0.00952380952381,0.0043956043956,0.00586080586081,0.0117216117216,0.003663003663,0.003663003663,0.0,0.0021978021978
0.00299737729487,0.00711877107531,0.00599475458973,0.0191082802548,0.0247283626827,0.0472086923942,0.0460846759086,0.0303484451105,0.010490820532,0.0153615586362,0.0340951667291,0.0509554140127,0.0295991007868,0.0284750843012,0.00711877107531,0.0277257399775,0.0359685275384,0.0614462345448,0.0382165605096,0.0355938553765,0.0228550018734,0.0295991007868,0.00786811539903,0.0146122143125,0.0670663169726,0.00861745972274,0.115773698014,0.0355938553765,0.0266017234919,0.0659423004871,0.010490820532,0.00337204945673,0.00524541026602,0.0101161483702,0.00374672161858,0.00562008242788,0.0,0.00824278756088
0.0014730878187,0.00351274787535,0.0028895184136,0.0249291784703,0.0253824362606,0.017507082153,0.0213597733711,0.00606232294618,0.00436260623229,0.0206798866856,0.0353541076487,0.0196600566572,0.00963172804533,0.0186968838527,0.00396600566572,0.00498583569405,0.0101416430595,0.0333144475921,0.0270821529745,0.0779603399433,0.0153541076487,0.0386402266289,0.00583569405099,0.0111614730878,0.142946175637,0.0340509915014,0.103682719547,0.088328611898,0.0378470254958,0.0835127478754,0.00668555240793,0.00232294617564,0.00447592067989,0.0332577903683,0.0071954674221,0.0101416430595,0.000396600566572,0.00521246458924
0.00240312406128,0.0090117152298,0.00210273355362,0.0279363172124,0.0243316311205,0.0276359267047,0.0276359267047,0.0075097626915,0.00690898167618,0.0153199158907,0.0465605286873,0.0378492039652,0.0138179633524,0.0258335836588,0.00510663863022,0.00961249624512,0.0177230399519,0.0492640432562,0.0348452988886,0.0525683388405,0.0225292880745,0.0378492039652,0.00871132472214,0.00991288675278,0.123460498648,0.0153199158907,0.0955241814359,0.0805046560529,0.0357464704115,0.0729948933614,0.0090117152298,0.00330429558426,0.00480624812256,0.0231300690898,0.00330429558426,0.00540702913788,0.00030039050766,0.00420546710724
0.00132391879965,0.00284397371776,0.00377562028047,0.0156418554477,0.0135333921742,0.0406001765225,0.0376581347455,0.0127978817299,0.00897322741983,0.00617828773169,0.0138275963519,0.0182406590174,0.0233892321271,0.0137785623223,0.00294204177699,0.0105423163676,0.0259880356968,0.0630577620869,0.0567323722664,0.0294204177699,0.0128469157595,0.0549671472002,0.00549181131705,0.0129940178484,0.0884573894283,0.0190742375208,0.118662351672,0.0617828773169,0.0388349514563,0.131901539669,0.00755124056095,0.00451113072472,0.00441306266549,0.0213298028832,0.0056389134059,0.00578601549475,0.000588408355399,0.00392272236932
0.000998402555911,0.00279552715655,0.00129792332268,0.013678115016,0.0126797124601,0.0174720447284,0.0177715654952,0.0055910543131,0.00399361022364,0.010982428115,0.0189696485623,0.0173722044728,0.00688897763578,0.0113817891374,0.002196485623,0.00419329073482,0.0104832268371,0.0244608626198,0.0212659744409,0.0459265175719,0.00958466453674,0.0244608626198,0.00429313099042,0.00838658146965,0.157348242812,0.026857028754,0.0946485623003,0.105031948882,0.0569089456869,0.140475239617,0.0116813099042,0.00469249201278,0.00539137380192,0.0616014376997,0.0150758785942,0.0143769968051,0.000898562300319,0.00788738019169
0.000441014332966,0.000882028665932,0.0,0.0167585446527,0.0178610804851,0.0136714443219,0.0185226019846,0.00551267916207,0.00352811466373,0.00727673649394,0.0246968026461,0.0233737596472,0.0101433296582,0.0205071664829,0.00286659316428,0.00617420066152,0.00815876515987,0.0244762954796,0.0200661521499,0.0275633958104,0.0114663726571,0.0363836824697,0.00441014332966,0.0101433296582,0.114884233738,0.0200661521499,0.0943770672547,0.133847850055,0.051157662624,0.159206174201,0.012789415656,0.00551267916207,0.00551267916207,0.0535832414553,0.0143329658214,0.0101433296582,0.00110253583241,0.00859977949283
0.000498225073177,0.0031761848415,0.00261568163418,0.0127670175002,0.0112723422806,0.0219841813539,0.0247866973905,0.00884349504889,0.00585414460983,0.00591642274397,0.016503705549,0.0168773743539,0.0154449772685,0.0184966058417,0.0031761848415,0.00579186647568,0.0180606589027,0.0290838886467,0.0387369994395,0.0226069626954,0.00853210437815,0.0363704303419,0.00485769446347,0.00890577318304,0.0808992962571,0.0195553341222,0.134894438563,0.0832035872205,0.0387992775736,0.207012517905,0.0184343277075,0.00934172012207,0.00691287289033,0.0325091860248,0.0100267795977,0.00641464781715,0.00236656909759,0.00846982624401
0.002828854314,0.00471475719,0.003771805752,0.018387553041,0.011786892975,0.030645921735,0.027345591702,0.003300330033,0.00754361150401,0.00707213578501,0.027817067421,0.033946251768,0.021687883074,0.026402640264,0.003300330033,0.00895803866101,0.024045261669,0.031117397454,0.020273455917,0.034417727487,0.010843941537,0.04243281471,0.00754361150401,0.00848656294201,0.048561999057,0.00942951438001,0.0561056105611,0.044790193305,0.032060348892,0.175388967468,0.036303630363,0.016030174446,0.027345591702,0.0504479019331,0.020273455917,0.029702970297,0.001414427157,0.033474776049
0.00279589934762,0.00186393289842,0.000931966449208,0.0121155638397,0.00372786579683,0.0344827586207,0.0363466915191,0.0130475302889,0.00838769804287,0.0102516309413,0.0177073625349,0.022367194781,0.0167753960857,0.0205032618826,0.00372786579683,0.00465983224604,0.0205032618826,0.071761416589,0.0288909599254,0.0428704566636,0.00931966449208,0.0354147250699,0.00559179869525,0.0111835973905,0.0484622553588,0.00745573159366,0.0810810810811,0.0354147250699,0.0195712954334,0.201304753029,0.0307548928239,0.0121155638397,0.0260950605778,0.0503261882572,0.0149114631873,0.0195712954334,0.00279589934762,0.0149114631873
0.0,0.00351493848858,0.00175746924429,0.0140597539543,0.0105448154657,0.0386643233743,0.0316344463972,0.00761570005858,0.00937316930287,0.0105448154657,0.0251903925015,0.0210896309315,0.0298769771529,0.0298769771529,0.00351493848858,0.0117164616286,0.0369068541301,0.066783831283,0.0333919156415,0.0369068541301,0.0105448154657,0.0251903925015,0.00644405389572,0.0146455770357,0.0439367311072,0.0105448154657,0.0579964850615,0.0445225541886,0.02050380785,0.14352665495,0.0310486233158,0.0181605155243,0.0257762155829,0.0386643233743,0.0210896309315,0.0304628002343,0.00937316930287,0.02460456942
0.000410846343468,0.00328677074774,0.00225965488907,0.0141741988496,0.0139687756779,0.0133525061627,0.0180772391126,0.00944946589975,0.00267050123254,0.00801150369762,0.0238290879211,0.0221857025472,0.00821692686935,0.0207477403451,0.00308134757601,0.00534100246508,0.010065735415,0.0244453574363,0.01540673788,0.0351273623665,0.0121199671323,0.0341002465078,0.00349219391947,0.00883319638455,0.115242399343,0.0203368940016,0.0651191454396,0.124486442071,0.0443714050945,0.120377978636,0.0295809367297,0.00801150369762,0.0106820049302,0.0616269515201,0.0306080525883,0.0371815940838,0.00205423171734,0.0176663927691
0.00307692307692,0.00369230769231,0.00246153846154,0.0135384615385,0.0104615384615,0.0184615384615,0.0123076923077,0.008,0.00307692307692,0.00923076923077,0.0387692307692,0.0215384615385,0.00738461538462,0.0307692307692,0.00492307692308,0.0116923076923,0.0116923076923,0.0307692307692,0.0129230769231,0.0381538461538,0.00984615384615,0.0227692307692,0.00615384615385,0.0110769230769,0.0787692307692,0.0215384615385,0.0492307692308,0.111384615385,0.0356923076923,0.137846153846,0.0369230769231,0.0129230769231,0.0258461538462,0.0812307692308,0.0110769230769,0.0283076923077,0.0,0.0264615384615
0.00223964165733,0.00223964165733,0.00111982082867,0.023516237402,0.021836506159,0.0212765957447,0.0173572228443,0.00839865621501,0.00391937290034,0.010078387458,0.0347144456887,0.0296752519597,0.010078387458,0.01679731243,0.005039193729,0.0106382978723,0.0179171332587,0.0442329227324,0.0139977603583,0.058790593505,0.0162374020157,0.0156774916013,0.005039193729,0.0139977603583,0.101903695409,0.0145576707727,0.0475923852184,0.0862262038074,0.030235162374,0.0711086226204,0.0223964165733,0.0179171332587,0.0240761478163,0.0968645016797,0.026875699888,0.025195968645,0.00111982082867,0.0291153415454
0.00156494522692,0.0,0.00156494522692,0.00469483568075,0.018779342723,0.0234741784038,0.0266040688576,0.00782472613459,0.00625978090767,0.0109546165884,0.093896713615,0.0453834115806,0.0109546165884,0.0579029733959,0.0109546165884,0.0125195618153,0.0266040688576,0.0172143974961,0.0172143974961,0.0532081377152,0.0500782472613,0.0359937402191,0.0,0.0281690140845,0.0845070422535,0.0156494522692,0.0406885758998,0.0579029733959,0.018779342723,0.0876369327074,0.018779342723,0.00782472613459,0.00625978090767,0.0594679186228,0.00312989045383,0.0140845070423,0.0125195618153,0.0109546165884
0.00064892926671,0.00064892926671,0.00194678780013,0.0149253731343,0.00713822193381,0.0149253731343,0.0149253731343,0.0103828682674,0.00973393900065,0.0129785853342,0.0622972096042,0.0343932511356,0.0149253731343,0.0415314730694,0.00908500973394,0.0110317975341,0.0304996755354,0.0292018170019,0.0207657365347,0.0519143413368,0.0240103828683,0.0519143413368,0.00194678780013,0.0175210902012,0.0467229072031,0.0220635950681,0.04931862427,0.0609993510707,0.0240103828683,0.10058403634,0.0233614536016,0.0162232316677,0.0162232316677,0.0733290071382,0.0324464633355,0.0240103828683,0.00324464633355,0.0181700194679
