0,0,0,3,0,0,0,0,0,0,0,0,0,0,0,0,0,0,0,0,0,0,0,0,0,0,0,0,0,0,0,0,0,0,0,0,0,0
1,5,5,7,2,3,0,0,0,1,0,0,0,0,0,0,0,0,0,1,0,0,0,0,2,0,0,0,0,0,0,0,0,0,0,0,0,0
0,3,8,3,0,8,0,0,0,0,0,0,0,0,0,0,2,0,0,0,0,1,0,0,0,0,0,0,0,0,0,0,0,0,0,0,0,0
6,27,10,119,39,42,22,2,0,3,8,5,3,2,0,3,6,6,1,6,6,4,1,0,7,1,2,0,0,2,0,0,0,3,0,0,0,0
0,2,0,41,16,17,16,2,1,4,8,10,1,5,2,7,1,3,3,14,3,7,0,0,6,1,3,0,4,1,0,1,0,4,0,0,0,0
0,7,8,28,13,82,44,11,12,3,3,3,7,2,0,4,10,7,3,4,0,7,0,0,9,0,5,0,1,3,0,0,1,2,0,1,0,0
0,2,1,18,16,68,30,8,6,2,1,1,13,2,0,5,8,8,6,7,2,15,0,2,4,1,13,4,0,9,1,0,0,1,0,0,0,0
0,0,0,10,3,6,5,2,1,0,2,3,8,6,0,0,5,4,2,0,4,2,0,0,0,1,8,0,1,2,0,0,0,3,0,0,0,0
0,0,1,3,6,14,9,0,1,0,0,1,4,1,2,1,2,2,4,0,1,1,0,1,0,0,0,0,1,3,1,0,0,0,0,0,0,0
0,3,0,4,6,2,1,0,3,1,4,1,0,0,0,1,1,2,2,5,2,5,1,4,9,1,1,3,2,2,2,0,0,0,0,0,0,0
0,0,2,8,6,1,5,10,1,1,2,1,4,0,0,0,4,4,4,11,5,7,0,1,6,1,7,6,4,3,0,1,0,2,1,0,0,0
0,0,2,14,12,9,9,3,2,4,3,4,1,4,0,1,1,9,5,11,2,11,3,4,5,0,4,4,2,1,5,0,0,0,0,0,0,1
0,0,0,3,2,16,12,2,2,0,3,2,1,2,0,0,4,7,6,0,2,4,1,1,3,0,6,3,0,3,0,1,0,0,0,0,0,0
0,2,0,4,4,1,3,1,2,1,3,6,1,1,2,0,1,2,1,10,2,13,0,1,5,3,3,2,0,1,0,0,0,0,1,0,0,3
0,0,0,3,1,0,2,2,0,1,2,0,3,0,0,1,0,0,0,1,0,1,0,1,0,0,1,0,0,0,1,0,0,0,0,0,0,0
0,0,0,2,3,8,6,0,0,1,0,1,2,1,0,2,1,1,0,1,0,2,0,6,0,1,3,0,0,0,0,0,0,1,1,1,0,1
0,0,0,5,2,13,8,3,0,1,0,5,1,5,1,1,3,2,8,4,2,9,1,2,0,2,11,10,0,9,0,1,0,1,0,0,0,0
0,0,1,8,4,7,9,2,6,2,5,1,3,1,1,2,4,2,8,1,0,7,0,1,7,1,15,6,2,6,0,2,0,0,0,0,0,0
0,0,0,2,2,4,7,0,3,1,1,6,7,2,0,0,1,7,10,1,2,4,0,0,12,0,22,4,0,10,0,3,0,0,1,0,0,0
0,0,0,4,2,6,2,2,1,1,22,11,1,4,2,3,2,4,4,13,2,8,1,1,16,1,11,3,0,3,2,0,0,1,1,0,0,1
4,0,0,1,3,1,1,1,0,1,0,1,1,1,0,3,2,3,1,5,1,3,0,1,3,0,3,1,0,2,2,0,0,0,0,0,0,1
2,1,0,1,0,11,5,2,1,0,2,7,0,2,1,0,7,10,4,2,1,2,1,0,13,0,13,3,2,18,0,1,1,4,0,0,0,1
0,2,0,1,0,0,0,2,0,0,0,1,0,0,0,1,0,2,1,0,1,0,0,1,0,0,1,2,1,1,0,0,0,0,0,0,0,0
0,0,0,3,4,0,0,2,0,1,4,0,3,2,0,3,3,5,5,2,0,1,0,0,0,0,6,0,0,2,0,0,0,0,0,0,0,0
0,2,0,3,7,10,8,2,0,5,10,5,2,4,1,1,5,3,6,18,6,11,3,4,42,7,45,20,13,21,1,1,0,8,2,3,0,4
1,3,0,2,4,0,4,0,2,1,5,2,0,2,2,0,2,5,1,3,1,0,0,2,6,0,7,1,3,4,0,0,0,0,0,0,0,0
2,0,0,4,2,10,4,3,2,1,1,4,12,5,1,4,5,14,17,7,1,16,2,2,27,5,21,16,6,33,2,0,3,11,6,2,1,1
0,0,0,3,3,0,0,0,0,0,4,4,1,0,0,0,1,2,5,7,2,5,2,1,26,1,13,12,8,28,0,1,3,7,1,3,0,3
0,0,0,0,1,0,0,0,0,0,0,0,3,0,1,0,1,1,2,2,0,1,2,2,12,1,5,7,3,9,0,0,1,2,0,1,0,0
0,0,0,5,1,2,3,0,2,0,6,6,5,4,1,0,5,8,7,9,3,5,3,2,24,1,24,17,10,68,0,4,2,8,1,5,0,3
0,0,0,0,0,3,1,0,0,0,3,1,1,3,0,0,1,0,0,2,1,2,0,0,4,1,0,0,0,3,1,0,2,1,1,0,0,3
0,0,0,0,0,0,2,0,0,0,1,0,0,0,0,0,2,1,0,0,0,0,0,1,0,0,1,1,0,4,0,1,0,5,0,0,0,1
0,0,0,0,0,0,0,0,0,0,1,0,0,0,0,0,1,0,0,0,1,0,1,1,1,0,0,3,0,3,0,0,0,0,3,3,2,1
0,1,2,3,4,0,3,0,0,0,2,5,0,2,0,0,0,2,1,2,3,5,0,0,8,0,2,7,5,8,0,0,0,1,0,1,0,2
0,0,0,0,0,2,0,0,0,0,0,0,0,1,0,0,0,2,0,0,0,0,0,2,0,0,0,1,1,3,0,0,0,4,0,0,0,0
0,0,0,1,0,0,0,0,0,2,2,0,0,0,0,1,0,0,0,2,0,1,0,0,5,0,2,0,0,2,1,1,2,0,0,0,0,1
0,0,0,0,0,0,0,0,0,0,0,0,0,0,0,0,0,0,0,0,1,0,1,1,1,0,0,0,0,0,0,0,0,1,0,0,0,1
0,0,0,0,5,1,0,0,0,0,0,1,0,1,0,2,1,0,0,3,0,2,0,1,2,0,2,1,0,1,1,0,0,4,0,0,0,0
