0,0,0,1,0,0,0,0,0,0,0,0,0,0,0,0,0,0,0,0,0,0,0,0,0,0,0,0,0,0,0,0,0,0,0,0,0,0
0,11,3,14,2,0,3,0,0,0,1,0,0,0,0,0,0,0,0,0,0,0,0,0,1,0,0,0,0,0,0,1,0,0,0,0,0,0
0,2,6,0,0,2,0,0,0,0,1,0,0,0,0,0,0,0,0,0,0,0,0,0,1,0,0,0,0,0,0,0,0,0,1,0,0,0
6,28,6,114,35,38,17,2,1,6,13,4,4,3,0,2,1,4,2,2,2,7,0,1,4,2,2,2,2,2,0,0,0,0,0,0,0,0
0,3,0,37,22,10,8,8,2,1,6,4,3,6,3,5,3,5,1,5,0,7,0,1,3,2,3,3,1,2,0,0,0,1,0,0,0,2
0,3,11,27,15,101,58,7,4,1,2,7,4,3,0,4,5,2,1,1,4,4,1,3,8,0,6,3,3,5,1,0,0,2,3,1,0,0
2,0,9,16,12,63,46,5,10,2,0,4,9,2,0,4,8,10,8,4,1,10,1,2,5,0,8,2,0,4,1,0,0,1,0,0,0,0
0,1,2,10,6,9,9,0,0,1,5,7,5,2,0,6,2,5,1,0,1,5,2,0,4,2,7,0,1,2,0,1,0,0,4,0,0,0
0,0,0,5,1,15,9,2,2,0,1,2,0,2,0,1,6,2,1,0,0,0,0,0,1,1,0,0,1,2,0,0,0,0,0,0,0,0
0,0,0,12,8,2,2,1,1,4,3,1,0,2,0,0,5,0,0,8,4,6,0,2,1,3,3,2,0,0,0,0,0,2,0,0,0,1
0,2,1,6,11,7,8,1,1,5,0,2,6,0,3,0,5,4,1,2,5,13,0,0,4,2,2,1,1,5,0,0,0,2,0,0,0,0
0,0,0,11,7,10,3,2,1,1,9,0,4,4,0,2,3,6,7,9,4,7,0,0,6,0,7,3,2,4,0,0,0,1,1,0,0,0
1,0,0,3,2,10,14,4,3,0,1,2,3,1,0,2,2,0,5,2,7,1,0,1,5,2,6,0,0,4,0,2,0,0,2,0,0,0
0,0,2,1,3,4,4,4,1,2,0,6,0,2,1,2,2,3,2,2,4,9,0,0,5,0,1,2,0,2,0,0,0,0,0,2,0,0
0,0,0,0,1,2,0,1,0,0,1,0,1,0,0,1,0,1,1,0,0,1,0,0,0,0,2,1,0,0,0,0,0,0,0,0,0,0
0,2,2,1,0,5,6,0,2,0,1,2,3,1,0,0,1,3,2,0,1,1,0,2,2,0,1,0,0,3,0,0,0,1,0,0,0,1
0,0,0,4,0,6,10,4,0,0,4,2,2,0,0,0,2,2,8,0,0,8,1,1,4,1,6,2,1,4,1,1,0,1,0,0,0,0
0,0,0,5,3,10,8,3,6,2,2,11,6,2,0,0,2,0,2,4,1,3,0,7,7,2,25,5,4,5,0,0,1,1,0,0,0,0
0,1,0,0,2,6,6,4,0,0,0,4,3,3,1,0,5,6,0,3,1,5,0,2,3,3,9,3,0,6,1,0,0,1,0,0,0,0
0,2,1,11,6,9,4,3,0,6,9,4,3,5,2,3,2,13,6,13,2,1,2,6,14,0,10,7,2,6,1,0,0,3,0,1,0,1
0,0,0,1,3,3,5,0,1,1,1,5,1,1,0,0,1,1,2,12,0,4,0,4,2,3,2,0,0,4,3,0,0,0,0,0,0,0
0,2,0,2,5,6,2,2,1,0,2,9,0,1,0,1,6,9,4,8,0,2,0,1,15,4,14,0,1,14,1,2,1,4,0,0,0,0
0,0,0,2,0,1,0,0,0,0,0,3,0,0,0,0,0,0,2,0,0,0,1,0,0,0,0,0,0,1,0,0,0,0,0,0,0,0
0,1,0,0,3,0,1,0,0,0,1,4,0,1,2,0,0,3,1,2,0,1,0,0,5,0,6,0,1,3,2,0,0,1,0,0,0,2
0,1,0,4,20,4,8,1,0,4,18,5,3,3,1,3,4,3,6,17,7,11,4,1,35,4,31,19,9,21,4,1,0,7,1,2,0,0
2,0,1,2,0,0,0,1,2,0,0,4,0,1,0,0,0,2,2,1,0,4,0,1,4,0,8,4,4,4,0,0,0,4,0,0,0,0
1,1,1,4,5,12,6,4,4,2,3,2,8,4,1,4,5,11,9,13,4,9,1,3,26,5,35,19,8,36,5,4,0,5,1,0,0,2
0,0,1,0,4,2,2,1,0,1,3,0,0,3,1,2,0,2,1,7,0,7,0,2,17,2,19,19,3,21,0,1,0,12,3,7,1,0
0,0,0,0,1,0,2,0,0,0,0,1,2,0,3,0,0,2,4,2,1,0,1,0,7,0,3,6,2,17,1,0,0,0,1,3,0,0
0,0,0,3,1,5,5,0,3,4,1,9,2,3,0,1,2,4,6,5,9,8,1,3,23,11,29,19,9,62,7,1,1,10,0,3,0,1
0,0,0,0,0,0,3,1,0,0,1,0,0,0,0,0,0,1,0,0,0,1,0,0,1,1,3,0,2,6,5,1,0,1,0,1,0,0
0,0,3,0,0,0,0,0,0,0,1,1,0,0,0,0,0,0,1,0,0,1,0,0,3,0,4,0,1,7,0,0,0,0,0,1,0,0
0,0,0,0,0,0,0,0,0,0,0,3,0,0,1,1,1,0,0,0,1,0,0,0,2,0,2,3,0,4,1,1,0,0,0,0,0,1
0,0,0,1,0,0,3,0,0,0,0,8,1,2,0,0,0,1,1,1,1,5,0,0,5,0,3,8,2,6,1,0,3,1,0,4,0,0
0,0,0,1,0,0,0,0,0,0,0,2,0,1,0,0,0,2,0,1,0,3,0,0,3,0,1,4,4,2,0,0,0,2,0,3,0,0
0,0,0,0,0,2,0,0,0,0,3,3,0,0,0,0,0,0,1,2,0,0,0,0,0,0,1,2,1,3,1,0,1,1,0,1,0,0
0,0,0,0,0,0,0,0,0,0,2,2,0,1,0,0,0,0,0,0,0,2,0,0,0,0,0,0,0,1,0,0,0,0,0,0,0,0
0,0,0,0,0,0,0,0,0,0,0,5,0,3,0,0,1,0,0,2,0,1,0,1,2,0,2,0,3,2,2,0,0,1,1,0,0,0
