1,2,0,3,2,0,0,0,0,0,0,0,0,0,0,0,0,0,0,0,0,0,0,0,0,0,0,0,0,0,0,0,0,0,0,0,0,0
1,5,6,17,3,4,0,0,0,0,0,0,0,0,0,0,0,0,0,1,0,1,0,0,0,1,0,0,0,0,0,0,0,0,0,0,0,0
0,8,6,1,0,7,0,0,0,0,0,0,0,0,0,0,0,1,0,0,0,0,0,0,0,0,0,0,0,0,0,0,0,0,0,0,0,0
2,25,9,101,45,41,21,3,0,4,12,15,0,2,4,5,0,1,0,11,4,4,0,3,4,2,6,4,0,0,0,0,0,0,0,0,0,1
0,4,0,41,21,8,19,8,0,2,11,7,3,7,0,1,3,4,1,14,1,2,0,0,8,0,4,0,0,6,0,0,0,1,0,0,0,0
4,4,14,28,14,98,54,11,5,2,0,2,2,3,0,3,6,3,3,1,1,6,0,2,5,3,5,2,2,8,0,0,0,1,1,0,0,0
0,6,2,13,18,57,44,4,3,0,3,4,17,5,1,2,9,6,4,1,5,6,1,2,3,2,10,2,1,2,0,1,2,2,0,1,0,0
0,1,1,12,8,13,11,2,0,0,2,1,1,4,0,2,2,3,7,2,0,6,0,0,0,1,2,0,0,6,1,0,0,1,0,0,0,0
0,0,0,5,5,8,18,0,1,0,1,1,1,0,0,0,4,5,1,0,4,0,0,1,1,0,3,0,0,1,0,0,0,0,0,0,0,0
0,0,0,4,12,1,1,0,0,7,3,4,0,0,0,0,4,0,1,6,3,4,3,0,3,1,1,0,1,0,0,0,0,0,0,0,0,0
3,1,1,12,13,6,3,0,2,8,3,5,3,3,2,2,3,1,2,9,2,3,0,4,4,3,8,0,3,5,0,0,0,0,1,1,0,0
0,2,1,8,12,12,2,1,1,1,2,7,2,6,0,3,2,7,7,7,4,12,3,4,4,0,11,4,1,3,0,0,1,1,0,0,0,1
1,0,0,5,2,16,18,2,2,1,3,2,1,2,0,5,0,3,9,0,0,3,1,0,5,0,9,2,2,5,1,1,0,1,0,0,0,1
0,0,0,5,5,6,3,1,0,1,0,7,1,0,1,0,4,3,1,1,2,3,0,0,2,1,4,0,3,9,1,1,0,1,0,1,0,0
0,0,0,1,2,0,1,0,0,0,0,0,3,0,1,0,0,2,1,0,1,0,0,2,0,0,0,0,0,0,0,0,0,0,0,0,0,0
0,0,2,2,4,6,3,2,0,0,3,3,2,3,0,0,0,0,4,0,4,1,0,0,3,1,3,3,2,1,0,0,0,1,0,0,0,0
0,2,1,2,1,17,12,0,2,0,7,5,4,2,0,0,10,0,7,5,4,4,3,2,2,0,13,1,2,6,0,2,0,0,0,0,0,0
0,2,0,1,3,10,20,1,5,2,5,7,6,1,2,0,1,6,5,8,3,12,0,3,2,2,14,7,2,12,0,0,0,2,1,0,2,0
0,0,1,4,5,5,6,2,4,0,2,3,4,0,0,2,7,7,7,4,1,4,5,1,3,3,20,3,0,6,0,2,0,0,0,0,0,0
0,0,0,7,6,4,3,0,0,4,5,6,6,5,0,1,7,8,3,17,4,5,0,2,13,4,15,7,2,11,0,1,0,2,0,0,0,0
0,0,1,6,1,1,1,1,0,5,4,3,2,1,0,0,0,3,2,0,0,6,0,0,5,2,3,0,1,2,0,0,0,1,0,0,0,0
0,0,0,8,5,8,8,1,2,7,2,5,5,7,2,2,5,4,4,1,2,2,1,4,21,2,16,5,2,11,0,0,3,2,1,2,0,0
0,0,0,0,4,2,0,0,0,0,0,3,0,1,0,1,0,2,1,1,1,3,0,0,2,1,1,2,0,1,0,0,0,0,0,0,0,0
0,0,0,4,0,2,4,0,0,3,0,2,1,0,1,0,1,4,0,0,0,2,3,0,3,0,1,2,0,2,3,0,0,3,1,0,0,0
1,2,0,9,13,6,6,8,0,1,9,6,1,1,0,0,4,7,12,27,10,8,3,1,33,5,27,27,11,25,1,0,1,9,3,1,0,0
0,0,0,0,3,3,1,0,0,1,5,2,0,2,0,0,0,1,1,1,7,0,0,0,6,0,13,2,0,6,1,0,0,1,0,0,0,0
1,0,1,5,5,10,9,0,1,0,3,10,2,4,1,2,4,14,23,8,9,11,0,3,16,6,27,14,6,35,0,1,2,9,5,1,0,0
2,0,0,2,5,4,3,1,0,3,2,4,4,1,1,0,1,3,1,3,1,1,0,1,18,4,11,14,6,21,0,2,1,16,1,0,0,5
0,0,0,2,1,1,5,0,0,0,5,3,0,0,0,0,3,2,3,1,0,5,0,0,9,0,5,6,2,11,1,0,0,0,1,0,0,2
0,1,0,1,4,3,3,0,3,1,4,9,2,5,0,1,2,7,6,6,2,7,1,0,17,7,32,13,11,67,9,4,5,9,0,0,0,3
0,0,0,0,0,2,0,0,0,0,1,0,1,1,0,0,0,0,0,0,0,3,0,1,2,0,0,0,1,5,0,2,0,2,1,4,0,0
0,0,0,0,0,0,1,0,0,0,5,0,0,2,0,0,3,3,0,2,0,0,0,1,1,0,2,3,0,4,1,1,0,0,0,0,0,0
0,0,0,0,0,0,0,0,2,0,0,0,0,0,0,0,1,1,2,0,0,0,0,0,0,0,0,0,0,2,0,1,0,0,0,1,1,0
0,0,0,1,2,0,1,1,0,1,1,3,0,1,0,0,0,2,1,1,3,5,0,0,15,0,3,10,2,11,2,0,0,9,2,3,0,3
0,0,0,0,0,0,0,0,0,0,0,0,0,1,0,1,0,0,0,0,1,1,0,0,3,0,2,8,0,5,0,0,1,6,1,0,0,3
0,0,0,1,1,0,0,0,0,0,0,0,2,0,0,0,0,1,0,1,0,3,0,0,2,0,4,0,1,0,1,1,0,0,0,0,0,3
0,0,0,0,3,0,0,0,0,0,1,0,0,2,0,0,0,0,0,0,0,0,0,0,2,0,0,0,0,1,0,0,0,1,0,0,0,2
0,0,0,0,2,0,0,0,0,0,3,2,0,2,1,0,0,1,0,0,0,1,0,0,1,0,1,0,1,1,2,0,0,2,0,0,0,0
