0,0,0,0,0,0,0,0,0,0,0,0,0,0,0,0,0,0,0,0,0,0,0,0,0,0,0,0,0,0,0,0,0,0,0,0,0,0
0,17,2,20,2,6,1,0,0,0,0,2,0,0,0,0,0,0,0,1,0,0,0,0,0,0,0,0,1,0,0,0,0,0,0,0,0,0
0,4,9,2,0,6,1,0,0,0,0,0,1,0,0,0,0,1,0,0,0,0,0,0,0,0,2,0,0,0,0,0,0,0,0,0,0,0
3,23,8,103,39,42,18,6,0,0,12,4,6,3,0,2,3,5,2,1,5,7,2,0,9,4,6,0,2,7,0,0,0,0,0,0,0,1
3,3,3,52,26,18,8,3,2,2,12,9,4,2,0,3,2,3,0,2,2,2,0,0,10,0,9,3,0,3,0,0,0,3,0,2,0,0
0,9,9,38,22,97,54,5,1,1,3,6,5,0,1,4,8,4,2,2,3,7,1,2,5,0,7,3,3,2,2,0,0,4,0,0,0,0
0,0,6,23,9,66,39,8,6,0,4,10,5,3,0,0,15,5,6,0,0,9,2,1,5,1,5,4,2,4,0,0,0,0,0,0,0,1
0,3,0,6,7,8,11,3,0,2,2,6,3,3,2,5,1,4,3,3,0,4,2,2,3,0,6,4,3,3,0,0,1,2,0,0,0,0
0,0,0,1,2,15,5,0,0,0,2,1,0,0,0,0,2,1,0,0,0,1,0,0,0,0,5,0,0,2,0,2,0,0,0,0,0,0
0,2,0,12,8,1,0,1,1,0,5,3,0,0,0,1,0,1,0,6,2,5,0,0,2,0,1,4,0,0,0,0,0,0,0,0,0,0
0,0,1,11,12,6,2,2,0,2,5,5,4,3,3,1,0,5,0,13,1,9,0,2,5,2,4,5,2,3,2,0,0,1,0,2,1,0
0,0,2,11,14,11,5,0,1,2,8,3,3,5,0,2,4,16,4,11,2,8,2,2,5,2,10,3,1,5,0,0,0,1,0,0,0,0
0,0,0,1,6,21,8,1,2,1,7,2,3,3,1,1,4,4,10,0,0,6,0,2,5,0,10,2,0,7,0,0,0,4,0,0,0,0
0,0,1,4,3,2,4,2,0,0,9,3,2,4,0,1,5,3,0,7,0,12,0,1,3,0,7,4,0,2,0,0,0,2,0,0,0,0
0,0,0,0,2,0,1,0,0,0,0,0,1,0,0,0,1,0,0,3,0,3,0,0,2,0,1,0,0,2,0,0,0,0,0,0,0,0
0,0,0,1,0,1,3,0,1,0,1,6,1,0,0,1,0,1,5,3,0,2,0,1,1,1,9,0,0,1,0,0,0,1,0,0,0,1
0,1,0,2,4,15,8,1,3,1,5,11,0,1,0,2,3,5,4,1,3,4,0,3,3,0,6,0,0,5,4,0,0,0,0,1,0,0
0,0,1,1,4,16,5,3,2,1,7,11,4,3,0,1,10,6,14,0,3,8,0,0,5,3,25,4,1,15,1,0,1,2,0,0,0,2
1,0,0,2,5,4,7,1,5,2,0,3,6,2,1,0,2,6,0,4,2,4,0,2,9,1,15,7,4,5,0,1,0,0,2,0,0,0
0,1,3,12,8,12,9,1,0,3,14,9,1,6,1,3,1,7,12,7,7,6,1,0,13,3,12,4,1,5,2,0,2,2,4,0,0,1
0,2,0,6,9,0,2,0,0,1,5,6,0,0,0,0,2,3,1,3,0,4,0,2,0,0,5,2,0,4,0,0,0,1,0,0,0,0
0,0,1,3,6,10,8,1,1,3,16,9,9,4,1,2,10,7,6,1,3,2,0,0,10,1,15,1,2,12,0,1,0,1,0,1,0,0
0,0,1,2,2,1,1,1,0,0,0,1,0,1,0,0,0,0,2,0,0,2,0,0,0,0,2,0,1,0,0,0,0,0,0,0,0,0
0,0,0,1,0,1,0,0,3,0,0,2,0,1,0,0,4,1,1,0,0,0,0,0,4,3,3,2,0,2,0,0,0,1,0,0,0,0
0,2,0,6,10,7,4,0,0,13,17,1,4,3,5,3,3,6,11,17,3,7,1,3,41,4,19,27,10,29,1,0,3,4,3,0,0,1
0,0,1,1,0,1,5,0,0,0,7,1,0,1,0,1,1,2,2,1,0,2,1,0,5,3,7,5,5,3,0,0,0,1,0,2,0,0
0,0,2,10,14,4,7,4,1,0,4,3,4,3,0,4,11,20,11,6,1,13,0,10,30,4,51,13,6,47,2,0,0,3,2,2,0,0
0,3,0,1,2,2,2,0,0,1,4,0,0,3,0,0,0,1,2,4,1,3,0,0,24,1,15,21,11,19,3,0,0,5,2,0,0,3
0,0,0,0,2,2,0,3,0,0,1,1,4,1,0,0,0,3,1,4,0,3,0,3,6,0,9,9,4,17,1,1,0,2,1,0,0,0
0,0,0,3,2,3,7,4,2,0,9,2,1,5,1,0,8,14,14,7,2,9,0,5,10,6,35,34,8,70,6,4,1,7,2,5,0,4
0,0,0,0,0,0,0,0,0,0,0,1,1,0,0,0,0,1,0,0,0,3,0,0,3,1,2,0,0,10,1,0,0,2,0,3,0,0
0,0,0,0,0,1,0,0,0,0,0,0,1,1,0,0,1,0,1,0,2,0,0,0,2,0,3,1,0,3,0,0,0,1,0,3,1,1
0,0,0,0,0,2,2,0,0,0,0,0,0,0,0,0,0,1,1,1,1,0,0,0,0,0,1,1,0,0,1,0,0,2,2,0,0,0
0,1,0,0,2,0,0,0,0,0,1,0,0,1,0,0,0,2,2,3,3,5,0,0,3,4,6,7,4,14,1,0,0,5,0,1,0,0
0,0,0,0,0,3,0,0,0,0,0,0,0,0,0,2,0,0,0,1,1,0,0,0,3,0,0,6,0,6,0,0,0,2,0,0,0,0
1,0,0,1,1,0,0,0,0,1,3,0,0,0,0,0,0,0,0,1,0,1,0,0,1,0,1,5,0,2,0,0,0,1,0,3,0,0
0,0,0,0,0,0,1,0,0,0,2,1,0,0,0,0,0,0,0,0,0,1,0,2,1,1,0,2,0,0,0,0,0,0,0,1,0,0
0,0,0,1,0,0,2,0,1,0,0,0,0,2,0,0,1,0,1,3,3,1,1,1,0,0,1,2,0,0,2,1,1,0,1,1,0,0
