4,1,0,1,0,1,0,0,0,0,0,0,0,0,0,0,0,0,0,0,0,0,0,0,0,0,0,0,0,0,0,0,0,0,0,0,0,0
3,9,4,23,3,3,0,0,0,0,0,0,0,0,0,0,0,0,0,1,0,0,0,0,0,0,0,1,1,3,0,0,0,0,0,0,0,0
0,4,16,1,0,9,1,0,0,0,0,0,0,0,0,0,0,0,0,0,0,0,0,0,0,0,2,0,0,3,0,0,0,0,0,0,0,0
9,16,2,107,51,43,12,2,4,3,19,8,1,5,1,3,1,3,0,6,6,1,0,2,3,4,8,1,0,6,0,0,0,3,0,0,0,2
0,8,2,33,20,9,13,7,1,0,13,4,1,0,0,0,2,3,1,9,0,1,0,3,6,3,5,1,0,2,0,0,3,0,0,0,0,0
1,7,17,37,13,84,54,6,7,2,8,13,12,1,0,0,1,2,5,0,3,9,3,2,12,0,15,7,2,5,0,0,0,1,0,0,0,1
0,5,2,22,12,69,37,13,4,0,11,11,9,1,2,0,7,4,4,2,2,6,0,1,3,1,10,5,6,6,0,0,0,0,1,0,0,0
0,0,1,5,6,7,11,0,1,0,6,4,6,6,0,5,6,8,4,1,0,5,0,4,4,2,4,2,0,10,0,0,0,1,0,0,0,0
0,0,0,2,0,13,10,0,2,0,0,3,3,1,0,0,6,5,4,4,0,0,0,0,0,0,1,0,1,2,0,0,0,0,0,0,0,0
0,0,0,1,7,0,1,1,0,7,3,1,1,0,0,0,2,2,0,8,0,5,0,0,3,0,2,2,0,5,0,0,0,2,0,0,0,0
1,1,0,13,11,8,6,1,3,4,10,7,2,2,2,0,2,0,2,11,4,5,1,5,13,1,6,2,5,7,0,0,0,0,0,2,0,0
0,2,3,17,15,6,4,0,3,3,15,7,4,10,0,4,2,2,5,3,5,22,1,7,16,3,11,4,2,9,0,0,2,1,0,0,0,0
0,0,0,4,4,16,13,0,3,1,6,1,1,1,0,2,8,3,7,1,0,5,0,3,3,0,6,1,2,4,0,0,0,0,1,1,0,2
3,1,0,3,13,6,4,4,1,2,0,6,0,1,1,3,5,1,1,3,2,9,1,1,6,3,3,5,3,11,0,0,0,0,0,0,0,0
0,0,0,0,0,0,1,0,1,1,0,0,0,0,0,0,0,1,0,0,0,1,0,2,3,0,1,1,0,0,0,0,0,3,0,0,0,0
0,0,0,3,9,6,8,4,2,0,3,3,0,0,0,3,0,0,2,3,0,6,0,3,2,0,3,0,0,0,1,0,0,2,0,0,0,1
0,0,3,3,9,12,11,0,5,1,4,0,1,1,0,1,3,2,5,3,3,4,0,3,2,1,9,3,2,8,0,1,0,2,0,0,0,0
0,0,0,5,2,7,12,1,0,2,2,6,2,4,0,2,2,0,7,4,1,7,0,0,9,2,17,8,1,3,2,0,0,2,0,0,0,1
0,0,0,0,0,3,2,2,6,0,2,4,4,3,0,3,4,12,4,7,3,5,2,3,6,1,9,1,2,2,0,0,0,1,0,0,0,0
0,1,2,6,17,10,11,1,1,3,11,8,3,9,1,1,0,8,6,8,8,8,2,3,13,5,12,4,1,3,0,0,5,4,0,1,0,2
0,1,1,4,6,3,0,1,0,2,5,3,2,0,0,1,1,0,0,4,1,2,2,0,6,2,2,4,1,2,0,0,0,0,0,0,0,0
0,2,0,3,5,11,9,4,1,4,4,9,6,15,0,0,7,10,11,3,6,1,0,1,14,3,21,8,2,10,1,0,1,5,0,2,0,1
0,0,0,1,0,0,3,0,2,0,1,1,2,3,0,0,1,2,0,0,1,0,0,2,1,0,1,2,1,0,0,0,0,1,0,0,0,0
0,0,0,0,1,0,1,3,0,1,6,4,6,0,1,0,2,1,2,0,1,3,0,2,10,0,2,2,2,3,0,0,0,0,0,0,0,0
0,0,0,6,4,15,6,1,0,3,10,6,4,0,5,1,4,8,4,26,7,5,0,2,52,6,33,22,13,28,1,1,1,6,2,4,0,0
0,0,1,3,2,1,0,0,0,1,0,3,1,4,0,0,0,1,1,3,0,0,0,0,10,2,5,7,5,1,0,0,0,1,0,0,0,0
0,1,1,8,12,15,14,3,3,0,6,6,12,7,2,2,10,14,12,19,4,21,1,4,21,6,33,16,6,54,1,0,0,8,0,0,0,0
0,1,0,1,2,2,3,4,0,4,0,6,2,3,0,0,0,3,5,6,1,4,0,1,30,4,8,18,10,23,0,1,4,11,0,4,0,5
0,0,0,0,5,0,0,0,0,0,0,1,0,1,0,0,1,2,1,2,0,2,1,1,15,0,11,16,0,17,0,0,1,4,0,0,0,2
1,6,0,3,4,5,5,1,4,3,8,9,11,3,0,0,4,3,13,11,3,9,0,3,30,5,33,25,8,81,7,2,3,9,1,2,0,5
0,0,0,1,1,0,0,0,0,0,0,2,0,0,0,0,0,0,0,0,0,0,0,0,2,0,2,1,0,4,7,1,1,2,0,2,0,1
0,0,0,0,0,2,0,0,1,0,0,0,0,0,0,0,0,0,0,3,0,0,0,0,1,0,0,2,1,8,1,0,0,1,2,0,0,1
0,0,0,0,0,0,1,0,0,0,0,0,0,0,0,0,0,0,1,0,1,0,0,2,0,0,0,2,0,8,1,1,0,2,4,0,0,0
1,0,0,0,5,1,1,0,0,1,2,0,2,0,0,1,0,1,4,5,1,7,0,0,9,2,10,6,2,6,7,1,0,2,7,3,0,4
0,0,0,1,0,0,0,0,0,0,0,0,0,2,0,0,0,0,2,1,0,0,0,0,0,0,2,1,1,5,0,0,0,3,0,0,0,2
0,0,0,1,0,0,0,0,0,0,0,0,0,0,0,0,0,0,0,1,0,0,0,2,2,1,0,0,1,5,1,0,0,4,0,1,0,0
0,0,0,0,0,0,0,0,0,0,11,0,0,0,0,0,0,1,0,0,1,0,0,0,1,0,0,0,0,1,0,0,0,0,0,0,0,0
0,0,1,0,0,0,2,0,0,0,2,0,2,2,0,0,0,0,0,1,0,2,0,0,1,0,3,1,1,4,0,0,1,2,1,1,0,0
