0,0,1,0,0,3,0,0,0,0,0,0,0,0,0,0,2,0,0,0,0,0,0,0,0,0,0,0,0,0,0,0,0,0,0,0,0,0
1,10,5,15,4,5,3,0,0,0,1,1,0,0,0,1,0,0,0,0,0,0,0,0,0,0,0,2,1,3,0,0,0,0,0,0,0,0
3,7,8,5,0,4,1,0,0,0,0,0,0,0,0,0,0,0,0,0,0,0,0,0,0,0,0,0,0,0,0,0,0,0,0,0,0,0
10,25,12,116,47,44,21,1,4,3,12,13,1,4,1,3,1,4,4,7,3,2,0,4,11,0,7,10,1,4,0,0,0,0,0,3,0,0
0,4,4,48,23,14,14,5,2,4,4,6,2,0,1,1,5,7,4,7,1,8,0,0,7,0,1,2,3,0,0,0,0,2,0,0,0,0
0,6,6,33,23,89,46,6,0,0,5,5,7,3,1,3,9,1,10,0,1,3,2,1,10,0,6,3,2,8,0,0,0,1,0,0,1,0
0,2,1,25,23,62,44,6,7,0,6,7,11,7,1,0,7,9,7,5,1,5,2,2,6,1,18,7,2,7,1,0,0,0,0,0,0,1
0,0,2,6,6,8,5,2,2,0,7,13,2,1,1,4,7,2,1,0,0,4,4,0,2,1,10,2,2,1,0,0,0,0,1,0,0,0
0,0,0,0,1,14,14,0,3,0,2,4,1,1,0,0,1,0,2,1,0,1,0,0,1,0,1,1,0,3,0,0,0,0,0,0,0,0
1,2,0,6,4,0,1,1,0,0,6,1,0,0,0,0,0,1,0,6,2,2,0,1,8,4,2,1,0,0,0,0,0,1,0,0,0,0
0,0,1,12,18,2,3,1,2,6,9,7,4,2,0,4,1,3,7,5,3,10,0,2,11,0,11,4,4,7,0,0,1,0,0,0,0,0
1,3,1,14,17,10,14,1,3,1,6,5,7,12,1,0,6,5,2,8,3,11,0,5,7,1,7,6,4,11,0,0,0,3,0,0,2,0
1,0,2,11,7,19,12,0,3,2,3,4,3,2,0,0,4,2,2,1,0,0,3,5,3,2,6,2,3,6,0,0,1,2,0,0,0,0
2,0,0,6,8,12,5,6,1,1,5,0,0,2,1,0,5,2,3,5,3,10,0,3,5,0,4,7,3,3,1,0,0,3,0,0,1,0
0,1,0,2,0,0,0,0,1,0,0,1,2,0,0,0,2,1,0,1,0,2,0,1,2,0,3,1,0,2,0,0,0,0,0,0,0,0
0,0,0,3,3,4,7,1,1,1,0,3,3,2,0,2,2,2,0,0,1,2,1,0,0,0,5,0,1,3,0,0,0,1,0,0,1,0
1,0,0,6,4,7,2,1,4,3,1,4,2,4,1,4,3,4,12,2,2,10,0,2,0,1,10,0,2,5,0,1,0,3,0,0,0,0
1,0,0,6,5,10,24,2,1,1,10,5,4,0,0,0,2,0,7,4,2,7,1,1,13,0,22,2,4,13,0,0,0,2,0,0,0,0
0,1,0,0,3,8,17,3,4,0,2,2,2,4,1,1,6,6,7,4,2,7,1,0,9,2,23,4,5,13,0,0,0,0,0,0,0,0
0,1,2,9,3,7,8,2,1,7,6,4,3,4,0,0,3,12,8,17,2,5,2,2,10,1,15,5,2,5,0,0,2,3,0,1,0,1
0,1,2,0,5,0,4,0,1,3,3,2,3,1,0,2,6,6,3,2,0,5,1,0,9,0,2,4,0,3,0,0,0,0,0,0,0,0
0,0,0,1,3,10,12,0,5,4,17,10,6,12,0,1,7,7,12,8,0,2,0,0,14,0,20,4,6,20,2,0,1,6,1,0,0,2
0,0,0,1,2,0,3,0,0,0,1,1,1,1,0,0,1,0,0,5,0,1,2,0,2,0,3,1,1,0,0,0,0,0,0,0,0,0
0,0,0,1,0,0,0,4,2,3,3,3,3,2,1,1,0,2,1,4,0,0,0,2,1,0,12,3,2,3,1,0,0,0,0,0,0,0
1,1,5,13,17,3,2,2,1,8,13,10,2,2,0,0,5,13,10,26,3,8,1,2,52,12,30,15,14,16,3,1,1,9,3,6,0,4
0,0,0,2,2,2,4,1,0,0,1,0,2,4,1,1,0,0,1,2,3,0,0,0,13,0,13,1,2,3,0,0,0,1,0,0,0,1
0,0,4,6,11,9,15,1,5,3,9,3,7,1,0,5,2,10,16,12,2,8,2,4,30,10,31,26,10,49,4,2,2,10,4,4,0,0
1,0,1,4,5,0,1,1,0,2,3,1,1,0,0,0,3,2,7,10,0,1,0,1,25,0,14,21,5,23,1,0,1,23,4,1,0,4
0,0,0,0,1,0,0,0,0,0,2,0,1,0,0,0,1,1,0,3,1,0,0,1,11,0,5,16,1,14,0,2,0,4,0,0,0,0
0,0,2,3,2,11,2,2,1,2,4,8,6,7,0,3,7,11,8,11,1,18,4,6,30,5,28,28,8,54,3,9,3,15,1,0,2,1
0,0,0,0,0,0,0,0,0,0,1,1,0,0,0,0,0,0,0,0,0,2,0,0,1,0,2,2,1,5,3,0,1,1,0,1,0,0
0,0,0,0,0,0,0,0,0,0,0,0,2,0,0,0,0,0,2,0,0,1,0,0,1,0,1,0,0,5,0,0,0,0,0,0,0,2
0,0,0,0,0,0,1,0,0,0,2,1,0,2,0,0,2,2,0,0,0,1,0,0,1,0,1,1,0,7,3,0,0,1,2,0,0,0
0,0,0,2,1,0,2,1,0,0,1,2,0,1,1,1,0,0,2,2,0,1,1,0,14,0,3,10,4,12,1,1,1,1,4,5,0,5
0,1,0,1,0,2,0,0,0,0,0,2,0,1,0,0,0,1,0,1,1,0,0,0,1,1,3,6,1,7,1,0,1,1,0,3,0,0
0,0,0,0,0,0,1,0,0,0,0,0,1,0,0,0,0,0,0,1,1,0,0,0,0,1,2,6,2,4,1,1,0,3,1,0,0,0
0,0,0,0,0,0,0,0,0,0,0,0,0,0,0,0,0,0,0,0,0,0,0,0,0,1,0,1,0,0,0,0,0,1,0,1,0,1
0,0,0,1,0,2,0,0,0,0,0,0,0,2,1,0,0,1,0,0,0,0,0,1,1,1,1,1,0,4,0,0,0,2,0,0,0,0
