2,0,0,2,0,0,0,0,0,0,0,0,0,0,0,0,0,0,0,0,0,0,0,0,0,0,0,0,0,0,0,0,0,0,0,0,0,0
3,9,4,12,3,5,0,0,1,0,0,0,0,0,0,1,0,0,1,2,0,0,0,0,0,0,0,0,0,0,0,0,0,0,1,0,0,0
0,9,5,4,0,5,0,1,0,0,0,0,0,0,0,0,0,0,0,0,1,0,0,0,1,0,4,0,0,0,0,0,0,0,0,0,0,0
3,31,10,110,49,28,14,0,0,3,15,12,4,2,0,1,1,2,5,4,2,2,1,2,1,1,9,4,1,9,0,0,0,0,0,0,0,0
2,9,1,53,19,14,8,3,1,3,18,12,6,1,0,2,2,4,3,9,3,4,1,3,8,1,2,3,0,0,1,0,4,0,0,0,0,0
2,1,12,44,16,83,45,11,6,0,2,9,10,3,0,2,6,1,1,2,2,4,1,2,1,0,7,3,0,10,0,0,0,2,3,0,0,0
0,4,2,23,12,75,47,6,11,0,6,6,16,1,0,4,6,11,9,1,1,8,0,0,0,2,5,1,1,9,0,0,0,2,0,1,0,0
0,0,1,7,8,9,11,1,3,0,3,1,2,2,1,0,4,5,1,1,3,2,2,0,2,2,3,2,1,1,0,0,1,3,2,0,0,1
0,0,0,2,2,13,11,1,3,0,0,4,1,0,0,0,4,1,2,0,0,5,0,1,0,2,6,0,0,1,0,0,0,0,0,0,0,0
0,2,0,4,16,2,3,1,2,6,7,6,0,0,1,0,0,0,0,7,1,0,1,0,8,2,1,1,0,1,0,0,0,0,0,0,0,0
1,3,1,21,10,5,9,0,0,4,8,5,3,4,0,3,2,5,3,10,4,18,0,0,7,0,5,4,1,12,3,4,2,1,2,0,0,2
0,0,1,14,25,12,9,2,3,2,4,11,1,7,2,3,4,0,4,11,3,15,1,1,17,6,7,6,1,4,2,0,0,3,0,0,0,0
2,1,0,4,7,19,6,1,1,2,4,2,2,3,0,0,1,8,6,0,0,4,0,1,3,1,10,2,2,2,1,0,1,0,0,0,0,0
0,3,0,6,8,3,5,0,0,0,2,3,3,2,0,0,7,0,1,2,1,8,1,3,6,3,4,2,2,1,0,0,0,2,0,0,0,0
0,0,0,3,0,3,2,0,0,0,0,0,0,0,1,1,1,0,1,2,0,1,0,0,0,0,0,2,1,2,0,0,0,1,0,0,0,1
0,1,1,4,1,4,2,3,0,0,4,0,4,0,0,2,1,1,1,1,0,6,0,1,2,0,1,1,1,2,0,0,0,0,0,0,0,0
0,0,2,3,4,10,6,2,3,3,4,5,14,4,0,0,8,3,4,3,0,7,1,2,6,2,9,3,3,6,0,0,0,1,0,0,0,0
0,0,1,4,12,18,13,2,3,1,7,5,9,3,2,0,8,1,7,3,0,6,1,1,7,1,20,2,3,7,0,0,1,4,0,0,0,0
0,0,0,0,8,4,8,0,0,1,0,0,4,1,0,1,1,5,3,2,2,3,2,3,6,2,16,9,6,8,0,3,0,1,0,0,0,0
0,3,2,9,8,9,6,0,1,7,29,6,6,5,0,1,5,10,9,8,5,1,0,2,17,2,12,7,2,10,0,0,0,1,2,0,0,1
0,2,2,4,2,5,0,0,1,6,5,2,0,1,0,0,1,2,2,1,2,2,1,1,1,0,2,2,0,0,0,0,0,0,0,2,0,0
2,0,0,6,6,9,2,2,1,5,8,4,1,3,0,5,9,4,8,8,2,1,0,1,12,2,24,3,1,11,3,1,1,3,2,0,1,0
0,0,1,1,0,1,0,0,0,0,2,2,2,0,0,1,0,3,1,2,0,0,1,1,3,1,2,4,0,6,0,0,0,1,0,0,0,0
0,0,0,1,1,7,4,0,0,0,3,6,0,6,0,0,0,2,3,4,0,1,0,0,6,0,10,2,1,6,0,0,0,1,0,0,0,1
3,0,0,16,5,9,2,0,0,6,16,12,1,4,1,2,1,7,7,30,3,11,4,3,55,5,46,32,10,28,2,0,2,17,4,6,0,2
0,1,0,3,0,2,4,0,0,2,2,1,0,2,0,0,0,0,1,2,0,4,0,0,6,0,5,1,1,7,1,0,0,1,1,0,0,1
0,0,0,10,12,17,7,5,2,0,3,8,5,3,2,2,15,13,26,15,4,10,3,1,30,11,52,24,22,53,2,0,0,5,1,1,0,0
1,0,0,1,4,4,7,0,1,1,4,0,2,7,0,1,4,0,0,2,2,9,1,0,22,3,7,26,6,32,2,0,1,13,2,3,0,3
0,0,0,0,0,1,0,0,0,0,4,1,0,0,0,0,3,2,0,2,0,2,0,1,15,1,10,4,3,13,1,1,0,3,3,3,0,0
0,1,1,11,5,6,6,1,2,1,3,7,2,3,2,1,9,8,10,4,1,8,0,1,30,1,37,38,15,62,7,2,4,10,1,5,0,2
0,0,0,0,0,1,0,0,0,0,0,1,0,0,0,1,1,0,0,0,0,0,1,0,0,2,0,1,0,1,3,1,0,0,1,0,0,0
0,0,0,1,0,0,0,0,0,0,0,0,0,0,0,0,0,0,0,1,0,1,0,0,0,1,1,1,0,4,0,0,0,0,0,0,0,0
0,0,0,1,0,0,0,0,0,1,1,1,0,2,0,0,0,1,1,0,0,2,0,0,1,0,1,0,0,8,2,0,0,0,2,0,0,0
2,0,0,2,5,0,6,0,2,1,6,1,1,4,0,0,0,1,0,3,0,3,0,0,8,6,7,13,7,18,1,1,3,12,1,4,0,1
0,0,0,0,0,0,0,0,0,0,2,0,0,0,0,0,1,0,0,0,0,2,0,0,1,0,2,4,2,5,2,1,0,2,0,0,0,0
0,0,1,2,2,2,2,0,0,0,0,0,0,0,0,0,0,0,0,0,0,1,0,0,1,2,1,2,0,1,2,2,0,1,0,0,0,0
0,0,0,1,0,0,0,0,0,0,2,0,0,2,0,0,0,1,0,0,0,0,0,0,2,0,0,0,0,0,0,0,0,0,0,0,0,0
0,0,0,0,1,0,0,2,0,0,4,0,0,1,0,0,1,2,0,0,1,0,1,0,1,0,1,0,1,1,0,0,0,0,2,0,0,0
