0,0,0,0,0,0,0,0,0,0,0,0,0,0,0,0,0,0,0,0,0,0,0,0,0,0,0,0,0,0,0,0,0,0,0,0,0,0
4,10,5,10,3,8,3,0,0,0,3,0,0,1,0,0,1,0,0,2,0,0,0,0,0,0,1,3,0,0,0,0,0,2,0,0,0,0
1,8,6,0,1,4,0,0,0,0,1,0,0,0,0,0,0,0,0,0,1,0,0,0,0,0,1,0,0,3,0,0,0,0,0,0,0,0
6,24,18,108,49,34,20,1,0,5,5,7,4,0,1,0,4,4,6,2,1,7,1,0,8,0,1,6,5,2,0,0,0,2,1,0,0,0
3,3,1,55,28,11,17,6,1,4,20,8,2,3,1,1,2,4,4,9,4,3,2,1,4,2,4,3,2,2,0,0,0,1,2,0,0,0
1,6,6,56,18,119,46,4,3,3,2,9,4,1,0,0,8,2,4,3,0,5,1,2,8,3,13,2,1,7,0,0,0,1,1,0,0,0
0,1,3,19,13,41,53,5,13,2,10,9,12,1,2,2,6,6,4,5,2,7,1,1,3,2,17,7,4,7,1,0,0,0,1,1,0,1
0,1,0,5,6,10,8,0,2,2,0,2,2,1,0,0,1,1,4,0,0,4,1,1,4,0,6,0,0,5,0,0,0,0,0,0,0,1
0,0,2,1,0,10,4,1,1,0,3,1,1,0,0,0,3,3,4,0,0,0,0,0,1,1,4,0,1,1,0,0,0,1,0,0,0,2
0,0,0,9,9,2,1,0,1,0,7,4,0,0,0,0,0,0,0,9,3,2,0,0,2,0,2,0,1,2,0,0,0,4,0,0,0,0
3,5,1,29,25,11,6,0,0,3,11,5,4,4,0,0,4,9,3,8,3,8,1,1,11,2,9,7,0,2,0,0,1,3,0,0,0,0
0,3,0,14,16,12,10,0,1,0,16,3,10,9,1,2,5,5,3,13,4,11,0,0,16,1,9,7,2,6,1,0,2,1,1,0,0,0
0,2,0,8,5,14,11,3,6,1,8,2,6,5,0,0,1,2,5,4,1,3,0,1,3,2,5,3,0,6,0,0,0,1,0,0,0,1
0,0,4,7,12,7,4,2,2,1,10,4,2,1,0,1,2,4,1,7,3,6,1,3,4,3,10,3,3,3,0,0,2,3,0,2,0,0
0,0,0,2,2,3,2,0,0,0,2,2,0,1,0,0,0,2,0,1,0,0,0,0,0,0,2,0,1,0,0,0,0,0,0,0,0,0
0,0,2,0,3,3,8,7,0,1,8,1,0,1,0,3,1,4,2,0,1,3,1,0,3,0,4,2,0,3,0,0,0,2,0,0,0,0
0,0,4,3,8,18,10,1,2,1,5,1,10,6,0,1,0,5,7,1,3,4,0,2,0,1,11,2,2,8,0,0,0,0,0,0,0,0
0,0,0,5,9,12,8,0,3,1,1,5,1,5,1,0,5,6,3,8,1,11,0,3,7,4,17,2,4,11,1,0,1,0,0,0,0,1
0,0,0,1,6,5,5,0,3,0,8,2,0,0,0,1,3,10,3,3,8,5,1,0,8,1,15,5,0,14,0,0,0,2,0,0,0,3
0,8,2,9,8,8,8,1,2,3,14,10,1,2,0,2,9,4,5,7,5,10,1,1,15,2,9,4,3,13,1,0,2,1,0,1,0,4
0,1,0,5,6,2,2,0,0,1,1,1,0,2,2,0,4,1,0,1,1,4,4,1,6,0,2,0,0,5,0,0,0,4,0,1,0,0
0,1,0,3,2,8,9,2,3,4,10,4,4,1,0,2,12,8,3,5,0,3,0,0,17,3,12,10,4,13,2,1,0,4,0,0,0,1
0,0,1,1,1,1,3,1,0,0,2,2,1,0,0,0,1,2,1,0,2,1,0,0,2,1,5,1,0,0,0,0,0,0,0,0,0,0
0,0,0,0,0,1,1,1,0,1,5,1,2,3,0,2,3,3,1,3,0,1,0,0,4,0,6,3,1,10,0,0,0,1,0,0,1,0
2,2,2,10,17,13,8,2,0,5,14,7,2,7,3,1,3,12,10,17,5,7,1,1,65,13,53,47,22,44,0,1,2,20,2,5,0,1
0,0,0,1,5,0,3,0,1,0,6,1,3,3,0,0,3,5,1,2,0,1,4,0,14,3,15,4,2,7,0,0,0,3,2,0,0,0
0,0,4,8,9,12,14,3,3,0,3,4,5,4,2,0,11,11,11,6,3,12,2,1,42,5,47,26,13,61,1,1,4,7,1,1,0,0
0,1,0,3,5,2,1,1,0,0,1,1,1,1,0,2,1,1,2,5,1,2,2,1,17,8,18,23,12,33,3,1,2,7,1,4,0,3
0,0,0,2,0,0,1,0,0,1,1,0,0,0,0,1,0,3,1,1,0,6,1,3,12,1,12,14,3,14,1,2,0,5,1,1,0,1
1,1,0,0,9,6,2,1,1,2,3,1,2,0,0,2,4,5,9,5,5,10,0,1,22,6,36,38,11,92,6,6,2,6,3,1,0,1
0,0,0,0,0,0,0,0,0,0,1,0,0,2,0,0,2,1,0,1,0,1,0,0,2,0,2,3,0,3,0,0,2,0,0,2,1,1
0,0,0,0,0,0,0,0,0,0,0,0,0,0,0,0,0,0,0,0,0,0,0,0,1,0,1,4,3,5,1,2,0,0,0,3,0,0
1,0,0,0,0,0,0,0,0,0,0,0,1,2,1,0,0,1,2,0,0,0,0,1,1,0,0,3,0,2,0,1,0,0,3,1,0,1
0,3,0,2,0,1,1,0,0,0,0,1,0,1,0,1,0,1,0,3,1,2,0,0,11,3,4,17,2,24,3,2,0,5,2,1,0,1
0,0,0,0,0,0,0,0,0,0,1,1,2,0,0,0,0,2,0,0,2,2,0,0,0,4,1,13,2,8,3,0,0,6,0,1,0,0
0,0,0,1,0,0,0,0,0,0,0,0,0,0,0,0,1,1,0,0,1,0,0,0,3,0,0,2,0,4,1,1,0,1,1,0,0,1
0,0,0,0,0,0,0,0,0,0,0,0,0,0,1,0,0,0,0,1,2,0,0,0,0,0,1,0,0,2,0,0,1,0,0,0,0,0
0,0,0,0,1,0,0,0,0,0,2,1,0,3,0,2,0,4,0,1,0,0,0,1,1,0,0,1,2,3,0,0,1,1,0,1,0,0
