4,1,2,3,0,0,0,0,0,0,0,0,0,0,0,0,0,0,0,0,0,0,0,0,0,0,0,0,0,0,0,0,0,0,0,0,0,0
1,15,6,19,1,5,2,0,0,0,2,3,0,0,0,0,0,0,0,0,0,0,0,0,1,1,1,0,0,1,0,0,0,0,0,0,0,0
1,9,14,1,2,5,0,0,0,0,0,0,2,0,0,0,0,0,1,0,0,0,0,0,0,0,0,0,0,2,0,0,0,0,0,0,0,0
6,14,10,123,53,44,11,5,0,6,3,15,1,5,0,1,5,1,7,4,2,4,0,0,4,2,7,5,1,0,0,0,1,0,0,0,0,0
2,2,1,50,28,19,10,3,2,4,22,6,6,0,2,0,2,4,1,11,2,0,0,0,4,4,8,7,3,5,0,0,0,0,0,1,0,2
2,4,14,51,20,108,69,3,5,1,7,9,7,3,1,2,10,4,6,5,2,6,0,2,9,1,14,5,2,2,2,0,3,0,0,0,0,0
0,2,8,31,12,91,60,6,8,0,8,1,10,3,2,1,12,5,8,7,1,9,3,2,6,2,16,2,3,9,0,0,0,1,0,0,0,1
0,0,2,11,8,6,17,0,2,1,6,2,4,3,0,1,3,1,5,4,0,5,2,2,9,0,3,8,2,4,0,1,0,0,0,0,0,1
0,0,0,1,2,6,8,1,0,0,3,4,3,0,0,0,3,0,2,2,0,1,0,0,0,0,1,0,2,2,0,0,0,0,0,0,0,0
2,3,0,4,10,0,4,0,0,0,2,2,0,0,0,1,0,1,2,3,1,6,1,1,7,0,4,2,0,1,0,0,1,1,0,1,0,1
0,5,2,13,22,8,1,3,3,7,12,10,2,7,0,1,1,1,2,8,6,11,1,1,5,5,4,4,1,5,0,0,0,3,0,1,0,0
0,4,2,25,24,13,18,1,6,4,20,6,2,5,0,6,8,9,6,4,9,5,0,4,7,6,13,12,3,11,0,0,0,3,1,0,0,0
0,1,3,7,3,21,17,0,1,3,7,10,5,6,0,3,7,1,0,5,3,6,0,5,4,1,17,1,3,6,1,0,0,3,0,0,0,0
0,3,0,8,6,0,5,1,1,0,4,8,5,0,1,2,0,2,6,12,3,4,0,0,6,3,9,1,0,5,1,0,0,1,0,0,0,1
0,0,0,0,0,0,2,0,0,0,1,2,0,0,0,1,2,2,0,1,0,2,0,0,3,1,1,0,0,2,0,0,0,1,0,0,0,0
0,0,0,1,4,1,2,3,1,0,5,0,0,1,0,1,3,1,2,1,0,1,0,0,3,0,3,0,1,1,0,0,0,0,0,0,0,0
0,0,0,4,4,6,16,3,4,2,7,6,7,2,0,2,3,1,14,3,1,9,2,2,4,3,14,8,1,11,1,0,0,2,0,0,0,0
0,1,0,4,5,14,9,0,4,0,4,11,8,1,0,2,4,5,6,4,3,12,0,3,6,0,10,5,1,21,0,0,0,1,0,0,0,0
0,1,0,5,7,13,5,2,2,1,0,2,0,1,0,0,4,8,4,3,0,0,4,2,9,2,13,2,3,9,2,0,0,0,0,0,0,0
0,0,1,10,13,5,3,2,3,6,17,9,7,5,2,3,6,6,5,14,6,5,5,2,13,10,16,14,2,18,0,0,0,4,0,2,0,1
1,0,1,1,7,1,4,0,1,2,4,5,2,2,0,0,1,5,2,5,0,8,0,0,6,0,5,6,1,6,0,0,0,0,0,1,0,1
0,0,0,4,3,4,12,1,0,3,6,5,6,9,0,0,9,4,6,14,3,3,0,0,10,0,20,10,0,9,1,1,0,3,0,0,0,0
0,0,0,2,0,1,1,0,3,2,4,1,1,0,0,2,2,0,1,0,0,0,0,1,1,0,1,0,0,1,0,0,0,0,0,0,0,0
0,1,0,1,2,1,2,3,0,1,4,0,1,0,0,1,3,2,0,0,2,0,0,0,8,0,2,4,0,9,0,1,0,0,0,0,0,0
1,3,1,8,15,9,0,2,1,8,24,11,6,8,0,3,0,6,11,32,2,10,0,4,52,11,32,39,15,44,3,1,1,10,3,1,0,2
2,0,0,2,0,4,2,0,0,0,0,0,0,4,0,0,0,3,4,5,2,2,0,0,7,2,8,13,3,5,0,0,0,4,0,0,0,1
1,0,1,7,9,15,15,1,2,1,8,8,9,2,0,1,4,18,24,10,3,14,4,3,30,4,48,13,16,69,4,1,3,5,2,0,0,1
0,1,0,3,3,2,4,0,0,1,6,3,1,3,1,1,2,9,2,9,2,4,0,1,27,6,21,23,9,45,2,0,0,17,3,2,0,3
0,0,2,1,1,5,0,0,1,0,3,3,0,0,0,0,1,0,2,1,0,2,1,2,9,1,8,11,3,11,3,2,1,4,0,0,0,1
0,1,0,6,2,4,4,1,0,2,5,1,8,5,0,0,9,5,5,3,3,14,1,3,32,2,34,41,20,109,6,2,2,10,2,1,0,0
0,1,0,0,0,0,1,0,0,0,3,0,0,0,0,0,0,1,0,0,1,1,0,0,5,0,0,4,1,5,2,2,1,1,0,1,0,0
0,0,0,1,0,3,1,0,0,0,1,0,0,0,0,0,0,1,0,2,0,0,0,0,1,0,1,1,0,4,0,0,2,0,0,0,0,2
0,0,0,1,0,1,0,0,0,0,0,0,0,0,0,0,0,2,2,0,0,0,0,0,1,0,0,0,1,4,2,0,0,1,5,2,0,0
0,1,0,1,3,1,3,0,0,0,3,2,0,1,0,0,0,3,0,1,4,4,0,4,5,2,16,8,1,17,1,1,1,3,1,2,0,2
0,0,0,1,0,0,2,0,0,0,2,0,0,1,0,0,0,4,0,0,0,0,1,0,0,0,4,5,1,4,1,0,1,2,0,2,0,0
0,0,0,0,0,1,0,0,0,1,1,0,0,0,0,0,0,0,0,0,0,2,0,0,3,0,2,3,0,2,1,3,0,5,1,0,0,0
0,0,0,0,0,0,0,0,0,0,2,1,0,0,0,0,1,0,0,0,1,2,0,0,1,0,0,0,0,0,0,0,0,0,0,0,0,0
0,0,0,0,0,0,1,0,1,0,0,2,1,1,2,1,0,0,0,3,0,0,0,0,3,0,0,0,0,1,1,0,0,1,1,0,0,1
