4,1,0,0,0,0,1,0,0,0,0,0,0,0,0,0,0,0,0,0,0,0,0,1,0,0,0,0,0,0,0,0,0,0,0,0,0,0
2,12,10,20,6,2,0,0,0,0,0,0,0,0,0,0,1,0,0,1,0,0,0,0,3,0,1,0,0,1,0,0,0,0,0,0,0,0
1,6,9,6,0,3,2,0,0,0,2,0,0,0,0,0,0,0,0,0,0,0,0,0,1,0,0,0,0,0,0,0,0,0,0,0,0,0
5,20,8,129,59,48,29,1,1,3,12,10,2,5,0,1,5,2,2,6,2,0,0,0,12,1,7,4,4,8,0,0,0,3,0,1,0,1
0,5,0,37,29,21,11,0,3,7,16,10,5,4,0,1,2,0,1,6,2,4,0,2,4,1,5,1,2,2,0,0,0,1,0,0,0,2
0,6,13,43,9,107,72,7,7,1,2,11,5,5,0,2,7,4,15,1,1,4,0,2,8,3,9,1,4,14,0,0,1,0,0,1,0,0
2,0,7,31,20,72,34,2,4,2,9,6,21,3,1,4,7,9,12,1,1,5,0,0,6,2,19,3,1,6,1,0,0,0,1,2,0,0
0,0,1,5,8,11,5,3,2,0,5,3,5,2,1,2,3,4,3,0,2,5,2,3,4,1,4,1,1,4,0,0,0,4,0,0,0,0
0,0,1,3,1,11,11,0,1,0,1,0,5,2,0,0,6,1,4,3,0,0,0,0,3,0,2,0,0,0,0,0,0,0,0,2,0,0
0,1,2,4,7,1,0,1,0,1,5,4,1,1,1,0,1,2,0,5,0,3,0,0,5,0,1,2,0,3,1,0,0,3,0,0,0,1
1,7,0,6,26,12,8,4,1,2,20,7,3,1,0,1,3,3,6,4,1,9,4,4,19,2,6,5,2,3,3,0,0,11,0,2,0,2
3,2,0,17,18,19,12,8,2,6,16,4,6,10,2,4,3,3,0,10,8,18,2,1,7,1,15,2,4,5,0,1,1,4,0,0,0,3
0,0,1,5,5,21,13,2,7,0,6,5,10,0,0,2,9,5,3,0,7,3,2,0,9,0,19,5,0,6,1,2,1,0,0,0,0,0
0,0,1,7,5,2,10,0,1,0,4,2,2,0,1,2,6,0,2,4,1,10,1,3,4,0,11,2,0,3,0,1,0,0,0,0,0,0
0,0,0,2,2,0,0,1,1,1,1,0,1,2,0,0,0,0,0,4,0,0,0,0,0,0,1,2,0,4,0,0,0,0,0,0,0,0
0,0,0,2,5,1,1,0,5,2,2,0,0,0,0,1,2,2,0,1,0,1,0,0,4,0,1,3,1,3,0,0,0,0,0,1,0,0
0,2,0,3,2,13,18,3,3,1,6,7,3,6,0,1,1,2,13,3,3,5,0,1,10,1,17,7,5,7,2,0,0,2,0,1,0,1
0,1,0,3,6,10,7,1,3,0,2,13,3,1,0,0,2,1,10,1,3,9,3,2,4,2,20,9,0,10,1,0,1,4,0,0,0,0
0,0,1,0,2,16,9,0,3,0,8,5,7,2,0,0,4,2,7,2,1,7,0,0,14,0,21,6,0,25,0,0,0,4,0,0,0,0
0,2,2,8,15,11,4,1,1,5,19,17,0,6,1,0,2,14,4,7,2,4,2,3,15,4,15,9,5,11,1,0,0,1,2,0,0,0
0,0,0,6,3,0,4,1,0,1,3,3,4,1,0,1,2,2,5,1,5,3,0,1,10,2,3,3,2,3,0,0,0,0,0,0,0,0
0,0,0,2,8,8,10,3,1,11,5,7,5,4,1,0,11,2,3,8,2,1,0,2,17,0,22,9,7,20,0,0,0,1,0,3,0,0
0,0,0,0,0,0,0,1,0,1,1,0,3,0,0,0,1,0,2,0,0,0,1,0,5,1,6,0,0,3,0,0,0,0,0,0,0,0
0,0,0,0,2,2,4,0,0,1,1,5,10,0,0,2,5,4,5,0,0,0,0,3,2,1,12,2,1,6,2,0,0,0,0,0,0,0
0,0,2,9,14,3,8,0,2,5,21,0,2,3,1,0,2,5,9,26,1,13,0,9,56,5,27,33,12,28,2,0,0,15,1,5,0,3
1,0,1,3,0,8,1,0,0,2,4,1,2,1,0,0,1,1,2,3,0,0,2,1,10,0,7,11,1,6,2,0,0,2,0,0,0,0
0,0,2,6,3,13,14,1,2,4,12,0,10,5,0,3,7,9,19,14,8,11,4,7,37,5,45,26,17,57,2,4,3,9,0,9,1,2
0,1,0,5,4,1,2,0,0,0,3,2,1,0,0,1,0,4,3,9,0,1,0,0,29,12,11,33,6,28,0,0,3,11,2,5,0,3
0,0,0,1,3,8,1,0,1,0,1,0,0,2,0,0,1,1,3,4,0,0,0,2,9,1,8,14,3,19,4,0,0,4,0,0,0,2
0,1,3,5,5,10,4,0,1,3,17,8,1,7,0,0,1,12,20,7,4,12,2,4,30,7,46,38,15,94,7,6,0,14,1,7,0,1
0,0,0,0,0,0,2,0,0,0,3,0,0,0,0,0,1,0,0,0,2,0,0,0,0,1,1,2,0,4,0,1,0,2,1,5,0,1
0,0,0,0,0,0,0,0,1,2,0,0,1,0,0,0,0,0,0,2,0,1,0,0,1,0,0,0,0,5,0,0,1,1,0,0,0,0
0,0,0,0,1,0,1,0,1,0,1,0,2,2,0,0,0,0,2,0,0,1,0,0,0,0,0,0,0,9,1,0,0,0,1,1,0,1
2,1,0,3,4,3,2,0,0,0,4,10,0,0,0,0,0,1,2,1,3,5,0,1,17,0,1,10,3,14,0,1,3,1,1,4,0,2
1,0,0,1,0,0,0,0,0,0,1,0,0,0,0,0,0,0,0,4,0,0,0,0,1,0,0,6,0,5,0,1,0,2,0,0,0,0
0,0,0,2,1,0,0,0,0,0,0,0,0,0,0,0,1,0,0,0,0,0,0,0,0,0,0,5,1,0,0,0,3,1,0,0,0,1
0,0,0,0,0,0,0,0,0,0,3,0,0,1,0,0,0,0,0,0,3,0,0,0,0,0,1,1,0,2,0,0,0,0,0,0,0,0
0,0,0,0,1,1,0,0,0,1,0,5,0,1,1,0,2,0,0,3,3,0,0,0,4,0,1,1,0,5,2,0,0,1,2,1,0,1
