4.03333333333
2.18140350877
3.29793103448
1.83328358209
1.6324120603
1.90486702128
1.8380952381
1.56684782609
1.89553571429
1.82482142857
1.79524096386
1.68277227723
1.64445255474
1.66594936709
1.67736842105
2.07769230769
1.77878980892
1.6798540146
1.70388888889
1.77659340659
1.59756756757
1.66881656805
1.26583333333
1.55733333333
1.55924698795
2.00935064935
1.73628865979
1.63710982659
1.61931818182
1.82494736842
2.2762962963
3.2275
3.90481481481
2.7222
2.83583333333
2.144
3.76333333333
3.32534883721
