1,0,2,0,1,0,0,0,0,0,0,0,0,0,0,0,0,0,0,0,0,0,0,0,0,0,0,0,0,0,0,0,0,0,0,0,0,0
0,13,11,18,2,9,1,0,1,0,2,1,0,0,2,0,0,0,0,1,0,2,0,0,0,0,1,0,0,1,0,0,0,0,0,0,0,0
0,6,13,6,0,13,3,0,0,0,0,1,0,0,0,0,0,0,0,0,0,1,0,0,0,1,0,0,0,0,0,0,0,0,0,0,0,0
1,19,9,124,56,50,9,2,2,4,4,5,3,2,0,3,0,1,2,6,0,4,0,0,11,0,10,6,3,5,0,0,0,0,0,0,0,0
0,5,1,59,20,12,14,9,5,6,14,9,8,2,2,3,6,3,5,1,0,6,0,1,11,2,4,5,3,4,0,0,0,5,0,0,0,0
1,10,12,42,14,103,51,5,13,0,5,6,2,1,0,1,4,8,2,1,0,5,0,1,4,0,5,3,2,6,0,1,0,3,2,0,0,0
3,4,3,16,16,79,44,0,6,5,3,6,7,0,0,1,14,11,11,1,3,6,0,1,5,1,14,3,0,17,0,0,0,2,0,1,0,0
0,1,0,4,5,9,17,2,0,1,2,4,5,5,0,0,8,1,8,2,0,9,0,3,6,3,6,0,1,3,0,0,0,1,0,0,0,0
0,0,0,2,2,5,15,0,0,0,0,0,1,1,1,0,1,1,0,0,0,1,0,0,2,0,2,2,1,1,0,2,0,0,0,0,0,0
1,0,1,14,10,2,1,0,0,1,7,10,0,2,0,0,0,0,0,2,2,6,0,0,1,1,0,1,1,2,0,0,0,1,2,0,0,0
0,0,1,13,19,9,4,4,2,8,16,11,4,4,1,3,7,3,4,11,1,22,0,2,6,2,11,5,3,4,0,1,1,1,0,0,0,2
0,0,3,19,22,8,16,4,8,1,17,7,3,12,0,2,5,7,3,2,6,17,2,8,15,2,7,7,1,7,0,0,0,1,0,0,0,0
0,4,1,5,5,16,12,1,1,0,1,11,1,2,0,0,9,5,11,5,4,7,0,1,7,1,9,4,0,8,0,2,0,0,0,0,0,0
0,2,0,3,12,4,0,0,0,2,7,8,2,2,1,3,7,3,1,4,6,6,0,4,2,3,18,5,2,6,0,0,0,0,0,1,0,0
0,0,0,3,5,2,4,0,2,0,1,1,2,0,0,0,5,0,1,0,2,2,1,0,1,0,3,0,0,4,0,0,0,0,0,0,0,0
0,1,2,0,1,3,1,1,0,1,7,3,2,2,0,2,3,1,0,1,0,12,0,2,2,0,5,5,2,4,0,0,0,2,0,1,0,0
0,0,1,2,4,14,7,4,10,0,4,3,2,7,0,0,2,2,6,1,1,2,0,3,3,2,11,2,1,9,0,1,0,1,1,1,0,0
0,0,1,3,11,8,8,2,2,1,5,6,3,6,0,1,4,5,5,8,1,12,2,1,7,1,10,7,3,9,0,0,0,2,0,0,0,0
0,1,0,5,10,8,5,2,6,0,1,1,5,1,1,0,1,5,10,3,5,4,1,2,10,2,19,1,1,14,0,0,0,1,0,0,0,0
0,2,0,8,7,5,3,1,4,2,31,7,1,11,0,0,2,9,3,10,2,2,5,3,26,5,10,15,4,14,0,0,0,3,0,3,0,1
0,1,0,2,2,4,3,0,1,2,3,4,1,1,0,0,1,2,2,5,3,3,3,1,3,2,5,4,2,3,0,0,0,4,0,0,0,0
0,0,2,8,10,7,5,1,3,4,8,6,7,4,1,0,16,4,6,4,2,3,0,2,16,0,7,3,3,10,0,0,2,4,0,0,0,1
0,0,0,0,2,1,0,0,0,0,2,1,1,0,0,0,0,0,3,1,1,2,0,0,4,0,0,1,1,2,0,0,0,1,0,0,0,0
0,1,0,0,1,1,2,1,0,1,2,0,5,4,0,0,4,2,7,4,2,1,0,0,3,0,2,2,2,6,0,0,0,0,0,0,0,2
0,1,2,10,7,5,5,1,1,4,14,4,2,4,0,1,4,12,6,24,11,13,1,3,40,6,36,36,8,49,5,0,0,10,1,0,0,2
0,0,2,2,1,7,3,0,0,4,3,1,0,1,0,0,0,4,3,3,0,0,0,1,8,0,6,8,2,2,0,0,0,0,0,0,0,0
0,2,8,2,7,12,10,0,4,1,9,7,7,1,0,1,6,12,15,2,4,23,0,4,31,7,44,24,18,52,6,3,1,6,1,3,0,0
0,0,1,2,6,7,9,1,0,3,1,6,0,4,0,0,1,4,2,12,0,2,0,1,24,7,18,27,11,35,2,4,1,20,1,2,0,1
0,0,0,3,0,6,0,0,1,3,0,0,0,4,0,0,1,1,0,0,1,4,0,0,12,5,5,8,0,23,2,0,0,4,1,1,0,0
0,1,0,2,6,14,6,0,2,0,12,4,6,4,0,0,4,13,11,3,3,7,0,2,25,2,34,47,22,86,4,0,1,7,5,3,0,1
0,0,0,1,2,0,0,0,0,1,0,3,1,0,0,0,0,0,0,0,2,1,0,0,1,0,4,0,1,7,0,0,0,4,2,3,0,1
0,0,0,0,0,0,0,0,0,0,0,0,0,1,0,2,0,0,0,0,0,0,0,0,3,0,4,0,0,4,0,0,1,3,0,0,0,0
0,0,1,0,0,1,0,0,0,0,0,0,0,0,0,0,0,0,0,0,0,1,0,0,2,1,0,3,0,2,0,0,0,0,0,0,0,0
0,0,0,0,5,3,2,0,0,1,2,4,0,2,1,2,1,0,2,4,2,4,2,1,17,0,5,5,2,14,0,5,0,6,4,5,0,2
2,0,2,1,1,1,0,0,0,0,0,1,0,0,1,0,2,1,0,0,0,0,0,0,0,0,1,0,1,6,2,1,0,0,0,0,0,1
0,0,0,4,0,0,2,0,0,0,0,0,1,0,0,0,0,0,1,0,0,0,0,1,0,0,3,3,0,6,5,1,2,0,0,1,0,2
0,0,0,0,0,0,0,0,0,0,0,0,0,1,0,1,0,0,0,0,0,0,0,0,0,0,1,0,0,1,1,0,0,0,0,0,0,0
0,0,0,3,3,0,0,0,0,0,0,0,0,0,0,0,0,0,0,0,2,3,0,0,2,0,3,3,1,5,3,2,2,5,1,1,0,0
