0,0,1,1,0,0,0,0,0,0,0,0,0,0,0,0,0,0,0,0,0,0,0,0,0,0,0,0,0,0,0,0,0,0,0,0,0,0
3,8,8,16,3,3,0,0,0,0,1,0,0,0,0,0,0,0,0,2,0,3,0,0,1,0,0,0,0,0,0,0,0,0,0,0,0,0
1,11,7,9,3,12,0,0,0,0,0,0,0,0,0,2,0,0,0,0,0,0,0,0,0,0,0,0,0,0,0,1,0,1,0,0,0,0
4,16,11,92,63,38,13,4,2,3,11,12,6,2,0,1,2,1,2,4,4,4,2,4,2,1,4,6,0,5,0,0,0,1,1,0,0,0
6,2,2,70,20,27,14,4,4,6,16,18,4,7,5,6,7,3,8,11,0,8,3,2,18,2,14,3,2,6,0,0,0,4,0,0,0,1
0,7,11,39,21,114,59,1,5,0,3,6,3,1,1,2,6,4,3,0,0,4,0,0,14,1,15,0,1,2,0,0,0,3,0,0,0,0
1,1,3,24,17,64,34,8,14,0,2,17,13,4,2,0,10,9,10,6,4,7,0,1,2,1,11,8,5,7,0,0,3,2,0,0,0,0
0,3,1,5,6,13,9,0,3,0,3,5,1,1,1,0,10,2,6,1,1,3,0,1,3,3,4,4,0,4,0,0,0,3,0,0,0,0
0,1,0,1,4,12,19,2,3,0,3,1,1,3,0,0,1,4,4,0,2,0,0,3,4,0,5,0,1,2,0,0,0,0,0,0,0,0
0,1,3,5,6,1,1,0,0,0,7,2,0,4,1,0,0,1,0,6,3,0,0,0,12,2,1,5,0,4,0,0,0,1,0,0,0,0
1,1,3,16,19,8,4,2,4,5,9,11,2,2,1,1,8,3,4,10,3,10,2,7,11,2,15,15,4,10,0,0,0,3,0,1,0,0
0,0,0,18,29,12,14,2,1,1,19,11,9,11,2,3,3,7,5,8,6,7,1,2,9,2,15,7,3,4,0,0,0,3,2,2,0,0
0,3,1,12,7,10,18,1,0,0,2,5,2,0,1,0,4,5,6,4,4,5,0,3,2,0,9,5,0,8,0,0,0,0,0,0,0,0
0,0,0,1,6,7,4,3,4,1,5,11,2,3,0,0,3,0,5,5,2,4,1,3,8,0,13,6,2,12,0,0,0,0,0,0,0,0
0,0,0,2,3,0,1,0,1,0,4,4,5,3,0,0,0,2,4,0,0,6,0,6,0,2,5,0,1,2,0,0,1,0,0,0,0,0
0,1,1,0,1,4,7,0,4,1,2,7,1,0,0,6,0,0,1,1,0,1,0,0,0,0,6,3,0,3,0,0,0,0,0,0,0,0
0,1,1,7,7,15,22,3,6,2,6,6,2,6,2,3,2,4,16,0,2,3,0,2,6,0,21,5,7,5,1,0,1,1,0,2,0,0
0,0,4,7,4,8,8,5,3,1,6,5,6,3,0,1,6,1,6,3,4,9,1,4,8,3,26,5,5,12,0,0,0,6,0,0,0,0
0,0,0,4,2,13,10,0,3,0,4,4,7,0,3,0,4,8,3,4,1,6,0,4,4,2,20,12,2,15,0,0,0,1,0,0,0,0
0,2,0,13,15,19,9,0,2,10,28,14,4,3,1,0,1,16,12,14,4,6,6,3,23,5,17,18,6,20,2,0,2,4,0,0,0,1
0,1,1,4,1,5,5,1,0,0,5,10,0,2,0,1,3,2,2,4,1,1,2,2,9,1,9,2,0,6,0,0,0,0,1,0,0,0
0,1,2,4,4,5,14,0,2,2,23,9,3,11,0,4,10,7,15,0,8,3,0,3,22,0,28,7,6,20,0,0,0,2,1,0,0,0
0,0,0,0,1,2,2,2,0,0,0,0,0,0,0,0,1,1,1,1,1,4,0,0,1,1,2,1,0,3,0,0,0,0,0,3,0,0
0,0,1,4,1,6,6,0,0,0,5,3,1,3,0,2,1,3,1,3,2,0,0,2,2,0,7,3,3,4,0,0,0,0,0,0,0,0
2,2,1,12,8,4,5,2,3,5,9,6,2,9,0,0,3,9,9,25,3,6,1,2,51,13,34,45,12,44,1,0,1,13,0,1,0,3
1,2,1,2,1,4,2,0,0,0,4,1,0,1,1,0,1,5,3,1,1,5,0,0,6,0,7,4,2,7,0,0,0,2,0,0,0,0
0,2,0,2,10,12,15,8,2,0,9,1,4,7,0,0,5,15,13,3,4,12,0,2,32,14,43,18,23,53,3,2,0,9,0,0,0,2
0,1,1,6,5,0,1,1,2,2,2,4,0,4,0,0,1,4,5,2,4,0,2,1,32,7,18,16,14,36,5,0,2,13,3,2,0,2
0,1,0,2,0,2,2,0,0,0,0,1,0,3,0,0,2,3,3,1,1,2,0,2,8,0,5,8,6,40,1,1,0,6,0,1,0,2
0,1,2,5,5,7,2,2,3,4,3,3,2,5,0,3,8,15,14,6,3,10,5,2,39,7,33,48,2,96,4,1,2,7,5,2,0,3
0,1,0,0,0,1,1,0,0,0,1,0,1,4,0,0,1,0,0,2,0,2,0,0,1,0,0,3,0,3,2,0,1,0,0,0,0,0
0,0,0,0,0,1,0,0,0,0,0,0,0,0,0,0,0,0,0,0,0,0,0,0,1,0,6,2,1,6,0,0,0,0,0,1,0,0
0,0,0,1,0,0,0,0,0,0,0,0,1,0,0,0,0,0,1,0,0,0,0,1,2,0,2,1,1,6,2,2,0,1,1,1,0,0
0,1,0,2,2,2,2,0,0,1,9,5,0,3,0,0,1,3,2,5,1,9,2,1,16,1,4,8,4,15,1,0,0,3,2,4,0,2
0,0,0,0,2,0,1,0,0,0,0,0,0,0,0,0,1,1,1,0,0,0,1,0,2,0,1,5,2,5,1,0,1,2,0,0,0,1
0,0,0,1,0,0,0,0,0,0,0,0,0,1,0,0,0,1,0,0,0,0,0,0,3,0,1,5,2,0,0,0,1,5,2,1,0,0
0,0,0,1,0,0,0,0,0,0,3,0,0,0,0,0,0,0,0,0,0,0,0,0,1,0,1,0,0,1,0,1,1,0,0,0,0,0
0,0,0,2,0,1,1,0,1,1,0,0,0,0,0,0,0,1,0,2,1,0,0,0,2,1,5,2,0,7,0,0,0,0,3,1,0,0
