2,4,0,1,0,0,0,0,0,0,0,0,0,0,0,0,0,0,0,0,0,0,0,0,0,0,0,0,0,0,0,0,0,0,0,0,0,0
1,10,1,10,2,5,0,1,0,0,0,0,0,0,0,0,0,3,0,0,0,0,0,0,0,1,0,0,0,0,0,0,0,0,0,0,0,0
0,1,9,4,0,12,0,0,1,0,0,0,0,0,0,0,0,1,0,0,0,0,0,0,0,0,0,0,0,0,0,0,0,0,0,0,0,0
10,39,5,129,63,38,19,1,1,2,6,5,3,1,0,1,3,1,0,2,0,5,1,0,11,0,5,1,1,7,0,0,0,0,2,1,0,0
2,1,2,42,22,10,16,1,6,0,19,16,6,6,1,0,6,3,5,9,3,1,0,1,6,2,9,3,2,5,0,0,2,1,0,0,0,0
1,6,7,40,18,96,64,1,11,2,3,11,6,2,0,0,5,5,5,1,4,1,1,1,3,1,11,4,3,3,1,0,0,2,0,0,0,0
2,2,2,18,16,84,45,3,18,4,3,7,13,4,0,0,11,7,5,1,4,4,1,1,6,0,15,3,2,9,0,0,1,0,2,0,0,0
0,0,1,8,9,9,9,1,0,0,4,5,5,3,0,2,2,5,1,1,1,1,2,2,2,1,4,5,1,1,0,0,0,1,0,2,0,1
1,0,0,3,3,12,17,0,2,0,0,6,0,1,0,0,2,4,3,0,0,1,0,0,0,0,1,0,0,3,0,0,0,1,0,1,0,0
0,0,0,8,8,2,1,0,0,1,0,4,0,0,0,0,2,1,1,2,2,3,0,0,2,0,0,1,1,1,0,0,1,0,0,0,0,0
0,5,1,7,17,2,7,1,0,1,14,9,3,7,3,2,4,4,8,20,4,12,2,2,12,2,7,6,0,9,0,2,0,4,0,0,0,3
1,4,2,11,18,15,17,3,5,1,15,4,7,6,1,5,2,7,9,6,4,9,2,5,11,1,6,10,4,11,2,0,1,1,0,0,0,0
0,0,0,5,6,20,18,2,0,0,6,8,3,1,1,0,0,5,10,2,0,5,0,2,7,2,4,0,1,13,0,0,0,0,0,0,0,1
1,0,0,4,5,6,7,0,8,4,11,10,2,3,0,2,1,2,4,2,2,9,1,3,6,0,8,5,0,6,0,0,0,3,0,1,0,0
0,0,0,6,1,0,4,0,1,0,1,4,0,0,0,1,3,2,0,0,0,2,0,0,1,0,13,1,1,1,0,0,0,1,2,1,0,0
0,0,0,0,2,2,10,0,3,0,3,3,0,0,0,1,0,0,0,2,0,1,0,0,1,2,5,1,0,6,0,0,0,1,0,0,0,0
0,0,0,5,7,7,9,7,3,1,9,4,4,3,0,3,3,3,3,2,0,4,1,2,3,5,26,4,8,9,0,0,0,3,2,0,0,1
0,0,0,9,6,11,19,3,5,4,11,7,3,3,1,0,4,4,6,4,1,12,0,0,6,1,21,8,6,15,3,0,0,3,0,0,0,0
0,0,0,1,2,4,10,1,7,2,5,0,7,1,0,2,5,2,5,0,1,9,0,2,10,3,23,2,6,13,0,2,0,0,0,0,0,0
0,2,2,12,11,15,10,3,1,5,19,12,3,8,2,0,8,3,7,18,6,8,3,2,17,6,14,15,1,18,0,1,0,5,0,0,0,0
0,0,1,6,3,1,3,2,2,2,9,9,3,2,0,0,4,2,5,5,0,2,1,3,4,0,8,3,1,9,0,0,0,0,0,1,0,0
0,1,2,3,6,12,16,2,2,3,14,4,2,8,0,4,4,13,13,12,5,5,0,3,9,3,25,8,4,14,2,1,0,0,1,5,0,0
0,0,2,0,1,3,1,0,0,0,0,4,1,0,0,1,0,0,0,1,0,1,0,0,2,0,1,2,0,1,0,0,0,0,0,0,0,0
0,0,0,3,2,4,0,1,4,0,3,0,0,7,1,0,2,6,3,3,0,4,0,0,4,0,5,3,2,2,0,2,0,1,0,0,0,0
1,3,2,11,7,6,4,1,5,5,11,5,2,5,0,0,3,7,11,22,8,7,1,2,52,6,38,34,15,41,2,0,0,10,1,0,0,3
0,0,0,0,3,3,4,0,0,1,3,1,0,0,2,0,0,1,2,3,0,1,0,0,8,1,7,5,6,5,1,0,0,1,1,0,0,0
0,3,2,2,7,14,19,1,7,3,7,8,3,2,0,0,7,17,15,10,2,11,2,4,41,9,52,36,10,64,3,2,5,4,3,0,0,1
0,0,0,1,5,3,1,0,0,2,2,2,0,3,1,0,2,8,3,7,1,4,1,2,35,0,32,23,13,55,0,0,1,9,5,3,0,4
1,0,0,2,1,0,1,0,0,0,3,0,3,0,0,0,3,1,1,6,0,2,1,2,12,0,14,11,5,17,1,0,1,1,1,0,0,0
1,0,2,5,2,6,2,0,0,0,5,4,0,10,0,3,4,11,14,5,3,5,3,2,31,4,46,46,14,84,3,0,5,9,2,4,0,0
0,0,0,1,0,0,1,0,0,0,1,0,0,0,0,0,0,1,2,0,0,0,0,0,0,0,0,3,0,6,1,2,0,0,0,4,0,0
0,0,0,0,1,0,3,0,0,0,0,0,0,0,0,0,0,0,0,0,0,1,0,0,1,0,2,2,0,6,0,0,2,0,0,3,0,0
0,0,0,0,1,3,3,0,0,0,0,0,0,0,0,0,0,0,1,0,0,1,0,0,3,0,0,4,2,12,2,0,0,2,0,0,0,1
0,0,0,1,3,0,0,0,0,1,7,1,0,4,0,0,1,1,4,5,0,3,0,0,12,0,6,15,4,15,3,0,1,5,1,4,0,2
0,0,0,0,0,0,0,0,0,0,0,0,0,0,0,0,0,0,0,1,0,0,0,0,3,0,2,4,0,6,1,0,0,2,0,1,0,0
0,0,0,0,0,0,2,0,0,0,0,0,0,2,0,0,0,2,4,4,0,2,0,0,1,2,0,3,0,2,2,4,2,1,4,0,0,0
0,0,0,0,0,0,0,0,0,0,0,1,0,0,0,0,0,0,0,1,0,0,0,0,0,0,0,1,0,0,0,0,0,0,0,0,0,0
0,0,0,0,1,0,0,0,2,0,0,3,0,0,0,0,0,5,0,1,1,0,0,0,0,1,0,3,0,1,0,0,0,3,1,0,0,0
