2,0,0,0,0,0,0,0,0,0,0,0,0,0,0,0,0,0,1,0,0,0,0,0,0,0,0,0,0,0,0,0,0,0,0,0,0,0
1,16,8,17,6,6,4,0,0,0,0,2,1,0,0,0,0,0,0,0,0,0,0,0,2,0,1,0,0,0,0,0,0,1,0,0,0,0
1,8,12,3,0,5,3,0,0,0,0,0,2,0,0,0,1,0,0,0,0,0,0,0,0,0,0,0,0,2,0,0,0,0,0,0,0,0
7,27,14,109,39,37,21,2,3,4,7,7,3,1,0,1,3,0,2,0,0,4,0,0,9,0,9,3,4,4,0,0,0,0,0,0,0,3
3,4,2,48,24,20,16,1,2,1,21,16,4,5,1,4,4,5,1,5,3,2,0,0,10,0,10,2,8,6,0,1,0,0,0,0,0,0
1,8,8,34,18,102,59,5,6,0,6,3,3,2,1,0,6,3,4,1,3,6,0,0,8,1,12,8,3,9,1,0,0,1,0,0,0,0
2,0,6,13,14,74,53,7,5,2,5,10,9,3,0,6,5,3,6,6,1,11,0,1,11,0,9,2,1,12,0,0,0,2,0,0,0,0
0,0,0,4,6,12,6,2,1,2,4,5,0,1,1,0,1,1,4,0,2,2,0,2,7,0,6,1,0,0,0,0,0,1,0,0,0,0
0,0,0,1,6,13,10,0,1,2,1,3,3,0,1,0,2,3,2,1,0,1,3,1,3,0,4,1,0,1,0,0,0,0,0,0,0,0
0,0,1,4,8,2,1,1,0,1,6,4,0,0,2,0,0,0,0,3,2,2,0,0,4,0,5,3,4,1,0,0,0,0,0,0,0,0
2,2,1,15,18,10,2,1,0,4,11,14,3,4,1,1,5,6,5,14,4,13,0,1,7,2,4,7,1,8,0,0,3,1,1,0,0,0
0,0,0,16,18,12,12,0,6,4,24,8,4,10,0,3,8,6,5,4,8,14,0,5,6,0,8,9,0,5,0,0,2,5,0,0,0,0
0,0,0,8,9,10,12,0,3,2,4,2,4,1,1,0,6,2,6,1,1,5,0,3,3,1,5,6,3,8,0,0,0,0,0,0,0,0
0,0,0,4,4,6,8,1,2,3,1,9,2,4,0,2,5,9,1,5,1,11,3,0,7,2,4,10,4,7,0,0,0,2,0,0,0,0
0,0,1,1,1,0,1,0,0,0,6,0,1,1,1,0,1,0,1,0,3,4,0,0,6,2,3,0,1,1,0,0,0,0,0,0,0,0
0,0,0,1,3,5,6,0,5,0,2,2,1,3,0,0,2,1,0,0,0,2,0,2,5,0,5,1,0,1,0,0,0,0,0,2,0,1
0,2,5,1,8,3,6,0,0,1,8,3,5,3,0,1,2,2,7,0,0,4,1,1,6,1,12,4,2,4,1,0,0,0,1,0,0,0
0,0,4,4,3,13,7,0,4,1,6,5,3,3,0,1,5,3,5,3,2,11,0,4,8,0,9,13,0,14,0,1,1,3,0,1,0,3
2,0,2,6,3,3,5,0,2,1,2,4,5,2,0,0,7,2,5,2,0,6,0,1,8,0,20,12,3,18,0,0,0,0,0,1,0,2
1,1,1,4,18,17,4,2,0,5,16,6,5,5,0,1,6,3,13,9,2,3,1,6,8,3,15,9,6,7,4,0,0,2,1,0,0,3
0,0,0,2,8,7,3,1,0,0,7,3,2,3,1,0,3,5,4,1,2,3,0,1,3,2,4,4,0,11,0,0,0,0,0,0,0,0
0,0,1,7,5,13,15,0,2,7,13,8,2,1,0,1,7,5,6,2,9,6,0,1,10,1,18,7,4,15,0,1,0,1,0,0,0,7
0,0,0,0,0,2,2,1,0,0,2,4,1,1,1,0,2,0,0,1,0,3,0,0,2,0,5,1,0,4,0,0,0,0,0,0,0,0
0,0,2,2,0,8,4,2,0,0,5,1,0,4,0,2,0,3,2,2,2,3,0,0,8,2,9,3,0,3,0,1,0,0,0,0,0,0
2,0,0,4,12,9,5,1,1,5,20,4,0,2,0,0,3,6,4,16,6,8,0,4,54,8,43,46,7,39,2,0,0,18,2,3,0,1
1,0,0,2,0,2,1,3,0,1,2,1,2,3,0,0,3,6,3,2,2,2,0,0,9,4,6,4,2,9,3,1,0,1,0,0,0,0
0,2,0,7,11,14,15,1,5,3,6,7,9,1,0,1,7,6,12,7,1,16,1,3,37,6,37,20,6,47,1,0,4,9,1,1,0,1
0,1,0,4,4,3,1,1,2,0,6,2,0,6,0,0,1,3,4,6,0,0,0,2,25,5,19,34,13,51,2,1,0,11,2,1,0,3
0,0,0,2,4,2,1,0,0,0,0,0,1,1,0,2,1,0,2,3,2,3,0,0,12,4,11,14,2,29,0,2,0,7,2,0,0,1
0,3,0,2,3,6,8,0,1,0,4,6,2,5,1,2,5,4,7,2,6,5,3,5,23,8,36,35,9,75,3,5,3,10,3,7,1,3
0,0,0,0,4,0,1,0,0,0,0,2,0,0,0,0,2,0,0,0,2,0,0,0,0,0,0,4,0,9,0,1,0,6,1,1,0,0
0,0,0,0,0,0,0,0,0,0,0,0,0,0,0,0,0,0,1,1,0,0,0,0,0,0,2,0,0,6,2,1,0,0,0,4,0,0
0,0,0,1,1,2,2,0,0,0,0,0,0,0,0,0,0,0,0,1,0,1,0,0,1,1,1,2,0,2,0,0,1,4,1,2,0,0
0,1,2,2,1,5,0,0,0,2,3,1,1,0,0,0,0,0,1,1,0,0,1,1,9,1,3,8,5,17,0,0,2,5,2,4,0,1
0,0,0,0,0,0,0,0,0,0,0,0,0,0,0,0,0,0,0,2,0,0,0,0,2,1,1,2,1,7,0,2,2,2,1,1,0,0
0,0,0,2,3,1,0,0,2,0,0,0,0,0,0,0,1,0,0,1,0,0,0,0,2,0,1,1,3,2,1,4,0,4,0,0,0,0
0,0,0,0,0,0,0,0,0,0,1,0,0,0,0,0,0,0,0,0,0,0,0,0,0,0,1,0,0,0,1,0,0,0,0,0,0,0
0,1,0,0,3,0,1,0,0,0,1,0,0,0,0,1,0,0,1,1,0,0,0,0,4,0,4,1,0,11,0,0,0,1,0,0,0,0
