0,0,1,1,0,0,1,0,0,0,0,0,0,0,0,0,0,0,0,0,0,0,0,0,0,0,0,0,0,0,0,0,0,0,0,0,0,0
3,12,2,10,1,2,5,0,0,0,1,3,0,0,0,0,0,0,1,0,0,0,1,0,4,0,0,1,0,1,0,0,0,2,0,0,0,0
0,3,5,1,0,4,1,0,0,0,0,0,2,3,0,0,0,0,0,0,0,0,0,0,0,0,2,0,0,0,0,0,0,0,0,0,0,0
10,22,7,95,44,49,16,1,3,1,7,6,1,0,0,1,4,3,1,3,2,4,0,0,6,0,12,6,0,8,0,1,1,0,0,0,0,0
0,7,3,45,26,24,10,4,2,5,21,17,3,1,0,0,5,5,1,6,0,3,0,3,8,0,5,3,3,7,0,0,0,2,0,0,0,0
5,7,5,34,24,87,56,4,7,1,5,5,7,1,2,1,9,8,4,1,1,4,0,0,9,0,9,7,2,6,0,0,1,1,0,0,0,0
4,2,1,17,21,79,40,10,6,2,11,7,8,4,1,2,9,0,5,1,1,10,1,2,3,0,5,10,4,8,0,0,1,0,0,2,0,0
0,0,0,1,5,5,7,0,1,0,5,2,4,1,1,3,5,12,2,1,1,2,0,0,2,0,6,1,0,1,0,0,0,0,0,0,0,0
0,0,1,11,5,16,5,0,3,2,2,3,1,0,0,1,2,1,2,0,0,1,0,0,0,0,5,4,0,0,0,0,0,0,0,0,0,0
0,0,0,2,7,2,1,0,0,2,4,1,0,1,0,0,0,0,0,6,2,0,0,0,1,0,1,0,0,6,0,0,0,1,0,0,0,0
1,0,3,12,25,8,12,2,2,3,8,8,6,3,4,3,6,1,4,16,3,20,1,0,17,1,10,6,3,9,1,1,1,3,0,1,0,0
1,3,1,16,15,14,14,5,2,1,18,5,4,11,2,2,3,3,4,4,2,10,2,5,12,1,16,10,2,9,1,0,0,0,0,2,0,1
1,0,1,2,4,15,10,3,1,0,1,3,3,2,0,1,4,2,2,1,2,3,2,2,4,1,2,0,0,8,0,0,0,2,0,0,0,0
0,0,1,4,11,3,9,2,2,2,3,8,2,3,0,1,6,5,1,3,2,5,0,7,6,0,16,2,0,6,2,0,0,3,0,0,0,0
0,0,0,1,0,2,1,1,0,3,2,0,0,0,0,0,0,1,1,1,3,1,3,0,1,0,3,0,0,5,1,0,0,1,0,0,0,0
0,0,0,3,3,1,3,1,0,0,6,4,5,1,0,0,4,1,2,2,0,7,0,1,0,0,11,1,1,3,0,0,0,0,0,0,0,0
0,1,1,2,7,7,9,1,1,0,13,7,2,7,0,1,4,2,9,0,2,7,1,3,3,0,8,0,0,7,1,0,0,1,0,2,0,0
0,0,5,7,9,11,11,0,5,2,10,3,2,1,0,2,6,4,3,0,2,13,0,2,10,1,21,0,3,14,2,0,0,0,0,0,0,0
0,0,0,11,3,6,8,1,4,0,4,4,3,3,0,0,6,5,6,3,0,10,1,0,10,0,14,9,3,14,0,1,0,0,0,1,0,0
1,2,1,9,16,14,6,4,1,7,23,3,2,8,1,3,7,9,8,10,5,8,0,2,16,4,9,11,3,19,2,0,0,1,0,1,0,1
2,0,0,6,1,2,1,2,0,2,5,4,0,0,0,3,4,6,1,7,4,4,0,3,7,2,3,1,3,2,1,0,2,1,0,0,0,0
0,0,2,3,11,10,5,0,0,3,13,15,2,5,0,3,3,8,12,5,6,1,1,1,12,4,17,5,2,21,1,0,1,5,0,0,0,2
0,0,1,0,0,3,1,1,0,0,3,2,0,1,0,0,2,0,0,1,0,5,0,0,0,2,2,6,0,3,0,0,0,4,0,0,0,1
0,1,0,0,2,3,3,3,0,0,5,4,5,2,1,3,2,4,4,1,1,3,0,2,5,0,12,2,2,4,0,0,0,0,2,0,0,0
3,1,0,8,15,8,3,0,0,6,15,5,1,1,0,0,1,7,5,17,5,20,2,3,35,8,36,43,9,38,2,5,0,11,4,1,0,0
0,1,1,4,6,5,2,0,0,0,4,0,4,0,0,0,0,1,2,5,3,2,2,0,7,2,13,5,1,6,0,0,0,1,0,0,0,3
1,2,2,9,4,11,12,1,2,2,6,5,5,4,0,0,9,12,13,4,3,20,0,4,30,4,42,25,15,61,0,6,0,17,4,0,0,0
0,3,0,9,2,1,4,0,1,6,2,0,0,5,0,0,3,1,6,5,0,4,1,2,35,8,20,38,12,47,2,2,3,13,0,1,0,0
0,0,1,1,4,1,3,0,0,0,0,2,1,0,1,0,0,1,2,1,4,2,0,0,7,2,12,14,3,22,0,0,2,3,4,2,0,3
0,1,5,1,5,7,6,0,2,0,7,16,5,2,0,1,7,5,14,2,1,11,2,2,33,3,41,24,17,83,9,3,3,9,7,1,0,5
0,0,0,0,1,0,0,0,0,2,0,0,0,0,0,0,0,0,4,0,0,1,0,0,3,0,2,0,2,3,4,1,3,0,0,0,0,0
0,0,0,0,0,0,1,0,0,0,0,0,2,0,0,0,3,0,0,1,0,0,0,0,1,0,1,1,0,3,0,0,0,0,0,1,0,0
0,0,0,0,1,0,0,1,0,0,2,1,0,0,0,0,0,0,1,1,0,2,0,0,3,0,3,4,0,6,0,0,0,0,1,0,0,0
2,0,0,1,2,4,3,0,0,1,4,0,0,0,0,0,1,1,0,5,0,1,0,0,8,0,5,13,2,19,3,0,2,2,1,6,0,7
0,0,0,0,0,0,0,0,0,0,1,0,0,0,0,0,0,0,0,4,0,0,0,0,2,0,1,6,1,6,0,0,0,3,0,2,0,0
0,0,0,1,1,1,0,2,0,0,2,0,1,0,0,0,1,0,1,0,0,0,0,0,1,0,3,0,0,2,1,1,4,3,0,0,0,0
0,0,0,0,0,0,1,0,0,0,2,0,0,0,0,0,0,0,0,0,0,0,2,0,0,1,0,0,1,0,0,0,0,0,0,0,0,0
0,0,0,0,1,1,0,0,0,1,1,0,0,1,0,0,0,0,1,0,0,0,1,0,3,0,0,2,0,4,0,0,0,1,0,0,0,0
