3.78666666667
2.68469387755
1.88941176471
2.04555205047
1.73910377358
1.89277258567
1.72215547703
1.32541666667
1.68692307692
1.57804878049
1.70409326425
1.71406091371
1.82164835165
1.52336065574
1.66588235294
1.31173913043
1.63172727273
1.78559440559
1.51157894737
1.89898148148
1.73935897436
1.65204188482
1.81046511628
1.43853333333
1.73593548387
1.71206896552
1.58772727273
1.51662447257
1.84774193548
1.83179012346
2.62304347826
3.56142857143
3.52708333333
2.21303921569
2.09827586207
4.12888888889
3.54
3.753
