0,3,0,2,0,0,0,0,0,0,0,0,0,0,0,0,0,0,0,0,0,0,0,0,1,0,2,0,0,0,0,0,0,0,0,0,0,0
1,13,8,11,3,6,1,0,0,0,4,0,0,0,0,0,0,0,0,0,0,0,0,1,0,0,0,0,0,0,0,0,3,0,0,0,0,0
0,3,8,0,0,10,1,0,0,0,0,0,0,0,0,0,0,0,0,0,0,0,0,0,1,0,1,0,0,0,0,0,0,1,0,0,0,0
6,15,11,110,52,34,14,2,2,2,4,6,2,3,0,0,1,3,0,3,1,1,0,0,3,1,7,11,0,6,0,0,1,2,0,0,0,0
0,6,4,44,21,12,17,3,8,7,20,3,7,0,0,4,4,1,2,6,5,3,0,3,4,1,8,3,0,8,0,0,0,0,0,0,0,0
3,6,15,41,26,119,32,1,4,0,6,3,9,2,1,0,11,5,10,2,1,13,1,1,2,1,11,9,3,7,0,0,0,1,0,1,0,0
0,2,4,15,15,70,47,0,5,2,3,1,10,1,0,1,9,1,2,3,3,9,1,2,5,1,7,4,3,11,2,0,0,1,0,0,0,2
0,0,0,3,3,7,11,0,1,0,4,5,2,5,2,3,8,2,3,0,0,1,0,3,7,0,4,0,0,2,0,0,0,0,0,0,0,0
0,1,1,4,4,4,13,0,1,0,0,1,0,1,0,0,0,2,1,1,1,2,0,0,2,0,4,1,0,2,0,0,0,0,0,2,0,2
1,0,0,4,8,0,2,3,0,0,1,1,0,1,0,0,2,0,0,3,0,5,2,0,8,0,0,1,0,4,0,0,0,3,0,0,0,0
1,2,1,12,33,10,5,4,1,3,9,13,5,3,0,4,2,4,2,13,2,14,2,2,10,4,6,7,5,10,1,0,1,7,1,0,0,0
0,1,3,12,20,24,13,3,2,5,23,3,2,9,2,2,3,5,8,6,2,18,2,1,6,2,18,11,4,9,2,0,1,2,0,0,0,0
0,0,3,6,7,18,17,1,6,0,7,5,4,2,0,0,7,2,5,3,0,4,2,1,7,0,9,2,0,14,0,0,0,2,1,0,0,1
3,1,0,2,7,7,5,1,2,6,8,5,6,2,0,2,1,3,5,5,2,20,1,1,5,1,12,5,2,4,0,2,0,0,2,3,0,1
0,0,0,1,2,2,1,0,0,0,6,3,1,0,0,0,2,0,0,1,0,3,0,1,2,0,1,3,0,2,0,0,0,0,0,0,0,0
0,0,1,3,3,8,6,1,2,1,3,2,0,0,0,2,2,2,1,3,0,7,0,0,1,1,6,0,0,0,0,0,0,1,0,0,0,0
0,0,0,3,2,7,6,0,2,2,6,7,3,6,0,3,3,3,7,2,1,8,0,3,3,1,15,4,0,4,0,1,1,1,0,0,0,0
0,0,0,2,10,5,6,2,3,1,6,3,1,4,0,0,6,1,4,10,5,4,0,4,11,1,17,8,4,6,3,0,2,1,0,1,0,0
5,0,0,1,2,8,9,0,2,0,1,4,2,2,0,3,5,4,9,5,2,7,0,0,6,0,13,4,3,19,0,0,0,1,0,0,0,0
0,1,0,6,9,5,12,0,5,2,16,7,2,4,2,4,7,3,1,6,5,3,2,0,13,2,14,8,3,14,0,1,0,1,0,2,0,1
0,2,0,4,6,9,13,0,3,2,4,0,4,5,0,1,7,3,1,0,0,11,0,2,7,2,6,0,0,7,0,1,0,0,0,1,0,0
0,0,0,5,10,7,6,0,3,3,15,9,3,7,0,2,6,6,8,2,3,0,0,2,13,0,13,6,2,12,0,0,1,2,0,2,0,0
0,0,2,0,0,2,1,0,1,0,1,2,0,3,0,0,1,0,5,0,1,1,1,0,0,0,1,0,0,0,0,0,0,0,2,0,0,0
0,0,0,0,3,4,0,1,2,0,11,1,1,2,1,4,2,6,5,1,1,3,0,0,10,3,6,5,1,2,1,0,0,3,0,1,0,0
2,3,2,10,14,3,3,1,3,4,12,6,8,3,0,0,6,5,8,20,8,13,3,4,36,4,32,35,10,26,0,1,1,15,3,0,0,4
0,2,1,4,5,1,4,0,0,0,0,3,0,0,0,0,1,2,3,5,0,1,0,4,11,3,10,7,1,7,0,0,0,4,0,1,0,0
0,0,4,2,5,16,10,2,3,1,14,3,5,4,1,1,1,9,22,4,1,29,1,3,40,6,53,30,17,69,0,2,0,5,1,1,0,3
0,0,0,4,10,1,1,3,0,5,5,2,0,1,0,2,4,4,7,9,1,6,0,1,45,6,18,34,13,36,5,2,6,8,1,2,0,8
0,0,0,5,3,0,0,0,1,1,1,1,1,5,1,0,2,1,1,2,0,4,3,0,10,4,10,10,6,17,1,1,0,2,0,0,0,1
0,2,2,12,4,7,4,0,2,0,11,0,4,2,0,0,7,7,20,3,5,17,5,1,20,1,32,31,19,97,6,1,2,9,8,3,0,3
0,0,0,0,0,1,1,0,1,0,0,0,0,4,0,0,0,0,0,0,0,3,0,1,2,0,2,2,2,6,2,2,3,3,0,2,0,0
1,0,1,0,0,0,0,0,0,0,1,2,0,0,0,0,0,0,0,0,0,4,0,1,0,0,0,3,0,6,0,0,0,1,2,0,0,0
0,0,0,0,0,0,0,0,0,0,0,0,0,1,0,0,1,0,0,1,0,1,0,0,1,0,3,0,0,6,0,0,0,2,0,0,0,0
0,0,0,1,0,3,5,0,0,2,4,1,0,4,0,0,1,1,3,1,0,7,0,0,8,1,4,15,4,22,2,2,2,5,4,8,0,1
0,0,0,1,0,1,0,0,0,0,0,0,0,0,0,0,0,1,0,0,0,0,0,0,0,0,3,3,0,1,0,2,1,3,2,3,0,1
0,0,0,0,1,0,0,0,0,0,1,0,0,0,0,0,0,0,0,1,0,0,0,0,0,0,2,2,0,4,1,1,0,4,1,1,0,1
0,0,0,0,0,0,0,0,0,0,1,0,0,0,0,0,0,0,0,0,1,0,0,0,0,0,0,0,1,3,0,0,0,0,0,0,0,2
0,0,0,0,0,1,0,0,0,1,0,0,1,0,0,0,3,0,3,1,0,1,0,0,0,0,0,3,1,3,0,0,0,0,0,2,0,0
