0,0,0,2,0,0,1,0,0,0,0,0,0,0,0,0,0,0,0,0,0,0,0,0,0,0,0,0,0,0,0,0,0,0,0,0,0,0
3,11,9,9,2,6,0,0,0,0,0,1,1,0,0,1,0,0,0,0,0,0,0,0,0,0,2,0,0,2,0,0,0,1,0,0,0,0
0,3,11,0,1,5,1,0,1,0,0,1,0,0,0,0,0,0,0,0,0,0,0,0,0,0,0,0,0,0,0,0,0,0,0,0,0,0
8,13,14,95,47,39,15,5,0,4,4,6,1,1,0,0,4,2,3,3,0,1,3,2,3,1,11,2,7,6,0,0,0,3,0,0,0,1
0,7,2,41,29,4,12,0,5,4,17,4,1,8,1,2,1,1,2,4,1,1,1,3,2,0,6,4,3,5,0,0,0,3,0,0,0,0
2,7,6,17,9,87,34,7,7,1,4,2,3,0,1,0,7,1,9,2,0,4,0,1,8,2,7,7,1,11,0,0,0,0,0,1,0,0
0,0,2,18,11,68,31,3,8,0,0,8,12,3,1,0,10,6,8,1,1,11,1,2,5,0,19,6,0,12,0,0,0,1,1,0,0,0
0,0,3,5,8,4,4,1,1,2,2,2,5,2,0,0,2,3,2,1,1,3,0,0,2,0,5,4,1,2,0,0,2,0,0,2,0,0
0,0,0,4,4,11,10,2,1,0,1,2,0,0,1,0,8,1,0,1,0,2,0,0,1,0,0,1,0,0,0,0,0,0,0,0,0,0
1,1,0,8,6,1,0,2,0,1,3,0,0,0,0,1,1,1,2,0,0,6,0,0,3,2,2,2,1,1,0,2,0,0,0,0,0,0
0,1,0,20,20,5,4,4,1,5,17,8,4,7,1,6,3,3,3,12,0,22,3,0,9,4,9,6,3,3,0,0,0,2,1,0,0,0
1,2,3,20,13,13,7,1,4,2,21,0,6,5,1,3,7,2,7,1,5,11,1,2,11,3,11,5,3,8,0,0,0,3,1,0,0,0
0,1,0,9,0,9,16,0,1,0,6,7,2,1,0,0,8,3,10,3,2,6,2,1,4,2,4,1,1,5,0,1,0,0,0,0,0,0
0,0,0,8,9,9,1,0,4,2,13,1,0,6,0,0,4,4,1,3,6,3,0,4,8,0,7,7,1,7,1,0,0,1,0,1,0,0
0,0,1,0,3,1,1,1,0,0,2,0,0,0,0,0,1,1,1,0,0,4,0,0,2,0,4,3,1,0,0,1,0,0,0,0,0,0
0,1,3,7,1,8,1,2,0,0,7,1,0,0,0,0,2,1,2,0,1,1,2,0,2,0,7,3,0,0,0,0,0,0,3,0,0,0
0,0,2,5,7,2,7,0,4,0,9,5,3,5,1,0,7,0,5,2,2,7,0,3,4,2,3,4,1,7,0,0,0,6,2,0,0,0
0,4,0,5,1,9,8,5,5,2,12,7,5,1,0,2,3,1,7,0,6,16,1,2,1,0,18,3,2,9,1,0,0,7,0,0,0,0
0,0,0,6,2,9,7,2,5,3,10,1,7,7,0,0,2,2,6,4,1,13,1,3,6,0,17,2,1,21,1,1,1,4,0,0,1,0
2,3,0,13,17,14,6,0,0,3,12,9,1,2,0,2,4,1,7,7,5,4,3,0,17,0,21,6,3,23,0,0,1,0,1,0,0,1
0,2,0,4,8,8,2,0,2,5,8,5,3,1,0,2,1,4,2,5,2,5,0,2,4,2,5,0,0,4,0,0,0,5,0,0,0,0
0,3,1,0,6,7,6,6,1,3,8,6,4,3,2,0,9,7,17,7,3,8,1,1,3,1,29,4,4,14,1,0,0,2,2,1,0,0
1,0,0,0,0,4,0,0,0,2,1,0,3,0,0,0,0,1,2,0,0,2,0,0,0,0,2,0,1,4,0,0,0,0,0,0,0,0
0,0,0,3,1,1,1,0,0,1,3,3,0,4,0,0,0,2,3,1,0,2,1,0,5,0,5,1,2,2,0,0,0,2,0,1,0,0
4,5,0,13,8,7,4,0,1,3,16,1,4,5,0,0,3,3,8,16,6,13,1,1,42,5,38,40,14,33,1,1,0,9,1,6,0,1
1,0,1,0,1,0,3,0,1,2,5,0,1,1,0,0,5,1,2,3,2,0,2,0,7,1,6,16,1,8,0,0,0,5,0,3,0,0
2,0,0,11,7,15,8,1,4,1,4,5,2,3,2,1,10,7,11,8,2,31,6,3,37,5,46,31,11,70,7,1,1,11,3,2,0,0
0,1,1,1,8,2,6,3,2,2,1,3,0,1,1,0,0,2,4,9,4,11,0,0,37,6,12,28,12,45,8,1,0,7,2,6,0,3
3,0,0,5,1,2,1,0,0,1,1,0,3,1,0,0,0,0,0,1,0,1,0,0,9,1,9,11,4,10,0,1,0,7,1,0,0,2
0,0,0,0,7,6,4,2,4,2,4,0,4,1,0,0,6,10,16,6,3,14,0,4,26,0,49,39,4,90,10,6,3,18,3,0,0,2
1,0,1,0,0,3,1,0,0,0,0,0,2,0,0,0,3,0,2,0,0,0,0,0,3,0,0,3,0,8,1,0,1,3,0,0,0,2
0,0,0,0,0,0,0,0,0,0,0,0,0,0,0,0,2,2,3,0,0,1,0,0,1,0,5,2,0,5,3,0,0,0,0,0,0,0
0,0,0,0,0,4,0,0,0,0,0,0,0,1,0,0,0,0,0,1,0,0,0,1,0,0,3,2,1,1,0,0,0,0,2,0,0,0
0,0,0,2,2,0,1,0,0,1,2,2,1,2,0,0,0,4,0,0,0,4,2,1,7,2,4,6,3,18,0,3,0,6,0,2,0,5
0,0,0,0,2,0,0,0,0,0,0,0,0,0,2,0,0,0,0,1,0,0,1,0,5,0,1,2,0,4,2,0,0,8,0,0,0,2
0,0,0,0,0,0,0,0,1,0,0,0,0,0,0,0,0,0,1,0,0,0,0,0,2,1,0,2,0,1,0,0,0,0,1,1,0,0
0,0,0,0,0,0,0,0,0,0,0,0,0,0,0,0,0,0,0,0,0,0,0,0,1,0,0,0,0,1,0,0,0,0,0,0,0,0
0,0,0,0,0,2,2,0,0,0,1,0,0,1,0,0,1,0,1,0,0,1,1,0,1,0,1,2,0,5,0,1,0,1,0,2,0,0
