0,0,0,0,0,0,0,0,0,0,0,0,0,0,0,0,0,0,0,0,0,0,0,0,1,0,0,0,0,0,0,0,0,0,0,0,0,0
3,8,4,7,1,1,1,0,0,0,0,0,0,2,0,0,0,0,1,0,0,0,0,0,5,0,0,0,0,3,0,0,0,1,0,0,0,0
0,4,12,4,0,6,1,0,1,0,0,0,0,0,0,0,0,0,3,0,0,0,0,0,0,0,0,0,0,0,2,0,0,0,0,0,0,0
4,25,6,96,41,33,11,0,1,1,11,5,0,4,0,0,2,0,1,1,1,3,1,1,5,2,7,2,1,5,0,0,0,1,0,0,0,0
2,3,2,31,27,9,11,2,5,7,9,10,6,3,0,3,5,2,2,2,2,2,0,3,6,1,9,2,0,14,0,0,0,8,0,0,0,0
1,10,6,25,16,81,44,2,5,0,2,1,5,0,0,3,5,7,4,0,0,1,0,0,6,0,9,2,2,4,0,1,0,0,1,0,0,0
2,2,4,16,14,49,41,9,11,3,6,1,11,5,1,2,4,7,9,3,4,7,0,2,6,0,16,2,1,5,0,0,1,4,0,0,0,0
0,2,1,3,0,3,6,0,1,3,6,1,1,2,0,0,0,2,3,0,0,1,0,0,2,0,4,3,1,7,0,1,0,2,0,0,0,0
0,0,0,2,4,15,12,0,1,0,0,5,2,0,1,0,7,0,2,0,0,0,0,0,0,1,3,0,0,2,2,0,1,0,0,0,0,0
2,0,0,3,7,0,5,0,0,4,1,2,1,1,0,0,0,0,1,0,4,5,1,0,9,0,0,2,1,4,0,0,0,0,0,0,0,0
0,2,1,7,14,6,5,0,5,3,7,4,4,1,0,2,3,5,7,5,4,8,4,0,14,2,7,7,2,6,4,0,0,7,1,0,0,0
0,1,0,10,18,5,6,2,1,4,14,7,9,8,0,5,3,4,3,7,2,13,1,1,10,0,1,9,0,9,0,0,2,2,0,0,0,0
0,1,1,3,4,11,13,1,0,0,8,3,5,0,0,0,3,2,6,2,0,4,2,2,4,0,6,8,1,11,1,0,0,1,0,0,0,0
1,1,0,3,6,2,3,4,0,4,7,9,5,0,0,0,7,1,2,4,4,14,0,1,3,2,3,4,3,2,0,0,0,4,0,0,0,0
0,0,0,2,1,4,4,0,4,0,0,0,0,0,0,1,1,2,2,0,0,1,0,0,1,0,6,3,0,5,1,0,0,2,0,0,0,0
1,0,2,2,2,5,1,0,1,0,4,0,0,0,0,0,0,0,2,0,1,2,1,2,1,0,1,5,0,1,3,0,0,0,0,2,0,0
0,0,0,2,5,10,11,1,2,1,5,2,5,6,0,0,5,3,8,1,3,5,0,1,3,0,14,7,2,9,0,0,1,1,0,0,0,0
0,0,2,4,7,11,13,1,3,0,3,5,5,3,0,3,4,4,3,6,2,8,1,3,14,3,19,12,9,12,0,0,1,11,0,2,0,1
0,0,0,2,1,7,4,0,1,0,2,3,3,0,0,1,4,4,8,2,1,9,0,2,13,2,23,9,1,20,0,0,0,1,0,0,0,0
2,4,3,11,5,12,9,1,1,7,20,3,7,1,0,2,6,9,1,11,3,10,4,1,15,0,16,5,2,10,0,0,1,5,0,2,0,0
0,1,0,5,3,6,3,2,0,4,3,2,0,2,0,0,1,4,1,9,1,4,1,4,4,0,7,1,2,5,0,0,1,4,0,1,1,0
0,1,0,5,6,14,16,1,2,1,6,8,2,7,1,1,7,9,11,4,4,7,0,2,9,0,27,9,1,23,0,0,0,1,0,2,0,0
0,0,0,1,0,2,1,1,0,0,0,3,0,0,1,1,3,1,2,0,1,0,0,0,4,0,7,0,0,4,0,0,0,0,0,0,0,0
1,2,2,1,3,3,2,0,0,2,4,2,5,4,0,0,0,5,0,3,1,4,1,0,0,1,9,10,1,10,0,0,0,1,0,0,0,1
3,0,0,12,15,9,6,0,3,6,20,2,3,7,1,0,3,7,8,19,5,11,1,4,40,4,30,25,9,48,3,4,2,29,4,2,0,1
0,0,1,2,2,2,3,1,0,1,5,6,1,1,0,1,0,1,1,2,0,1,0,2,4,0,7,5,9,14,0,0,0,1,0,1,0,1
1,3,0,8,5,19,19,1,3,2,10,5,5,3,0,0,9,10,25,4,4,7,0,3,33,4,65,14,10,47,3,1,3,5,5,3,0,2
0,2,0,7,1,3,2,0,0,2,13,2,2,1,0,1,0,4,2,6,1,4,3,2,31,3,16,23,4,44,2,1,4,5,4,6,0,1
0,0,1,2,0,2,0,0,0,0,3,1,0,3,0,0,4,2,2,3,0,11,0,0,7,3,5,14,3,14,0,2,0,4,2,2,0,5
0,1,3,3,4,7,10,0,5,2,11,8,4,6,0,3,7,8,10,1,4,7,0,0,23,2,55,51,18,99,7,7,4,12,0,1,0,2
0,0,0,0,0,0,0,0,0,0,1,0,1,0,0,0,0,1,2,0,0,1,0,0,0,0,2,0,1,12,2,1,1,1,0,0,0,0
0,0,0,0,0,0,3,1,0,0,2,0,0,0,0,0,0,1,0,1,0,0,0,0,0,0,0,4,0,4,0,0,0,0,1,1,0,1
0,0,0,0,0,0,0,0,0,0,1,0,1,0,0,0,0,0,0,0,0,0,1,1,3,0,2,1,0,5,0,1,0,2,2,1,1,0
1,0,1,1,2,0,1,0,0,2,0,4,0,1,0,0,0,4,3,7,1,3,0,0,1,0,7,23,5,18,3,1,2,6,0,0,0,0
1,0,0,1,0,0,0,0,0,0,0,1,0,0,0,0,0,0,0,0,0,0,0,0,1,0,2,7,2,4,0,1,2,2,0,0,0,0
0,0,0,1,0,0,1,0,0,0,0,0,1,0,0,0,0,0,1,1,0,0,0,0,4,1,0,0,0,1,3,1,0,3,0,0,0,1
0,0,0,0,0,0,0,0,0,0,1,1,0,0,0,0,0,0,0,0,0,0,0,0,0,0,0,0,0,2,0,0,0,1,0,0,0,2
0,1,0,0,0,0,0,0,1,0,1,1,0,1,0,0,0,0,0,1,0,0,0,0,5,0,0,1,0,6,1,2,1,4,1,0,0,0
