0,3,0,0,0,0,0,0,0,0,0,0,0,0,0,0,0,0,0,0,3,0,0,0,0,0,0,0,0,0,0,0,0,0,0,0,0,0
5,7,6,10,1,4,1,0,0,1,1,0,0,0,0,0,0,0,0,0,0,0,0,1,1,0,0,1,3,0,0,0,0,0,0,0,0,0
0,1,3,3,0,3,2,0,0,0,0,0,0,0,0,0,0,0,0,0,0,0,0,0,0,0,0,0,0,0,0,0,0,0,0,0,0,0
3,15,6,92,18,51,10,0,0,1,8,1,1,3,0,0,0,3,2,4,1,3,0,2,6,0,6,3,2,7,0,0,0,3,0,0,0,0
1,3,1,43,25,24,17,1,6,2,11,16,2,3,0,3,3,10,7,8,2,6,4,1,20,1,9,11,4,10,0,0,0,4,0,0,0,1
1,2,8,26,12,86,42,6,2,2,6,1,3,0,0,1,6,5,6,0,0,6,0,0,7,3,4,5,0,7,0,1,0,1,0,0,0,0
2,0,11,9,5,54,30,0,5,2,4,3,10,1,0,1,7,3,3,0,3,5,0,1,5,0,10,1,0,5,0,0,0,1,1,0,0,1
0,0,0,5,4,3,9,1,0,0,5,3,3,1,0,0,1,2,2,1,0,0,0,1,2,1,2,3,1,1,2,0,0,0,0,0,0,2
0,0,7,2,3,13,7,0,0,0,0,6,1,1,0,0,2,1,1,0,0,1,0,0,2,0,4,1,1,2,0,0,0,0,0,0,0,0
0,1,2,1,4,1,1,0,0,0,7,2,3,1,1,0,0,0,0,3,2,6,0,0,5,0,0,0,0,1,0,0,0,1,0,0,0,0
0,5,0,4,10,13,7,1,4,5,6,9,2,1,1,1,5,10,2,3,3,15,1,1,10,6,6,7,2,11,0,0,0,1,1,0,0,0
0,0,1,8,11,7,11,3,1,1,7,6,4,0,5,0,13,2,1,0,3,12,1,3,9,3,8,8,5,6,0,0,0,4,1,0,0,0
0,0,1,7,10,20,12,0,0,0,5,4,2,1,0,0,4,8,5,0,1,6,1,1,1,0,17,4,2,6,0,0,1,0,0,0,0,0
0,0,0,6,4,5,3,0,3,3,5,6,9,0,0,0,1,0,6,4,2,11,0,0,3,0,7,3,3,2,1,2,0,2,0,0,0,0
0,0,0,1,3,1,0,2,0,2,4,1,1,0,0,0,0,1,0,2,1,1,0,1,0,0,1,0,0,3,0,1,0,0,0,0,0,0
0,0,1,5,4,7,3,2,0,1,6,3,0,0,0,0,3,3,1,0,1,0,0,1,1,1,1,2,1,3,0,0,0,0,0,0,0,0
0,0,0,4,1,11,6,0,6,0,6,1,6,3,1,1,5,3,14,5,0,4,3,6,1,0,9,8,2,8,1,0,0,0,0,0,0,0
1,1,1,7,9,10,2,7,4,0,11,5,5,2,0,3,6,4,8,6,8,21,1,5,7,8,18,8,1,10,0,1,4,4,0,2,0,1
0,0,0,3,1,5,7,4,5,0,3,1,9,0,0,0,8,1,8,1,2,13,0,0,6,1,15,5,0,13,0,0,1,2,0,0,0,0
5,1,0,7,6,15,7,0,1,2,9,7,1,2,0,0,3,2,11,3,5,3,1,0,12,0,11,7,1,23,1,0,0,2,0,3,0,0
1,1,1,3,1,3,6,1,0,4,9,6,1,2,0,0,2,4,2,3,0,4,2,1,3,5,7,3,1,5,0,0,0,1,0,0,0,1
0,0,2,4,6,10,6,0,3,3,13,5,5,2,0,0,3,9,16,3,3,2,0,1,17,3,19,8,1,8,0,2,0,1,0,0,0,0
0,0,0,0,3,0,3,1,1,1,2,1,2,0,0,0,0,0,1,0,2,1,0,0,3,1,1,0,0,4,1,0,0,1,0,0,0,0
0,0,2,0,1,2,1,1,1,1,3,0,1,1,0,1,1,2,1,0,1,1,0,2,7,0,4,4,1,6,1,0,0,0,0,0,0,0
3,3,2,12,14,3,6,3,4,1,15,3,1,2,1,0,8,2,3,15,4,11,1,3,38,8,35,25,18,31,0,2,2,15,1,0,0,0
0,0,0,1,2,1,1,2,0,0,2,1,1,2,0,0,1,3,1,3,0,2,0,0,11,0,6,7,2,3,0,0,0,0,0,0,0,0
1,1,2,6,3,8,16,2,3,2,12,7,10,5,0,3,7,11,12,7,3,13,1,2,23,2,37,22,9,53,0,4,3,6,0,0,0,4
0,0,0,4,8,6,6,0,1,4,3,6,1,1,0,0,1,4,2,4,0,2,0,2,24,3,14,32,16,42,0,4,0,11,2,8,0,0
0,1,0,0,0,1,1,0,0,0,0,0,0,1,0,0,1,1,2,0,0,1,0,1,8,0,9,4,0,20,1,0,0,3,0,0,0,2
0,1,2,12,1,11,4,1,0,3,7,7,4,2,0,0,8,12,8,4,5,6,0,5,14,3,40,42,17,84,9,6,5,16,0,1,0,3
0,0,0,1,0,0,3,0,0,0,0,0,0,0,0,0,1,0,0,0,0,0,0,1,1,0,3,1,0,15,3,0,3,2,0,0,1,0
0,0,0,1,2,0,1,0,0,0,0,0,0,0,0,0,0,0,0,0,0,0,0,0,0,0,1,1,0,6,0,1,1,1,0,0,0,0
0,0,0,0,0,2,0,0,0,0,0,0,0,0,0,0,0,0,0,0,0,0,0,0,1,0,0,6,0,6,0,0,0,3,0,0,0,1
0,0,0,2,3,6,0,0,1,0,3,0,3,2,0,0,0,0,0,1,2,2,0,0,10,0,7,14,8,26,3,1,0,2,3,3,0,2
0,0,0,0,0,0,0,0,0,0,1,0,0,0,0,0,1,0,0,0,0,0,0,0,1,0,1,2,0,2,3,0,0,0,0,0,0,1
0,0,0,0,0,2,0,0,0,1,0,0,0,0,0,0,0,1,2,0,0,0,0,0,2,0,5,1,1,1,1,0,1,2,0,0,0,1
0,0,0,0,0,0,0,2,0,0,0,0,0,0,0,0,2,0,1,0,0,0,0,0,0,0,0,0,0,0,1,0,0,0,0,0,0,0
0,0,0,0,0,0,0,0,0,0,1,2,0,0,0,0,0,0,1,0,1,0,0,0,4,0,0,2,1,5,0,1,0,2,0,0,0,0
