1,0,0,0,0,0,0,0,0,0,0,0,0,0,0,0,0,0,0,0,0,0,0,0,0,0,0,0,0,0,0,0,0,0,0,0,0,0
1,5,2,12,3,4,5,0,0,0,0,0,0,0,0,0,0,0,0,3,3,0,0,0,1,0,1,1,0,1,0,0,0,0,0,0,0,0
0,3,1,2,0,7,0,0,0,0,0,0,0,0,0,0,0,0,0,0,0,0,0,0,0,0,0,0,0,0,0,0,0,0,0,0,0,0
2,21,12,80,21,22,11,1,2,1,10,5,2,0,1,3,1,2,1,1,3,3,2,1,2,2,5,1,2,4,0,0,0,0,0,0,0,2
2,3,0,35,14,17,16,4,0,3,12,8,4,0,0,7,3,3,4,9,1,3,0,3,4,4,6,6,1,18,0,0,0,1,1,0,0,0
1,7,13,28,11,69,37,2,6,1,3,0,5,0,0,0,7,2,2,1,3,6,0,3,5,0,8,5,1,9,3,1,2,1,0,0,0,0
3,4,1,19,11,62,31,6,8,2,2,2,11,2,1,1,4,4,5,1,2,1,0,1,3,2,5,4,1,9,0,0,1,0,4,0,0,1
0,3,0,5,5,6,15,3,1,2,5,1,1,0,0,0,2,2,3,0,1,2,0,1,4,0,3,1,1,0,0,0,0,0,0,0,0,0
0,0,2,3,0,6,1,0,1,0,3,0,2,0,0,0,0,1,6,0,1,1,0,0,3,0,3,0,0,0,0,0,0,0,0,0,0,0
0,1,0,2,6,0,0,0,0,0,6,0,2,0,0,0,0,2,0,1,0,1,0,1,0,2,0,3,0,0,0,0,0,0,0,0,0,0
3,1,2,5,4,8,6,5,2,1,5,6,2,1,0,0,6,7,3,8,3,15,0,2,6,4,2,0,2,6,0,0,0,1,0,0,1,0
1,0,0,14,8,10,17,1,5,1,7,3,2,6,2,3,9,6,6,2,1,12,3,2,10,1,7,4,3,5,0,0,0,3,0,0,0,1
0,0,0,4,5,11,12,3,1,2,1,4,11,2,0,3,2,9,8,2,1,2,0,1,3,1,10,2,3,12,0,0,0,0,0,1,0,1
0,2,0,3,4,6,2,0,3,2,9,3,1,6,1,4,6,1,3,7,5,11,2,2,13,0,6,3,1,6,0,0,0,3,0,0,0,0
0,0,0,1,3,2,2,0,1,0,0,1,1,0,0,0,0,2,4,3,0,0,0,2,0,0,3,2,0,2,0,0,0,0,0,0,0,0
0,2,0,2,4,6,2,2,4,0,1,1,0,1,0,0,0,2,0,1,1,4,0,0,0,0,7,1,2,4,0,2,1,0,0,0,0,0
0,0,0,3,0,6,3,1,2,0,4,1,2,3,0,1,1,0,9,0,2,3,3,3,5,1,11,7,1,8,0,0,1,2,0,0,0,0
1,0,2,5,5,7,12,4,2,0,3,2,6,2,0,1,5,8,12,7,2,5,1,6,10,2,20,4,2,9,1,0,0,1,0,1,0,0
0,2,2,0,1,6,5,0,2,0,0,3,0,0,0,4,3,3,1,2,1,1,0,2,6,0,15,13,7,9,0,0,0,3,0,2,0,0
0,1,2,11,5,11,6,3,0,2,12,6,2,3,0,0,1,11,3,5,3,3,0,0,10,4,4,2,4,10,3,0,0,2,0,0,0,0
0,3,1,6,5,4,2,0,2,1,1,3,5,0,0,0,0,2,5,1,0,4,0,0,4,0,3,2,1,4,0,0,0,1,0,0,0,0
0,0,0,3,6,7,13,2,1,5,10,5,4,7,0,1,11,10,9,2,1,2,2,3,13,3,13,5,2,16,0,1,0,0,0,1,0,4
2,0,0,0,2,1,2,0,0,0,3,1,0,0,1,0,3,2,0,1,1,1,1,0,4,1,4,1,0,1,0,0,0,1,0,0,0,0
0,0,0,0,2,6,6,1,0,1,6,2,1,3,0,3,1,2,0,0,3,2,1,2,2,0,8,4,0,6,1,0,0,2,1,0,0,2
1,0,4,6,6,2,4,0,1,3,20,7,2,1,0,1,1,7,8,14,4,5,0,9,39,6,25,30,11,28,1,0,1,12,0,3,0,0
1,0,0,4,1,3,1,1,0,0,8,1,1,0,0,1,0,1,0,0,0,5,0,0,8,1,9,2,3,4,0,0,0,0,1,0,0,0
0,0,0,12,5,14,10,1,6,4,7,2,5,4,0,1,6,3,12,4,1,7,1,5,15,3,36,24,8,49,1,2,0,3,1,0,0,0
0,0,0,3,3,8,2,2,0,0,4,0,0,1,0,0,1,0,7,6,2,4,0,0,20,1,19,21,10,47,3,0,6,2,5,1,0,2
0,0,0,0,0,3,2,0,0,1,3,1,0,0,0,0,1,0,2,3,0,1,0,0,5,0,9,8,4,32,0,3,1,1,2,0,0,0
3,3,0,2,2,10,2,0,0,2,4,9,5,9,1,0,3,8,13,11,6,6,3,3,28,4,41,37,14,69,11,10,1,8,6,4,0,1
1,0,0,0,2,1,0,0,0,0,1,1,0,1,0,0,2,1,1,0,1,0,0,0,0,0,0,3,0,7,1,3,1,0,1,1,0,1
0,0,0,0,0,0,0,0,0,0,0,0,0,0,0,0,0,0,0,0,0,0,0,0,0,0,0,0,1,5,3,1,0,2,0,0,0,0
0,0,0,0,0,3,1,0,0,0,0,0,0,0,0,0,0,0,0,0,0,0,0,0,0,1,0,4,0,1,0,0,0,0,1,1,0,0
0,0,2,1,1,2,3,1,0,0,4,0,3,1,0,0,1,3,3,3,0,2,0,0,5,0,8,11,3,12,0,1,1,3,1,1,0,1
0,0,0,2,0,0,0,0,0,1,1,0,0,0,0,0,0,0,0,0,0,1,0,3,2,1,1,7,0,6,3,2,0,6,1,3,0,1
0,1,0,0,1,0,0,0,0,0,0,0,0,0,0,0,0,1,1,0,1,0,0,0,0,0,0,3,0,1,1,1,2,0,0,0,0,0
0,0,0,0,0,0,0,0,0,0,2,0,0,1,0,0,0,0,0,2,0,0,0,0,4,0,0,0,0,0,0,0,0,0,0,0,0,0
0,0,0,0,0,0,0,0,0,0,0,0,0,0,0,0,0,0,1,0,1,0,0,0,1,0,2,0,0,6,0,0,1,3,1,0,0,0
