2.18
3.36184210526
1.40764705882
1.85794520548
1.98581632653
2.1916064257
1.84194174757
1.50146666667
1.92258064516
1.76576923077
1.81232142857
1.68137254902
1.69830645161
1.42462264151
1.65111111111
1.99115384615
1.80534090909
1.72622516556
1.99434782609
2.21794117647
2.09794117647
1.84846153846
1.74677419355
1.75630136986
1.71049295775
1.97321428571
1.65639846743
1.65631578947
1.59797297297
1.88741100324
3.02586206897
1.47888888889
3.6075
2.83474358974
1.80179487179
3.91166666667
3.59666666667
2.78705882353
