5,0,0,0,0,0,0,0,0,0,0,0,0,0,0,0,0,0,0,0,0,0,0,0,0,0,0,0,0,0,0,0,0,0,0,0,0,0
0,8,2,8,0,3,0,0,0,0,1,0,2,0,0,0,0,0,0,2,0,0,0,0,0,0,0,1,0,0,0,0,0,0,0,0,0,0
0,2,4,0,0,4,0,0,0,0,0,0,0,0,0,0,0,0,0,0,0,0,0,0,0,0,0,0,0,0,0,0,0,0,0,0,0,0
5,22,6,95,30,23,12,2,1,4,9,9,1,4,0,0,2,2,4,1,2,4,2,2,7,0,4,5,0,7,0,0,0,1,0,0,0,0
1,3,2,38,13,15,6,6,0,3,6,8,6,6,0,2,4,5,1,2,7,3,3,1,8,2,8,5,3,14,1,2,0,1,2,0,0,0
2,7,8,27,5,64,41,3,3,0,8,2,8,3,1,0,4,1,5,1,0,3,0,0,2,0,11,1,0,3,1,0,0,0,0,1,0,1
3,3,4,14,11,52,29,5,1,1,2,1,3,1,0,0,7,4,4,0,3,8,0,1,1,0,16,1,2,12,0,0,1,5,0,1,0,0
0,0,1,7,2,8,4,0,2,0,6,0,2,2,1,1,2,0,0,1,3,1,2,2,1,0,6,2,0,5,0,0,0,3,0,0,0,0
1,2,2,2,1,7,6,0,1,0,2,4,2,0,0,1,1,0,0,1,0,0,0,0,2,2,4,0,0,0,0,0,0,0,0,0,0,0
0,1,0,4,2,2,0,0,0,2,2,7,0,1,1,0,0,1,0,2,2,1,0,0,1,1,0,1,0,2,0,0,0,1,0,0,0,3
2,1,0,12,7,10,11,6,1,4,3,3,4,2,2,7,8,1,1,4,1,7,0,1,17,1,5,4,1,10,0,0,2,4,0,0,0,0
1,0,0,10,8,13,5,5,0,2,5,5,3,3,2,1,5,3,4,1,4,8,2,5,7,1,13,5,0,5,0,0,0,2,0,0,0,0
0,1,4,6,1,10,8,3,3,1,5,5,1,1,0,0,3,2,4,0,4,3,2,2,6,2,11,4,0,12,1,0,0,0,0,0,0,0
0,0,0,4,9,7,4,2,2,0,1,12,3,0,0,0,6,5,2,3,0,4,0,3,8,2,4,0,1,13,0,1,0,1,0,0,0,0
0,0,0,0,4,2,0,0,2,1,0,0,0,1,0,0,1,0,0,0,3,5,1,3,2,0,5,0,0,1,0,0,0,0,0,0,0,0
0,0,0,2,5,11,5,0,1,0,3,3,3,3,0,1,1,4,0,2,3,0,0,1,0,0,6,1,0,1,0,0,0,0,0,1,0,0
0,0,1,6,3,17,6,1,2,2,3,2,5,2,0,0,2,4,4,1,1,3,0,1,2,3,7,3,4,6,2,0,0,4,0,1,0,0
2,1,4,3,3,9,14,1,6,0,18,4,5,2,0,4,5,2,8,2,2,3,1,5,10,4,19,3,8,16,0,2,2,4,0,1,0,0
0,0,2,2,2,7,6,2,2,1,4,3,2,1,0,1,4,2,3,5,0,4,0,0,3,2,10,2,0,8,2,0,0,0,0,0,0,0
1,2,1,6,4,9,6,1,1,2,12,2,1,1,0,0,0,4,4,2,2,0,0,2,12,1,15,3,0,12,0,0,0,2,2,6,0,6
0,2,0,2,4,6,2,1,0,4,3,2,1,1,0,0,5,6,1,4,3,7,0,0,3,2,7,0,0,5,0,0,1,1,0,0,0,0
1,1,3,2,3,13,10,1,2,1,11,8,0,2,0,2,5,18,17,4,5,0,2,1,10,2,18,5,5,10,0,2,1,0,0,0,0,0
0,0,0,0,0,0,1,0,0,0,0,0,0,0,0,0,0,3,0,0,0,0,0,0,2,0,7,1,0,2,0,0,0,0,0,0,0,0
0,0,0,0,1,3,2,0,0,1,5,5,5,6,1,1,1,1,2,2,1,1,0,1,1,1,3,4,1,8,4,0,0,1,0,0,0,0
2,7,4,16,2,6,11,0,0,3,10,0,0,2,1,1,4,6,2,13,9,9,5,5,37,8,25,31,10,30,6,4,1,12,0,1,0,3
0,2,0,3,1,2,4,0,0,3,3,2,1,0,0,0,1,3,2,0,3,0,0,0,3,0,2,7,1,7,0,0,0,0,0,0,0,0
1,4,1,9,6,14,6,2,1,3,4,7,5,8,3,3,9,14,8,3,2,17,1,2,17,5,37,34,8,49,3,0,2,8,0,0,0,2
2,0,0,5,6,4,9,1,3,6,3,4,3,1,0,0,8,5,3,6,1,5,1,0,15,3,15,29,4,32,2,0,0,10,2,2,0,3
0,0,1,1,0,0,1,0,0,0,1,2,0,0,0,0,0,1,2,1,0,0,0,0,4,1,6,8,1,24,0,0,2,1,1,0,0,1
0,2,3,12,6,14,3,0,3,2,3,6,1,7,2,1,4,6,14,2,8,6,5,0,24,5,41,36,10,84,4,6,4,16,4,3,2,1
0,0,0,2,0,4,0,0,0,0,0,0,0,0,0,0,0,0,0,0,0,0,0,0,1,0,0,5,0,5,3,2,0,3,0,0,0,0
0,0,0,1,0,0,1,0,0,0,1,0,0,0,0,0,0,0,0,0,0,0,0,0,0,0,0,0,1,3,0,0,0,0,1,0,0,0
0,0,0,0,1,3,0,0,0,0,0,0,0,0,0,0,0,0,0,0,0,0,0,0,5,0,0,7,1,7,1,0,0,0,0,3,0,0
0,0,0,6,0,2,0,0,0,1,2,0,2,0,0,0,0,2,2,4,4,0,1,0,8,1,2,8,2,9,3,1,3,2,1,0,0,3
0,2,0,0,2,0,0,0,0,0,0,2,0,1,0,0,0,1,0,0,0,0,0,0,0,0,1,3,1,3,0,0,1,1,0,1,0,3
0,0,0,0,1,0,0,0,0,0,0,0,0,0,0,0,0,0,0,1,0,0,0,0,2,0,0,0,2,4,0,0,0,2,0,0,0,1
0,0,0,1,0,0,0,0,0,0,0,0,0,0,0,0,0,0,0,0,1,0,0,0,0,0,0,0,0,1,0,0,0,0,0,0,0,0
0,0,0,1,0,0,0,0,0,2,0,1,0,2,0,0,0,0,0,0,1,0,0,0,0,0,4,3,0,4,1,0,2,3,2,0,0,2
