2,2,0,0,0,0,0,0,0,1,0,0,0,0,0,0,0,0,0,0,0,0,0,0,0,0,0,0,0,2,0,0,0,0,0,0,0,0
2,9,6,8,0,4,0,0,0,1,1,0,0,0,0,0,0,0,1,1,0,0,0,0,1,0,0,3,0,1,0,0,0,0,0,0,0,0
0,0,2,0,0,2,0,0,0,0,0,0,0,0,0,0,0,0,0,0,1,0,0,0,0,0,0,0,0,0,0,0,0,0,0,0,0,0
2,13,8,86,22,35,13,3,3,1,9,1,7,4,0,0,1,0,1,0,1,0,2,1,1,0,5,2,0,0,0,0,0,2,0,0,0,0
1,8,0,44,15,13,9,1,4,2,7,4,6,5,0,1,3,3,3,2,2,2,0,4,8,0,7,11,5,5,0,0,0,4,1,0,0,0
8,4,14,22,12,63,40,2,4,0,3,4,5,2,0,0,4,2,1,2,0,4,0,0,0,1,8,3,0,4,0,0,0,1,0,0,0,0
0,5,5,10,6,35,34,3,13,0,2,3,7,0,0,0,11,2,2,1,5,5,0,0,3,0,5,5,0,4,0,0,2,0,1,0,0,0
0,0,0,2,4,7,3,1,3,0,3,2,1,1,0,0,2,3,6,0,3,2,0,3,1,0,4,1,2,3,0,0,0,0,1,1,0,0
0,0,2,4,2,11,8,0,0,0,2,1,0,1,0,0,0,1,0,0,0,2,0,0,0,0,1,0,0,1,0,0,0,1,0,0,0,0
0,3,1,3,2,0,0,0,0,1,1,4,0,2,0,0,0,1,0,1,0,4,0,0,1,0,0,0,0,3,0,0,0,0,0,0,0,1
1,2,2,16,12,2,3,1,2,0,5,8,1,0,0,2,3,3,7,14,4,10,1,4,13,0,13,1,0,2,1,1,0,1,0,0,0,1
0,2,0,10,7,13,8,3,4,2,4,3,4,3,0,2,7,2,5,4,4,8,4,1,14,0,3,6,2,7,0,0,3,0,0,0,0,0
0,0,0,6,7,22,15,4,2,0,5,2,1,0,1,0,4,3,5,0,5,1,0,0,2,1,7,4,2,7,1,0,0,0,0,0,0,1
0,1,0,4,8,5,5,2,1,3,4,4,3,1,0,3,5,2,2,0,2,6,0,2,5,3,3,0,2,6,0,0,0,0,0,0,0,0
0,1,0,3,0,0,1,2,0,0,2,0,1,0,0,0,0,0,0,0,0,1,0,1,0,0,3,0,0,0,0,0,0,0,0,0,0,0
2,0,1,0,1,3,3,2,2,0,0,1,2,1,0,0,0,0,2,0,0,3,1,1,0,0,1,2,2,1,0,0,0,0,0,0,0,0
1,0,0,1,4,9,8,1,2,1,6,4,5,4,0,0,4,1,7,5,0,3,0,1,4,2,3,5,1,11,0,0,0,1,0,0,0,0
0,0,2,12,6,15,7,2,4,1,4,3,5,2,0,0,12,3,10,5,2,5,0,2,6,4,17,4,1,18,2,0,0,2,2,0,0,0
0,0,2,4,0,6,1,0,4,0,3,0,4,2,0,0,5,3,5,3,4,3,0,0,3,1,13,6,5,16,0,0,0,1,0,0,0,2
1,0,0,6,8,7,2,0,0,2,11,2,2,1,0,1,5,2,3,5,0,2,0,2,8,3,15,7,2,11,0,0,0,3,1,0,0,0
0,0,0,3,2,7,5,0,1,2,1,0,2,0,0,2,3,1,9,6,1,1,1,0,4,4,5,2,0,6,1,0,0,0,0,0,0,0
0,2,0,1,2,4,4,0,0,3,7,3,2,4,0,1,2,3,6,1,4,3,0,0,9,0,4,8,4,5,0,0,0,0,0,0,0,0
0,0,0,0,2,2,4,0,0,0,2,0,0,1,0,0,1,0,0,1,0,1,1,0,0,0,0,0,0,3,0,0,0,0,0,0,0,1
0,0,1,0,5,0,1,1,1,0,3,2,2,4,0,1,3,3,3,3,0,2,0,0,2,0,6,2,2,10,0,0,0,0,0,0,0,1
2,0,0,7,8,1,3,3,1,4,25,2,4,4,0,0,5,3,8,7,6,4,1,1,29,4,14,29,15,23,4,2,0,3,2,3,0,4
0,0,0,1,4,2,3,0,0,1,1,1,1,1,0,0,2,1,1,0,0,2,0,0,8,0,12,8,1,8,0,0,0,1,0,0,0,0
0,1,1,5,7,13,8,0,1,2,5,3,7,6,0,0,13,8,15,5,5,12,1,4,18,3,39,16,11,46,3,0,2,4,2,1,0,2
0,4,0,7,6,2,1,1,1,0,7,1,2,3,0,0,0,4,6,5,3,5,0,1,17,6,16,24,11,36,2,1,0,9,2,0,1,4
1,0,0,3,1,0,1,1,0,0,3,2,1,0,0,0,2,1,2,0,0,1,2,1,2,4,1,12,1,12,1,0,0,1,2,0,0,1
0,2,0,4,6,10,8,2,5,1,15,0,6,4,0,2,3,4,10,6,1,5,1,2,29,5,34,33,12,84,6,2,4,12,2,8,0,7
0,0,0,0,3,0,0,0,1,1,1,0,0,0,0,0,1,0,0,0,0,2,0,0,0,0,2,1,0,4,0,0,4,0,0,0,0,2
0,0,0,0,0,0,0,0,1,0,0,0,0,0,0,0,0,0,1,0,0,0,0,0,0,1,1,0,0,6,0,0,1,2,0,0,0,0
0,0,0,0,0,1,1,0,0,0,0,0,0,0,0,0,1,1,0,0,0,0,0,0,0,1,3,1,1,5,0,1,0,1,0,2,0,0
0,0,0,0,0,1,0,0,1,0,1,1,1,0,2,2,2,1,2,3,1,0,0,0,9,2,2,8,4,14,0,1,2,4,2,4,0,2
0,0,0,0,0,1,0,0,0,0,0,1,0,0,0,0,0,1,0,1,0,0,0,0,0,0,0,1,2,4,1,0,0,0,1,0,0,0
0,0,0,0,0,1,0,0,0,0,1,1,0,0,0,0,0,0,0,0,0,0,0,0,2,0,0,0,0,3,0,1,0,1,0,1,0,0
0,0,0,0,0,0,0,0,0,0,0,0,0,1,0,0,0,0,0,0,0,0,0,0,0,0,0,0,0,1,0,0,0,1,0,1,0,0
0,0,0,0,0,0,0,0,0,0,0,0,0,0,0,3,0,0,0,0,0,0,0,0,3,0,1,2,2,2,4,1,1,1,2,0,0,0
