4,1,0,0,0,0,0,0,0,0,0,0,0,0,0,0,0,0,0,0,0,0,0,0,0,0,0,0,0,0,0,0,0,0,0,0,0,0
2,7,1,4,2,1,0,0,0,0,1,2,1,0,0,0,0,0,0,0,0,0,0,0,0,0,1,1,0,0,1,0,0,0,0,0,0,0
0,3,0,2,0,6,0,0,0,0,0,0,0,0,0,0,0,0,0,0,0,0,0,0,0,1,0,0,0,1,0,0,0,0,0,0,0,0
3,19,2,83,22,25,7,0,0,0,11,12,0,3,0,1,3,3,0,3,1,0,0,0,7,0,1,3,2,3,0,0,0,1,0,2,0,0
0,10,4,27,20,14,11,2,4,5,10,5,2,5,0,0,4,5,3,2,1,1,0,1,6,2,7,3,0,6,0,2,0,0,0,1,0,1
1,8,10,29,7,86,31,1,4,2,2,3,2,0,0,3,2,1,3,4,0,6,0,0,2,0,5,1,0,11,0,0,4,0,4,0,0,0
1,0,3,16,5,41,25,3,8,0,5,2,3,2,0,0,12,7,1,0,2,4,0,0,6,1,10,0,2,9,0,0,0,0,0,1,0,0
0,3,2,0,1,12,8,0,2,0,5,1,1,0,1,0,0,4,1,0,2,1,0,0,0,0,1,0,0,3,0,0,0,0,0,0,0,0
0,1,0,1,3,10,6,0,2,0,1,3,0,0,1,0,3,0,4,0,1,1,1,2,0,0,2,0,0,2,0,0,0,0,0,0,0,0
1,0,0,5,7,2,0,0,0,1,0,3,0,0,0,1,1,0,1,0,2,2,0,1,4,0,1,0,0,0,0,0,0,1,0,0,0,0
2,4,3,12,13,6,4,1,7,8,7,5,1,1,0,0,0,5,2,6,0,12,0,5,10,3,2,4,2,5,0,0,0,1,0,0,0,1
0,0,0,13,13,6,10,1,3,4,4,5,2,17,0,0,1,8,2,5,5,2,2,4,8,0,6,2,2,11,2,0,0,0,0,0,0,0
1,1,0,3,3,12,10,2,4,0,6,0,5,0,0,0,5,5,4,1,3,3,0,0,3,0,10,2,4,4,2,0,1,0,2,1,0,2
0,1,1,4,6,2,9,1,1,2,4,1,1,1,1,1,3,3,3,4,7,12,0,3,2,0,6,3,1,6,0,0,0,0,0,3,0,1
0,0,0,0,0,3,1,0,2,0,2,0,0,0,0,0,0,1,0,0,3,3,0,0,0,0,0,1,1,0,0,0,0,0,0,0,0,0
1,0,1,4,1,1,2,1,0,2,2,1,1,0,0,0,2,1,0,0,0,1,0,1,1,1,1,3,1,2,0,0,0,0,0,0,0,0
0,1,2,0,4,17,8,2,2,0,4,3,1,2,0,1,6,0,4,1,2,6,0,1,1,0,5,1,3,8,0,0,0,3,0,1,0,1
0,0,0,9,2,9,7,4,2,1,5,2,2,1,2,1,5,9,3,5,2,11,0,0,9,0,11,9,0,17,0,0,1,1,0,4,0,0
0,0,0,3,1,3,7,0,5,1,1,4,9,2,0,0,8,8,8,3,1,3,0,2,3,3,11,4,2,11,0,0,0,0,3,1,0,0
0,1,1,7,8,11,4,0,1,2,11,4,0,0,0,4,4,7,7,8,2,3,0,0,18,1,12,5,2,15,1,1,0,0,0,0,0,0
1,0,3,1,4,5,6,0,0,2,2,1,1,3,0,0,4,2,4,2,0,0,0,2,5,0,4,0,0,1,0,0,0,2,0,0,0,0
0,2,0,9,2,9,2,0,2,3,10,2,2,4,4,0,4,8,5,3,1,2,3,1,7,0,9,5,2,15,1,1,0,0,0,0,0,1
1,0,0,1,0,1,1,1,0,0,2,0,0,0,0,0,1,1,1,0,0,0,0,1,3,4,0,1,2,0,1,0,0,0,0,0,0,0
0,0,0,2,3,3,3,0,3,0,2,7,1,2,0,3,1,7,5,0,4,1,0,2,2,0,6,3,0,3,0,0,0,0,0,2,0,0
1,3,1,12,12,4,5,1,1,5,19,4,1,2,0,1,9,3,4,15,9,9,5,6,34,9,31,28,11,27,1,4,1,4,0,2,0,2
1,0,1,0,0,1,1,0,0,3,2,4,0,0,0,0,0,0,1,0,0,7,0,0,4,0,6,11,0,9,4,0,1,0,0,0,0,1
0,1,0,12,3,13,7,1,6,2,5,7,2,2,1,1,6,5,12,2,3,10,1,0,21,6,42,15,9,38,1,1,0,2,1,0,0,2
0,1,1,2,1,6,4,0,2,0,1,3,3,0,1,0,1,2,4,11,0,2,0,1,27,5,10,24,3,33,1,4,3,12,4,2,0,3
0,1,0,1,1,1,0,0,0,1,1,2,0,0,0,0,0,3,2,0,1,1,0,0,9,1,12,15,3,26,0,0,1,2,0,1,0,0
0,4,0,13,8,15,10,1,4,4,5,2,2,1,2,0,3,11,10,8,4,11,2,4,15,6,24,35,17,79,7,3,4,8,2,3,0,17
0,0,0,0,1,2,1,0,0,0,0,1,0,0,0,0,2,0,0,1,0,0,0,0,3,0,2,1,1,4,1,0,0,1,1,3,0,0
0,1,0,1,0,1,2,0,0,0,1,0,0,0,0,0,3,0,0,0,0,0,0,0,2,0,0,6,0,3,0,0,2,0,0,0,0,3
0,0,0,1,0,0,0,0,1,0,0,0,0,0,0,0,0,0,4,0,0,0,0,0,0,0,3,1,0,6,0,0,0,3,0,1,0,0
0,0,0,4,1,1,4,0,0,0,0,0,0,0,0,0,1,1,0,3,0,2,2,2,7,2,7,11,3,10,4,0,1,4,0,3,0,2
0,0,0,0,0,0,3,0,0,1,1,0,0,0,0,1,0,0,0,3,0,0,0,1,0,0,0,2,2,2,0,0,0,1,2,2,0,0
0,0,0,0,0,0,0,0,0,0,0,0,0,0,0,0,0,0,1,0,0,0,0,0,3,0,2,3,0,2,1,0,0,1,1,0,0,0
0,0,0,0,0,0,0,0,0,0,1,0,0,0,0,0,0,0,0,0,0,0,0,0,0,0,0,0,0,0,0,0,0,0,0,0,0,0
0,1,0,0,0,0,1,0,0,0,0,0,0,0,0,1,0,0,0,0,0,2,0,0,1,0,1,2,0,1,0,0,0,1,0,1,0,0
