0,0,0,0,0,0,0,0,0,0,0,0,0,0,0,0,0,0,0,0,0,0,0,0,0,0,0,0,0,0,0,0,0,0,0,0,0,0
1,13,5,12,0,1,0,0,0,0,0,1,0,2,0,0,0,0,2,0,0,0,0,1,0,0,0,0,0,4,0,0,0,0,0,0,0,0
0,3,7,0,0,2,0,0,0,0,0,0,0,0,0,0,0,0,0,0,0,0,0,0,0,0,0,0,0,0,0,0,0,0,0,0,0,0
3,15,16,77,14,18,5,0,6,0,7,4,1,3,0,4,0,1,3,1,4,3,3,1,6,2,1,7,3,1,1,0,0,0,0,0,0,0
0,7,3,30,5,15,17,2,3,3,20,5,2,6,0,0,1,3,3,4,3,1,1,3,3,2,4,6,1,6,0,0,0,1,0,0,0,0
3,5,16,18,6,67,23,4,7,0,2,3,5,3,0,2,6,7,5,1,1,1,0,3,1,1,7,1,2,7,0,0,0,0,0,0,0,1
1,3,2,10,3,20,25,0,3,1,4,1,5,2,0,0,4,2,7,0,0,1,0,0,2,0,6,3,0,7,0,0,0,1,0,0,0,1
1,0,1,7,1,7,6,0,0,1,2,1,1,2,0,0,0,1,1,0,0,2,0,1,0,0,1,0,0,3,0,0,0,0,0,0,0,0
0,0,0,3,3,5,11,2,0,0,0,2,3,0,0,0,4,0,1,0,0,0,0,0,0,0,1,1,0,3,0,0,0,0,0,0,0,0
0,2,0,5,1,0,0,1,0,2,7,0,0,1,0,0,0,0,0,2,1,1,0,0,1,0,2,1,1,0,0,0,0,0,0,0,0,0
6,3,0,16,8,9,7,1,0,1,2,9,3,8,0,4,4,4,5,18,4,7,0,2,10,1,9,13,0,5,2,1,0,2,0,2,0,0
0,2,7,19,7,16,9,2,2,1,5,0,2,7,0,1,4,8,5,7,4,9,0,0,2,0,7,7,1,8,0,0,0,2,0,2,0,3
0,1,3,5,9,6,7,0,3,2,2,2,0,1,0,0,2,0,8,1,0,5,0,1,2,1,8,1,3,5,0,0,0,0,0,0,0,0
0,0,0,5,10,7,2,3,2,2,12,5,3,0,1,1,5,5,3,7,6,9,1,2,1,0,5,6,0,5,4,0,0,0,0,0,0,0
0,0,2,0,0,0,2,0,1,1,2,2,0,0,0,0,1,0,0,3,0,0,0,2,1,0,3,0,0,1,0,0,0,0,0,0,0,0
0,0,2,0,0,3,3,0,1,0,0,3,1,0,1,0,0,1,2,0,0,0,0,1,1,0,3,2,0,4,0,0,0,0,0,0,0,0
0,0,1,2,2,8,3,0,1,0,3,2,1,0,0,1,0,1,7,1,0,2,0,5,4,0,7,2,2,8,0,0,0,1,0,0,0,0
2,0,1,3,3,8,9,0,0,4,6,9,3,2,0,0,6,1,8,0,6,9,0,0,3,0,20,5,0,11,3,0,0,3,0,0,0,3
0,0,0,1,4,3,5,1,6,0,1,1,4,0,0,0,5,1,3,1,3,5,0,2,5,2,5,2,3,6,2,0,0,1,0,0,0,0
1,2,2,7,7,11,4,1,4,1,11,9,4,2,0,1,7,4,4,4,3,2,0,2,10,3,9,7,3,14,2,1,1,1,0,0,0,1
1,1,0,5,2,3,4,1,1,2,10,2,1,5,0,0,1,3,4,6,0,4,0,3,6,1,4,1,0,7,0,0,0,0,0,0,0,0
1,0,2,9,2,7,5,0,1,6,9,0,8,2,0,1,1,9,14,6,1,0,0,0,8,2,15,9,3,11,0,1,1,0,0,0,0,2
0,0,0,1,1,3,1,0,0,0,4,1,0,2,0,1,2,0,1,3,1,0,0,0,2,0,0,0,0,1,0,0,0,0,0,0,0,0
0,3,0,1,0,6,2,2,0,1,12,2,4,1,0,0,8,7,1,1,4,0,0,0,0,0,4,2,0,4,0,0,0,3,0,0,0,1
0,2,3,10,4,7,5,0,0,7,9,7,2,5,1,1,5,9,3,14,7,6,3,4,31,6,24,27,3,35,0,0,0,1,3,1,0,4
0,0,0,2,1,1,0,0,0,0,1,0,2,0,0,0,0,3,6,2,1,0,0,1,11,0,3,6,2,6,0,0,0,1,0,0,0,0
1,1,1,10,5,23,8,6,2,0,6,0,1,7,0,3,12,10,6,4,7,9,1,2,21,1,32,26,6,47,2,2,1,3,1,5,0,1
0,0,0,14,3,3,3,1,0,1,7,0,0,5,0,0,2,2,6,8,1,0,0,1,15,1,16,19,2,41,2,2,4,11,8,0,0,2
0,0,0,1,0,2,2,0,2,4,2,2,0,2,0,0,3,2,3,7,1,2,0,0,7,2,2,5,3,8,2,5,0,2,0,0,0,0
2,1,2,10,0,7,5,0,2,5,9,4,2,4,0,5,7,8,13,5,0,5,3,3,21,5,29,25,13,106,8,3,8,15,3,4,0,4
0,0,0,0,0,0,0,0,0,0,2,0,0,0,0,0,0,1,0,0,0,0,0,3,1,3,1,1,0,6,0,0,0,3,0,2,0,1
0,0,0,0,0,0,0,0,0,0,0,0,0,0,0,0,0,0,0,0,2,0,0,0,0,0,0,0,0,5,1,0,0,0,0,0,0,0
0,0,2,1,0,1,0,0,0,0,0,0,0,0,0,0,3,0,0,1,1,0,0,0,0,0,0,2,0,10,0,0,1,0,0,0,0,0
0,1,0,2,3,2,3,0,1,0,4,1,3,4,0,0,0,5,7,6,1,3,0,2,6,2,10,15,4,23,2,1,4,10,3,2,0,2
0,0,0,0,0,0,0,0,0,0,0,0,0,0,0,0,0,1,0,0,1,0,0,0,2,0,0,5,1,0,0,2,2,0,0,1,0,1
0,0,0,0,0,0,0,0,0,1,0,0,0,0,0,0,1,1,0,0,0,0,0,0,1,0,0,2,0,1,0,2,2,0,0,0,0,0
0,0,0,0,0,0,0,0,0,0,0,0,0,0,0,0,0,0,0,0,0,0,0,0,0,0,0,0,0,2,0,0,0,0,0,0,0,0
0,0,0,0,1,2,0,0,0,0,6,2,0,0,0,0,0,0,0,0,0,1,0,0,0,0,1,0,0,2,0,0,1,0,0,1,0,0
