0,0,0,0,0,0,0,0,0,0,0,0,0,0,0,0,0,0,0,2,0,0,0,0,0,0,0,0,0,0,0,0,0,0,0,0,0,0
1,9,5,7,2,3,3,0,0,0,2,0,0,3,0,0,0,2,1,1,0,0,0,0,0,0,0,0,0,2,0,0,0,0,0,1,0,0
0,2,3,1,0,2,1,0,0,0,0,0,0,0,0,0,0,0,0,0,0,0,0,0,0,0,0,1,0,0,0,0,0,0,0,0,0,0
8,16,6,62,23,32,6,1,0,0,8,0,3,0,0,2,4,1,0,6,1,2,2,0,3,0,7,0,2,7,0,0,0,1,0,0,0,0
2,6,0,43,10,7,14,0,7,0,10,6,2,0,0,0,2,1,6,6,7,0,0,1,8,3,11,3,1,2,1,0,0,4,0,0,0,0
3,2,8,49,5,66,34,3,5,2,3,1,3,4,0,0,4,2,5,2,5,2,0,1,4,0,13,3,0,9,0,2,0,1,0,0,0,0
3,2,4,8,2,46,18,3,7,1,3,3,6,7,0,2,9,2,4,6,3,3,1,1,4,1,5,6,2,5,0,2,0,0,0,2,0,0
0,2,3,5,5,9,3,1,1,0,2,3,2,0,0,0,3,1,2,0,2,1,0,0,0,0,5,0,0,2,0,0,1,1,1,0,0,0
0,0,0,1,1,8,2,0,0,0,3,1,0,1,0,1,0,1,0,1,0,0,0,0,0,0,4,0,0,0,0,0,0,0,0,0,0,0
1,1,0,3,2,4,0,0,2,1,5,0,0,0,0,0,0,3,0,0,3,0,0,0,2,0,0,0,0,0,0,0,0,0,0,0,0,0
2,1,0,12,12,3,2,1,0,2,8,4,2,6,0,1,5,6,0,9,2,6,0,1,10,5,7,5,0,10,0,1,4,0,0,0,0,1
2,1,2,19,6,19,18,0,1,0,13,3,5,3,0,0,6,9,2,1,1,2,0,1,7,0,10,0,1,6,0,0,0,0,0,0,0,3
0,0,3,5,1,10,12,1,1,1,3,0,2,3,0,0,4,2,4,0,5,4,0,1,4,0,15,1,0,4,0,2,4,1,0,0,0,0
2,1,1,13,3,5,5,0,1,2,9,10,5,1,1,1,5,4,6,2,2,0,0,1,0,0,8,10,0,8,0,0,0,2,0,0,0,7
0,0,2,1,0,1,1,4,0,0,1,0,1,1,0,1,2,0,2,0,1,2,0,0,0,0,0,1,0,0,0,0,1,2,0,0,0,0
0,0,0,3,1,3,3,0,0,0,2,1,0,3,0,0,2,4,0,0,0,1,0,0,0,0,3,0,0,0,0,0,0,0,0,0,0,0
1,0,0,5,1,6,8,0,3,0,3,3,4,2,0,0,3,6,1,1,4,1,2,0,1,2,7,2,1,5,2,0,0,4,0,2,0,1
1,0,0,11,8,8,2,0,3,1,7,3,2,0,0,0,3,6,5,2,5,1,0,4,9,1,10,2,2,6,0,0,0,2,0,0,0,0
1,0,1,0,0,4,8,0,0,0,1,0,5,0,0,0,2,4,5,1,0,4,0,0,3,0,7,3,1,6,0,0,0,1,0,0,0,0
1,2,0,8,10,12,2,0,4,3,4,6,3,3,0,0,12,4,10,1,2,2,0,1,5,1,19,7,1,12,1,0,0,2,2,1,0,0
1,2,0,7,4,5,6,1,0,0,1,8,5,4,0,2,7,3,6,5,0,0,0,1,4,1,3,6,0,3,0,0,1,0,0,0,0,2
0,5,0,3,1,12,4,0,0,5,15,4,3,5,0,0,5,7,10,3,1,1,0,1,7,2,19,6,2,7,1,0,0,1,0,0,0,2
0,0,1,1,0,1,0,0,0,0,0,0,1,0,0,0,0,0,0,2,1,1,0,0,0,1,0,0,0,2,0,0,0,0,0,0,0,0
2,0,1,0,1,1,4,2,1,1,5,2,2,1,0,0,5,5,1,3,1,1,2,0,2,2,2,1,0,3,0,1,0,2,0,0,0,0
2,1,0,13,5,6,8,2,4,7,16,4,3,2,0,0,2,6,12,13,7,8,0,4,28,0,27,22,4,19,2,0,1,4,0,3,0,1
0,0,0,1,0,4,3,0,0,3,0,1,1,0,0,0,1,2,0,1,0,0,0,0,3,0,7,3,0,6,0,0,0,0,0,0,0,0
2,2,0,10,2,13,4,1,1,3,6,5,6,0,1,2,8,12,16,5,5,6,7,6,14,7,37,19,7,59,1,2,0,3,1,2,0,1
0,1,0,6,4,5,6,0,1,0,10,6,3,3,0,2,6,6,6,11,4,1,1,1,16,3,17,29,4,33,4,5,2,9,1,7,0,1
0,0,0,0,0,2,0,1,1,0,2,2,0,1,0,0,0,0,2,1,0,3,0,1,5,3,9,8,3,10,0,0,0,3,6,1,0,2
1,4,0,5,5,10,10,1,2,3,5,4,3,7,0,5,3,4,12,5,3,4,1,2,24,5,57,32,19,90,9,7,4,12,5,1,0,4
0,0,0,0,0,1,0,0,0,0,0,0,0,0,0,0,0,0,0,0,0,0,1,0,1,0,2,1,0,5,0,1,1,0,2,0,0,0
0,0,0,0,0,0,1,0,0,0,1,0,1,0,0,0,0,1,0,0,0,0,0,0,0,0,4,0,1,7,0,0,0,4,0,0,0,1
0,0,0,0,0,0,0,0,0,0,0,0,0,0,0,0,0,2,2,0,0,0,0,1,0,0,2,2,0,3,0,0,0,0,0,0,0,0
0,0,1,0,4,1,0,0,1,3,2,4,1,0,0,0,1,2,0,7,1,1,0,1,3,1,3,12,2,12,3,2,2,3,0,3,0,0
1,0,0,2,0,0,0,0,0,0,0,0,0,0,0,0,0,1,0,0,0,0,0,0,0,0,2,3,4,2,2,0,0,1,0,2,0,1
0,0,0,2,0,0,2,0,0,0,3,0,3,0,0,0,0,0,0,0,0,0,0,0,1,0,1,2,0,1,2,1,0,2,0,0,0,2
0,0,0,0,0,0,0,0,0,0,0,0,0,0,0,0,0,0,0,0,0,0,0,0,1,0,0,0,0,0,0,0,0,1,0,0,0,0
0,0,0,0,1,0,1,0,0,1,1,0,0,3,0,0,2,0,0,0,1,0,0,0,0,0,0,0,0,1,0,0,0,0,0,1,0,0
