0,2,0,0,0,0,0,0,0,0,0,0,0,0,0,0,0,0,0,0,0,0,0,0,0,0,0,0,0,0,0,0,0,0,0,0,0,0
1,9,6,10,3,2,0,1,0,0,0,1,1,1,0,0,0,0,0,0,0,0,0,0,0,0,1,1,0,2,0,0,0,2,0,1,0,0
1,3,0,0,0,1,0,0,0,1,0,0,0,0,0,0,0,0,0,0,0,0,0,0,0,0,0,0,0,0,0,0,0,0,0,0,0,0
6,25,13,57,12,26,13,0,0,0,8,2,2,6,0,2,4,1,0,1,0,1,1,1,2,1,2,5,2,1,0,0,1,2,0,0,0,1
2,2,5,29,19,15,12,2,2,0,9,7,6,2,1,1,0,5,1,6,0,4,0,0,6,0,5,4,0,5,0,1,1,1,0,0,0,1
1,5,6,32,6,64,39,3,7,3,4,2,5,0,0,2,3,0,7,3,2,1,0,1,3,1,5,3,2,4,0,0,0,0,0,0,0,0
3,1,5,12,6,35,41,1,7,0,3,3,4,1,1,0,10,2,2,1,1,3,0,3,3,1,12,6,0,5,0,0,1,0,0,0,0,0
0,0,1,4,6,3,2,0,0,3,1,1,0,3,0,0,4,1,0,1,0,3,2,0,0,0,2,2,0,5,1,0,0,0,0,0,0,0
0,0,0,3,1,0,10,0,2,0,1,1,1,1,0,0,1,0,2,0,1,1,0,0,0,1,1,0,0,2,0,0,0,0,0,0,0,0
1,0,0,4,3,0,0,2,0,0,2,1,1,0,0,1,0,0,1,0,4,1,0,0,1,0,2,1,1,0,0,0,0,0,0,0,0,0
3,3,6,17,13,12,12,2,2,3,9,17,7,2,0,8,6,8,1,14,2,1,3,2,12,0,11,3,0,5,1,0,1,1,0,1,0,1
1,0,0,22,11,13,7,2,3,1,11,6,3,5,0,3,4,9,2,1,0,6,1,3,11,0,7,3,3,2,0,0,0,0,2,0,0,2
0,0,1,4,3,13,10,0,1,0,2,1,5,2,0,0,3,2,6,4,0,3,0,2,1,1,9,6,0,2,1,2,0,3,0,0,0,0
1,0,3,6,7,6,6,0,1,1,5,3,4,1,0,1,2,5,2,4,2,4,1,5,6,3,5,2,1,4,0,1,0,0,0,0,0,0
0,0,0,0,2,3,0,0,0,0,3,1,0,1,0,0,0,1,1,3,0,1,0,1,2,1,0,0,1,0,0,0,0,0,0,0,0,0
0,0,1,0,0,6,1,0,0,0,3,0,1,0,0,0,1,0,5,1,0,1,0,0,1,0,0,1,0,2,0,0,0,0,0,0,0,0
1,0,1,1,1,10,5,2,1,0,8,8,2,2,0,1,6,0,6,0,2,1,0,0,2,1,7,3,0,4,1,2,0,0,0,0,0,0
0,0,0,5,0,8,8,2,4,0,3,7,6,1,0,2,1,0,6,10,0,1,1,4,4,2,15,2,2,3,0,1,0,0,0,1,0,1
0,0,0,2,0,5,0,0,0,0,1,3,4,1,0,0,10,5,1,1,1,1,0,1,1,0,12,6,0,3,0,0,0,0,0,0,0,3
0,5,2,9,4,13,4,0,0,2,6,2,6,2,0,0,5,1,4,3,3,5,0,1,7,0,7,3,2,10,0,0,0,3,0,0,0,0
2,2,3,1,2,6,0,0,0,2,3,6,0,1,0,0,6,0,5,3,7,1,1,1,2,1,11,1,0,7,0,0,0,0,1,0,0,2
1,1,0,3,7,9,7,2,1,0,7,2,2,3,0,4,1,12,5,2,8,1,0,1,3,1,15,1,0,13,0,0,1,1,0,0,0,0
0,0,0,0,0,1,0,0,0,0,3,0,0,0,0,0,0,1,0,1,0,1,0,0,0,0,1,0,0,2,0,0,0,0,0,0,0,0
1,1,0,1,1,2,1,2,0,0,6,3,0,3,0,0,0,0,3,3,0,0,0,2,2,0,3,3,0,5,0,0,0,0,0,0,0,0
3,1,1,11,6,14,7,0,1,4,14,7,3,3,0,1,2,3,10,25,9,6,0,0,26,9,19,23,12,24,4,0,0,6,1,7,0,0
0,0,0,2,2,3,0,0,0,1,1,2,0,2,0,0,0,0,1,3,1,1,1,0,9,0,4,9,3,4,0,0,2,1,0,0,0,0
0,2,1,8,7,13,3,1,1,3,10,2,1,2,0,2,8,12,12,7,3,5,7,0,26,7,43,21,2,38,1,2,1,2,1,2,0,5
1,0,1,9,6,4,7,1,0,1,6,17,2,4,2,0,4,4,3,6,5,2,0,0,30,4,14,22,18,25,1,3,1,6,1,4,0,0
2,0,0,1,3,2,2,0,0,1,4,0,0,1,0,0,1,1,4,0,0,3,1,0,7,0,13,2,3,22,8,0,0,6,4,0,0,0
0,1,2,10,1,12,10,2,0,2,6,4,3,0,0,1,7,6,7,8,6,5,1,3,17,7,37,21,14,92,8,2,6,7,7,4,1,2
0,0,2,0,0,0,0,0,0,0,0,0,0,0,0,1,2,0,1,0,0,0,0,0,1,0,1,1,0,3,1,3,0,3,0,2,0,1
0,0,0,0,0,3,0,0,0,0,0,0,0,0,0,0,0,0,0,0,0,0,0,0,2,0,0,2,2,6,1,0,0,0,0,0,0,0
1,0,0,0,1,1,0,0,0,0,0,0,1,0,0,0,0,0,1,0,0,1,0,0,0,0,4,1,0,0,2,1,0,0,0,1,0,0
0,0,0,4,0,2,1,0,0,2,2,3,0,2,0,0,0,5,1,5,0,1,0,0,7,0,8,10,2,6,1,0,2,1,1,4,0,4
0,0,0,3,1,0,0,1,0,1,0,1,0,0,0,0,0,0,0,2,1,1,0,0,1,0,2,1,1,0,1,1,0,1,0,0,0,0
0,0,0,0,3,0,0,0,0,0,0,0,0,0,0,0,0,0,0,0,0,0,0,0,5,0,0,1,0,5,1,0,1,1,0,0,2,2
0,0,0,0,0,0,0,0,0,0,1,0,0,0,0,0,0,0,0,0,0,0,0,0,0,0,1,2,0,0,1,0,0,0,0,0,0,0
0,0,0,0,1,0,0,0,0,0,0,0,0,0,0,0,0,1,0,0,0,0,0,0,1,0,2,0,0,1,0,1,0,2,0,0,1,2
