2,0,0,0,0,0,0,0,0,0,0,1,0,0,0,0,0,0,0,0,0,0,0,0,0,0,0,0,0,0,0,0,0,0,0,0,0,0
0,8,9,7,1,0,1,0,0,0,0,0,0,0,0,0,0,0,0,0,1,0,0,0,0,0,0,0,0,1,0,0,0,0,0,0,0,0
0,1,9,1,0,1,0,0,0,0,0,1,0,0,0,0,0,0,0,0,0,0,0,0,0,0,0,0,0,0,0,0,0,0,0,0,0,0
10,21,7,45,8,27,9,0,4,6,4,4,3,0,0,0,3,2,5,0,0,2,0,4,2,0,6,1,1,6,0,0,0,1,0,0,0,0
2,5,2,33,7,21,16,4,2,1,10,2,1,0,0,0,8,2,3,5,2,2,2,1,5,3,7,7,3,4,0,0,3,2,0,0,0,0
2,2,12,33,11,57,34,1,9,0,1,4,5,0,0,0,2,1,5,5,1,3,2,0,4,0,11,5,1,5,0,0,1,0,0,0,0,0
2,1,1,20,8,36,18,4,8,0,2,3,8,0,0,1,8,6,1,1,1,5,0,1,0,1,4,4,2,3,0,0,0,0,0,0,0,0
2,1,0,3,2,4,1,0,0,0,1,1,0,1,0,0,0,2,0,0,2,1,0,0,2,0,2,0,1,4,0,0,0,0,0,0,0,0
0,0,0,6,6,1,5,0,0,0,2,0,2,1,2,1,3,0,1,0,0,2,0,0,1,0,0,0,0,0,0,0,0,0,0,0,0,0
0,5,0,2,1,2,2,0,4,1,0,0,0,3,0,0,0,0,2,3,0,1,0,0,3,0,3,0,0,0,0,0,0,0,0,0,0,0
1,5,1,17,14,9,8,1,1,5,12,13,4,5,0,7,8,2,3,12,9,15,8,5,14,4,4,4,2,14,2,1,0,0,2,0,0,0
1,3,2,9,9,11,7,2,1,2,10,2,5,3,0,2,9,4,6,4,2,3,3,4,5,1,8,2,3,15,0,0,1,4,0,3,0,1
1,1,1,7,4,19,10,0,5,1,1,2,0,4,0,1,1,3,5,2,0,4,0,2,0,0,7,2,1,2,1,0,2,0,0,0,0,0
1,3,0,3,4,6,1,0,3,2,0,5,5,1,2,2,6,4,8,1,5,1,3,3,3,1,3,3,0,10,0,0,0,1,0,0,0,0
0,2,0,2,2,2,1,0,0,0,2,0,0,0,0,0,0,1,0,0,0,0,0,0,1,0,2,1,2,0,0,0,0,0,0,0,0,0
0,0,1,2,0,3,2,0,0,0,4,0,1,0,0,2,1,0,0,0,0,2,0,0,2,0,0,0,0,1,0,0,0,0,0,0,0,0
0,0,0,2,5,5,8,0,2,0,5,0,9,2,0,2,2,2,4,3,3,2,0,4,2,0,13,3,0,4,1,0,0,0,0,0,0,0
0,3,0,4,6,10,9,0,1,2,9,4,1,2,0,1,4,0,4,4,4,6,1,3,8,0,15,5,2,13,0,2,2,2,0,0,0,0
0,0,2,2,2,7,4,0,2,1,1,1,2,1,0,0,6,2,3,0,1,2,0,0,7,2,14,3,0,8,0,1,1,0,1,2,0,0
0,0,3,11,10,17,11,1,2,6,11,9,6,2,0,1,9,5,7,9,1,3,2,0,4,0,7,9,2,2,0,0,2,2,0,3,0,5
2,1,0,2,1,2,3,0,0,2,8,1,0,1,0,0,2,5,2,1,0,7,1,5,1,1,1,3,1,2,0,1,0,0,0,0,0,0
1,1,1,9,3,20,18,1,1,5,3,13,5,0,0,1,12,6,24,3,2,1,0,1,8,6,24,8,2,16,1,1,1,0,0,0,0,0
0,0,0,2,0,2,1,0,0,0,1,0,1,1,0,0,0,0,0,4,1,0,2,0,2,0,1,0,0,0,0,0,0,1,0,0,0,0
0,0,0,1,0,3,4,0,0,2,1,4,1,1,0,1,6,6,3,2,1,0,0,0,4,0,3,3,0,0,0,0,0,1,0,0,0,0
4,4,4,17,4,1,3,1,0,8,14,4,2,0,0,2,4,2,9,10,3,4,0,0,13,2,27,19,5,28,2,0,3,2,0,3,0,2
0,0,0,6,1,1,1,0,0,0,1,2,0,1,0,0,1,0,2,4,1,0,0,0,3,0,7,5,1,4,0,0,0,3,0,0,0,0
0,3,2,7,6,16,9,0,3,2,13,5,7,2,0,0,16,5,11,8,4,9,2,1,24,5,28,15,3,29,5,1,0,2,1,0,0,1
1,0,0,9,5,5,3,1,2,0,4,5,1,5,0,0,6,6,4,11,3,1,0,0,33,8,11,25,11,33,3,1,4,7,0,6,0,6
0,0,1,1,1,0,5,1,0,0,1,2,2,0,0,0,0,0,5,1,0,0,0,0,5,1,4,5,0,5,0,1,2,2,1,0,0,0
1,3,1,14,7,9,11,0,5,0,8,7,3,3,0,0,5,4,10,10,4,12,1,2,12,3,42,33,12,54,3,3,3,18,5,2,0,4
0,1,0,2,0,1,1,0,0,0,2,0,0,0,0,0,0,0,0,1,0,0,0,0,0,0,0,0,0,2,1,0,0,2,0,3,0,2
0,0,0,0,0,0,0,0,0,0,2,0,0,0,0,0,1,0,0,0,0,0,0,0,0,0,2,1,0,0,0,0,0,0,0,0,0,0
0,0,0,0,0,3,0,0,0,0,0,0,0,0,0,0,1,0,0,0,0,0,0,0,1,0,1,2,1,2,0,0,0,2,4,0,0,1
0,0,1,4,0,1,1,0,0,0,4,7,3,1,1,0,3,0,0,1,2,0,0,0,2,0,3,5,2,11,2,1,1,4,0,1,0,2
0,0,0,0,0,1,0,0,0,0,0,0,0,0,0,0,0,0,0,0,0,0,3,0,0,0,0,1,2,0,0,0,4,0,0,1,0,0
0,0,0,1,0,2,1,0,0,0,0,0,0,0,0,0,0,0,0,0,0,0,0,0,2,0,0,1,0,1,0,0,5,1,0,0,0,0
0,0,0,0,0,0,0,0,0,0,0,0,0,0,0,0,0,0,0,0,0,0,0,0,0,0,0,0,0,0,0,0,0,0,0,0,0,0
0,0,0,1,0,0,1,0,0,0,1,0,0,0,0,0,0,0,0,0,0,1,0,0,2,0,2,0,0,3,0,0,0,1,0,0,0,0
