0,0,0,0,0,0,0,0,0,0,0,0,0,0,0,0,1,0,0,0,0,0,0,0,0,0,0,0,0,0,0,0,0,0,0,0,0,0
1,8,2,7,1,2,0,0,0,0,1,0,0,0,0,0,0,0,0,0,0,0,0,0,0,0,0,0,0,0,0,0,0,0,0,0,0,0
1,1,1,1,0,2,0,0,0,0,0,0,0,0,0,0,0,0,0,0,0,0,0,1,0,0,0,0,0,0,0,0,0,0,0,0,0,0
4,12,2,67,11,25,10,0,2,4,5,7,1,1,0,2,0,0,0,2,0,2,1,1,2,1,7,3,0,6,0,0,2,0,0,0,0,0
2,10,4,33,10,15,6,3,1,6,7,7,3,1,0,1,7,3,3,13,2,6,2,2,13,1,7,2,0,7,0,0,0,2,0,2,0,0
5,8,3,36,9,67,25,0,3,1,3,2,2,2,0,0,7,1,8,1,1,3,0,0,2,0,6,3,0,6,0,0,0,4,1,1,0,1
0,1,5,9,6,31,22,1,6,1,3,3,6,2,1,3,3,1,2,0,0,3,2,4,1,0,9,0,0,5,0,0,0,2,0,0,0,1
6,4,0,8,2,5,0,0,1,0,1,4,0,1,0,0,0,0,1,1,0,3,1,0,0,0,4,4,0,2,0,0,0,0,0,0,0,0
0,0,0,0,0,1,3,3,1,0,0,3,2,1,0,0,0,1,4,0,0,2,0,0,0,0,0,1,0,2,0,0,0,0,0,0,0,0
0,0,0,6,1,3,0,0,0,0,2,0,0,1,0,0,0,3,0,3,1,1,0,0,1,1,2,1,0,0,0,0,0,1,0,0,0,0
2,4,3,14,13,7,5,5,4,4,3,11,1,3,0,0,4,13,6,14,0,8,1,2,14,6,5,6,0,5,0,2,1,3,0,0,0,0
2,1,0,6,6,10,4,2,2,5,14,10,3,7,0,3,3,3,4,3,2,5,1,1,10,4,9,1,2,9,0,0,3,3,0,0,0,0
0,0,0,3,3,10,6,0,4,0,2,2,1,5,0,1,4,1,6,2,0,2,2,1,2,0,10,3,1,6,0,0,0,1,0,0,0,0
0,0,2,3,1,5,2,0,0,0,12,4,0,1,0,0,2,7,2,4,2,5,1,2,2,2,4,0,0,5,1,0,0,4,0,0,0,2
0,0,0,1,0,2,2,0,0,0,0,0,0,4,0,0,0,1,1,3,0,1,0,0,0,1,3,0,0,6,0,0,0,0,0,0,0,0
0,0,2,1,0,2,2,0,0,1,1,3,0,0,0,1,1,0,0,0,0,2,0,1,0,0,2,0,0,1,0,0,0,0,0,0,0,0
0,0,0,2,0,11,11,0,2,0,4,2,1,0,0,0,9,2,5,2,3,4,0,0,2,2,8,0,2,6,0,0,0,1,0,0,0,0
0,1,0,7,8,9,10,0,1,0,5,3,4,3,0,0,4,3,6,4,1,9,2,2,7,0,11,4,1,11,0,2,0,3,0,1,0,1
0,0,0,0,1,3,7,2,2,0,2,2,3,0,0,0,6,2,1,3,3,4,0,0,3,0,5,3,3,9,0,0,0,0,1,0,0,0
2,2,1,12,10,10,6,0,3,9,12,4,9,4,0,0,10,7,6,7,4,0,1,0,12,5,6,4,0,8,2,0,2,0,2,3,0,0
1,0,1,5,0,3,4,0,2,1,1,5,1,2,0,1,2,4,6,2,2,4,1,2,0,0,6,1,1,4,0,0,0,1,0,0,0,2
0,0,1,4,7,7,8,2,1,4,18,8,3,1,0,2,6,13,9,2,5,3,0,2,10,3,18,4,5,10,1,0,0,0,0,1,0,1
0,0,2,0,1,1,0,1,0,0,0,0,0,2,0,0,2,2,2,1,0,1,1,0,0,0,0,0,0,0,0,0,0,0,0,0,0,0
0,0,0,0,2,0,3,0,0,2,9,7,0,3,0,0,1,1,3,2,2,0,0,0,4,2,1,1,0,0,0,0,0,0,0,1,0,0
3,0,2,6,4,13,9,2,0,6,7,10,5,6,0,1,4,3,3,14,2,6,0,2,25,8,21,20,3,18,0,2,3,3,1,0,0,1
0,0,0,2,1,5,0,1,0,0,3,1,0,0,0,0,0,1,6,2,4,1,0,0,2,1,5,4,2,6,0,0,0,1,1,0,0,0
1,0,3,7,3,14,7,0,2,0,5,9,5,1,0,0,11,8,8,4,6,10,0,1,15,1,34,12,4,28,1,0,2,4,3,0,0,2
1,1,0,13,1,6,8,0,1,0,6,7,0,0,1,2,2,3,4,6,2,5,1,0,20,4,17,23,5,38,1,0,1,7,6,2,0,3
0,0,0,2,0,3,4,0,0,0,2,2,1,1,0,0,3,2,0,3,1,0,0,1,4,0,8,9,0,12,0,0,1,4,3,1,0,0
3,7,7,7,7,13,8,2,4,3,9,8,4,2,0,2,2,7,16,8,2,3,2,0,13,4,19,34,12,47,6,3,4,8,3,6,0,3
2,0,0,2,0,0,0,0,0,0,0,0,0,0,0,0,0,0,0,0,0,1,0,0,0,0,0,3,0,7,0,0,1,0,0,0,0,0
0,0,0,0,0,0,0,0,1,0,0,0,0,0,0,0,0,0,0,1,0,0,0,0,1,0,1,0,0,1,0,0,0,1,1,0,0,0
0,0,0,0,0,2,0,0,0,3,2,0,1,0,0,0,0,0,2,0,0,1,0,0,1,0,3,0,0,3,0,0,0,0,1,0,0,0
0,1,0,2,0,3,3,0,0,0,0,1,0,2,0,0,2,1,0,1,0,0,2,0,6,1,4,8,2,8,1,0,1,3,2,0,0,1
0,1,0,0,0,0,0,0,0,0,0,2,0,0,0,0,0,0,0,0,0,0,0,0,0,1,0,0,0,2,1,1,0,1,0,1,0,0
0,2,0,1,0,0,0,0,3,0,0,0,0,0,0,0,0,0,1,0,0,0,0,0,0,0,1,2,2,1,0,3,3,0,0,3,0,3
0,0,0,0,0,0,0,0,0,0,1,0,0,0,0,0,0,0,0,0,0,0,0,0,0,0,0,0,0,0,0,0,0,0,0,0,1,0
0,0,0,0,0,0,0,0,0,0,0,0,0,0,0,0,0,0,0,0,0,1,0,0,4,1,1,1,0,0,0,0,0,0,0,1,0,0
