1,0,1,1,0,0,0,0,0,0,0,0,0,0,0,0,0,0,0,0,0,0,0,0,0,0,0,0,0,0,0,0,0,0,0,0,0,0
6,11,4,8,0,2,0,0,0,0,1,0,0,0,0,0,0,0,0,2,0,0,0,0,3,0,0,0,0,0,0,0,0,0,0,0,0,0
0,2,3,1,0,4,1,0,0,0,0,0,0,0,0,0,0,0,0,0,0,0,0,1,0,0,0,0,0,0,0,0,0,0,0,0,0,0
1,15,16,58,17,30,11,0,0,4,6,4,2,2,0,1,1,2,3,1,2,1,0,0,5,0,10,6,0,0,1,0,0,0,0,0,0,0
2,7,4,27,7,10,7,2,0,4,6,9,2,3,0,3,8,3,3,2,1,1,0,0,5,2,1,8,0,11,0,0,0,3,0,3,0,0
0,12,7,21,7,42,26,0,4,2,2,0,5,2,0,0,1,1,4,2,0,1,3,1,8,1,2,3,0,6,0,0,1,2,0,0,0,2
0,4,1,7,3,23,13,0,2,0,1,4,0,1,0,1,2,3,3,1,0,0,0,0,2,0,5,6,1,13,1,0,0,0,0,1,0,2
0,1,1,4,2,7,3,0,0,0,5,0,0,2,0,3,1,3,2,3,0,0,0,0,0,0,1,0,3,1,1,0,0,0,0,0,0,0
1,2,1,0,2,4,9,0,7,1,1,1,1,0,0,0,0,2,1,1,0,0,0,1,3,0,3,0,0,0,0,0,1,0,0,0,0,0
0,0,2,3,0,3,2,0,0,0,1,3,0,0,0,0,0,0,0,5,2,5,1,3,1,0,2,3,0,0,0,0,0,0,0,0,0,0
0,1,2,15,13,2,5,1,3,3,5,4,3,3,0,0,4,4,3,12,3,5,0,2,6,8,6,4,1,9,0,0,0,1,0,1,0,2
1,1,0,10,12,11,7,3,1,1,12,3,2,7,0,3,5,0,2,6,7,2,1,1,3,4,6,5,3,4,1,0,1,3,0,0,0,0
0,0,0,2,6,10,13,0,0,0,3,2,2,0,0,1,4,0,7,6,2,1,0,2,3,1,3,5,1,2,0,1,1,0,0,0,0,2
0,2,1,4,3,6,6,0,0,1,4,2,4,4,0,3,4,1,2,3,2,1,0,3,8,0,8,0,0,12,0,1,2,0,0,0,0,0
2,0,0,0,0,2,2,0,1,0,4,1,3,0,0,0,0,2,0,0,2,0,0,0,1,0,2,0,1,1,0,0,1,0,0,0,0,0
0,1,0,2,0,0,0,0,0,0,0,0,0,0,0,1,2,3,1,0,3,0,0,0,0,0,3,1,0,0,0,0,0,0,0,0,0,0
1,0,0,1,2,11,3,2,2,1,3,0,1,6,0,2,1,7,3,2,3,1,2,0,4,1,7,3,1,2,0,0,0,0,0,1,0,1
0,0,1,2,5,10,9,0,2,3,4,3,1,2,0,1,3,1,4,2,0,4,0,1,5,1,13,7,0,4,2,1,0,1,0,0,0,0
0,0,0,1,0,5,8,1,0,1,8,0,2,0,0,0,2,1,0,2,0,4,0,0,1,4,8,4,0,12,0,0,0,1,0,0,0,0
2,1,1,8,3,3,6,0,1,3,8,2,4,6,0,0,4,3,7,3,0,0,0,2,8,3,7,3,0,3,0,0,0,1,2,0,0,0
0,1,2,6,3,4,3,0,1,0,9,5,0,3,1,0,5,2,1,5,4,2,0,3,8,4,6,4,0,11,0,1,0,0,0,1,0,1
0,0,1,5,1,2,8,0,2,1,2,6,2,5,1,1,2,8,6,2,2,2,1,2,9,3,3,6,0,9,1,1,1,1,0,1,0,2
0,0,1,0,0,1,0,0,0,0,0,0,0,0,0,1,2,1,0,0,0,0,0,0,0,0,3,2,1,1,0,0,0,2,0,0,0,0
0,0,0,3,1,4,10,0,0,0,1,3,0,4,0,0,3,0,0,1,2,1,1,2,1,0,3,0,1,2,0,1,0,0,0,0,0,1
5,1,1,9,8,10,5,1,5,0,10,10,1,4,0,1,2,3,5,13,3,5,2,2,18,7,17,29,6,25,1,1,1,2,2,0,0,0
0,1,3,1,2,4,3,0,1,0,2,0,2,0,0,0,2,1,3,3,1,2,1,1,5,3,6,1,0,6,1,1,0,0,0,0,0,1
2,0,3,12,0,14,11,0,1,2,10,6,2,6,1,0,7,11,18,7,4,7,0,8,22,0,24,13,4,40,1,3,1,5,1,2,0,3
1,2,3,5,7,9,6,2,3,5,9,10,4,5,0,2,5,5,10,8,2,1,1,0,20,10,26,16,8,32,1,8,3,5,6,3,0,4
0,0,0,5,0,2,0,0,0,0,5,0,0,2,0,0,2,0,1,2,0,2,0,2,6,1,10,11,4,14,2,1,0,4,1,0,0,1
2,2,7,10,7,13,9,0,0,5,10,7,3,3,0,1,6,4,9,6,2,6,4,3,28,3,58,22,5,76,13,7,2,19,4,1,0,4
0,0,0,1,1,0,0,0,0,0,1,0,0,2,0,0,0,0,0,0,0,0,0,0,0,0,0,1,0,3,1,0,1,0,0,0,0,2
0,0,1,2,0,0,0,0,0,1,0,0,3,0,0,0,0,0,0,0,0,0,0,0,2,1,1,1,0,1,1,0,0,1,0,1,0,0
0,0,0,2,0,0,0,0,0,0,0,0,0,1,0,0,0,1,1,0,0,0,0,0,2,0,0,0,0,7,0,0,0,0,0,1,0,1
0,0,0,3,0,2,4,0,0,0,3,2,1,0,0,0,2,0,2,4,0,2,0,0,6,2,7,5,0,15,1,0,0,5,1,4,0,1
0,0,0,1,0,3,0,0,0,0,0,0,0,0,0,0,1,0,0,0,0,1,0,0,3,0,0,2,0,1,1,3,0,1,1,0,0,2
0,0,0,1,0,0,0,0,1,1,1,1,0,0,0,0,3,0,0,0,0,0,0,0,0,0,1,1,2,1,1,0,1,1,0,0,0,0
0,0,0,0,0,0,0,0,0,0,0,0,0,0,0,0,0,0,0,0,0,0,0,0,0,0,0,0,0,0,0,0,0,0,0,0,0,0
0,0,0,0,0,1,0,0,0,0,0,0,0,0,0,0,0,0,0,2,0,0,0,0,0,0,1,0,1,3,0,0,0,1,3,0,0,0
