1,4,0,0,0,0,0,0,0,0,0,0,0,0,0,0,0,0,0,0,0,0,0,0,0,0,0,0,0,0,0,0,0,0,0,0,0,0
3,8,3,11,2,0,1,0,0,0,0,0,3,0,0,0,0,0,0,1,0,0,0,0,0,3,0,1,0,0,0,0,0,0,0,0,0,0
0,6,2,0,0,6,0,0,0,0,0,0,0,0,0,0,0,0,0,0,0,0,0,1,0,0,0,0,1,0,0,0,0,0,0,0,0,0
5,7,7,44,8,20,13,2,0,2,6,1,0,0,0,1,5,1,4,5,3,1,0,0,1,2,5,1,1,2,0,0,0,0,0,0,0,0
1,2,3,23,10,14,8,1,5,2,5,4,2,4,0,0,4,2,1,3,1,2,0,1,7,0,1,6,0,5,0,0,0,4,0,1,0,0
4,1,13,18,2,40,45,0,4,0,2,7,1,0,0,2,3,6,3,0,0,2,0,3,4,1,5,1,1,5,0,1,0,1,0,0,0,0
1,2,3,7,7,27,15,1,2,0,5,5,1,0,0,0,6,0,7,0,2,1,0,0,1,0,7,3,0,7,1,0,0,1,2,3,0,0
0,0,1,1,1,13,1,0,0,0,10,1,0,0,0,0,0,1,5,1,3,0,0,0,0,1,4,3,0,2,0,0,0,0,0,0,0,0
0,1,0,1,0,5,1,0,0,1,3,3,0,0,0,0,2,1,0,0,1,0,1,0,0,0,0,1,0,0,1,0,0,0,0,0,0,0
1,4,1,8,2,5,1,0,0,1,8,1,1,0,0,3,1,0,0,3,0,3,0,0,4,0,3,0,0,2,0,0,0,0,0,0,0,0
0,2,2,15,5,11,4,3,1,6,15,7,3,5,0,7,10,6,2,5,4,5,4,2,12,3,3,3,0,7,2,0,1,4,0,3,0,1
2,3,0,8,5,3,5,0,0,2,10,2,1,2,0,0,1,3,5,2,3,3,0,2,7,0,7,3,0,5,2,0,2,3,2,0,0,1
0,1,0,4,4,17,5,0,1,0,4,3,0,0,0,1,5,6,3,1,1,3,0,2,3,3,9,2,2,7,0,0,0,2,0,0,0,0
0,3,0,1,5,2,10,1,0,0,2,6,4,1,0,4,5,1,1,1,3,4,0,1,3,1,14,2,1,4,0,0,0,1,0,1,0,1
0,1,0,0,1,0,0,0,0,0,1,0,0,0,0,0,1,0,0,1,2,2,0,0,0,0,0,2,1,0,0,0,0,0,0,0,0,0
0,0,0,1,1,0,2,0,1,0,0,1,1,0,0,0,0,0,0,0,0,1,0,2,1,0,2,0,0,0,0,2,0,0,0,0,0,0
0,1,0,2,1,7,6,0,3,1,1,6,2,4,0,0,2,2,0,0,2,2,2,0,1,1,6,2,2,7,0,0,0,0,0,0,0,0
4,0,4,1,1,2,3,0,0,3,6,3,2,0,0,1,3,6,9,2,0,11,0,0,3,3,6,8,3,4,0,0,1,1,0,3,0,2
0,0,0,1,0,12,8,1,1,0,3,1,4,0,0,0,3,3,2,0,0,1,0,1,5,1,11,2,2,9,1,0,0,0,1,0,0,3
2,1,0,6,4,9,8,1,0,4,6,10,6,4,0,0,6,3,3,10,4,3,2,2,13,0,12,3,1,3,3,0,0,0,0,0,0,0
0,1,4,6,3,3,5,0,0,0,11,4,2,0,0,0,5,8,6,4,1,3,0,0,3,3,10,6,0,5,0,1,1,0,0,0,0,0
1,2,0,9,5,10,7,0,0,2,8,5,3,3,0,0,8,7,10,5,1,1,3,2,12,2,14,4,2,16,0,2,0,0,0,0,0,0
1,0,0,0,3,0,0,0,0,0,0,1,0,0,0,0,0,4,0,0,1,0,0,0,0,0,4,1,1,2,0,0,0,0,0,0,0,0
0,2,0,0,0,4,0,0,0,2,5,2,1,0,1,0,1,2,2,0,4,0,2,0,0,2,6,2,2,2,1,0,0,1,0,2,0,0
3,3,2,9,3,5,9,0,0,7,19,7,1,2,0,0,3,8,7,17,4,6,2,0,18,5,24,9,4,24,3,1,1,3,0,2,0,2
1,1,0,3,2,2,1,1,0,1,1,0,2,0,0,0,0,1,2,1,0,0,0,0,3,0,4,2,0,7,1,0,0,1,0,0,0,1
2,1,3,9,5,24,13,2,4,0,17,9,4,1,1,2,15,4,17,10,2,5,1,2,20,5,32,12,4,56,4,5,0,13,1,0,0,2
0,2,1,12,5,6,4,0,1,1,6,11,1,3,0,1,5,8,10,14,3,9,0,1,23,8,20,17,5,28,5,2,0,13,3,2,0,0
2,0,0,5,1,2,3,0,2,0,0,1,6,2,0,0,0,1,2,4,1,0,0,0,3,1,7,12,2,7,0,0,1,1,4,0,0,3
1,2,4,9,4,9,14,0,2,2,3,4,3,6,0,3,6,15,14,4,2,10,2,3,22,6,42,12,10,87,3,4,3,11,0,1,0,4
0,0,0,0,1,0,0,0,0,0,0,2,0,1,0,0,0,0,2,0,0,0,0,0,1,0,0,0,0,1,0,0,0,0,0,0,0,0
0,0,0,0,0,0,1,0,0,0,0,1,2,0,0,0,0,0,0,0,0,0,0,0,1,0,3,1,0,0,1,0,0,0,0,0,0,0
0,0,0,0,0,0,0,0,0,0,0,0,0,0,0,0,0,0,0,0,0,0,0,0,1,0,0,0,0,0,0,0,0,2,0,0,0,1
0,0,0,5,1,2,5,1,1,1,0,1,1,0,0,0,2,1,0,0,0,2,1,0,3,1,3,7,0,3,4,1,2,8,3,1,0,2
0,0,0,0,0,0,1,0,0,0,0,0,1,0,0,0,0,0,0,0,0,2,0,0,1,0,1,1,0,3,0,0,1,1,0,0,0,0
0,0,0,0,0,0,0,0,0,0,0,0,0,0,0,0,0,0,0,2,0,0,0,0,0,0,0,0,0,3,0,0,0,1,1,0,0,1
0,0,0,0,0,0,0,0,0,0,1,0,0,0,0,0,0,0,0,0,0,0,0,0,0,0,0,0,0,2,0,0,0,0,0,0,0,0
0,3,1,0,0,2,0,0,0,0,0,0,0,0,0,0,1,0,0,0,0,0,0,0,0,0,0,0,0,1,0,0,0,0,0,0,0,2
