1,1,0,0,0,0,0,0,0,0,0,0,0,0,0,0,0,0,0,0,0,0,0,0,0,0,0,0,0,0,0,0,0,0,0,0,0,0
2,8,5,6,0,0,1,0,0,0,0,0,0,0,0,0,1,0,0,1,0,0,1,0,0,0,1,0,0,0,0,0,0,0,0,0,0,0
1,1,2,0,0,4,0,0,0,0,0,0,0,0,0,0,0,0,0,0,0,0,0,0,0,0,1,0,0,0,0,0,0,0,0,0,0,0
2,18,11,37,7,19,9,0,0,2,4,2,5,0,0,0,4,1,1,3,2,2,0,0,5,0,2,2,0,0,1,0,2,2,0,1,0,3
0,7,1,23,12,12,8,1,3,3,9,5,0,0,0,0,0,0,1,6,2,4,0,1,2,0,3,2,0,2,0,0,0,3,0,0,0,0
1,4,5,12,9,50,25,0,1,2,3,5,2,3,0,1,2,1,1,0,2,3,0,1,4,1,2,2,0,4,0,0,1,0,0,0,0,0
3,6,1,5,4,36,8,0,0,1,1,5,1,1,0,0,4,4,3,1,0,1,0,2,1,0,16,0,0,6,0,0,1,2,0,0,0,0
0,0,0,2,4,2,6,0,0,1,0,4,0,0,0,1,3,0,0,0,2,0,1,2,2,0,2,0,0,0,0,0,0,0,0,0,0,0
0,0,0,2,5,11,6,1,1,0,0,0,0,0,0,0,2,2,1,0,0,2,0,0,1,1,2,0,0,0,0,0,0,0,1,0,0,0
0,0,0,2,0,3,0,2,0,0,3,0,1,0,0,0,0,0,0,1,2,1,0,0,3,0,0,1,0,3,0,0,1,2,0,0,0,0
1,9,1,11,9,8,2,2,0,3,5,11,4,7,0,3,8,6,3,14,5,5,0,1,14,8,13,1,1,4,3,0,0,0,0,1,0,0
1,3,1,1,3,4,6,0,1,5,8,3,9,2,0,6,4,4,1,4,0,6,0,2,2,0,4,2,0,2,0,0,0,2,0,0,0,0
0,0,3,1,5,11,6,0,0,0,3,5,0,1,0,0,5,2,5,6,3,5,0,0,3,1,9,2,1,6,0,0,1,0,2,0,0,0
2,1,0,6,5,6,3,4,1,1,7,6,6,0,0,5,14,2,3,6,1,0,0,4,3,2,4,4,0,6,0,0,3,1,1,0,0,0
0,0,0,0,0,3,1,0,0,0,1,0,0,0,0,1,1,0,0,0,0,0,0,0,2,0,1,0,0,0,0,2,0,0,0,0,0,0
0,0,0,2,0,3,0,0,2,0,0,1,0,0,0,0,0,0,1,0,0,0,0,0,0,0,0,1,0,1,0,0,0,0,0,0,0,0
1,1,0,0,1,5,7,0,0,0,2,3,0,4,0,1,3,0,3,1,1,4,0,1,1,0,7,0,1,4,1,0,0,0,0,0,0,0
0,0,0,7,2,9,7,1,2,0,2,2,1,1,0,0,1,3,5,2,1,2,0,1,10,1,10,1,1,7,1,3,4,2,0,0,0,0
0,1,1,4,0,4,3,0,2,0,5,1,4,0,0,0,6,10,3,3,0,5,2,0,9,1,12,3,2,14,2,1,2,0,0,0,0,0
1,2,1,15,7,13,3,0,1,4,4,5,2,3,0,0,10,8,8,8,1,0,1,0,5,5,16,10,5,16,0,0,1,2,0,1,0,0
0,0,4,4,5,6,1,0,0,3,4,2,2,0,0,0,4,4,1,3,0,0,1,2,7,4,6,2,0,6,0,0,0,0,0,0,0,1
0,2,0,4,4,16,8,6,1,6,1,3,2,2,0,0,12,9,12,4,2,1,1,3,14,2,12,6,2,14,0,0,1,5,0,2,0,1
0,0,0,1,0,2,0,0,0,0,2,0,0,0,0,0,1,0,0,0,1,1,0,0,0,0,2,0,2,0,0,0,0,0,0,0,0,0
0,0,0,0,0,3,1,1,0,3,5,1,1,0,2,1,6,0,4,3,0,0,0,0,1,1,4,2,0,9,0,0,0,2,0,2,0,0
2,6,0,6,7,8,5,1,0,2,8,5,1,5,0,2,4,6,2,7,2,5,3,1,20,1,17,16,3,24,0,1,0,5,0,0,0,0
0,1,0,4,0,5,2,0,0,0,0,1,2,2,0,0,4,3,3,0,3,0,0,2,7,0,7,5,0,4,2,0,0,1,0,0,0,0
1,4,0,14,2,17,6,0,6,0,6,5,7,3,0,1,7,6,9,7,4,6,0,2,17,4,27,9,6,37,1,0,1,4,1,2,0,1
2,1,0,10,9,3,7,0,3,4,6,2,0,4,0,0,3,3,2,6,2,2,0,1,10,3,14,19,9,34,2,2,1,9,1,1,0,4
0,1,0,2,2,4,5,0,1,0,4,2,1,0,0,0,0,0,2,3,0,0,0,1,5,4,6,6,0,13,1,3,0,4,0,0,0,0
3,1,3,10,8,12,9,0,2,2,3,7,2,5,0,0,5,15,11,11,8,6,3,0,26,7,35,30,5,74,7,3,6,11,4,2,0,3
0,2,0,2,0,0,0,0,0,0,0,0,0,0,0,0,0,0,0,0,0,0,0,0,1,0,0,1,0,4,0,0,1,0,0,0,0,0
0,0,0,0,0,0,0,0,0,0,0,0,0,0,0,0,0,1,0,0,0,0,0,0,0,0,1,1,0,2,0,0,0,0,0,1,0,0
0,0,0,0,0,1,0,0,0,1,1,0,0,0,0,0,0,0,0,2,0,1,0,0,0,0,2,4,1,0,3,0,0,0,0,2,0,1
0,0,1,1,0,2,2,0,0,0,4,0,0,1,0,0,3,1,2,0,0,5,0,0,5,2,6,4,2,10,2,1,5,2,1,0,0,1
0,0,0,0,0,1,0,0,0,0,1,0,0,0,0,0,0,0,0,0,0,0,0,0,0,0,0,1,0,1,0,0,1,0,0,0,0,0
0,0,0,0,1,0,0,0,0,0,0,1,0,0,0,0,0,0,0,0,0,0,0,0,1,0,3,0,0,0,0,1,0,0,0,0,0,1
0,0,0,0,0,0,0,0,0,0,0,0,0,0,0,0,0,0,0,0,0,0,0,0,0,0,0,0,0,0,0,0,0,0,0,0,0,0
1,0,0,0,0,0,0,0,0,0,0,0,0,3,0,0,0,0,0,0,0,0,0,0,1,0,1,0,0,0,0,0,0,1,0,0,0,0
