1,0,0,1,0,0,0,0,0,0,0,0,0,0,0,0,0,0,0,0,0,0,0,0,0,0,0,0,0,0,0,0,0,0,0,0,0,0
1,7,4,6,2,3,0,0,0,0,0,0,0,0,0,0,2,0,0,1,0,0,0,0,0,0,0,0,0,0,0,0,0,0,0,0,0,0
1,5,5,5,0,5,3,0,0,0,0,0,0,0,0,0,0,0,0,0,0,0,0,0,0,0,0,0,0,0,0,0,0,0,0,0,0,0
3,18,2,26,8,24,13,0,1,1,11,0,1,2,0,0,0,0,5,1,0,2,0,0,3,0,6,0,1,4,0,0,0,1,0,0,0,1
1,4,1,20,11,10,8,0,0,4,1,5,6,0,0,1,0,1,5,5,4,0,0,1,3,1,11,4,2,3,0,0,0,0,0,0,0,0
2,2,4,19,5,52,19,2,2,0,3,0,3,0,1,1,2,1,4,4,0,0,0,0,5,2,2,2,0,0,0,0,0,0,0,0,0,2
2,0,2,5,6,18,9,1,1,2,5,2,2,4,0,1,5,0,3,2,2,0,0,0,3,2,12,1,0,3,1,0,0,0,1,0,0,0
1,0,3,0,0,8,2,0,0,1,0,2,1,0,0,0,1,6,4,1,0,0,0,1,0,0,2,1,2,2,0,0,0,1,0,0,0,0
0,1,0,0,1,4,2,0,1,1,0,2,0,4,0,0,2,0,2,0,2,0,0,0,0,0,2,0,1,0,0,0,0,0,0,0,0,0
0,0,0,5,2,0,2,1,1,1,2,0,0,0,0,0,0,0,3,5,0,1,0,0,2,1,1,0,2,3,0,0,0,0,0,0,0,0
5,4,5,12,9,9,9,1,0,2,17,12,5,1,0,4,9,8,5,9,5,8,0,7,8,3,12,11,1,8,1,0,0,5,2,0,0,0
1,0,1,4,1,8,1,0,2,3,8,3,4,1,0,1,4,1,2,3,0,3,0,2,6,3,6,9,2,1,0,1,0,0,0,0,0,0
0,1,3,2,3,5,5,0,1,2,0,6,2,2,1,0,2,6,7,0,1,3,0,1,9,0,3,0,4,1,0,0,0,0,0,0,0,4
0,0,0,6,2,0,2,2,0,1,4,6,5,0,0,2,7,1,4,1,5,4,2,1,4,2,7,1,1,9,3,2,0,0,0,0,0,0
0,2,0,1,1,1,2,0,0,0,0,1,0,3,0,0,2,0,0,2,0,1,0,0,0,0,2,0,0,2,0,0,0,0,0,0,0,0
0,0,0,1,1,3,1,0,0,0,1,2,0,0,0,0,4,0,3,0,0,0,0,0,1,0,0,0,0,0,1,0,0,0,0,0,0,0
0,3,1,5,1,7,6,1,0,0,4,3,3,1,1,0,0,2,7,0,0,4,2,1,3,0,7,1,2,4,0,1,0,0,1,0,0,0
0,0,0,4,0,12,4,1,1,3,5,3,2,0,0,0,5,3,5,1,0,4,0,3,6,3,7,4,0,10,0,1,0,0,0,0,0,0
0,0,1,3,2,2,3,0,2,0,0,0,1,0,0,0,5,5,0,3,0,5,0,0,0,0,16,2,3,9,1,2,0,2,0,1,1,0
3,3,5,7,8,12,7,0,1,9,8,11,2,6,0,7,3,5,3,5,1,4,0,0,7,2,14,2,1,6,0,2,0,0,0,0,0,1
0,3,0,5,1,3,2,0,1,3,3,1,3,1,1,0,3,1,1,2,0,0,0,0,2,1,7,0,2,6,0,0,0,2,0,3,0,0
2,3,0,4,2,14,8,0,1,3,8,2,10,1,0,2,4,1,13,5,0,3,2,0,7,0,15,9,1,22,0,1,3,2,0,0,0,0
0,0,0,1,0,0,0,0,0,0,0,0,0,0,0,0,0,0,1,0,1,0,0,0,0,0,3,0,0,3,0,0,0,3,0,0,0,0
0,0,2,0,2,1,1,0,0,2,2,3,0,0,0,0,1,2,1,2,1,0,0,0,1,1,1,5,0,2,0,0,0,0,0,0,0,0
2,4,1,7,4,8,4,1,0,2,14,7,4,5,0,0,1,4,10,22,4,2,4,0,13,1,27,22,3,21,1,1,1,3,3,1,0,1
0,0,0,0,0,0,2,0,0,1,1,0,0,2,0,0,0,4,3,1,2,1,0,1,1,0,9,3,0,3,0,0,0,1,0,1,0,0
0,0,2,6,7,16,6,0,1,0,7,8,2,3,0,2,6,10,12,7,1,8,0,1,15,3,34,9,9,30,3,0,2,1,3,0,0,2
2,2,1,4,6,7,9,1,2,1,3,8,2,0,1,0,8,5,10,6,2,2,0,4,20,4,13,19,5,32,3,1,0,8,2,1,0,1
1,0,0,0,0,1,1,0,0,0,2,2,0,0,0,0,1,1,1,1,2,0,1,1,3,1,0,1,1,9,3,1,0,0,0,2,0,2
2,6,1,10,3,3,9,0,0,1,9,9,4,3,1,1,5,6,13,9,7,7,0,0,17,3,38,34,12,56,3,4,6,15,2,0,0,3
0,0,0,0,0,0,0,0,0,0,1,0,0,0,0,0,1,2,2,0,0,1,0,0,1,0,0,1,0,3,0,0,0,1,0,2,0,2
0,0,0,0,0,0,0,0,0,0,1,0,0,0,0,0,0,0,0,0,0,1,0,0,2,0,1,0,0,5,0,0,3,0,0,1,0,0
2,0,0,0,0,0,1,2,0,0,1,0,0,0,0,0,0,1,0,0,0,0,0,0,0,0,0,1,0,1,0,2,1,1,0,0,0,0
0,1,0,1,2,4,1,3,2,1,0,0,1,0,0,0,4,0,0,1,3,0,0,1,1,4,1,9,1,9,1,2,0,4,0,1,0,1
1,0,0,0,0,0,0,0,0,0,1,0,0,2,0,0,0,0,0,1,0,0,0,0,1,2,0,1,0,5,0,0,0,0,0,0,0,0
0,0,0,0,0,1,2,0,0,0,0,0,0,0,0,0,1,0,0,0,0,0,0,0,1,0,0,1,0,0,1,1,0,0,0,5,0,0
0,0,0,0,0,0,0,0,0,0,0,0,0,0,0,0,0,0,0,0,1,0,0,0,2,0,0,0,0,1,0,0,0,0,0,0,0,0
0,0,0,0,0,0,0,0,0,1,0,0,0,0,0,0,0,0,0,0,0,1,0,0,2,0,0,1,0,5,0,0,0,0,0,0,0,0
