3.87
1.95958333333
1.72407407407
2.47413533835
2.08275510204
1.87912698413
2.03597701149
2.12487804878
1.67192307692
1.93785714286
1.84446153846
1.94493975904
1.86506329114
1.68272727273
1.82260869565
1.67235294118
1.91933333333
1.76034482759
2.06850746269
2.42824675325
2.17491803279
2.1693902439
1.95727272727
1.83958333333
2.12887323944
1.53952380952
1.83023809524
2.18420212766
2.18833333333
2.26986666667
2.30588235294
2.45444444444
3.83083333333
2.67385964912
3.12153846154
2.56785714286
2.42
3.48933333333
