1,1,1,0,0,0,0,0,0,0,0,0,0,0,0,0,0,0,0,0,0,0,0,0,0,0,0,0,0,0,0,0,0,0,0,0,0,0
5,18,6,11,2,4,0,2,0,0,0,0,0,0,0,0,3,0,0,0,1,0,0,0,0,0,0,2,0,2,0,0,0,0,0,0,0,0
0,1,3,2,0,2,2,0,0,0,2,0,0,0,0,0,1,0,0,1,1,0,0,0,0,2,0,0,0,0,0,0,0,0,0,0,0,0
4,16,3,36,10,26,6,2,0,2,5,2,0,2,0,3,0,2,0,4,0,4,0,2,7,0,3,1,3,4,0,0,0,0,1,2,0,0
2,1,5,23,4,11,7,0,2,4,4,4,3,2,0,0,4,3,1,6,3,2,0,0,2,0,4,1,2,6,0,0,1,0,0,0,0,0
2,5,2,16,2,31,14,0,1,0,0,3,1,1,0,1,0,1,4,0,2,1,0,1,1,0,7,0,3,8,0,3,0,0,1,0,0,0
0,0,2,7,3,33,16,0,0,1,4,1,4,0,0,0,2,7,2,0,0,2,0,0,1,1,6,6,1,4,0,0,2,0,0,0,0,0
0,0,0,3,0,2,1,0,1,0,2,2,0,1,0,0,3,1,3,1,0,0,0,1,0,0,1,0,0,2,0,0,0,0,0,0,0,0
0,0,0,1,4,5,3,0,1,0,0,2,1,1,0,0,0,0,2,0,0,0,0,0,0,0,0,0,0,0,0,0,2,0,0,0,0,0
0,0,0,4,4,2,1,0,0,2,0,0,0,0,0,4,0,1,0,2,0,1,0,0,0,0,0,0,0,4,0,0,0,0,0,0,0,0
2,3,0,16,9,2,6,1,1,3,14,10,2,5,0,1,16,9,2,4,4,17,3,7,10,3,2,8,4,5,0,4,0,1,0,0,0,1
0,2,3,5,5,3,6,0,0,0,9,8,5,9,0,0,6,3,1,4,6,5,3,1,4,2,4,1,1,7,0,0,0,0,2,1,0,0
0,1,0,1,1,6,0,0,1,0,2,5,1,0,0,0,2,3,7,3,0,3,0,0,4,1,3,1,1,1,2,0,0,0,1,0,0,0
0,0,2,1,0,6,0,2,0,1,3,5,3,1,0,0,5,3,5,3,4,2,0,0,4,3,7,10,0,7,0,0,1,0,0,0,0,0
0,0,0,0,0,1,0,0,0,0,0,0,0,0,2,0,0,1,0,0,0,2,0,0,0,0,0,1,0,3,0,0,0,0,0,0,0,0
0,0,0,0,2,1,2,0,0,1,4,0,2,1,0,0,2,2,0,0,1,4,0,0,0,1,1,2,0,0,0,0,0,0,0,0,0,0
0,0,0,2,0,3,6,0,2,0,5,3,2,2,0,0,1,3,2,3,0,1,0,0,4,0,3,5,0,2,0,0,0,0,0,0,0,0
0,0,1,3,5,13,11,0,1,2,12,4,1,2,0,0,5,5,12,4,1,5,0,2,8,5,17,5,1,22,0,1,3,4,0,3,0,0
0,0,0,0,0,3,0,0,0,1,0,1,0,0,0,0,3,3,2,2,2,1,0,0,3,0,9,3,0,5,0,1,0,0,0,0,0,0
1,8,1,10,6,6,4,2,0,2,8,3,1,2,0,0,4,2,2,4,4,0,0,0,11,2,4,2,0,4,0,5,0,0,0,2,0,3
1,1,0,1,3,3,0,2,1,2,1,0,6,2,0,0,5,6,4,3,0,0,1,1,4,1,4,1,0,1,0,0,1,1,0,0,0,0
0,0,0,4,2,16,5,0,1,4,8,6,2,6,0,2,7,5,10,3,5,3,0,1,2,0,15,6,3,10,1,1,0,0,0,0,0,0
0,0,0,0,0,2,0,0,0,0,0,2,2,0,0,0,0,0,2,0,0,0,1,0,2,0,3,0,0,6,0,0,2,0,0,0,0,0
0,2,5,0,0,3,3,0,0,1,4,3,0,1,0,0,3,3,1,2,1,2,0,0,1,0,1,0,0,0,0,0,0,0,0,0,0,2
1,5,1,12,6,11,13,5,1,5,16,7,2,2,0,5,4,6,5,8,11,4,1,0,19,4,19,11,2,15,1,0,0,9,2,1,0,6
1,0,0,3,0,0,2,0,0,0,0,4,0,0,0,2,0,2,1,3,2,1,0,0,3,0,4,2,0,9,0,0,0,1,0,0,0,0
1,4,6,10,4,12,5,0,1,4,3,6,3,3,0,2,2,9,10,4,1,9,1,1,13,5,22,10,1,18,1,1,1,5,0,2,0,0
1,1,1,9,7,6,5,1,0,4,9,5,6,4,0,1,6,8,5,3,4,6,0,5,8,1,20,18,5,23,1,2,0,6,2,2,0,5
0,0,0,1,0,6,2,0,0,0,0,4,0,0,0,0,2,3,1,0,0,1,2,1,2,0,8,3,4,10,0,0,0,1,1,0,0,2
0,6,3,10,3,6,6,0,0,1,13,3,4,3,0,1,8,4,5,5,5,13,2,2,38,6,34,20,9,67,5,9,3,21,6,4,0,4
1,1,0,0,0,0,0,0,0,0,0,0,2,0,0,0,0,0,0,0,0,2,0,0,1,0,2,0,1,3,1,0,0,0,0,0,0,0
0,0,0,0,0,0,0,0,0,0,0,0,0,0,0,0,0,1,0,0,0,0,0,0,0,0,1,4,0,3,1,0,0,1,0,0,0,0
0,0,0,0,1,0,0,0,0,0,1,2,0,0,0,0,2,0,0,0,0,0,0,0,5,0,0,0,1,2,0,0,0,0,0,1,0,0
3,0,0,1,1,3,1,0,0,2,1,2,0,0,0,0,4,2,0,0,0,0,0,0,8,0,4,7,0,10,0,0,2,1,4,1,0,3
2,0,0,1,0,1,0,0,0,0,0,0,0,0,0,0,0,0,0,1,0,0,0,0,1,0,2,0,1,3,1,0,0,0,0,0,0,0
0,0,0,0,0,1,0,0,1,0,0,0,0,0,0,0,2,0,0,0,0,0,0,0,0,0,0,0,0,2,1,0,0,0,0,0,0,1
0,0,0,0,0,0,0,0,0,0,0,0,0,0,0,0,0,0,0,0,0,0,0,0,0,0,0,0,0,0,0,0,0,0,0,0,0,0
0,0,0,0,0,0,0,0,1,0,0,0,0,0,0,0,0,2,0,0,0,0,0,0,0,0,0,0,0,1,0,0,0,1,0,1,0,0
