0,0,0,0,0,0,0,0,0,0,0,0,0,0,0,0,0,0,0,0,0,0,0,0,0,0,0,0,0,0,0,0,0,0,0,0,0,0
7,6,8,3,0,3,0,0,0,0,0,0,0,0,0,0,0,0,0,2,0,0,0,0,2,0,1,2,0,0,0,3,0,1,0,0,0,0
0,3,5,0,0,5,0,0,0,0,0,0,0,0,0,0,0,0,0,1,0,0,0,0,0,0,0,1,0,1,0,0,0,0,0,0,0,0
4,15,1,25,10,18,6,0,0,2,4,3,2,0,0,0,1,0,0,1,0,0,0,1,3,1,1,1,2,2,0,0,1,0,0,0,0,0
8,7,0,29,2,26,9,3,2,0,29,4,1,12,0,2,11,10,2,4,3,2,6,0,6,0,10,8,3,6,0,1,0,1,0,0,0,0
1,4,10,17,0,34,18,2,4,0,2,1,2,1,0,2,11,1,1,0,1,2,0,0,1,1,4,2,1,4,0,0,0,0,0,0,0,0
1,2,2,5,1,19,13,2,0,0,2,1,2,3,0,0,1,1,3,4,3,1,0,1,1,0,3,3,2,1,2,1,0,0,0,0,0,0
0,0,0,4,5,2,1,0,0,0,2,0,1,1,0,2,2,2,2,0,0,0,0,0,2,0,2,1,0,3,0,0,0,0,0,1,0,0
0,0,1,1,0,0,4,0,0,0,0,0,0,0,0,0,1,0,1,1,0,1,0,0,0,0,0,0,0,0,0,0,0,1,0,0,0,0
1,0,1,10,0,1,2,0,0,0,1,0,0,2,0,0,2,3,0,1,0,4,0,0,1,0,1,1,0,4,0,0,0,0,0,0,0,0
0,2,3,10,5,9,5,0,0,1,4,1,3,0,0,1,5,6,1,9,4,6,2,1,10,0,4,1,0,8,1,0,2,1,1,2,0,0
2,1,3,5,8,10,4,0,1,3,9,1,1,5,0,3,1,1,4,1,5,8,1,0,4,6,4,5,0,7,0,2,0,0,0,0,0,0
0,0,4,0,2,10,5,0,0,0,0,3,4,1,0,0,2,3,1,2,1,0,0,1,3,2,2,1,2,0,5,0,0,1,1,0,0,0
2,1,1,6,4,4,2,2,0,0,1,4,4,5,0,0,5,2,4,3,1,0,0,1,6,1,5,1,0,4,0,0,0,0,0,0,0,0
0,0,0,0,0,0,0,1,1,0,0,0,0,1,0,0,1,2,1,0,0,0,0,1,1,0,2,0,0,2,0,0,0,0,0,0,0,0
0,0,0,0,0,0,0,0,0,0,0,2,0,0,0,0,0,0,0,0,0,0,0,0,0,0,1,0,0,0,0,0,0,0,0,0,0,0
2,0,2,2,0,4,10,0,0,0,4,4,1,0,0,0,2,1,5,0,2,0,0,1,1,0,6,1,0,1,0,0,0,1,0,0,0,1
1,2,0,6,1,17,6,1,1,0,4,3,3,0,0,1,0,0,2,2,0,0,0,0,8,1,6,3,2,2,0,1,1,0,0,0,0,0
0,0,0,0,0,4,1,0,1,0,1,0,0,0,0,0,7,3,3,3,0,2,0,0,2,0,6,3,0,5,0,0,0,0,0,1,0,0
1,1,0,8,2,2,4,0,2,5,13,3,0,1,0,0,4,3,2,2,1,1,0,0,6,0,5,5,2,3,0,0,1,2,2,1,0,0
1,3,0,3,1,3,2,3,0,1,5,3,0,1,2,0,3,1,6,1,2,0,1,4,5,0,6,1,0,7,0,0,0,0,0,0,0,0
0,3,6,6,4,9,2,1,1,2,15,10,7,14,1,3,11,14,8,12,5,4,2,6,10,4,17,5,2,10,2,1,0,1,0,0,0,0
0,0,3,1,0,2,0,0,0,1,1,0,0,0,0,0,0,0,1,0,0,0,1,0,0,0,0,0,1,0,0,0,1,0,0,0,0,1
0,0,0,1,0,2,0,0,0,0,3,3,0,2,0,0,1,2,0,0,1,0,0,3,0,0,4,0,0,4,0,0,0,0,0,0,0,0
3,3,3,6,4,8,3,1,0,2,10,3,1,0,0,0,7,4,5,6,5,1,0,2,18,5,25,11,3,8,0,0,2,2,0,2,0,1
0,2,1,2,2,4,0,0,0,7,4,0,0,3,0,0,1,1,0,0,4,0,0,0,1,0,2,0,0,3,1,0,0,0,0,0,0,0
0,0,1,4,4,3,5,0,0,1,6,4,2,5,0,0,2,2,6,2,4,2,0,1,8,4,25,13,3,21,2,0,3,3,3,0,0,2
0,3,3,9,3,8,8,0,1,1,5,9,0,7,0,1,3,2,3,4,4,6,2,1,15,0,18,7,4,21,2,1,1,5,0,0,0,3
1,0,0,2,1,5,1,0,0,0,2,0,0,0,0,0,0,0,2,1,0,0,0,0,2,0,9,8,5,12,1,0,0,6,0,1,0,1
0,3,5,4,3,12,5,0,1,2,5,6,5,2,0,0,8,11,4,1,1,8,1,3,17,6,23,16,5,42,8,5,1,14,1,1,0,4
0,2,0,0,0,0,1,0,0,0,0,0,0,0,0,0,0,0,2,1,1,0,0,0,1,0,1,1,1,1,0,0,1,1,0,0,0,0
0,0,0,0,0,0,0,0,0,0,0,0,0,0,0,0,1,0,1,0,0,0,0,0,0,0,0,0,0,3,1,0,0,0,0,0,0,0
0,0,0,1,0,1,0,0,0,0,0,0,0,2,0,0,1,0,2,0,0,0,0,0,0,0,8,0,0,5,0,0,0,1,0,0,0,0
2,4,0,1,3,0,4,0,0,3,2,3,1,1,0,0,0,1,1,1,1,0,1,0,4,2,3,4,2,10,0,0,0,4,1,1,0,7
0,0,2,0,0,0,1,0,0,0,0,0,0,0,0,0,0,0,0,1,0,0,0,0,0,0,1,3,0,2,0,0,0,0,0,0,0,0
0,0,0,0,0,0,0,0,0,0,0,0,0,0,0,0,0,0,0,0,0,0,0,0,0,0,0,0,0,0,3,0,0,0,0,0,0,0
0,0,0,0,0,0,0,0,0,0,0,0,0,0,0,0,0,0,0,0,0,0,0,0,0,0,0,0,0,0,0,0,0,0,0,0,0,0
0,0,0,0,0,0,0,0,0,0,0,0,0,0,0,0,0,0,0,1,1,1,0,1,0,0,2,0,0,2,0,2,0,0,0,0,0,0
