2,1,0,0,0,0,0,0,0,0,0,0,0,0,0,0,0,0,0,0,0,0,0,0,0,0,0,0,0,0,0,0,0,0,0,0,0,0
3,10,9,5,2,4,0,0,0,0,0,0,0,0,0,0,0,0,0,0,0,0,0,0,0,0,0,0,0,0,0,0,0,0,0,0,0,0
0,4,6,1,2,0,1,1,0,0,1,0,0,0,0,0,0,0,0,0,0,0,0,0,0,0,2,0,0,0,0,0,0,0,0,0,0,0
7,7,3,23,9,6,3,0,0,0,3,4,0,0,0,0,1,0,0,1,0,0,0,0,4,1,0,0,0,0,0,0,0,1,0,0,0,0
4,6,0,42,4,59,26,2,4,1,11,8,7,13,0,2,17,7,4,5,2,3,1,1,11,1,7,7,5,12,0,0,0,2,0,0,0,0
0,1,12,9,0,21,18,0,1,0,1,1,3,0,0,0,1,1,0,1,0,4,0,0,2,0,4,0,0,1,0,0,0,0,0,0,0,0
0,2,1,9,3,15,12,0,0,0,4,1,0,2,0,0,5,2,0,2,1,0,1,2,1,1,5,1,1,2,0,0,2,1,0,0,0,0
0,3,0,5,1,3,3,0,2,1,0,2,0,0,0,0,1,0,0,0,2,0,0,0,3,0,1,1,0,1,0,0,0,0,0,0,0,0
0,0,0,0,1,2,1,0,1,0,0,0,0,0,0,0,0,0,2,0,0,1,0,0,2,0,1,0,0,0,0,0,0,0,0,0,0,0
1,0,0,1,1,1,1,0,0,7,3,2,0,0,0,0,0,0,0,2,0,3,0,0,2,0,0,0,0,0,0,0,0,0,0,0,0,0
3,1,2,8,4,2,0,1,0,1,14,8,0,0,1,2,7,5,0,3,3,1,0,6,7,1,7,0,0,4,1,0,3,1,0,0,0,3
0,2,4,8,1,6,3,1,1,1,3,3,3,2,0,4,7,4,7,0,4,2,2,5,9,1,6,0,1,6,0,0,0,0,2,0,0,0
1,0,1,6,0,6,4,0,0,1,1,0,0,0,0,0,1,2,5,0,0,0,0,2,3,0,1,5,1,2,0,1,0,0,0,1,0,0
2,2,1,2,4,4,1,0,0,0,1,3,7,3,0,1,8,6,9,2,2,2,0,2,2,0,3,1,0,3,0,0,0,1,0,1,0,1
0,0,0,0,0,4,0,0,0,0,1,0,0,0,0,0,0,0,0,0,0,0,0,0,0,0,0,0,0,1,0,0,0,0,0,0,0,0
0,0,0,0,0,1,0,0,0,0,2,0,0,0,0,0,1,0,0,0,0,3,0,0,0,0,0,0,0,0,0,0,0,0,0,0,0,0
0,0,0,4,2,3,2,0,0,0,3,2,1,1,0,0,1,1,0,1,0,0,0,0,4,0,0,2,0,2,0,0,1,0,0,0,0,0
1,1,1,0,3,5,3,0,0,2,2,2,1,0,0,0,2,2,0,3,1,1,1,0,4,1,2,5,1,4,1,1,6,0,0,0,0,0
0,0,0,4,1,4,6,0,1,2,2,0,2,0,0,0,4,2,0,0,7,1,0,1,2,0,3,1,3,5,0,0,1,0,0,1,0,1
1,1,1,3,0,2,6,0,0,4,12,1,0,2,1,0,2,3,7,5,0,3,0,4,7,1,8,7,2,2,1,0,0,2,0,2,0,0
0,1,5,2,4,6,3,0,0,3,1,1,1,2,0,0,0,7,2,3,1,1,0,3,6,0,0,3,0,4,0,0,0,0,0,0,0,2
1,1,0,2,2,4,5,0,0,3,5,3,3,0,0,0,2,2,6,7,1,0,1,0,3,1,4,6,0,7,1,1,0,0,0,0,0,0
0,0,0,0,0,0,0,0,2,0,0,0,1,0,1,0,1,0,1,1,1,0,0,0,0,0,2,1,0,0,0,0,0,0,0,0,0,0
0,1,0,0,2,2,1,0,0,1,1,3,0,2,0,0,1,0,3,4,2,0,0,0,0,0,1,0,0,1,0,0,0,1,0,0,0,0
7,8,1,6,5,14,8,0,0,2,9,3,3,0,0,0,9,1,1,10,6,8,0,0,7,1,25,2,1,10,0,4,0,1,0,2,0,4
1,0,0,1,0,1,0,0,0,1,3,1,0,1,0,0,0,0,0,3,0,2,0,0,1,1,4,2,0,2,0,0,0,0,1,0,0,0
1,2,4,1,0,10,8,0,1,5,7,2,4,4,0,0,5,7,2,7,0,2,1,2,16,3,21,14,8,31,1,0,1,3,1,0,0,1
0,1,3,7,6,9,6,1,0,1,5,1,0,0,0,2,2,6,0,8,7,1,0,0,20,8,15,12,1,27,3,2,6,7,2,0,0,3
0,0,0,2,2,0,2,0,0,1,2,0,0,0,0,0,1,0,0,0,0,1,0,0,3,0,5,3,4,11,1,0,0,0,0,0,0,1
2,3,0,4,5,9,3,2,2,3,11,2,2,2,1,2,4,7,7,7,4,4,1,3,14,2,27,22,10,55,3,3,3,11,2,1,0,2
0,0,0,0,0,0,0,0,0,0,0,0,1,0,0,0,0,1,0,0,0,0,0,0,3,1,0,0,0,1,0,1,0,1,1,0,0,0
0,0,0,0,0,1,0,0,0,1,0,0,0,0,0,0,0,2,0,0,0,0,0,0,0,0,1,0,0,3,0,2,1,0,0,0,0,1
0,0,0,0,0,0,0,1,0,0,0,0,0,0,0,0,0,0,3,1,0,0,0,0,0,0,3,2,0,4,0,0,0,0,0,0,0,3
3,0,1,3,1,5,1,0,0,0,3,2,2,0,0,0,0,1,0,0,0,0,0,0,6,1,2,7,2,3,0,0,0,4,0,0,0,1
0,0,2,0,0,2,1,0,0,0,1,0,0,0,0,0,0,0,0,0,0,1,0,0,1,0,1,1,0,0,1,0,1,0,0,0,0,1
0,0,0,0,0,0,0,0,0,0,0,0,0,0,0,0,0,0,0,0,0,0,0,0,0,0,0,0,0,1,1,1,0,3,0,2,0,0
0,0,0,0,0,0,0,0,0,0,0,0,0,0,0,0,0,0,0,0,0,0,0,0,0,0,0,0,0,2,0,0,0,0,0,0,0,0
0,0,0,0,1,0,0,0,0,0,0,0,0,0,0,0,0,0,0,0,0,0,0,0,0,0,0,5,0,4,0,0,0,0,0,0,0,0
