1,1,0,0,0,0,0,0,0,0,0,0,0,0,0,0,0,0,0,0,0,0,0,0,0,0,0,0,0,0,0,0,0,0,0,0,0,0
1,2,6,5,1,5,0,0,0,1,0,0,0,0,0,0,0,0,0,1,0,0,0,0,1,0,0,0,1,0,0,0,0,0,0,0,0,0
1,4,4,1,0,5,0,0,0,0,0,0,0,0,0,0,2,0,0,0,0,0,0,0,0,0,0,0,0,0,0,0,0,0,0,0,0,0
8,15,0,31,6,17,5,0,1,2,1,1,3,0,0,0,0,1,3,4,1,1,0,0,1,0,0,1,0,0,0,0,0,0,0,0,0,0
8,5,2,31,6,23,12,0,6,1,18,10,7,13,0,1,1,4,5,4,5,10,1,3,4,2,11,5,2,4,0,0,0,1,0,1,0,0
1,3,3,9,0,22,18,0,0,1,3,0,0,0,1,0,1,0,3,0,0,2,0,0,0,0,2,0,1,3,0,0,0,1,1,0,0,0
0,6,0,6,2,11,11,1,1,0,0,1,5,0,0,0,1,0,1,0,1,2,1,0,1,2,1,0,0,0,0,0,0,1,0,0,0,0
0,0,0,2,5,2,1,0,0,0,2,1,0,4,0,0,3,0,3,1,0,0,0,1,0,0,0,1,0,0,0,0,1,2,0,0,0,0
0,1,0,3,0,3,0,0,0,0,0,0,0,0,0,0,0,0,0,1,0,1,0,0,0,0,2,0,1,0,0,0,0,0,0,0,0,0
0,0,0,1,1,0,1,0,0,0,1,0,2,0,0,0,1,0,0,2,2,3,0,0,0,0,0,0,0,0,0,0,0,0,0,0,0,0
5,0,1,14,6,3,1,0,0,1,8,6,4,3,0,1,8,1,1,7,0,2,1,1,6,4,5,5,0,9,0,0,0,0,0,0,0,0
1,1,3,5,3,1,3,1,2,2,11,4,2,2,0,1,2,2,0,1,3,1,2,0,3,0,1,5,0,2,0,0,0,0,0,2,0,2
2,0,1,1,1,9,1,0,0,2,2,0,2,0,0,0,1,0,2,0,0,0,0,0,2,0,6,0,1,6,0,0,0,1,0,0,0,0
0,3,0,5,0,7,2,0,2,2,2,3,2,1,0,0,6,3,1,2,0,3,0,3,2,0,2,1,2,1,0,0,0,0,0,0,0,2
0,0,0,0,0,1,1,0,0,0,1,0,0,0,0,0,0,0,1,0,0,0,0,0,0,0,0,0,0,0,0,0,0,0,0,0,0,1
0,0,2,0,0,1,0,0,0,0,0,0,0,0,0,0,1,0,0,0,0,0,0,0,0,0,4,1,0,1,0,0,0,0,0,0,0,0
1,0,1,0,4,3,0,0,0,0,4,3,4,2,0,0,0,2,2,0,0,0,2,0,0,3,3,1,1,3,0,0,0,0,0,0,0,1
0,0,2,2,0,8,4,0,1,0,2,1,0,0,0,0,2,3,2,2,2,1,0,0,2,12,7,0,2,6,0,0,0,3,2,0,0,0
0,0,2,0,2,1,0,0,0,0,0,0,2,0,0,1,0,2,1,0,3,3,0,0,5,2,5,1,1,2,0,0,0,0,0,0,0,0
1,2,3,13,1,5,3,0,0,7,4,1,1,2,0,4,2,4,6,5,3,2,2,3,3,3,9,1,2,7,0,0,0,1,0,0,0,0
1,0,0,8,0,7,0,0,0,1,0,1,0,2,0,0,2,0,5,0,1,0,0,0,0,0,6,0,0,3,0,1,0,0,0,0,0,1
1,0,0,4,4,3,6,0,0,0,6,4,0,1,0,0,1,2,8,6,1,0,0,0,5,0,17,2,1,8,0,0,0,1,0,0,0,3
0,0,0,2,0,0,0,0,0,0,0,0,0,1,0,0,0,0,3,0,0,0,1,0,3,0,0,0,0,0,0,0,0,0,0,0,0,0
0,0,0,2,0,0,0,0,0,0,0,1,0,2,0,0,4,4,2,2,0,0,0,0,2,1,4,1,0,0,0,3,0,0,0,0,0,0
4,5,0,6,2,7,2,0,0,2,8,7,1,2,1,0,0,9,4,7,4,2,1,1,6,3,6,6,5,13,3,3,3,3,0,0,0,1
0,0,2,0,0,4,0,0,0,0,2,0,0,0,0,0,3,1,4,2,0,2,0,0,2,2,6,1,2,2,0,0,0,0,0,1,0,0
4,1,1,4,2,14,6,0,1,0,3,3,1,5,0,0,0,1,2,7,1,6,1,0,20,5,36,3,2,12,0,0,0,2,0,1,0,1
1,0,0,3,4,5,5,1,0,1,7,6,1,3,0,0,1,7,6,7,1,2,0,2,9,0,2,9,3,25,1,0,3,6,0,1,0,1
0,0,0,0,0,0,1,0,0,0,0,0,0,1,0,0,1,1,1,1,0,0,0,0,1,2,4,3,0,8,1,0,0,4,2,0,0,0
4,9,1,8,6,9,11,1,0,2,6,3,1,3,0,0,3,1,14,9,2,9,1,3,17,9,26,27,9,59,2,0,1,13,1,6,0,3
0,0,0,0,0,1,0,0,0,0,0,0,0,0,0,0,0,0,0,0,0,0,0,0,0,0,1,3,0,2,0,0,0,2,0,1,0,0
0,0,0,1,0,1,0,0,0,0,0,0,0,0,0,0,0,0,0,0,0,0,0,0,1,0,1,0,0,3,0,0,0,0,2,0,0,0
0,0,0,0,0,0,0,0,0,0,1,0,1,0,0,0,1,0,0,0,0,0,0,0,0,0,2,0,0,2,2,0,0,0,0,0,0,0
0,0,0,0,0,1,0,0,0,0,1,0,0,0,0,0,0,3,0,1,0,0,1,0,6,1,5,8,6,12,0,3,0,0,2,4,0,0
0,0,0,0,1,0,0,0,0,0,1,0,0,0,0,0,0,2,1,0,0,0,0,0,2,2,0,0,0,2,0,0,0,0,0,0,0,0
0,0,0,0,1,0,0,0,0,0,1,0,0,0,0,0,0,0,0,0,0,0,0,0,1,0,0,0,0,1,0,0,0,0,0,0,0,0
0,0,0,0,0,0,0,0,0,0,0,0,0,0,0,0,0,0,0,0,0,0,0,0,0,0,0,0,0,0,0,0,0,0,0,0,0,0
0,0,0,0,0,1,0,0,0,0,2,0,0,0,0,0,0,0,0,0,0,0,1,0,0,0,1,0,0,0,0,0,0,1,0,0,0,0
