0,2,0,0,0,0,0,0,0,0,0,0,0,0,0,0,0,0,0,0,0,0,0,0,0,0,0,0,0,0,0,0,0,0,0,0,0,0
1,11,3,5,0,0,1,0,0,2,0,0,0,0,0,0,0,0,0,2,0,0,0,0,1,0,0,0,0,0,0,0,0,0,0,0,0,0
0,4,2,2,0,10,0,0,0,0,0,0,0,0,0,0,0,0,1,0,0,0,0,0,0,0,0,0,0,0,0,0,0,0,0,0,0,0
3,16,7,101,54,34,12,10,2,6,7,8,7,5,0,1,4,4,3,9,2,0,0,3,9,0,4,2,3,2,0,0,0,6,0,1,0,0
3,7,1,36,14,7,13,11,0,2,7,6,4,4,1,0,3,1,4,11,3,2,0,1,7,1,3,2,0,4,0,1,1,2,0,0,0,3
0,3,17,33,12,93,55,5,5,1,2,13,6,1,2,3,3,6,7,5,5,3,1,4,14,1,9,0,3,9,0,0,3,7,3,0,0,0
0,0,3,23,12,58,56,7,12,1,6,11,4,5,5,3,10,11,4,3,5,5,3,1,8,0,10,6,2,4,0,0,0,3,0,0,0,1
0,0,1,3,10,9,9,0,1,1,2,2,2,4,2,5,3,1,1,1,0,2,0,0,6,2,5,1,2,3,0,0,0,2,0,0,0,0
0,0,0,5,4,8,7,0,0,0,5,0,5,1,2,6,2,1,6,0,0,2,1,0,2,0,0,2,0,2,0,0,0,0,0,0,0,0
0,1,0,8,9,4,0,1,1,4,8,5,1,5,4,1,1,2,1,4,5,5,0,1,8,0,0,2,4,0,0,0,0,0,0,2,1,0
0,0,2,7,4,10,3,3,3,6,9,11,1,3,2,1,5,4,0,14,1,12,3,4,11,2,4,1,1,7,1,0,1,3,0,0,0,0
0,0,1,14,15,9,3,1,2,5,8,12,3,8,3,4,3,10,3,11,4,4,5,2,3,1,11,3,3,11,1,1,0,1,0,0,0,2
0,0,1,2,3,9,17,0,2,0,0,10,5,3,0,1,3,2,7,3,1,3,1,0,1,0,3,1,0,2,0,0,0,3,0,0,0,0
0,0,0,4,6,4,0,3,4,0,2,8,0,1,1,1,1,1,0,8,5,6,0,5,2,2,4,0,0,4,0,2,0,0,0,0,0,2
0,0,0,2,0,3,1,0,0,1,1,2,0,0,0,0,0,1,0,3,0,0,2,0,2,0,0,0,0,3,0,0,0,0,0,0,0,0
0,0,2,0,1,2,3,2,1,2,0,1,0,0,0,1,1,0,0,3,2,2,0,0,2,0,6,1,0,2,0,0,0,0,0,0,0,0
0,0,0,0,2,6,5,1,3,1,2,4,3,3,1,2,0,1,2,2,6,4,0,1,6,1,9,5,2,2,0,0,0,0,0,0,0,0
0,0,0,1,1,6,18,4,7,1,5,2,7,2,2,0,4,2,8,8,3,12,3,2,12,1,7,2,5,10,2,0,0,3,0,0,0,0
0,0,0,3,4,8,3,3,4,0,2,3,7,3,0,3,6,7,5,2,4,7,0,3,7,1,6,2,0,10,0,0,0,1,2,1,0,0
0,1,3,9,5,4,8,1,2,12,16,3,5,4,6,0,8,5,4,13,10,10,2,5,17,3,15,3,2,7,1,2,0,3,1,1,1,0
0,0,0,1,1,1,1,2,0,5,1,5,0,2,0,0,4,6,2,8,0,2,0,1,5,1,4,2,0,0,0,1,0,3,0,0,0,0
1,0,0,4,0,2,2,3,1,5,8,2,1,6,3,5,7,7,11,8,4,7,1,3,12,0,9,4,1,1,2,0,0,2,0,2,2,0
0,0,0,0,0,1,0,0,0,3,0,0,0,1,0,0,2,2,1,2,0,2,0,0,7,0,4,0,0,0,0,0,0,0,0,0,0,0
0,0,0,1,1,2,6,3,1,0,6,3,3,2,1,1,2,3,0,2,1,0,0,0,4,1,8,4,3,5,0,0,0,0,4,0,0,0
0,1,0,1,16,2,5,2,3,8,6,10,6,8,1,0,4,0,3,20,7,15,1,2,52,4,18,23,9,24,1,0,1,18,3,0,0,1
0,1,2,4,1,2,0,1,0,1,0,4,1,0,0,1,0,0,1,4,0,0,0,0,2,1,3,5,1,4,1,0,0,1,0,0,0,0
0,0,1,2,2,9,4,3,0,3,3,12,7,4,0,2,6,20,18,10,2,15,1,1,37,1,42,19,12,32,4,1,3,9,1,0,0,3
2,0,0,1,2,7,1,7,0,2,3,4,4,5,0,2,0,3,3,6,1,3,1,0,26,1,9,24,15,20,0,0,0,7,5,1,0,1
0,0,0,3,7,0,0,3,0,0,2,2,0,1,0,0,0,3,1,5,0,1,0,0,12,1,3,4,4,12,3,0,0,2,0,0,0,0
0,1,0,2,4,8,3,4,2,2,1,3,5,1,0,2,1,7,17,8,0,8,0,1,20,6,30,30,14,38,5,4,2,10,3,1,0,6
0,0,0,2,1,0,0,0,0,0,0,0,0,0,0,1,1,2,0,0,0,0,0,0,0,0,0,1,2,8,2,0,1,2,1,1,0,0
0,0,0,0,0,0,2,0,0,0,1,1,1,0,0,0,0,0,0,0,0,0,0,0,1,0,1,0,0,4,0,0,0,2,0,0,0,0
0,0,0,0,0,0,0,0,0,0,0,1,0,0,0,0,0,0,0,1,0,1,0,0,0,0,1,1,0,4,0,0,1,1,1,1,0,0
0,1,0,0,0,0,0,1,0,1,0,3,1,1,0,0,0,3,1,4,0,0,0,0,14,1,5,14,13,10,0,0,0,7,1,3,0,0
0,0,0,0,0,0,0,0,0,0,0,1,1,0,1,0,0,0,0,1,0,2,0,2,5,0,0,2,3,3,0,0,1,6,0,4,0,0
0,0,0,1,0,0,0,0,0,0,1,0,0,2,0,0,1,0,0,1,1,0,0,0,1,0,2,3,2,3,0,2,1,3,0,0,0,0
0,0,0,0,1,0,0,0,0,0,1,0,0,1,0,0,0,0,0,0,0,2,0,0,2,0,0,0,0,0,0,0,0,1,0,0,0,0
0,0,0,0,0,0,0,3,0,2,3,0,0,1,1,0,0,0,0,1,1,0,0,1,0,0,1,3,0,3,0,0,2,4,1,0,2,4
