2.294
2.75384615385
2.22666666667
1.84467692308
1.61548611111
1.88076056338
1.72458181818
1.66202898551
2.04740740741
1.85441558442
1.5393129771
1.82986486486
1.69417582418
1.70853658537
1.81387096774
1.34774193548
1.73688311688
2.03980392157
1.62114285714
1.47329411765
1.47622641509
1.53851851852
1.58655172414
1.65176470588
1.93182724252
1.70180327869
1.56510729614
1.51849056604
1.44947368421
1.82689285714
2.82090909091
2.69571428571
3.33772727273
2.02228915663
2.335
3.82684210526
2.974
3.47625
