1,2,0,0,0,0,0,0,0,1,0,0,0,0,0,0,0,0,0,0,0,0,0,0,0,0,0,0,0,0,0,0,0,0,0,0,0,0
0,6,1,8,2,5,1,0,0,0,0,0,0,2,0,1,0,1,0,0,0,0,1,0,0,0,1,0,0,0,0,0,0,0,0,0,0,0
0,2,9,0,0,6,0,0,1,0,0,1,0,0,0,0,0,0,0,0,2,2,0,0,0,0,0,0,0,0,0,0,0,0,0,0,0,0
4,21,6,102,52,38,24,4,5,6,7,7,4,1,0,0,6,2,3,11,3,2,0,3,7,4,5,3,0,4,0,0,0,3,0,1,0,0
0,1,0,20,12,13,21,3,2,4,7,8,5,5,3,2,2,7,0,8,1,6,0,1,6,0,4,1,1,0,0,0,0,5,0,0,0,0
0,11,14,38,19,90,62,8,12,1,4,9,9,0,2,0,5,6,6,0,3,4,0,2,5,2,16,2,0,6,1,0,0,0,0,0,0,0
0,2,3,11,15,69,42,14,12,1,2,10,23,0,3,3,4,2,6,3,5,7,1,2,5,4,7,1,1,7,1,0,0,1,0,0,0,0
0,0,0,4,2,11,8,1,3,0,4,1,0,4,2,0,3,3,1,2,2,5,1,0,3,1,2,1,2,4,0,0,0,2,0,1,0,0
0,1,1,1,0,5,12,1,2,0,0,1,1,0,1,2,2,1,3,0,1,0,0,2,2,2,0,0,0,2,0,0,2,0,0,1,0,0
0,2,0,6,8,7,1,1,0,0,7,5,1,1,0,0,0,4,2,9,1,7,3,0,5,0,3,0,0,0,0,0,0,1,1,0,0,0
1,1,0,7,15,6,1,0,1,2,12,4,2,2,3,2,1,5,0,6,3,7,1,2,8,4,6,1,4,4,0,1,0,1,0,0,0,0
1,2,1,20,9,7,7,1,6,1,9,3,0,4,3,8,2,6,3,4,3,11,1,2,5,1,7,3,0,9,0,2,3,2,0,0,0,0
1,2,0,2,1,13,12,1,3,3,5,3,4,2,2,0,2,5,1,2,0,2,1,0,3,0,8,1,0,5,0,0,0,1,0,0,0,0
0,1,0,7,4,2,2,2,0,5,2,2,1,0,0,0,3,0,4,4,4,9,3,0,12,3,3,5,0,5,0,0,0,1,0,0,0,2
0,0,0,4,0,2,1,0,0,0,0,1,0,0,0,0,1,2,1,3,1,0,1,3,4,0,5,0,0,3,0,2,0,1,0,0,0,0
0,0,0,4,1,5,5,6,5,0,0,0,0,0,0,3,1,3,0,0,1,2,2,0,0,0,1,0,0,0,0,0,0,0,0,0,0,0
1,0,0,2,7,14,6,2,3,0,6,6,1,3,0,0,0,1,8,5,0,4,0,3,0,0,5,0,6,1,0,0,0,0,0,0,0,2
2,1,0,2,1,1,4,3,5,1,1,5,4,6,0,0,3,0,5,8,1,8,0,0,10,2,12,2,1,6,0,0,1,1,0,1,0,1
0,2,2,3,5,1,4,0,5,1,1,4,4,1,1,5,3,2,9,3,1,4,0,7,5,2,10,0,8,6,1,0,0,2,0,2,0,0
0,0,0,5,7,5,2,1,0,3,16,6,2,6,0,0,6,17,4,23,13,9,0,5,16,1,9,4,1,7,2,0,0,1,0,0,0,1
0,0,0,2,1,3,2,0,0,1,1,0,1,2,0,1,1,2,1,9,1,4,0,0,6,0,1,0,1,2,0,0,0,0,0,0,0,0
0,0,0,3,5,4,4,1,4,3,11,11,1,8,1,0,1,5,8,9,0,2,0,0,15,2,5,1,0,4,1,0,0,3,0,0,0,1
0,0,0,4,1,0,3,3,2,0,0,4,1,0,0,0,0,0,1,0,0,2,0,0,2,0,0,0,2,2,0,0,0,0,0,0,0,0
0,0,0,4,2,0,0,0,0,0,1,3,4,0,0,0,2,1,1,3,1,2,0,0,1,1,0,0,2,1,2,0,0,1,0,0,0,0
5,1,5,10,11,12,2,4,0,6,11,9,3,2,3,1,2,7,7,26,6,2,0,3,53,4,23,12,16,20,5,1,0,9,3,2,0,1
1,0,0,0,1,4,4,1,1,0,1,2,3,2,1,0,0,1,4,2,0,3,0,1,8,1,8,2,1,8,2,0,0,0,0,0,0,0
0,0,1,6,7,5,3,0,1,0,1,3,7,2,1,2,6,19,10,7,5,10,2,4,27,3,38,14,12,29,2,2,2,11,1,2,0,0
0,0,0,5,4,3,0,1,0,1,4,1,2,3,0,1,1,0,5,4,1,2,1,1,32,0,11,17,15,33,3,0,0,14,3,4,0,3
0,0,0,0,0,2,0,1,0,1,0,3,0,0,0,0,0,2,2,5,0,0,1,0,14,1,11,14,2,13,2,2,0,0,1,0,0,2
0,0,0,2,7,3,7,7,1,1,8,5,4,5,0,0,7,10,9,6,1,10,1,5,29,1,20,28,16,61,4,3,2,9,2,5,0,3
0,0,0,0,0,0,0,0,1,0,2,1,0,2,1,0,0,1,0,1,0,0,0,1,0,0,2,0,2,7,0,0,1,2,0,1,0,0
0,0,0,0,0,0,0,0,0,0,0,0,0,0,0,0,0,0,1,0,0,2,0,0,0,0,2,1,1,3,0,0,1,0,0,0,0,0
0,0,0,0,0,0,0,0,0,0,1,0,1,0,0,0,2,0,0,1,0,2,0,0,1,0,1,1,0,3,0,0,1,1,1,1,0,1
0,0,0,1,1,2,0,1,0,3,1,2,1,2,0,0,0,6,0,0,1,3,0,0,12,2,1,8,3,13,5,3,0,7,1,2,0,3
0,0,0,0,2,0,2,0,0,1,1,0,0,0,0,0,0,1,0,0,0,2,0,0,5,1,0,9,4,0,1,0,2,1,1,3,0,0
0,0,0,0,0,0,0,0,1,0,0,1,0,0,0,0,0,0,0,2,2,0,0,2,0,0,3,1,1,0,1,1,1,0,1,0,0,0
0,0,0,0,0,0,0,0,0,0,1,0,0,0,1,0,0,0,0,0,0,0,0,0,2,0,2,0,0,0,0,0,1,0,1,0,0,1
0,0,0,1,0,4,3,0,0,0,4,0,0,3,1,2,0,0,2,4,4,2,0,1,3,0,0,2,2,6,1,2,0,3,3,1,0,1
