5.0
2.56222222222
1.521
1.92639204545
1.88403061224
1.93430769231
1.74260377358
1.84320512821
1.51411764706
1.92111111111
1.61252747253
1.57303225806
1.66435294118
1.43351351351
1.63939393939
1.73928571429
1.63602739726
1.67026845638
1.43796747967
1.51484375
1.60255813953
1.54875816993
1.20035714286
1.64
1.62098039216
1.52428571429
1.650859375
1.52294117647
1.95255319149
1.84691756272
2.19666666667
3.21538461538
4.06333333333
1.60906542056
2.25344827586
3.07814814815
2.43285714286
3.13864864865
