0,0,0,0,0,1,0,0,0,0,0,0,0,0,0,0,0,0,0,0,0,0,0,0,0,0,0,0,0,0,0,0,0,0,0,0,0,0
0,6,0,9,0,1,1,2,0,0,0,2,0,0,1,0,0,0,0,0,0,0,0,0,0,1,0,0,0,0,0,0,0,0,0,0,0,0
0,4,3,0,0,10,0,0,0,0,0,1,0,0,0,0,0,0,0,0,0,0,0,0,0,0,0,0,0,0,0,0,0,0,0,0,0,0
1,17,11,99,50,47,21,6,3,5,11,5,6,5,0,1,4,6,2,3,3,1,0,2,5,0,7,0,2,8,0,0,2,3,0,0,0,1
0,7,1,28,14,17,16,9,0,3,13,19,3,3,2,1,2,0,2,5,0,4,3,1,23,3,8,6,0,3,1,0,0,1,0,0,0,0
1,10,13,33,9,95,51,12,6,0,1,12,5,0,0,3,14,8,6,1,1,1,0,0,5,0,13,0,4,7,2,2,0,1,0,3,0,1
0,6,0,23,9,56,34,17,6,0,0,8,12,3,3,6,12,11,3,3,6,3,0,5,5,3,15,5,0,5,0,0,0,2,0,0,0,2
0,2,0,6,2,16,12,0,0,1,3,3,0,3,2,2,4,2,4,2,3,4,0,0,1,3,3,1,2,2,2,0,0,3,0,1,0,0
0,0,1,0,1,12,3,0,5,0,0,2,2,0,0,0,2,2,5,0,0,2,0,0,0,0,2,0,0,2,1,0,0,2,0,0,0,0
0,1,0,6,6,3,4,1,1,1,5,3,0,3,1,0,1,5,1,4,4,9,1,1,5,3,1,0,0,1,3,0,1,4,1,0,0,0
1,5,0,6,5,5,1,1,0,7,7,3,0,7,2,0,3,3,0,8,3,3,0,1,11,0,4,3,0,2,0,0,0,0,0,2,0,0
0,1,1,13,10,14,14,4,1,6,5,10,4,11,1,0,1,2,3,4,6,11,1,5,9,1,8,5,2,3,1,0,0,1,0,0,0,1
0,2,0,6,2,10,17,4,0,0,1,7,2,1,0,0,2,1,4,1,3,2,0,3,1,1,6,0,2,2,0,0,0,0,0,3,0,0
0,1,0,6,6,2,4,4,1,3,1,3,2,3,1,3,3,0,1,2,3,10,0,0,1,0,12,3,0,0,0,0,0,3,0,0,0,1
0,0,0,1,4,1,2,0,1,0,0,2,0,1,0,0,1,0,2,1,0,3,2,1,2,0,2,2,0,3,0,0,1,0,0,1,0,0
0,0,0,0,3,1,5,2,1,0,3,3,2,0,0,4,1,3,1,0,3,1,1,0,4,1,1,0,1,1,0,0,0,1,0,1,0,0
0,2,0,2,3,9,11,1,0,0,2,6,4,0,0,2,4,2,8,0,0,4,0,1,3,1,3,0,1,2,0,0,1,1,0,0,0,1
0,0,0,2,5,10,7,2,6,0,2,1,6,4,0,2,11,2,3,13,3,8,0,10,10,1,14,7,1,9,0,1,2,1,0,0,0,3
0,0,0,0,4,8,8,2,1,4,0,4,1,0,0,3,3,7,5,2,1,4,0,2,9,2,25,4,4,17,1,0,0,4,0,0,0,0
0,0,2,2,7,3,7,3,2,17,24,7,0,5,2,0,6,9,8,22,11,5,0,1,16,2,10,3,5,5,1,0,0,3,0,0,0,1
0,0,2,3,1,1,1,1,0,0,4,4,1,1,1,3,0,3,4,7,1,4,0,5,10,2,5,2,2,8,2,0,0,0,0,2,0,0
0,1,0,3,4,7,5,2,2,3,5,9,2,10,0,3,3,13,5,4,0,3,3,0,15,1,19,1,3,11,1,0,0,4,0,2,0,0
0,0,0,0,0,0,1,3,0,2,0,1,0,0,1,0,2,0,1,0,0,0,2,0,3,1,3,5,0,3,0,0,0,0,0,0,0,0
1,0,0,0,0,3,2,1,0,0,2,4,5,2,1,0,1,0,2,3,5,1,0,0,5,0,7,1,2,4,0,0,1,0,0,0,0,1
1,0,0,9,6,6,5,9,5,10,10,4,2,4,2,1,6,10,11,19,2,7,1,2,69,11,29,26,10,22,0,3,0,14,1,0,0,1
0,0,0,0,2,1,1,0,1,0,1,7,0,0,0,0,0,3,0,5,2,1,0,1,12,0,4,3,0,6,1,0,0,0,0,1,0,0
0,3,0,8,3,12,6,2,1,2,1,7,6,8,0,1,8,10,11,7,4,12,0,3,25,7,28,17,4,42,2,0,2,7,3,1,0,3
0,0,0,2,3,1,1,2,0,1,7,3,0,2,2,0,0,1,2,3,0,3,0,0,27,5,15,20,12,30,1,1,0,11,2,2,0,9
0,0,0,2,3,6,1,1,0,0,1,1,5,4,0,2,0,0,0,2,0,2,0,3,9,2,12,10,2,14,0,0,0,7,2,4,1,0
1,1,0,1,3,5,5,3,0,3,6,5,5,1,1,4,6,9,14,7,2,9,0,1,27,6,34,32,19,48,1,5,4,12,2,1,0,2
0,0,0,0,0,0,0,0,0,0,0,2,0,0,0,0,4,3,0,0,0,0,0,0,2,0,1,0,0,3,1,0,0,5,0,0,0,1
0,0,0,0,0,1,0,0,1,0,0,0,0,0,0,0,0,1,0,0,1,2,0,0,0,0,0,1,0,4,0,0,3,0,0,0,0,0
0,0,0,0,1,1,0,0,1,0,0,3,1,1,0,0,0,0,0,2,0,0,0,0,2,0,0,0,3,4,0,0,0,2,0,0,0,0
0,0,0,0,0,2,3,1,0,0,1,1,0,0,0,0,1,1,5,1,0,5,0,0,11,3,3,12,13,24,2,0,0,8,5,0,0,4
0,0,0,1,0,1,0,0,0,0,0,0,0,0,0,0,0,1,0,0,0,2,0,0,4,2,0,5,1,4,0,0,3,4,0,2,0,0
0,0,0,0,0,1,0,0,0,0,0,0,1,0,0,0,0,0,0,5,0,0,0,0,2,0,2,2,4,2,0,0,3,1,1,0,0,3
0,0,0,0,1,0,0,0,0,0,0,0,0,0,0,0,0,0,0,0,0,2,0,0,0,2,0,0,0,1,0,0,0,0,0,1,0,0
0,1,0,0,0,0,0,0,0,1,2,1,2,1,0,0,0,1,0,1,2,0,1,2,2,0,3,6,0,1,1,0,0,2,1,0,1,2
