1.316
1.65928571429
3.06833333333
1.90752186589
1.69908045977
1.94672727273
1.42513618677
1.73341463415
1.57035714286
1.7902173913
1.61761061947
1.71397660819
1.65763636364
1.83344827586
1.87045454545
1.49365853659
1.65459016393
1.57663265306
1.53744680851
1.45641975309
1.61566666667
1.41722222222
1.93076923077
1.27583333333
1.57763358779
1.66529411765
1.7541754386
1.60547058824
1.71675324675
2.04114982578
2.90526315789
3.76071428571
2.64434782609
2.24516129032
2.6268
3.45052631579
3.67928571429
2.18310344828
