3,1,0,2,0,0,0,0,0,0,0,0,0,0,0,0,0,0,0,0,0,0,0,0,0,0,0,0,0,0,0,0,0,0,0,0,0,0
1,9,5,9,2,2,0,0,0,0,0,2,0,0,0,0,0,0,0,0,0,0,0,0,0,0,0,0,0,1,0,0,0,0,0,0,0,0
0,3,3,2,0,7,0,0,0,0,0,0,0,0,0,0,0,0,1,0,0,0,0,1,0,0,2,0,0,0,2,0,0,2,0,0,0,0
4,32,11,100,32,31,20,2,1,6,11,10,5,2,1,1,1,5,10,9,6,6,1,4,7,0,4,1,2,1,0,0,0,0,0,1,0,0
0,2,4,39,24,17,11,8,0,2,12,10,2,5,1,0,9,1,0,8,2,6,1,1,1,2,7,1,0,6,0,0,0,0,0,3,0,0
2,7,8,47,10,77,62,10,4,0,6,6,15,7,0,2,8,5,7,6,1,6,0,2,8,1,5,2,0,9,0,2,1,0,0,0,0,0
0,1,2,15,7,72,50,8,8,2,0,9,18,0,0,4,7,3,3,3,0,14,1,4,4,0,16,3,0,5,0,0,0,1,0,0,0,1
0,0,0,7,2,9,11,5,1,1,6,4,1,2,0,3,2,2,1,2,0,4,2,0,5,1,5,1,1,4,0,0,0,0,0,0,0,2
0,0,0,2,1,14,12,2,2,1,0,3,2,1,1,0,2,3,4,1,2,0,0,0,3,0,1,0,0,1,2,0,0,0,0,0,0,0
0,4,0,12,3,1,6,0,1,4,5,8,1,6,0,2,3,1,0,4,4,4,0,1,5,2,3,1,0,1,0,0,0,0,0,1,0,1
2,1,0,14,15,3,4,2,1,4,6,7,1,2,2,4,2,3,5,5,3,1,1,1,4,2,4,3,1,1,0,0,0,1,0,0,0,1
0,1,0,7,15,10,6,2,2,3,3,3,6,4,2,6,5,8,0,15,7,15,0,6,6,4,9,4,1,10,0,1,2,1,3,0,0,2
0,0,0,3,9,7,19,0,2,2,2,1,6,0,3,2,4,4,5,1,0,3,0,7,2,1,4,4,1,4,0,0,0,0,1,2,0,2
2,1,0,7,1,6,6,2,0,2,4,3,2,2,0,1,1,4,1,5,2,7,0,2,3,0,7,1,0,3,0,1,0,1,0,0,0,1
0,0,0,3,3,0,1,0,1,0,0,1,0,0,0,0,0,0,5,1,1,0,1,0,5,0,0,0,0,2,0,0,0,0,0,0,0,1
0,0,0,2,0,2,8,2,1,1,1,6,3,0,0,3,0,1,1,1,3,0,0,3,0,0,1,0,3,3,0,0,0,0,0,0,0,0
0,0,0,1,1,5,0,2,5,0,2,6,1,4,0,0,2,4,3,2,1,5,2,1,3,1,6,1,0,1,0,0,0,1,0,0,0,2
0,0,0,3,4,6,7,3,4,1,3,7,2,2,0,2,3,1,8,5,2,9,2,5,6,0,6,1,0,1,0,0,0,2,0,1,0,0
0,0,0,2,1,2,7,2,4,0,4,4,5,2,1,2,1,4,3,6,5,7,1,2,6,0,6,0,5,10,0,0,1,3,0,0,0,0
0,0,0,0,6,1,6,0,1,8,21,10,4,2,2,3,4,6,0,28,8,10,1,4,12,1,11,3,0,11,2,0,0,0,0,0,0,1
0,0,1,1,0,0,6,1,2,0,3,4,0,2,3,1,1,3,1,9,0,3,1,1,4,0,6,1,0,3,0,0,0,0,0,2,0,0
0,0,0,2,2,4,6,0,1,4,8,4,1,3,2,0,1,4,8,11,2,1,0,1,7,0,7,1,1,3,0,0,0,0,0,0,0,0
0,0,0,1,1,4,2,3,0,0,0,2,1,0,1,0,0,0,0,3,2,0,0,0,4,0,1,1,0,1,0,1,0,0,0,1,0,0
0,0,0,1,1,2,0,3,0,0,1,2,3,2,0,1,7,3,5,3,1,2,0,0,7,1,6,1,1,0,3,0,0,0,0,0,0,0
0,2,2,14,14,1,9,5,0,1,9,9,3,3,0,4,3,4,4,13,5,6,0,0,45,8,38,22,11,18,3,0,0,9,0,2,0,2
0,0,0,0,2,1,4,2,0,2,0,2,0,5,0,0,2,0,3,4,2,1,0,0,7,0,5,2,0,7,0,0,0,0,0,0,1,0
0,1,3,6,8,3,11,7,0,3,10,7,8,3,1,3,8,15,16,11,8,17,4,2,20,6,39,15,7,37,8,3,0,5,0,1,0,0
0,0,0,2,4,0,3,0,0,5,1,4,1,3,3,1,3,2,2,7,8,2,1,3,27,6,18,23,6,20,2,3,0,5,4,0,0,1
0,0,0,1,0,2,2,1,0,0,4,2,0,0,0,2,1,1,0,0,2,0,0,0,8,4,13,17,3,10,3,1,0,3,1,0,0,2
1,2,1,6,7,5,7,2,1,2,3,10,1,5,1,0,5,4,9,13,1,10,1,2,25,2,20,20,12,67,3,6,3,21,0,4,0,3
1,1,0,0,0,0,1,0,0,0,0,1,0,0,0,0,0,0,0,0,0,0,0,1,0,1,2,1,1,0,2,0,0,2,0,3,0,3
0,0,0,0,0,0,0,0,0,0,0,1,1,0,0,0,0,1,0,2,0,0,0,0,0,2,1,4,0,3,1,0,0,0,0,0,0,0
0,0,0,0,0,0,0,0,0,0,1,2,0,0,0,0,0,0,0,1,0,0,0,1,0,0,1,1,1,2,1,0,0,3,2,2,0,1
0,0,0,0,1,1,1,1,0,4,4,3,0,1,0,0,2,1,0,3,0,2,0,0,8,2,5,4,2,9,1,0,0,5,0,1,0,1
0,0,0,1,0,2,0,0,0,1,2,0,0,0,0,0,0,1,1,0,1,0,0,0,2,0,1,8,0,4,0,0,2,2,0,1,0,0
0,0,0,0,0,1,0,0,0,0,5,0,0,0,0,0,0,2,0,3,0,0,0,0,1,3,1,2,1,8,0,1,1,1,2,0,0,0
0,0,0,0,0,0,0,0,0,2,1,1,0,0,0,1,0,0,0,0,0,0,0,0,4,0,0,0,0,0,1,0,0,0,0,0,0,0
0,0,0,0,0,0,0,0,0,0,1,2,0,0,0,0,0,2,0,1,0,1,0,0,1,0,1,2,0,5,3,2,1,1,0,1,1,3
