1,2,0,0,0,0,0,0,0,0,0,0,0,0,0,0,0,0,0,0,0,1,0,0,0,0,0,0,0,0,0,0,0,0,0,0,0,0
1,5,2,15,4,2,0,1,0,0,0,3,0,0,0,0,0,0,0,0,0,1,0,0,1,0,1,0,0,0,0,0,0,0,0,0,0,0
0,5,1,5,0,2,0,0,0,0,0,2,0,0,0,0,0,0,0,0,0,0,0,0,0,0,0,0,0,0,0,0,0,0,0,0,0,0
3,25,9,127,26,26,19,5,6,1,14,11,1,5,3,5,1,2,2,6,2,1,1,0,3,1,2,0,0,2,0,0,3,2,0,0,0,3
1,5,0,34,20,18,18,4,3,2,11,20,5,8,1,3,4,3,0,6,4,5,1,1,12,0,2,3,1,5,0,0,0,2,0,0,0,1
5,4,9,37,8,122,52,13,7,1,2,15,11,4,3,3,2,7,5,2,2,8,3,2,2,1,11,2,1,0,1,0,0,0,0,0,0,0
1,3,3,16,12,65,26,15,9,0,1,9,11,3,1,1,13,12,9,3,4,13,1,0,5,0,10,3,1,6,0,0,0,2,2,0,0,0
0,4,0,8,0,7,18,0,2,2,7,2,2,3,2,0,5,4,0,5,0,1,0,4,4,0,7,3,0,2,0,0,0,0,0,0,0,0
0,0,1,0,1,15,22,0,0,0,1,1,2,2,0,1,3,2,5,1,0,2,0,2,0,1,2,0,0,2,0,0,0,1,0,0,0,0
0,0,4,6,8,5,3,0,0,0,2,2,1,3,0,0,0,5,0,5,3,2,0,3,4,2,2,0,1,4,0,0,0,0,1,0,0,0
0,1,1,7,5,4,5,2,0,5,4,8,2,1,4,1,2,0,4,11,3,6,1,1,4,2,4,7,2,3,0,0,0,1,0,0,0,2
0,0,1,9,13,7,10,7,5,8,6,2,4,5,0,5,3,8,3,17,3,16,1,4,5,6,6,0,2,4,0,0,0,2,0,1,0,6
1,0,0,8,3,5,17,3,1,3,2,5,2,2,0,2,3,3,0,5,1,5,0,0,5,0,12,1,3,4,0,0,0,1,0,0,0,0
0,0,0,7,6,4,3,6,0,2,3,5,1,7,0,0,0,10,1,3,1,7,0,5,4,0,6,0,0,1,1,0,0,0,1,0,0,0
0,0,0,3,0,0,1,1,2,0,2,0,1,1,0,0,2,0,1,4,1,3,0,0,1,0,3,1,2,1,0,0,0,0,0,0,0,0
0,0,1,3,0,7,3,4,0,0,1,2,2,0,2,2,2,0,0,0,0,2,0,0,4,0,4,0,0,2,1,0,0,1,1,0,0,0
0,0,0,5,4,3,9,2,8,0,6,2,7,1,1,0,3,8,7,2,0,7,0,0,0,1,13,2,0,6,1,2,0,2,0,0,1,2
0,0,0,4,6,8,7,1,5,2,2,5,1,2,0,1,1,6,5,5,9,3,0,2,9,4,7,6,1,11,0,0,2,1,0,1,0,1
0,0,2,1,2,2,3,1,4,0,2,3,1,1,1,1,4,0,4,7,4,6,0,0,4,0,16,3,2,14,0,0,0,0,1,0,0,1
1,4,0,4,9,7,5,5,1,5,17,8,1,6,1,2,7,12,0,35,7,14,0,0,11,4,7,4,0,6,1,0,1,0,0,0,0,0
0,1,0,5,1,8,0,2,0,4,1,2,0,1,0,1,0,2,4,5,1,7,0,0,4,0,3,0,2,1,0,0,0,0,0,0,0,0
0,0,0,1,2,5,10,0,1,5,1,10,4,4,0,2,4,6,0,14,1,3,2,0,12,4,14,2,4,9,2,0,0,1,0,1,0,2
0,0,0,0,0,1,2,0,0,0,0,2,2,0,0,0,4,1,0,1,2,3,0,0,2,0,1,1,0,0,0,0,0,1,0,0,0,0
0,0,1,1,2,0,3,4,1,1,0,1,2,3,0,1,2,2,3,0,0,1,0,1,4,0,3,4,2,9,0,0,0,3,0,0,0,0
0,3,2,3,7,5,4,4,3,3,13,4,0,6,1,1,4,3,10,18,8,18,0,4,38,5,25,28,6,18,1,0,0,12,0,3,0,1
0,0,0,2,0,2,0,0,0,0,0,2,0,2,0,1,2,3,1,2,3,0,0,0,2,0,3,3,1,3,0,2,0,3,0,0,0,0
0,0,1,7,4,21,6,3,1,0,3,10,10,2,5,6,7,14,17,12,2,16,1,1,32,3,33,12,10,46,0,0,2,8,1,2,0,1
0,0,0,1,1,0,4,4,0,0,6,7,1,1,0,0,1,0,7,9,0,3,0,2,32,5,8,22,4,22,3,0,1,16,4,1,0,1
0,0,0,1,3,1,0,1,0,0,0,3,1,1,0,0,0,0,5,2,0,2,1,1,12,0,5,16,1,18,2,0,1,5,0,2,0,0
0,1,0,2,0,2,0,1,0,1,3,5,6,6,0,1,3,3,14,13,2,5,2,9,19,1,23,31,13,54,12,3,2,16,3,5,0,4
0,0,0,0,1,1,0,0,1,0,1,0,0,0,0,1,0,0,0,0,0,1,0,1,0,0,1,2,2,2,5,0,1,3,0,0,0,2
0,0,0,0,0,0,0,0,0,0,1,0,0,2,0,1,0,0,0,0,0,1,0,0,0,0,4,0,1,4,1,1,0,1,0,0,0,0
0,0,0,0,1,1,1,0,0,0,0,0,0,0,0,0,0,1,1,0,0,1,0,0,0,0,0,0,1,3,0,0,0,0,1,0,0,0
0,0,0,1,1,2,2,0,0,0,3,10,0,0,1,0,1,5,3,8,0,4,0,1,13,2,5,5,7,13,1,1,0,11,2,3,1,5
0,0,0,0,0,0,0,0,1,2,1,1,0,0,1,0,0,0,0,1,0,1,0,0,2,0,1,3,1,2,0,2,0,2,0,1,0,2
0,0,1,1,1,0,0,0,0,0,0,0,0,1,0,0,0,1,0,0,0,3,0,1,3,0,3,0,1,0,1,0,0,3,0,0,0,1
0,0,0,0,0,0,0,0,0,0,1,0,0,0,1,0,0,0,0,0,0,0,0,1,0,0,0,0,0,4,0,0,0,0,0,0,0,0
0,0,0,0,1,0,0,3,0,0,2,1,2,4,0,1,1,0,0,1,1,0,0,4,4,0,0,2,0,2,2,2,0,4,0,0,0,0
