1,1,0,0,2,0,0,0,0,0,0,0,0,0,0,0,0,0,0,0,0,0,0,0,0,0,0,0,0,0,0,0,0,0,0,0,0,0
1,12,1,10,4,2,1,0,0,0,0,0,0,0,0,0,0,2,0,3,0,0,0,0,1,1,0,0,2,1,0,0,0,0,0,0,0,1
0,3,3,3,0,4,2,0,0,1,0,0,0,0,0,0,0,0,0,0,0,0,0,0,0,0,0,0,0,0,0,0,0,0,0,0,0,0
3,19,7,95,42,41,21,6,1,7,2,14,6,2,0,2,4,2,1,7,2,3,2,4,7,2,3,0,1,4,4,1,3,2,0,0,0,0
0,4,1,32,18,2,10,1,5,6,4,12,3,2,2,3,2,3,3,7,2,5,0,0,5,1,8,6,4,1,0,0,0,2,0,3,0,1
0,8,5,47,19,110,51,10,5,0,2,4,2,8,5,3,8,2,4,3,1,9,2,3,8,0,6,2,0,4,0,0,1,1,0,0,1,0
0,1,3,16,7,49,44,9,10,4,1,13,17,2,1,1,7,2,5,4,4,14,0,2,6,2,19,7,2,5,0,0,0,1,0,0,0,0
0,0,0,5,4,6,9,2,3,1,3,6,1,2,3,1,4,5,0,6,1,3,2,0,5,1,4,1,2,6,0,0,0,1,0,0,0,0
0,0,0,4,1,11,6,1,0,0,0,2,3,3,0,1,2,2,3,2,0,0,0,0,0,0,2,0,0,1,0,0,0,1,0,0,0,0
0,0,0,6,2,3,2,3,0,6,1,4,0,3,1,0,1,4,1,9,2,1,1,3,4,3,2,0,0,4,0,2,2,0,0,0,0,0
0,3,1,7,12,4,0,3,4,4,4,8,1,3,2,3,1,6,2,15,2,8,2,4,9,0,8,1,3,6,0,0,0,2,0,0,0,0
1,0,0,10,14,4,8,6,3,2,12,12,2,2,3,1,4,5,1,15,6,16,2,9,4,1,14,2,2,7,3,1,0,0,1,0,0,2
0,1,2,10,2,14,6,3,3,0,3,7,0,1,0,1,4,3,8,3,3,2,1,0,2,4,9,5,1,4,0,0,1,1,0,0,0,2
1,0,0,4,2,5,7,2,2,2,2,4,0,1,2,2,4,2,2,5,1,7,2,3,2,0,3,8,0,1,0,0,0,0,0,0,0,0
0,0,0,1,1,0,1,2,0,1,2,0,0,1,0,1,2,0,1,0,0,6,0,1,4,0,4,1,0,0,0,0,1,0,1,0,0,0
0,0,0,1,1,4,3,0,3,0,1,5,0,0,0,1,4,1,2,1,0,3,1,2,0,0,6,1,0,1,0,0,1,0,0,0,0,0
2,0,0,2,3,1,5,2,0,1,3,3,4,3,0,3,1,6,7,2,3,7,0,2,1,0,4,0,5,5,0,0,0,0,0,0,0,0
0,0,0,2,0,5,6,5,4,0,2,10,4,3,0,1,3,2,7,8,5,7,0,1,4,3,8,7,0,9,1,1,2,0,0,0,0,2
0,0,0,0,3,3,4,0,12,1,1,4,5,2,0,1,3,4,1,5,0,5,1,3,10,0,14,0,1,9,0,0,0,0,1,0,0,0
0,0,0,6,4,3,7,1,3,0,20,9,1,14,2,0,5,10,5,20,11,11,0,0,8,0,15,5,4,17,0,0,1,7,0,2,0,1
0,1,0,5,2,3,2,4,0,3,6,6,3,0,2,0,0,5,0,12,1,2,1,0,2,0,5,3,0,4,0,1,0,0,0,0,0,2
0,0,1,3,5,2,4,3,3,3,5,12,2,6,2,1,2,4,3,5,4,4,0,2,6,3,10,0,5,8,0,0,0,3,0,0,1,2
0,0,0,0,0,4,0,0,0,0,0,1,0,0,0,0,0,0,0,3,1,3,0,0,2,1,1,0,0,1,0,0,0,1,0,0,0,0
0,0,0,3,3,4,1,2,0,1,0,3,1,3,0,3,1,0,1,1,0,1,0,1,2,0,0,0,1,5,1,0,0,2,0,1,0,0
1,3,1,7,9,2,1,5,0,0,7,9,3,6,3,0,4,5,7,17,10,9,0,6,48,1,32,45,10,21,1,1,0,12,1,0,0,2
0,0,0,0,2,1,3,0,1,0,2,4,0,3,0,1,2,0,0,0,2,0,1,1,7,0,2,1,4,7,1,0,0,0,0,0,0,0
1,1,0,7,2,7,12,8,3,1,4,6,11,1,0,3,6,11,14,5,3,10,4,6,24,0,30,21,10,29,1,1,0,3,0,1,0,2
1,1,1,2,0,1,5,0,0,0,0,1,0,1,1,1,0,3,1,14,1,2,1,5,32,7,16,18,9,23,0,0,1,21,3,5,2,3
0,0,0,0,2,0,1,1,0,0,3,0,0,1,0,0,1,1,6,2,1,12,0,1,8,1,7,7,0,11,2,0,0,2,0,3,0,0
0,1,0,2,5,3,5,1,2,2,4,3,1,1,1,1,0,8,9,4,2,8,0,0,31,7,25,25,8,50,8,5,2,16,1,1,0,0
0,0,0,0,0,0,0,0,0,0,0,1,0,0,0,0,0,1,0,0,2,0,0,0,3,1,2,3,0,5,3,0,1,4,1,2,0,1
0,0,0,0,1,0,0,0,0,0,1,0,2,0,0,0,0,0,0,0,0,0,0,0,2,0,0,0,1,10,0,0,1,1,2,2,0,0
0,0,0,0,0,1,0,0,2,0,0,1,1,0,0,0,0,0,0,4,0,2,0,0,4,0,1,1,2,2,0,2,2,1,0,0,0,2
0,0,0,1,0,1,2,0,4,0,1,1,2,1,0,0,0,1,0,5,0,2,0,0,6,2,3,13,5,17,2,2,0,10,7,1,0,4
0,0,2,0,0,2,0,0,0,2,0,2,0,0,0,0,0,0,0,0,0,0,0,2,0,0,1,2,3,3,0,0,1,0,0,2,0,2
0,0,0,0,0,0,0,0,0,0,4,0,0,0,0,0,0,0,2,0,0,1,0,0,3,0,1,3,3,2,0,0,0,7,0,0,0,1
0,0,0,0,0,0,0,0,0,0,0,0,0,0,0,0,0,0,0,0,0,0,0,0,0,0,0,2,0,1,0,0,0,0,0,0,0,0
0,0,0,1,0,0,0,0,1,1,0,2,0,0,0,1,0,2,0,0,0,0,0,0,0,0,1,2,1,8,1,1,1,0,5,1,0,0
