1,1,0,0,0,0,0,0,0,0,0,0,0,0,0,0,0,0,0,0,0,0,0,0,0,0,0,0,0,0,0,0,0,0,0,0,0,0
0,9,0,17,0,1,4,3,0,4,0,0,0,0,0,0,0,0,0,0,0,0,0,0,1,0,0,1,0,0,0,0,0,1,0,0,0,0
1,4,5,1,0,4,0,0,0,0,0,0,0,2,0,0,0,0,0,0,1,1,0,0,0,0,0,0,0,0,0,0,0,0,0,0,0,0
4,24,4,85,35,33,13,9,0,3,9,12,4,6,0,1,1,2,1,7,5,5,0,3,7,0,0,3,1,0,0,0,0,3,0,0,1,1
3,2,0,30,19,15,7,12,3,10,8,14,3,6,3,1,2,4,1,10,0,7,1,0,8,1,9,4,2,5,0,0,1,0,1,0,0,0
0,4,7,40,18,79,51,8,3,0,7,8,8,5,3,5,1,8,3,5,0,9,0,2,3,0,6,6,0,3,2,0,0,2,0,0,0,0
1,1,4,20,13,53,37,14,7,1,9,9,8,8,2,1,6,5,2,3,4,11,5,2,8,1,6,3,2,6,0,0,0,0,2,0,0,0
0,1,0,7,18,11,9,2,2,3,2,0,13,3,4,4,6,3,2,3,1,15,0,0,6,1,7,2,1,2,0,0,0,1,0,0,0,2
0,0,0,2,1,13,10,1,1,2,3,1,1,2,2,0,6,5,1,0,1,0,0,1,3,0,1,0,0,1,0,0,0,1,0,0,0,0
1,0,0,6,12,4,3,1,0,3,7,8,0,1,1,1,1,6,0,11,4,1,1,2,4,2,6,0,1,1,0,0,0,1,0,2,2,0
0,3,3,16,12,3,6,3,1,10,9,13,0,0,1,2,2,0,1,16,5,12,0,3,5,0,3,0,1,1,3,0,0,0,0,0,1,1
0,1,1,11,11,7,13,5,2,4,7,8,11,6,2,0,4,9,5,5,7,14,0,5,4,4,6,6,0,5,1,0,2,0,0,0,0,0
0,1,1,2,5,13,14,1,2,0,3,1,3,3,0,2,2,2,4,1,1,2,1,0,3,0,7,1,0,4,0,0,1,1,0,0,0,0
0,0,1,2,6,4,6,1,1,1,2,3,4,5,3,0,5,3,3,11,0,3,0,0,1,0,6,3,1,6,0,0,0,1,0,0,0,1
0,0,0,1,1,3,0,0,1,2,3,0,1,1,0,0,2,1,0,3,2,1,2,2,0,0,4,2,0,0,0,0,0,1,0,0,0,0
0,0,0,1,1,8,2,2,1,0,0,3,0,0,0,3,1,1,4,2,0,4,0,0,2,0,4,7,0,2,0,0,0,0,0,0,0,0
0,1,1,4,4,4,3,4,1,0,2,3,3,1,0,2,3,2,5,9,1,5,0,1,4,0,9,0,0,3,0,0,0,3,0,0,0,1
0,0,0,3,2,2,7,1,1,0,7,5,7,1,0,2,1,0,6,6,0,8,0,4,12,0,6,5,0,0,1,0,0,2,0,0,0,0
1,0,1,5,1,3,3,0,1,0,1,2,3,3,0,7,4,2,6,3,2,5,6,1,9,0,8,3,2,7,0,0,0,0,0,0,0,0
0,3,0,5,7,3,7,4,1,6,19,11,3,7,1,1,4,10,4,23,11,7,1,1,18,1,10,4,1,5,0,0,0,2,1,3,0,0
1,0,0,3,1,2,0,0,0,0,0,9,1,0,0,0,0,2,0,6,0,3,3,0,3,1,6,0,1,1,1,0,0,0,0,1,0,0
0,0,2,8,1,13,2,3,0,2,6,8,1,3,0,1,4,6,4,9,2,4,0,1,10,2,22,6,3,8,3,0,1,5,0,0,0,0
0,0,0,0,0,2,1,1,0,0,1,0,0,0,0,2,0,0,2,0,0,2,0,0,1,0,0,1,0,3,0,0,0,0,0,0,0,0
0,0,0,3,0,2,2,3,2,0,2,3,2,1,0,0,4,3,4,5,1,0,0,1,1,1,7,4,0,0,0,0,0,0,0,1,0,0
0,1,2,8,14,11,13,6,1,6,12,7,1,5,3,4,2,5,5,24,1,9,1,3,44,12,28,39,17,22,1,0,0,11,0,4,0,1
0,0,0,0,3,3,2,1,0,1,7,2,0,1,0,1,1,3,6,5,1,2,1,1,16,2,8,4,0,2,0,0,1,1,1,0,0,1
0,1,1,10,6,13,9,1,5,0,1,3,11,3,0,4,13,4,18,15,2,6,0,3,26,4,37,20,6,44,2,0,1,8,1,2,0,1
0,0,1,2,4,2,1,1,0,1,6,5,1,4,0,1,2,2,2,9,6,3,0,0,35,1,12,16,7,30,4,0,0,12,3,3,0,3
0,1,0,1,2,3,0,0,0,1,1,0,0,0,1,1,0,1,2,1,0,1,0,0,11,1,6,13,0,6,0,1,0,7,0,2,0,2
0,0,0,6,5,5,12,4,0,0,4,9,4,1,0,7,2,5,6,4,5,17,0,1,19,1,35,23,12,50,2,5,3,13,0,3,0,6
0,0,0,0,0,0,0,0,0,3,1,0,0,1,0,0,0,0,0,0,1,1,1,0,3,0,0,1,0,3,2,0,0,0,4,0,0,2
0,0,0,0,0,1,1,0,0,0,0,0,0,1,0,0,0,0,0,1,0,1,0,0,1,0,0,0,1,1,1,0,2,0,0,0,0,1
0,0,0,0,0,0,0,0,0,2,1,0,0,0,0,0,0,1,0,1,0,3,0,0,6,1,3,5,0,2,1,0,1,0,0,1,0,0
0,0,0,0,2,0,0,1,0,2,1,1,1,0,0,2,1,0,0,7,4,1,0,1,6,0,6,12,4,10,1,1,0,2,3,1,0,1
0,2,0,0,0,0,0,0,0,0,1,3,0,0,0,0,2,0,0,1,1,6,0,0,5,0,2,3,0,2,0,1,1,4,0,0,0,2
0,0,0,0,1,0,0,0,0,2,1,1,0,0,0,0,0,0,0,1,0,1,0,0,1,0,0,2,1,3,1,0,0,1,1,0,0,0
0,0,0,0,0,0,0,0,0,0,0,2,0,2,0,1,0,0,2,0,0,0,0,0,0,0,2,0,0,4,0,0,0,0,0,0,0,0
0,0,0,0,0,0,3,0,0,0,1,0,0,1,0,1,0,1,1,2,0,0,0,0,2,1,2,5,1,2,1,0,0,0,2,1,0,1
