0,1,0,0,0,1,0,0,0,0,0,0,0,0,0,0,0,0,0,0,0,0,0,0,0,0,0,0,0,0,0,0,0,0,0,0,0,0
2,8,3,14,1,4,0,0,0,0,1,0,0,0,0,0,0,0,0,1,0,0,0,0,0,0,0,0,0,2,0,0,0,0,0,0,0,0
2,4,8,5,0,5,1,0,0,0,0,0,0,0,0,0,0,0,0,0,0,1,0,0,0,0,0,0,0,0,0,0,0,1,0,0,0,0
1,19,8,80,37,43,11,10,1,6,13,14,5,5,1,2,5,0,7,8,4,4,0,2,9,4,8,8,2,1,0,1,0,0,0,0,0,0
2,3,2,41,18,18,15,8,2,6,9,12,1,3,1,1,5,2,2,4,1,8,0,0,9,1,10,2,1,3,0,0,0,2,0,0,0,0
0,0,12,44,14,98,64,11,8,4,4,6,9,4,1,2,0,4,7,2,1,4,0,2,0,0,5,0,2,3,0,3,0,0,0,2,0,1
2,4,2,22,7,77,49,12,4,1,0,12,14,1,0,0,7,7,7,4,4,8,1,2,4,2,10,7,5,9,0,1,0,0,0,1,0,0
0,0,0,9,11,7,10,5,0,0,2,3,1,0,0,5,5,9,6,5,2,6,0,0,3,2,2,1,1,1,0,0,0,2,0,0,0,0
0,0,0,10,5,6,11,0,2,0,0,2,0,0,0,0,3,1,7,1,0,0,0,1,0,2,6,0,0,1,0,0,0,0,0,0,0,0
2,2,0,9,8,1,3,3,0,3,3,1,4,2,0,2,2,2,2,4,2,10,0,3,4,0,3,2,1,4,0,0,0,2,0,0,0,3
1,2,0,13,5,9,5,5,1,3,12,6,2,6,3,3,3,3,2,9,3,6,2,0,10,3,4,2,1,4,0,0,0,4,0,0,0,0
0,0,2,13,11,5,10,4,3,7,10,6,9,6,1,4,10,5,3,6,3,9,5,4,9,3,7,3,2,4,0,0,0,0,0,1,0,3
0,0,0,4,3,7,12,3,1,0,0,5,8,1,1,4,6,3,5,2,1,8,0,2,3,1,6,2,2,4,0,0,1,1,0,0,0,0
0,1,0,7,6,2,1,1,2,1,2,5,7,1,1,0,5,2,4,3,2,6,0,2,5,0,3,2,0,2,1,1,0,4,0,0,0,1
0,0,0,0,1,0,2,1,1,0,2,0,0,0,0,0,0,1,0,2,1,3,1,1,2,0,3,0,1,0,0,0,0,0,0,0,0,0
0,0,0,1,1,4,5,0,2,1,0,6,1,4,0,1,1,0,0,0,1,1,0,0,0,3,0,0,1,1,0,0,0,0,0,0,0,0
0,0,0,0,2,6,12,0,4,0,2,4,4,1,1,0,7,1,4,5,0,4,2,2,0,1,5,2,3,9,0,0,1,2,0,0,0,1
0,0,0,3,3,8,9,1,2,1,5,6,4,3,0,3,2,0,9,6,3,2,0,1,1,0,8,4,4,5,0,0,3,2,1,0,0,0
0,0,0,3,0,2,8,4,2,1,4,0,6,0,0,1,5,3,7,6,2,7,0,2,1,2,15,3,1,8,1,0,0,2,0,0,0,0
3,1,1,12,8,4,6,5,1,8,25,10,2,7,3,0,1,7,6,34,4,15,1,0,17,9,16,5,3,12,1,0,0,1,1,1,0,0
0,0,0,2,9,0,2,0,0,0,1,2,3,2,1,1,0,2,0,3,0,5,0,0,2,0,2,0,1,1,0,0,1,0,0,0,0,0
0,0,1,1,3,5,2,1,1,3,10,17,1,6,1,3,5,15,15,12,1,2,1,1,16,1,24,4,5,8,1,1,0,3,1,0,0,3
0,0,2,1,0,1,2,0,1,0,0,1,2,0,0,0,2,2,1,0,1,0,0,0,0,0,2,2,0,0,0,0,0,0,0,0,0,0
0,0,0,1,0,0,1,0,0,1,0,1,0,2,0,0,4,1,1,2,2,4,0,0,2,0,3,4,3,3,0,0,0,1,0,0,0,0
5,0,0,7,9,11,6,5,1,4,18,5,0,4,0,2,4,5,8,27,7,10,2,1,58,8,41,44,19,15,4,1,0,12,2,2,2,1
0,0,1,0,5,0,0,0,1,1,1,1,3,5,2,2,0,2,0,7,1,0,1,1,8,0,2,1,0,7,0,0,0,0,0,0,0,0
1,2,0,8,6,4,11,2,5,0,3,6,6,8,2,4,6,11,19,10,2,8,1,3,26,5,37,25,7,26,1,0,0,9,2,0,0,0
3,0,0,3,0,1,0,1,1,0,4,4,3,2,0,1,0,1,2,5,1,6,0,0,21,6,18,28,17,20,3,1,1,13,4,4,0,0
0,0,0,0,0,8,0,0,1,2,1,3,2,2,0,0,0,2,0,1,1,1,1,1,11,1,6,9,1,13,0,0,0,1,2,0,0,0
0,1,0,3,4,5,5,4,0,1,6,4,4,2,4,3,2,6,12,6,4,10,0,1,19,1,42,27,13,49,10,2,2,6,2,1,1,1
0,0,0,0,0,1,2,0,2,0,1,0,0,0,0,1,2,0,1,0,0,1,1,0,4,0,0,0,0,5,2,0,2,0,0,0,0,0
0,0,0,0,0,0,0,0,0,0,0,1,0,2,1,0,0,0,0,0,0,1,1,0,0,0,1,0,1,5,0,0,0,0,0,0,0,0
0,0,0,0,0,0,0,0,0,0,0,0,0,2,0,0,0,1,0,1,0,2,0,0,1,0,2,0,0,5,4,0,0,2,1,0,1,0
0,0,0,3,4,1,0,0,0,0,3,0,0,1,0,0,0,2,5,6,0,2,0,0,21,2,7,14,4,7,1,0,0,1,0,4,0,2
0,0,0,0,0,0,0,0,0,0,0,0,0,0,0,0,0,0,0,0,0,1,0,2,8,0,1,1,2,5,1,1,1,1,0,1,0,0
0,0,0,0,0,0,0,0,0,1,2,1,0,0,0,0,1,1,0,0,0,0,0,0,2,0,3,5,1,6,0,0,0,0,5,0,0,0
0,0,0,0,0,1,0,0,0,0,1,0,0,0,0,0,0,0,0,0,0,0,0,0,0,1,1,0,1,2,0,1,0,2,0,0,0,0
0,0,0,0,0,1,3,0,0,0,3,1,0,0,0,1,0,0,2,0,0,2,0,0,9,0,0,1,1,2,0,3,1,5,0,0,0,1
