0,2,0,0,0,0,0,0,0,0,0,0,0,0,0,0,0,0,0,0,0,0,0,0,0,0,0,0,0,1,0,0,0,0,0,0,0,0
3,6,2,12,0,0,3,1,0,0,0,0,0,1,0,0,0,0,0,3,0,0,0,0,0,0,0,0,0,0,0,0,0,2,0,0,0,0
0,6,10,0,2,6,0,1,0,0,0,2,0,0,0,0,0,0,0,0,0,1,0,0,0,0,0,0,0,0,0,0,0,0,0,0,0,0
4,22,9,101,44,47,15,7,4,3,14,12,3,4,0,3,4,3,2,9,2,5,0,2,13,4,1,3,1,5,0,0,1,3,0,2,0,0
0,2,1,48,19,10,17,9,1,1,12,8,7,3,0,0,2,2,3,13,2,4,2,0,11,2,3,7,5,2,0,0,0,2,0,1,0,1
2,6,14,36,14,99,66,14,18,0,6,8,11,4,2,1,4,2,1,2,3,1,0,0,4,1,13,4,1,6,1,1,0,0,0,0,0,1
0,2,5,17,19,84,36,11,2,0,4,8,15,3,0,7,8,7,8,3,2,3,0,0,7,0,7,4,1,7,0,0,0,0,0,1,0,0
0,0,1,6,6,3,10,2,1,3,2,3,1,1,3,0,9,0,2,1,0,1,2,1,4,3,2,1,1,1,0,0,0,1,0,0,0,0
0,0,0,1,3,6,9,3,1,0,3,3,2,4,0,1,2,5,0,2,0,0,0,0,0,0,4,1,0,4,0,0,0,0,0,0,0,0
0,0,0,4,3,1,2,2,0,2,5,4,2,6,1,0,2,5,1,6,3,6,1,1,3,2,1,2,1,0,0,0,0,0,0,0,0,1
0,0,0,5,9,4,3,3,1,1,1,9,3,1,0,4,3,6,3,8,0,5,0,0,9,1,2,2,4,6,1,0,2,2,0,0,0,4
0,3,0,4,11,20,5,0,1,5,6,10,1,3,1,3,5,0,4,3,5,8,3,6,9,4,0,3,2,3,2,0,0,1,2,0,0,0
0,1,0,7,3,12,11,4,3,0,2,3,4,3,0,4,4,7,7,5,0,1,0,2,3,2,8,1,0,1,1,1,0,0,0,1,0,0
0,0,0,2,5,7,5,2,1,0,0,5,4,0,2,5,2,2,4,6,1,7,1,5,4,1,3,1,3,3,0,0,0,0,0,0,0,0
0,0,0,1,1,0,2,1,0,0,3,3,0,1,1,2,0,0,0,2,0,0,0,4,1,0,2,1,0,0,0,0,0,0,0,0,0,1
0,1,0,3,2,6,7,1,0,1,3,0,0,1,0,0,1,0,0,1,1,8,0,3,1,0,0,2,0,3,0,0,0,0,0,0,0,0
0,0,0,1,4,2,14,4,3,0,3,9,5,3,0,0,8,4,4,5,1,5,0,2,4,0,16,1,0,5,1,0,0,1,0,0,0,0
0,3,0,5,3,11,13,3,3,2,2,7,3,7,0,2,3,2,2,8,0,12,0,0,8,4,17,2,2,12,1,0,0,0,1,0,0,0
0,0,1,4,0,13,4,3,6,1,1,7,2,3,0,1,2,5,7,2,5,8,0,4,1,1,13,1,1,7,0,0,0,1,0,1,0,0
0,3,0,11,8,4,2,0,2,5,9,2,3,11,1,1,1,9,2,24,11,7,1,1,12,5,11,2,6,7,2,0,0,0,0,1,0,2
0,0,0,2,3,1,4,0,1,4,2,1,8,4,1,0,1,0,0,13,0,3,1,0,5,0,4,2,0,1,0,0,0,0,0,0,0,0
0,3,0,4,3,6,2,0,1,4,8,8,2,8,3,0,1,6,6,8,1,1,0,0,14,1,8,2,2,10,0,0,0,5,0,1,2,0
0,0,0,1,0,1,4,1,2,0,3,3,0,0,0,0,0,2,0,4,4,1,0,0,1,0,1,1,0,0,0,0,0,0,1,0,0,0
0,0,2,0,0,1,0,0,1,3,1,2,1,3,0,1,4,2,2,3,1,3,1,0,3,1,4,1,2,0,0,0,0,0,0,0,0,4
1,1,0,4,5,1,8,2,0,4,9,6,4,11,3,1,4,3,3,37,3,8,2,7,45,15,34,42,17,32,2,0,0,9,3,2,0,1
0,0,0,1,2,1,2,0,0,2,1,5,1,2,0,0,1,3,3,4,2,2,1,0,11,0,4,4,1,2,1,0,0,0,0,0,0,1
2,0,0,10,11,10,18,0,2,0,7,5,8,7,2,3,8,9,13,11,4,14,5,3,29,4,30,20,14,37,2,0,1,7,1,1,2,1
0,0,0,3,1,3,1,1,3,1,2,6,1,4,0,2,2,5,0,4,0,3,1,2,26,3,8,25,18,29,0,0,0,16,6,2,1,3
0,0,0,1,2,0,0,2,0,0,1,0,0,3,0,1,1,1,2,2,0,2,0,2,13,1,11,13,2,14,0,1,0,4,0,1,0,0
0,1,0,4,6,4,8,1,2,3,1,9,6,4,0,2,4,4,9,8,4,7,4,1,22,12,41,16,15,74,6,3,0,14,5,4,0,1
0,0,0,0,0,0,0,0,0,0,0,1,2,0,0,0,1,4,0,0,0,0,0,0,0,0,2,2,0,6,2,0,0,3,0,1,0,0
0,0,0,0,0,0,0,0,0,0,0,0,0,0,0,0,0,0,2,0,2,0,0,1,1,0,1,0,0,4,0,0,1,0,0,0,0,1
0,0,3,0,0,0,0,0,0,0,0,0,1,1,0,0,1,0,3,5,0,0,0,0,0,0,2,1,0,7,0,0,0,0,0,1,0,0
0,0,0,0,0,2,1,0,1,0,1,2,0,4,0,0,2,2,0,2,0,1,0,1,12,2,5,16,6,6,1,0,0,4,1,1,0,4
0,0,0,0,0,0,0,0,0,0,0,0,1,1,0,0,0,1,0,0,0,0,0,0,1,0,1,4,1,3,3,0,0,6,0,0,0,3
0,0,0,0,1,1,0,0,0,0,0,1,1,1,0,0,0,1,0,0,0,0,0,0,2,0,0,0,0,2,0,1,1,1,0,0,0,1
0,0,0,1,1,0,0,0,0,0,0,2,0,0,0,0,0,0,0,1,0,0,0,1,0,0,0,0,0,2,0,0,0,0,0,0,0,1
0,0,0,0,0,0,2,2,8,0,1,1,0,2,1,1,0,0,0,1,0,1,0,0,1,0,0,0,0,0,3,3,0,0,1,0,0,3
