0,1,0,0,0,0,0,0,0,0,0,0,0,0,0,0,0,0,0,0,0,0,0,0,0,0,0,0,0,0,0,0,0,0,0,0,0,0
0,5,5,9,0,2,0,0,0,0,0,1,0,0,0,0,0,0,0,0,0,2,0,0,0,0,0,0,0,2,0,0,0,0,0,0,0,0
0,1,8,1,2,3,0,0,0,0,0,0,2,0,0,0,0,0,0,0,0,0,0,0,1,0,0,0,0,1,0,0,0,0,0,0,0,0
3,15,9,119,30,30,22,2,1,6,9,17,1,9,1,4,9,4,0,6,4,0,0,2,9,1,13,1,0,0,0,0,0,0,2,1,0,0
0,6,1,37,13,19,4,3,0,13,5,20,2,6,2,2,4,4,1,7,2,7,1,1,12,0,9,1,2,2,1,0,0,1,0,1,0,0
2,4,18,32,15,109,57,4,4,0,4,11,9,5,1,3,7,1,7,5,1,3,2,0,5,0,7,4,3,3,2,0,2,1,0,0,0,0
0,1,1,11,7,66,36,10,6,2,6,5,1,5,4,3,8,5,6,3,3,8,3,1,3,0,6,0,0,6,2,3,2,1,0,0,0,0
1,0,1,2,4,12,11,3,1,0,9,6,4,1,4,1,2,0,8,2,1,5,2,1,6,0,4,1,1,2,0,0,0,2,0,0,0,0
0,0,0,5,5,11,5,0,1,2,2,0,10,0,0,2,1,3,2,1,0,1,0,0,0,0,3,0,2,4,0,0,0,0,0,0,0,0
0,0,0,6,9,2,2,2,0,1,9,16,3,3,0,1,0,2,2,4,3,6,0,1,2,1,2,3,2,3,0,0,0,2,0,0,0,1
0,0,1,22,8,2,5,3,0,2,10,4,3,2,1,2,2,3,2,7,5,10,0,0,6,3,3,4,0,3,0,0,0,3,0,3,0,0
0,2,1,8,12,7,11,2,3,8,14,7,7,5,4,3,3,8,11,12,2,10,1,2,6,4,8,3,4,0,1,0,0,4,0,1,0,0
0,0,0,2,2,12,23,1,3,0,1,2,6,4,0,2,1,4,3,4,0,5,1,0,4,0,5,0,0,0,0,0,0,0,0,0,0,0
0,0,0,1,0,11,4,5,0,0,6,5,6,2,2,0,1,4,2,3,5,1,0,3,1,4,2,3,1,1,0,0,0,0,1,0,0,0
0,0,0,1,0,0,3,0,0,4,2,2,0,1,0,0,0,0,0,0,0,2,0,2,2,0,1,1,2,3,0,0,0,0,1,0,0,0
0,0,1,0,2,7,9,2,1,0,0,2,3,2,0,2,0,0,0,4,0,1,1,1,3,0,7,1,0,0,0,0,1,0,0,0,0,0
0,0,0,3,0,7,6,0,4,0,3,6,0,2,3,2,4,4,4,6,1,7,0,0,3,3,9,1,3,6,0,0,0,0,0,0,0,0
0,0,3,3,8,2,1,4,4,0,2,6,5,4,0,1,2,3,1,5,1,6,3,6,3,2,6,3,0,5,1,0,0,1,0,0,0,0
0,0,0,2,6,4,12,0,4,0,0,2,1,0,0,1,2,4,5,1,1,7,0,1,4,1,6,0,1,12,0,0,0,3,0,0,0,0
1,1,1,13,7,7,9,1,1,2,14,10,2,9,3,3,9,14,3,26,7,7,0,4,24,6,13,3,7,8,0,0,0,1,0,1,0,0
0,0,0,3,2,1,2,0,1,2,3,4,0,2,3,1,3,2,4,2,1,4,0,0,6,0,2,1,1,5,0,0,0,3,0,0,0,0
0,0,1,2,6,5,5,2,4,3,5,8,3,9,0,3,1,5,8,8,1,3,1,1,11,1,7,2,1,13,3,0,2,1,0,0,0,0
0,0,0,0,3,3,0,0,0,0,0,2,0,0,0,1,1,2,4,1,2,0,0,0,0,1,1,1,0,3,0,0,0,0,0,0,0,0
0,0,0,4,0,4,0,4,1,0,5,4,1,0,1,0,2,2,0,4,0,1,0,1,5,0,3,0,1,4,1,0,0,1,0,1,0,3
1,1,1,5,8,7,7,0,4,4,10,6,1,3,3,2,0,11,5,34,6,12,6,1,63,6,31,22,8,16,0,0,3,15,2,0,1,2
0,0,0,2,1,1,1,1,0,2,1,1,0,2,1,1,1,4,1,6,1,2,0,1,2,3,3,2,1,4,0,0,0,0,1,0,0,0
0,0,0,3,1,1,10,2,1,2,7,5,4,4,0,3,6,17,14,10,5,7,0,1,20,7,40,15,10,42,1,1,0,9,2,1,0,6
0,0,0,2,5,2,5,0,0,0,3,2,2,4,2,0,0,3,10,9,2,5,0,0,37,3,18,23,14,18,0,1,0,7,5,2,0,2
0,0,0,1,5,0,0,0,2,0,1,2,2,0,2,0,2,0,3,1,0,3,0,0,6,0,5,6,6,17,2,0,0,5,0,0,0,0
1,0,3,8,3,3,4,1,0,0,9,10,3,4,2,0,7,6,7,3,3,6,0,3,24,7,29,23,17,52,6,0,1,13,5,2,0,3
0,0,0,3,0,3,0,0,0,0,0,1,0,2,0,0,0,0,0,1,0,0,0,0,1,0,0,0,0,8,0,0,0,0,2,1,0,2
0,0,0,0,0,0,0,0,0,0,0,0,2,0,1,0,2,1,0,0,0,2,0,0,0,2,1,0,1,1,0,0,1,1,0,0,0,1
0,0,0,0,0,2,2,0,0,0,1,0,0,2,0,3,0,1,0,0,0,0,0,1,0,0,0,1,0,2,0,0,1,1,3,2,0,0
0,0,0,1,0,3,3,2,0,0,3,1,1,2,0,0,0,2,0,4,1,3,3,1,10,1,9,8,4,15,3,3,0,5,2,7,1,3
0,0,0,1,0,0,0,0,0,0,0,0,2,0,0,0,0,0,1,1,1,1,0,1,1,1,0,1,2,2,2,0,1,6,2,0,1,1
0,0,0,0,0,0,0,0,0,0,0,0,3,0,0,0,0,1,0,0,0,0,0,0,3,1,1,2,1,3,0,0,0,3,1,0,0,1
0,0,0,0,0,0,0,0,0,0,1,0,0,0,0,0,2,0,0,0,0,1,0,0,0,0,0,0,1,1,0,0,0,0,0,0,0,0
0,0,0,0,0,0,1,3,6,0,4,2,0,2,0,0,0,3,0,3,0,0,0,0,1,0,3,1,0,6,1,0,0,1,1,0,0,3
