2,1,0,0,0,1,0,0,0,0,1,0,0,0,0,0,0,0,0,0,0,0,0,0,0,0,0,0,0,0,0,0,0,0,0,0,0,0
1,10,2,4,1,1,1,0,0,0,0,1,1,1,0,0,0,0,0,0,0,0,0,0,0,0,0,0,0,0,0,0,0,0,2,0,0,0
0,5,7,3,1,5,0,0,0,0,0,0,0,0,0,0,0,0,0,0,1,0,0,0,0,0,0,0,0,0,0,0,0,0,0,0,0,0
8,19,9,85,26,24,17,6,0,2,4,11,6,7,2,3,0,5,3,5,0,3,0,0,1,2,3,0,6,7,1,0,0,4,0,0,0,1
0,0,1,30,17,15,23,4,4,7,14,13,0,3,1,6,3,1,4,5,0,8,1,1,3,0,2,1,1,7,2,0,0,2,1,0,0,0
1,8,10,45,10,107,51,4,6,0,4,7,4,2,0,2,3,6,1,1,1,3,1,0,4,0,11,0,4,4,0,0,0,1,0,1,0,0
0,2,2,31,28,52,33,8,9,0,7,8,13,3,0,7,11,11,4,3,0,4,0,3,5,3,12,1,2,7,0,1,0,0,0,0,0,0
0,0,1,3,10,15,13,3,1,0,2,5,1,0,0,4,7,4,3,4,0,5,0,2,2,0,4,1,1,2,0,0,1,0,0,0,0,0
0,0,0,2,4,15,14,1,1,0,1,3,1,0,0,0,1,2,2,0,0,1,0,1,2,0,4,0,1,0,0,0,0,1,0,0,0,0
0,2,0,8,11,4,4,4,0,2,1,2,2,5,0,1,3,2,0,5,2,7,3,5,2,1,0,1,0,0,0,0,0,0,0,0,0,0
0,0,0,8,10,2,2,3,0,4,6,6,6,2,4,4,2,1,1,13,4,6,1,5,7,0,1,0,0,0,0,1,1,0,0,1,0,1
0,3,1,10,15,11,14,6,3,1,7,5,1,1,8,3,4,6,0,6,9,16,2,4,5,1,7,3,3,7,0,0,0,1,0,2,0,2
1,0,1,6,4,11,13,3,1,1,0,5,1,0,0,1,3,10,4,3,1,5,0,0,1,0,7,2,0,2,0,1,0,1,0,0,0,0
0,3,0,4,4,3,3,4,0,3,6,8,0,1,1,0,4,1,0,10,4,5,0,0,0,1,2,3,0,3,1,0,0,0,0,0,0,0
0,2,0,2,2,2,0,2,0,2,0,6,0,1,0,2,1,0,1,2,0,1,0,1,0,1,1,1,0,1,0,0,0,0,0,0,0,0
0,0,0,0,2,2,2,2,0,0,1,1,0,2,0,0,3,1,0,0,0,3,0,1,4,0,3,2,1,2,0,0,0,2,0,0,0,1
0,0,0,1,2,8,8,2,4,4,3,2,3,3,0,1,2,2,4,3,0,3,0,2,6,1,9,1,1,3,0,0,0,0,0,0,0,2
0,0,0,1,2,10,9,3,3,4,6,0,8,6,0,1,4,5,7,5,6,6,0,2,6,6,8,3,0,9,0,0,1,0,0,0,0,1
0,1,0,3,6,2,1,0,5,0,2,5,2,2,1,2,4,4,2,0,3,13,1,2,9,1,25,2,1,12,0,0,0,1,0,0,0,1
1,3,4,2,4,10,12,0,4,6,16,9,4,1,4,1,11,20,4,18,14,8,1,0,22,2,6,4,1,1,1,0,0,0,0,0,2,2
0,1,1,6,1,3,0,0,2,3,2,2,2,0,2,1,1,3,0,6,2,3,0,1,3,1,0,3,0,5,0,0,0,1,0,0,0,1
0,0,0,4,2,6,14,3,0,3,6,8,3,2,3,2,5,13,9,6,3,3,0,1,8,0,17,2,2,5,0,0,0,0,3,1,0,2
0,0,0,0,0,1,2,0,0,1,0,3,0,0,0,2,0,0,1,0,0,0,1,0,3,1,5,0,0,0,0,0,0,0,0,0,0,0
0,0,0,0,1,0,0,0,0,0,0,4,1,6,2,1,1,6,1,1,2,2,0,1,2,1,6,0,2,3,0,0,0,0,0,1,0,0
0,0,0,8,9,6,9,3,3,3,5,6,7,1,1,1,9,1,7,32,3,5,2,6,39,6,21,31,7,19,3,1,1,17,1,0,0,2
0,1,0,1,3,2,0,0,0,2,3,0,0,3,0,0,3,4,1,1,0,1,0,2,8,0,4,3,2,6,0,0,0,0,0,0,0,0
1,3,1,4,0,5,6,3,2,3,3,7,3,3,0,5,4,15,24,9,4,13,1,10,28,3,36,13,11,34,1,2,1,4,0,0,0,3
0,0,3,1,0,1,4,2,0,1,4,5,2,0,1,0,3,6,7,13,2,3,0,0,25,1,8,18,13,17,1,0,1,13,3,8,0,0
0,0,0,4,1,0,1,0,2,0,1,1,0,0,0,0,1,0,1,5,3,2,0,0,10,0,6,10,7,16,3,0,1,8,2,2,1,2
0,0,0,2,2,3,6,1,3,0,2,1,3,5,0,3,2,4,3,7,5,5,4,2,25,0,23,29,6,47,1,4,2,9,4,0,1,2
0,0,0,0,0,0,0,0,0,0,1,0,0,0,1,0,2,2,0,1,0,0,2,0,0,0,2,1,1,6,2,0,2,4,0,0,0,0
0,0,0,2,0,1,1,0,0,0,1,0,1,0,0,0,0,0,0,0,0,0,0,0,1,0,2,1,1,1,0,0,0,1,0,1,0,1
0,0,1,0,0,2,1,0,0,0,3,0,0,0,2,0,0,0,1,1,0,0,2,0,1,0,2,0,0,8,0,0,0,0,0,1,0,0
0,0,0,0,1,0,0,0,0,0,0,0,0,7,2,1,0,4,2,4,1,0,0,0,13,0,7,5,6,8,0,1,1,7,0,3,0,1
0,0,0,0,0,0,0,0,0,0,0,0,0,0,0,1,0,0,0,0,0,1,0,0,2,4,0,4,0,4,0,0,0,1,0,1,0,1
0,0,0,1,1,0,0,0,1,0,0,0,1,0,0,0,0,0,0,0,0,0,0,0,3,0,0,2,3,1,1,0,0,9,0,0,0,0
0,0,0,0,0,0,0,0,0,0,0,0,0,0,0,0,0,0,0,0,0,0,0,0,0,0,0,5,0,0,0,0,0,0,0,1,0,1
0,0,0,0,0,1,0,0,1,0,1,5,0,2,1,0,1,0,0,0,0,0,1,1,1,1,2,0,0,2,2,0,1,0,2,0,1,0
