2,0,0,0,0,0,0,0,0,0,0,0,0,0,0,0,0,0,0,0,0,0,0,0,0,0,0,0,0,0,0,0,0,0,2,0,0,0
0,3,8,8,1,0,1,2,0,1,0,1,1,0,0,0,0,0,0,3,0,0,0,1,0,0,0,0,0,1,0,0,0,0,0,0,0,0
0,2,6,1,0,5,2,0,0,0,0,0,0,0,0,0,0,0,0,0,0,0,0,0,0,0,0,0,0,0,0,0,0,0,0,0,0,0
0,25,9,119,28,39,10,1,1,1,8,12,3,5,0,2,1,0,5,4,0,2,0,0,8,0,3,2,0,2,0,0,0,0,0,1,0,0
2,0,1,36,19,21,9,3,2,4,9,12,1,5,2,1,5,2,1,10,4,3,0,3,9,0,9,3,1,1,1,0,0,0,0,1,0,0
1,8,11,34,12,91,50,10,5,4,1,4,3,3,1,1,7,3,7,1,2,3,0,6,0,0,4,1,1,5,0,0,0,3,1,0,0,3
0,6,3,18,12,72,28,6,6,2,0,10,13,4,2,1,15,6,9,6,2,10,0,3,5,1,9,3,9,11,1,1,0,1,0,2,0,0
0,0,0,8,15,8,13,0,0,1,1,2,2,0,4,0,7,6,3,5,2,4,1,3,4,2,5,0,2,3,1,0,0,0,0,0,0,1
0,1,0,4,1,13,16,0,4,0,2,1,1,0,1,0,3,2,7,0,0,1,0,0,5,0,0,0,0,0,0,0,0,1,0,0,0,0
1,1,0,6,5,7,5,1,3,1,3,2,2,3,0,2,1,4,3,9,2,5,2,2,6,3,3,2,0,1,0,0,2,1,0,0,0,0
0,0,0,15,5,3,4,2,1,4,6,4,3,2,2,2,2,5,1,3,4,7,0,1,5,2,3,2,3,1,0,0,0,1,0,0,0,1
0,1,0,13,14,11,13,3,2,3,7,10,5,1,6,2,6,3,8,3,2,14,1,1,6,2,8,1,2,5,2,0,0,1,0,0,0,0
0,1,0,6,2,14,11,6,5,0,0,5,4,3,0,0,4,5,5,3,1,2,1,0,3,3,12,4,0,4,0,0,0,0,0,1,0,0
0,1,0,4,3,6,2,5,0,4,5,3,4,1,0,0,3,5,1,8,1,9,0,2,1,2,4,2,1,0,1,0,0,0,0,1,0,0
0,0,0,1,2,3,0,0,0,1,5,1,5,0,0,0,0,0,1,3,0,3,1,0,3,0,4,0,0,1,0,0,1,0,0,0,0,0
0,0,0,0,0,0,4,2,2,0,1,2,0,0,0,3,1,1,1,0,0,3,0,2,2,0,2,2,0,1,0,0,0,0,0,0,0,1
0,2,1,1,3,5,9,0,4,1,3,2,4,1,0,0,5,2,4,1,1,12,0,1,0,3,5,3,1,8,0,0,0,1,0,0,0,0
0,3,1,4,3,3,5,5,0,4,2,7,3,2,0,1,2,3,3,6,2,7,2,1,8,0,9,2,3,4,0,0,0,1,1,1,0,0
1,0,0,3,4,4,4,1,0,0,3,4,2,0,2,1,1,3,6,4,5,4,1,0,4,1,12,2,4,8,0,1,1,0,0,0,0,0
2,2,0,10,4,8,11,3,0,6,17,4,7,7,0,1,9,11,5,14,9,8,1,4,9,10,13,5,3,4,0,0,0,4,0,1,1,0
0,0,0,2,9,2,3,1,1,3,7,3,2,0,1,4,1,4,3,6,0,2,0,0,1,1,2,0,0,3,0,1,0,0,0,0,0,2
0,1,1,2,8,10,6,1,1,4,6,11,4,5,2,2,0,10,3,10,2,3,1,3,14,3,6,2,3,4,0,0,1,1,0,2,0,1
0,0,0,0,2,1,1,0,1,0,0,0,0,0,0,1,0,0,0,0,1,0,0,0,2,0,0,2,0,1,0,0,0,0,0,0,0,1
0,0,0,0,0,0,4,2,0,0,1,1,2,2,1,0,1,2,1,0,1,6,1,3,3,0,9,0,0,7,0,0,0,0,1,1,0,1
0,1,0,10,5,8,5,2,2,5,7,4,2,10,0,3,9,4,4,9,2,11,4,3,37,7,29,18,9,16,5,1,3,5,5,4,0,0
3,0,0,0,0,0,1,0,0,1,2,0,0,0,1,0,0,5,0,2,1,4,0,0,7,2,5,2,2,4,0,0,0,1,0,0,0,1
0,0,0,5,4,6,8,5,4,5,3,9,3,1,1,2,4,16,14,12,6,11,1,2,26,3,35,15,11,39,2,0,1,2,5,4,0,0
0,0,0,0,1,1,3,1,1,0,1,8,1,1,0,0,2,3,4,7,2,3,1,2,34,4,9,22,9,28,2,0,0,7,5,2,2,2
0,0,0,1,1,1,2,1,0,2,1,5,0,1,0,0,1,1,0,7,0,0,0,5,13,2,7,10,8,11,2,0,0,4,3,4,0,4
0,0,0,7,3,2,4,1,1,0,2,3,3,1,1,0,6,11,10,3,2,8,2,5,25,4,32,9,11,38,9,2,0,12,5,5,2,4
0,1,0,0,0,2,0,0,0,0,0,0,0,2,0,0,0,1,2,0,1,0,0,6,3,0,0,1,2,6,2,0,0,6,2,1,0,1
0,0,0,0,0,0,0,0,0,0,0,1,0,0,0,0,2,0,0,2,0,2,0,0,3,1,1,0,0,4,0,2,0,0,1,0,0,3
0,0,0,0,2,0,2,0,0,0,0,0,3,1,0,0,0,0,0,0,0,1,0,0,1,0,2,0,1,5,2,0,0,0,1,0,1,0
0,0,0,4,3,0,1,2,0,1,4,1,0,5,1,0,2,2,0,3,2,2,0,0,5,0,10,4,1,7,6,0,0,6,0,2,0,6
0,0,0,0,0,0,0,0,0,0,2,0,0,1,0,0,0,0,1,0,0,3,0,0,1,0,0,7,2,8,0,0,0,4,2,2,0,1
0,0,0,0,0,0,0,0,0,1,0,0,0,1,0,0,1,0,0,0,0,0,0,0,3,0,0,1,0,1,0,0,2,2,0,1,0,0
0,0,0,0,0,0,0,0,0,0,1,2,0,2,0,0,2,0,0,0,1,0,0,3,1,0,0,0,1,3,2,0,0,0,0,0,0,0
0,0,0,0,0,0,1,0,0,0,1,0,0,2,0,0,0,1,0,1,1,1,0,0,0,0,1,0,0,9,1,1,0,2,0,4,0,2
