1,0,0,0,0,0,0,0,0,0,0,0,0,0,1,0,0,0,0,0,0,0,0,0,0,0,0,0,0,0,0,0,0,0,0,0,0,0
0,7,1,10,4,6,3,0,0,0,4,0,0,0,0,0,0,0,0,1,2,0,0,0,0,0,0,0,2,0,0,0,0,2,0,0,0,0
0,5,6,10,0,5,3,0,0,0,0,1,0,0,0,0,0,0,1,1,0,0,0,0,0,0,0,0,0,1,0,0,0,1,0,0,0,0
5,32,6,82,39,34,26,9,2,5,6,6,2,4,0,4,4,1,2,6,1,6,3,2,10,0,5,0,3,2,1,1,0,1,0,0,0,0
3,8,2,42,20,17,13,4,9,7,14,10,5,5,0,4,2,3,1,6,2,1,0,1,8,3,4,2,2,1,2,0,0,1,0,2,0,2
3,6,18,47,13,102,69,3,6,0,4,7,1,0,0,2,8,4,2,5,0,5,0,3,8,4,9,1,2,4,0,1,0,0,1,0,0,0
0,2,2,17,10,54,53,6,2,0,5,10,5,9,0,2,6,5,10,6,2,4,2,0,3,1,4,0,1,4,2,0,3,0,0,0,0,0
0,1,0,5,1,12,6,3,3,1,2,2,3,1,4,4,0,3,4,0,0,3,0,2,4,1,6,1,0,9,1,0,0,1,2,0,0,0
0,1,0,8,1,9,15,1,0,0,3,2,0,1,2,0,2,3,3,0,0,0,0,1,0,0,0,0,0,2,0,0,0,0,0,0,0,1
3,3,0,7,6,8,4,0,0,0,5,6,0,3,0,1,4,2,3,11,1,6,0,1,7,0,3,0,1,0,0,0,0,0,0,1,2,6
0,0,0,6,11,3,6,1,0,5,4,11,0,0,2,2,2,4,3,1,2,12,1,1,8,2,6,7,0,0,0,0,0,3,0,0,0,0
0,1,0,9,17,11,8,3,10,7,9,6,5,3,0,2,3,5,1,4,5,16,4,3,10,0,4,5,1,5,0,0,2,4,0,1,0,0
0,1,0,5,7,10,8,4,2,1,1,0,3,0,0,1,6,4,10,1,2,5,2,2,1,0,6,0,0,2,4,0,0,1,0,1,0,1
0,2,2,4,2,4,3,0,0,2,2,1,1,2,0,6,5,0,3,10,5,9,1,3,3,2,1,0,0,4,0,0,0,3,1,0,0,0
0,0,0,2,0,0,0,3,0,0,1,0,0,1,0,1,1,0,0,1,0,0,0,2,3,0,1,1,0,2,0,0,0,0,0,0,0,1
0,0,0,2,2,4,8,0,0,1,3,3,1,1,0,0,4,2,2,1,3,4,2,1,3,0,1,1,0,7,0,0,0,2,0,2,0,0
0,0,0,1,2,7,10,3,4,2,8,1,2,3,0,1,3,3,5,0,2,5,2,1,1,0,9,0,2,3,0,0,0,0,0,0,0,1
0,0,0,0,3,7,6,1,5,3,2,3,2,4,2,2,5,5,3,6,0,19,0,0,4,3,9,6,2,4,1,0,0,1,0,0,0,3
0,0,0,3,1,6,1,5,1,0,1,6,0,2,0,0,6,3,4,4,0,15,0,7,0,1,4,6,2,5,1,0,0,0,0,0,0,1
1,2,1,17,6,16,5,3,1,4,12,13,4,8,0,0,7,12,0,11,3,10,1,1,13,2,13,2,1,5,2,2,0,1,1,0,0,2
0,2,2,2,2,3,3,1,0,0,2,3,1,3,1,2,3,5,1,10,1,1,0,0,3,0,3,0,0,2,0,0,0,0,0,0,0,0
0,0,0,3,0,11,1,1,2,1,4,5,6,3,1,2,8,12,12,9,5,2,3,2,9,2,23,6,2,5,0,0,2,4,0,2,1,2
0,0,0,1,0,1,2,1,1,0,0,0,2,0,0,2,1,1,0,0,1,0,0,0,2,0,2,0,1,2,0,0,0,0,0,0,0,0
0,1,0,2,2,1,4,1,1,0,4,3,3,2,0,0,1,3,1,2,1,6,0,0,2,0,4,2,0,3,2,0,0,2,0,0,0,1
0,1,1,9,13,5,11,2,0,2,7,11,2,2,0,1,5,8,5,25,5,12,1,6,37,9,35,20,8,15,4,0,0,13,2,3,1,0
0,0,0,2,0,0,0,0,0,1,3,2,0,1,1,0,0,0,0,1,1,2,1,0,1,1,4,0,1,4,1,0,0,2,0,0,0,0
0,0,0,4,2,11,7,7,0,3,13,5,10,3,1,1,7,20,13,7,2,17,2,3,31,6,37,20,15,40,7,1,0,4,1,0,0,2
1,0,2,3,3,0,3,1,1,3,5,5,5,0,0,0,0,4,3,17,4,5,0,3,31,1,14,15,4,22,2,2,3,7,2,4,0,0
0,0,0,1,1,2,1,0,1,0,3,3,3,3,0,0,0,0,2,1,0,3,0,0,9,2,4,7,2,6,6,0,0,4,1,1,0,0
0,0,0,3,4,3,4,0,2,1,1,8,6,2,2,0,2,10,2,10,2,11,2,4,27,2,39,19,8,54,5,5,0,17,6,2,1,2
0,0,0,0,2,1,0,0,0,0,2,0,0,2,0,1,0,1,0,2,0,0,0,0,0,0,3,2,3,5,7,1,1,1,0,1,0,0
0,0,0,0,0,0,2,1,0,1,1,0,1,0,0,0,0,0,0,0,0,1,0,1,0,1,0,1,0,3,3,0,0,0,0,1,0,0
3,0,0,0,0,1,1,0,1,0,0,0,0,0,0,0,1,2,0,0,0,1,0,0,1,0,0,0,0,3,0,2,1,0,0,0,0,0
0,0,0,2,0,0,4,0,3,0,3,1,1,0,0,0,1,0,1,1,2,0,1,0,14,1,3,11,3,15,3,0,0,8,2,0,0,5
0,0,0,1,0,0,0,0,0,0,0,0,0,0,1,0,1,0,0,0,0,1,0,0,3,0,0,1,2,5,2,0,1,3,1,2,0,0
1,0,0,0,0,1,0,0,1,2,0,1,2,0,0,0,0,2,0,2,0,0,0,0,0,0,0,1,2,1,1,0,1,0,1,1,0,1
0,0,0,0,0,0,0,0,0,0,0,0,0,0,0,1,0,0,0,0,0,0,0,0,0,0,0,0,0,0,0,0,0,0,0,0,0,0
0,0,0,3,0,3,3,0,0,0,0,1,1,1,0,1,0,0,1,1,1,2,0,3,2,0,2,0,0,5,4,1,0,3,0,0,0,4
