0,0,0,0,0,0,0,0,0,0,0,0,0,0,0,0,0,0,0,0,0,0,0,0,0,0,0,0,0,0,0,0,0,1,0,0,0,0
0,9,6,5,5,1,3,0,0,0,3,0,1,0,0,0,0,0,0,1,0,0,0,0,1,0,1,1,0,0,0,0,0,0,0,0,0,0
0,4,5,2,0,7,2,0,0,0,0,0,0,0,0,0,0,0,0,0,0,0,0,0,0,0,0,0,0,0,0,0,0,0,0,0,0,0
0,28,11,89,50,30,26,6,2,7,12,21,4,3,0,2,6,6,4,4,2,7,0,0,4,0,6,4,3,5,1,0,1,0,0,1,0,2
0,1,2,58,17,15,11,12,0,3,13,8,1,4,2,7,2,4,3,6,0,4,1,2,15,2,5,3,4,0,0,1,0,3,0,0,0,0
6,5,13,31,14,80,47,11,13,0,3,8,9,2,1,1,5,7,1,5,5,10,1,1,4,0,5,2,0,2,0,0,0,0,0,0,0,0
2,0,0,17,18,55,37,10,9,2,3,12,10,1,0,4,7,4,8,3,4,6,1,3,4,1,5,2,4,4,0,0,0,1,1,0,0,1
0,0,0,3,2,18,10,0,4,2,4,1,3,1,3,4,6,5,5,1,5,6,1,2,3,0,8,2,1,5,0,0,0,0,0,0,0,0
0,1,0,1,2,8,16,0,1,2,0,3,1,3,1,0,1,2,1,0,0,2,0,0,4,2,2,0,1,3,0,0,0,0,0,0,0,0
0,0,1,5,6,3,7,2,0,1,2,8,0,15,1,0,0,3,1,7,2,4,2,2,5,3,7,2,0,5,5,0,0,0,0,0,0,0
0,0,0,10,8,10,3,2,0,0,5,2,2,1,1,1,2,7,1,10,3,8,1,2,14,1,6,1,2,3,0,0,0,1,0,0,0,0
0,1,0,5,6,10,5,0,4,8,5,9,1,6,2,4,7,9,3,10,1,6,5,3,8,0,5,1,5,3,0,0,0,3,2,2,0,0
0,1,0,9,0,16,12,0,5,0,2,2,2,0,1,0,6,2,6,1,2,1,0,1,8,0,3,2,1,4,0,0,0,0,0,0,2,0
0,0,0,3,4,5,4,2,3,0,2,4,1,7,0,2,0,1,2,6,1,12,0,1,1,4,14,2,3,1,0,0,0,4,0,0,0,0
0,0,0,0,1,0,1,0,0,1,0,8,1,1,0,0,2,1,2,2,0,3,1,1,0,4,5,1,3,0,0,0,0,1,0,1,0,0
0,0,0,3,1,3,2,1,1,1,1,1,0,1,0,3,7,1,1,0,0,3,0,0,0,0,3,1,1,0,0,0,0,0,0,0,0,0
0,0,0,2,0,15,6,1,2,1,0,1,1,0,1,0,0,0,0,1,1,5,0,2,2,3,8,3,2,4,0,0,0,0,0,0,0,0
0,0,0,2,9,7,10,3,3,3,4,3,1,2,1,0,7,4,5,2,0,15,2,0,4,1,9,4,0,7,0,0,0,1,1,0,0,4
0,0,0,1,1,6,4,1,2,0,3,1,2,1,0,3,5,3,9,0,4,2,0,1,7,0,14,2,3,7,0,0,0,3,0,1,0,1
1,1,0,5,4,7,8,1,3,0,11,10,1,14,0,0,6,8,2,15,5,12,2,0,22,5,6,5,8,2,1,0,1,2,0,1,0,2
0,0,0,5,0,0,2,0,1,1,2,2,0,1,0,0,0,4,1,2,1,2,0,0,1,0,5,2,1,2,0,0,0,1,0,1,0,0
0,0,1,2,1,8,8,2,0,2,6,18,2,6,1,2,10,2,9,2,3,7,0,3,11,1,19,7,2,14,1,2,3,5,0,2,0,1
0,0,0,1,2,3,1,0,2,0,0,2,0,0,0,1,1,0,2,1,1,4,1,0,3,1,4,0,0,4,0,0,0,1,1,0,0,0
0,0,0,0,2,3,3,2,1,0,0,0,2,0,0,2,1,4,4,3,3,0,0,1,2,0,7,4,0,1,0,0,0,0,0,0,0,0
0,1,1,9,7,6,5,6,0,3,8,2,1,3,0,0,3,9,8,19,0,7,3,5,35,4,26,21,15,24,3,3,0,8,3,2,0,1
0,1,0,2,2,2,1,0,0,0,3,2,2,3,2,0,0,0,1,2,3,1,0,0,7,0,3,0,3,4,0,0,0,5,0,1,0,2
0,2,0,2,2,11,12,3,1,1,5,4,1,3,1,3,11,11,16,11,5,19,1,3,27,10,32,21,11,26,0,4,2,5,0,2,0,1
0,2,1,1,1,2,1,2,0,0,0,3,1,2,0,1,3,7,2,5,0,3,1,0,37,4,6,24,7,34,1,0,2,11,0,5,0,4
1,0,0,2,1,3,0,1,0,0,1,3,1,0,0,0,2,2,4,1,1,1,0,0,7,0,7,13,4,14,0,0,0,4,4,6,0,3
0,1,0,4,14,9,7,2,1,0,2,7,2,3,0,1,5,11,6,4,0,5,2,2,31,1,21,28,7,49,2,3,7,16,0,3,0,2
0,0,0,1,0,0,0,0,0,0,0,0,0,1,2,0,1,1,0,2,0,0,0,2,0,0,3,1,2,5,1,1,1,0,1,0,0,3
0,0,0,2,0,0,0,1,0,0,0,1,0,0,0,0,0,1,1,1,0,0,0,0,0,0,2,0,3,2,0,0,0,1,1,0,0,1
0,0,0,0,0,5,0,0,0,0,0,1,0,1,0,0,1,1,0,0,1,0,0,0,1,0,0,1,0,0,1,1,0,0,0,0,0,1
0,0,0,2,2,1,2,0,0,0,2,2,0,1,0,0,7,0,0,2,0,1,0,0,17,1,5,13,4,7,1,2,1,12,1,3,0,1
0,0,0,0,0,0,0,2,1,0,0,1,0,0,0,0,0,0,0,0,0,1,0,0,1,1,0,3,0,0,0,0,0,7,0,1,0,0
0,0,0,0,0,0,1,0,0,0,0,0,0,0,0,0,0,1,1,3,0,0,0,1,0,1,8,1,1,2,4,0,3,1,1,0,0,1
0,0,0,0,0,0,0,1,0,0,2,2,0,0,0,0,0,0,0,0,0,1,0,0,1,0,0,3,0,2,0,0,0,0,0,0,0,3
0,0,0,1,1,1,0,0,0,0,0,3,0,1,0,0,0,0,0,0,1,5,1,1,0,0,1,0,0,1,1,0,1,1,0,2,1,1
