0,1,0,1,0,0,0,0,0,0,0,0,0,0,0,0,0,0,0,0,0,0,0,0,0,0,0,0,0,0,0,0,0,0,0,0,0,0
0,11,2,9,1,1,1,0,0,1,3,0,0,0,0,0,1,0,0,1,0,0,0,0,1,0,2,0,0,0,0,0,0,1,0,0,0,0
0,4,2,3,0,8,2,0,0,0,0,0,0,0,0,0,0,0,0,0,0,0,0,0,0,0,0,0,0,0,0,0,0,0,0,0,0,0
1,25,6,107,43,54,12,4,10,2,12,13,0,2,0,5,3,2,3,5,1,1,1,0,3,0,4,0,0,4,1,1,1,0,0,0,0,0
1,3,1,35,20,9,13,7,8,4,9,13,2,5,2,4,2,4,1,4,5,8,1,1,15,2,10,4,0,5,0,0,0,0,0,1,0,0
5,10,7,36,9,96,48,8,1,2,0,13,8,2,4,6,6,4,3,1,1,12,3,1,3,0,14,1,1,6,0,0,0,2,3,0,0,0
2,7,8,22,9,83,39,11,8,2,1,6,12,2,2,0,5,9,6,2,5,8,0,3,1,0,5,0,1,5,2,0,0,0,0,0,0,3
0,0,1,5,11,8,13,1,2,0,3,2,2,7,1,0,5,4,4,4,0,3,0,7,11,0,4,2,0,0,0,0,0,0,0,0,0,0
0,2,0,6,1,16,15,1,3,0,0,5,1,0,0,0,0,2,1,0,1,2,0,0,1,0,1,2,0,5,1,0,0,0,0,0,0,1
1,1,1,3,2,5,2,0,0,0,1,3,2,7,0,1,0,3,0,7,2,7,0,6,2,2,3,1,0,0,0,0,0,0,0,0,1,0
0,1,3,6,7,3,5,6,3,5,9,7,2,2,3,1,1,4,0,6,4,4,0,1,7,2,3,3,0,1,0,0,2,0,0,0,0,0
0,1,1,9,10,5,9,3,3,4,5,6,6,8,2,0,7,8,1,5,5,12,1,0,5,3,3,1,2,1,0,0,0,1,2,1,0,0
0,3,1,5,5,11,19,0,5,0,3,2,2,1,0,1,3,4,4,3,0,3,0,0,5,0,8,1,0,3,0,1,0,0,0,3,0,0
1,0,0,0,1,4,10,2,2,6,1,4,0,0,0,2,5,2,3,9,0,5,2,2,2,2,3,0,1,3,0,0,0,2,1,0,0,0
0,0,0,0,4,1,2,1,0,1,1,2,1,3,0,0,2,0,1,1,2,0,0,2,0,0,1,0,0,1,0,0,0,2,0,1,0,2
0,0,0,0,0,6,3,3,0,1,2,4,5,0,0,1,1,0,0,0,0,3,0,3,5,0,1,0,1,2,0,0,0,1,0,0,0,0
0,1,0,2,1,7,9,2,4,0,3,1,4,2,0,0,0,3,12,5,2,3,2,3,2,1,7,3,2,3,0,0,0,1,0,0,0,2
0,1,0,3,4,14,10,2,1,2,4,3,7,4,0,0,0,5,2,10,0,3,1,3,8,4,21,1,1,11,0,2,0,4,0,0,0,2
0,0,0,1,2,5,0,3,1,0,3,2,2,0,0,2,1,19,4,2,1,5,0,0,4,0,7,8,0,7,2,0,1,0,0,2,0,0
0,0,0,14,14,5,6,5,0,1,14,6,0,1,0,2,4,6,4,12,4,7,1,1,13,3,8,8,2,10,1,0,0,1,0,2,0,0
0,0,1,4,3,3,3,0,1,0,2,1,0,1,1,0,1,3,2,8,0,3,0,0,2,0,6,3,0,4,0,0,0,0,0,1,0,1
0,0,1,3,3,8,3,1,1,6,7,7,1,6,1,3,8,8,7,4,0,5,1,1,13,3,12,0,1,7,2,0,2,1,0,1,0,2
0,0,0,0,0,0,2,0,0,1,1,0,1,0,1,0,1,3,0,0,0,1,0,2,1,0,0,4,2,1,0,0,0,0,0,0,0,0
0,0,0,2,0,7,3,1,0,0,5,2,2,1,0,0,0,4,3,1,3,3,0,1,3,0,5,1,3,5,0,0,0,0,2,1,0,0
0,0,3,3,9,5,6,3,1,3,7,2,1,4,0,0,3,3,3,32,6,12,0,3,24,11,26,24,8,28,2,1,1,9,3,1,0,1
0,0,0,1,3,2,1,0,0,2,0,0,0,2,0,1,1,3,3,5,1,1,0,0,3,0,5,6,4,1,0,0,0,0,0,1,0,0
0,0,0,4,4,13,13,8,2,0,6,3,2,2,2,1,8,10,17,4,7,9,2,6,32,2,29,14,10,33,1,1,2,3,2,1,0,1
0,1,0,1,9,1,1,0,2,4,3,0,3,3,1,0,0,3,3,2,2,4,0,4,50,1,19,19,15,32,0,4,1,11,2,2,0,1
0,0,0,0,0,3,0,0,1,0,0,0,0,1,2,0,0,1,0,0,0,2,0,0,11,1,9,18,5,10,1,3,0,7,0,5,0,2
0,0,0,4,3,5,5,3,1,1,3,12,4,3,2,0,3,8,8,6,1,3,2,0,27,0,32,22,15,69,2,1,0,4,1,2,2,4
2,0,0,0,2,0,0,0,0,0,0,1,1,0,0,0,0,0,1,0,0,1,0,0,2,0,1,0,0,10,2,0,3,3,0,0,0,3
0,0,0,0,0,3,0,0,0,0,0,0,0,0,0,0,0,0,3,1,0,0,0,0,0,0,2,0,0,2,0,0,0,0,0,3,0,0
0,0,0,0,0,0,2,0,0,1,2,0,0,0,0,0,0,0,0,3,1,1,0,3,4,0,0,1,0,3,0,0,0,2,1,0,0,0
0,0,0,3,3,1,2,2,0,0,0,2,2,0,0,0,1,3,2,1,5,3,0,2,21,0,12,17,7,19,2,2,0,5,5,5,1,1
0,0,0,0,4,0,0,0,0,0,0,0,0,0,1,0,0,1,0,0,0,0,0,0,4,0,1,1,0,3,0,0,3,1,0,1,0,3
0,0,0,1,0,0,2,0,1,0,0,0,0,0,0,0,0,1,0,2,0,0,0,0,3,0,0,0,0,6,0,0,1,7,0,2,0,1
0,0,0,0,0,0,0,0,0,0,1,4,0,0,0,1,0,0,0,1,0,2,0,0,1,0,0,0,0,1,0,0,0,1,0,0,0,0
0,0,0,1,0,0,0,0,2,0,2,3,1,1,0,0,0,1,0,0,1,3,0,0,1,0,3,3,0,4,3,0,0,2,4,1,0,1
