0,0,0,0,0,0,0,0,0,0,0,0,0,0,0,0,0,0,0,0,0,0,0,0,0,0,0,0,0,0,0,0,0,0,0,0,0,0
1,11,4,8,2,4,1,3,0,1,1,0,0,0,0,0,0,0,0,2,0,0,0,0,0,0,0,0,0,1,0,0,0,0,0,0,0,0
0,2,3,2,0,3,0,0,0,0,0,0,0,1,0,1,0,0,0,0,0,0,0,0,0,0,0,0,0,0,0,0,0,0,0,0,0,0
4,26,7,94,37,34,18,1,4,2,3,13,5,7,0,6,5,2,0,3,4,10,0,1,3,1,3,1,0,3,2,0,0,2,0,0,0,0
0,2,1,48,16,15,13,9,3,1,8,7,5,6,1,0,1,2,2,14,6,5,0,1,10,3,9,1,3,3,0,0,0,2,0,0,0,0
2,2,13,17,10,100,49,5,10,0,4,7,3,3,0,3,6,1,2,3,3,6,0,2,3,2,6,1,1,3,0,0,0,1,0,0,0,0
1,2,2,19,15,62,44,15,4,0,3,9,14,3,0,1,9,15,3,1,0,5,0,1,7,2,8,3,4,5,0,0,0,0,0,0,0,0
0,1,0,13,9,14,23,1,1,0,1,3,6,8,1,4,8,3,3,6,3,5,1,1,5,2,2,1,3,6,0,0,0,2,0,0,0,0
0,1,0,5,2,19,13,1,1,1,0,2,0,2,0,3,2,2,5,0,0,1,2,0,0,0,0,0,0,4,0,0,0,1,0,0,0,0
1,0,2,8,5,5,2,2,0,1,10,5,0,1,2,0,3,3,2,4,1,4,0,1,4,1,1,1,1,0,0,0,0,0,0,0,0,0
0,1,0,10,21,4,5,0,2,0,6,7,1,3,4,3,2,3,1,3,0,4,2,4,7,0,7,1,6,1,0,0,0,4,0,0,0,0
1,0,1,13,8,8,5,3,1,4,4,2,1,2,0,6,4,8,2,4,2,17,1,5,4,2,4,1,0,7,2,0,0,2,0,1,0,0
1,0,0,9,5,7,5,1,2,0,3,1,2,0,0,2,2,10,4,0,0,6,1,4,2,0,7,0,2,4,0,0,0,0,0,2,0,0
0,4,0,7,0,1,4,2,0,2,3,2,1,3,0,3,0,2,4,2,2,8,0,1,3,1,3,0,0,9,0,0,0,0,0,0,0,0
0,0,0,0,0,0,3,1,1,0,1,1,0,0,0,4,1,0,0,0,2,4,0,2,1,2,6,0,1,0,0,0,0,2,2,0,0,0
0,0,0,0,0,5,5,2,0,0,5,0,0,0,0,2,5,1,0,0,2,4,1,4,1,1,2,2,2,1,0,0,0,1,0,0,0,0
0,0,0,1,4,4,7,0,4,0,4,2,0,1,1,0,3,2,3,1,0,11,2,4,2,1,6,1,0,2,0,0,0,2,0,0,0,0
0,0,0,1,5,9,6,1,3,0,3,7,4,0,0,0,1,4,8,9,6,5,1,1,2,1,4,2,0,7,1,0,0,2,0,0,0,2
0,1,0,1,0,6,4,0,2,1,2,4,1,1,0,0,2,6,1,2,1,14,0,2,2,0,8,1,0,5,0,0,1,0,1,0,0,0
2,2,0,4,7,4,4,2,2,9,15,10,4,7,1,2,3,11,4,8,10,7,1,3,2,4,8,7,5,3,0,0,1,3,2,2,0,2
0,1,0,1,3,3,3,0,0,2,3,5,2,1,2,0,2,6,3,2,0,1,0,0,2,0,4,0,2,1,0,0,0,0,0,0,0,0
0,2,0,6,5,7,7,3,1,7,2,10,4,4,4,1,11,8,2,4,4,11,0,0,12,1,12,1,2,7,1,0,1,1,2,0,0,0
0,1,0,1,2,0,0,0,0,0,1,4,1,0,0,2,2,0,0,3,0,1,0,0,1,0,1,0,1,0,0,0,0,0,0,0,0,0
0,0,0,1,3,1,3,1,0,4,3,3,0,1,0,0,3,2,1,4,0,1,1,0,1,1,2,5,1,3,0,0,0,2,0,0,0,0
0,2,0,11,7,1,2,0,4,7,13,6,2,3,2,1,2,6,9,12,5,9,1,1,34,7,32,20,9,29,1,0,1,14,2,0,0,1
0,0,0,1,2,0,0,0,0,0,0,2,0,0,0,0,0,2,2,1,0,2,0,0,4,1,1,5,2,4,0,0,0,1,0,0,0,0
0,1,1,10,3,5,11,2,4,3,5,2,6,5,0,3,6,6,20,8,7,22,1,10,36,2,33,20,11,35,0,0,0,12,0,1,1,1
1,0,2,5,1,4,6,1,1,2,5,2,1,2,4,0,0,3,2,7,1,6,0,1,33,4,9,12,8,18,1,0,1,14,6,0,0,2
0,0,1,0,0,4,4,0,0,1,3,0,1,0,0,1,2,2,0,5,0,4,0,0,11,3,7,14,3,23,0,1,0,3,1,0,0,0
0,0,0,4,3,8,4,3,0,0,0,6,2,2,0,2,5,4,11,3,3,12,1,5,25,3,27,32,6,54,7,3,6,4,5,0,0,1
0,0,0,1,0,3,0,0,0,0,0,2,0,1,0,2,0,0,0,0,1,1,0,0,0,0,1,0,0,5,0,0,1,3,0,0,0,0
0,0,0,0,0,1,0,0,0,0,0,2,2,0,0,0,1,0,0,0,0,0,0,0,0,0,2,0,4,3,0,1,4,1,0,0,0,0
0,0,0,1,0,0,0,0,2,0,0,0,0,0,0,0,0,0,1,0,0,2,0,0,0,0,2,0,2,3,3,1,1,2,0,0,0,0
0,1,0,1,3,0,0,1,0,0,3,2,0,3,0,1,1,3,0,3,0,2,0,0,14,0,3,10,3,8,0,0,1,3,5,6,0,0
0,0,0,0,0,1,1,0,0,1,0,1,0,2,0,0,0,0,0,2,0,0,0,0,3,0,1,6,8,1,2,1,0,1,0,2,0,0
0,0,0,0,3,0,0,0,0,0,1,0,0,0,0,0,2,1,0,0,0,0,0,0,1,0,0,3,2,2,1,0,1,0,1,0,0,0
0,0,0,1,3,0,0,1,0,0,3,0,0,4,2,0,0,0,3,1,0,1,0,0,2,1,2,0,1,0,1,0,0,0,0,0,0,0
0,0,0,0,0,0,0,0,0,0,1,1,0,0,0,1,0,2,2,0,0,2,0,1,3,0,3,1,0,0,0,1,0,4,7,3,0,2
