2,0,0,0,0,0,0,0,0,0,0,0,0,0,0,0,0,0,0,0,0,0,0,0,0,0,0,0,0,0,0,0,0,0,0,0,0,0
2,15,2,7,0,1,0,0,0,0,0,1,0,0,0,0,0,0,0,2,0,0,0,0,0,0,0,0,0,1,0,0,0,0,0,0,0,0
0,6,5,1,0,1,0,0,0,0,0,0,0,0,0,0,0,0,0,0,0,0,0,0,0,0,0,0,0,0,0,0,0,0,0,0,0,0
4,27,6,84,25,37,11,7,1,3,7,6,4,4,0,3,0,0,2,2,2,2,0,0,4,3,0,1,0,1,0,0,0,0,0,0,0,0
0,4,2,33,9,9,8,6,1,0,12,12,0,1,0,1,3,5,1,3,3,7,3,0,1,0,6,2,0,1,2,0,2,0,0,0,0,0
0,8,23,44,15,149,74,1,7,0,1,2,7,2,1,3,6,2,5,0,0,0,0,1,4,1,5,3,0,2,0,0,1,0,0,2,0,0
2,10,1,22,12,62,42,10,5,0,2,6,6,5,2,9,6,4,13,2,1,4,1,0,7,1,2,0,4,3,0,0,2,1,0,1,0,0
0,2,0,6,3,12,11,0,1,0,0,0,1,2,0,0,3,3,1,1,0,4,1,3,0,1,6,0,1,2,0,0,0,2,0,0,0,0
0,0,2,1,4,7,13,1,0,0,0,1,0,1,0,1,0,1,4,0,0,2,0,0,1,0,4,1,0,1,0,0,0,0,0,2,0,0
0,0,0,4,9,1,1,0,0,1,1,0,1,0,0,2,0,0,1,1,0,0,0,2,5,2,0,1,0,1,0,0,0,0,0,0,0,0
0,0,0,7,7,2,0,1,0,3,3,6,5,0,2,0,3,1,0,3,0,5,0,2,2,1,2,0,1,2,0,0,0,3,0,0,0,1
0,0,0,9,5,7,6,2,3,2,2,2,2,3,0,1,7,4,4,2,3,4,3,2,2,4,6,0,1,2,0,0,1,3,0,0,0,0
0,1,0,2,0,6,9,2,2,0,1,5,3,0,0,3,5,7,5,1,1,1,0,0,2,0,7,1,3,0,0,1,0,0,0,0,0,0
0,0,0,0,4,5,3,1,2,3,2,0,1,0,0,3,0,2,0,4,0,5,0,0,0,0,2,1,1,2,0,1,0,0,0,0,0,0
0,0,0,0,1,1,1,0,0,0,0,0,0,2,0,0,0,1,1,1,0,0,1,0,0,0,1,0,0,0,1,0,0,0,0,0,0,0
0,0,0,0,0,4,4,1,0,0,0,1,0,0,0,0,0,2,0,0,0,0,0,1,4,0,7,0,0,0,0,0,0,0,0,0,0,0
0,0,0,3,4,6,13,2,3,1,0,1,0,1,1,0,1,1,5,1,0,2,0,1,1,1,6,2,3,1,0,0,2,0,0,0,0,2
0,1,0,4,1,0,11,0,5,0,2,6,4,1,1,0,1,3,4,4,1,5,0,2,9,2,13,3,0,2,0,0,1,1,1,0,0,0
0,2,0,0,0,3,2,2,1,0,3,1,2,2,0,0,1,6,2,2,2,6,0,1,5,0,10,2,1,7,2,2,1,0,2,0,0,0
0,0,0,3,4,1,5,1,0,6,5,4,1,3,0,0,2,9,1,5,0,0,1,0,8,3,2,1,0,2,2,1,0,1,2,0,0,0
0,0,0,0,2,0,0,1,0,0,4,0,0,0,0,0,3,0,1,0,2,2,0,0,2,0,0,2,0,1,1,0,0,1,0,0,0,0
0,0,0,0,0,0,4,2,0,0,3,7,2,3,2,2,5,7,7,3,1,6,0,0,6,2,3,2,1,2,0,0,0,5,0,0,0,0
0,0,0,0,2,2,3,1,0,0,1,0,0,0,0,0,0,0,0,0,0,0,1,0,2,0,0,0,0,0,0,0,0,0,0,0,0,0
0,0,0,0,0,0,2,0,0,0,0,1,0,0,0,3,1,1,0,0,0,0,0,0,4,0,4,4,3,5,0,0,0,1,0,0,0,0
0,0,0,4,2,3,4,0,0,4,6,5,4,3,0,0,0,6,6,8,9,5,0,4,39,8,25,12,10,13,0,0,1,5,2,3,0,0
0,0,0,1,2,3,1,0,1,0,2,0,0,0,0,0,0,5,0,0,0,4,2,0,4,1,5,1,2,2,1,0,0,0,0,1,0,0
0,0,0,2,3,7,12,0,0,1,5,0,5,12,1,1,3,20,11,9,5,15,4,3,19,2,33,15,16,25,1,0,0,9,1,0,0,0
2,0,0,4,4,5,2,0,0,0,3,1,0,0,0,0,0,4,2,8,1,6,0,0,12,3,8,15,8,12,1,1,0,5,1,3,0,0
0,0,0,1,1,0,1,0,0,1,0,1,1,0,0,0,0,2,0,1,1,0,0,0,7,2,0,11,1,9,0,0,0,1,0,0,0,0
0,0,0,3,2,2,8,1,0,0,1,0,0,1,0,0,0,6,11,2,1,1,0,3,11,1,21,9,11,32,0,0,0,4,1,0,0,1
0,0,0,0,1,1,0,0,0,0,0,0,0,1,1,0,0,3,0,3,0,4,0,0,2,0,2,0,3,2,0,0,0,0,0,1,0,1
0,0,0,0,0,0,2,0,0,0,0,0,0,0,0,0,0,1,0,0,0,1,0,0,0,0,3,2,0,3,0,0,0,1,0,0,0,0
0,0,0,0,1,1,2,0,0,0,2,1,3,0,0,0,0,2,0,0,0,1,0,0,1,0,0,0,2,1,0,0,2,0,0,1,0,0
0,0,0,1,1,0,0,1,1,1,2,0,0,0,0,1,2,1,2,0,0,3,0,0,6,1,5,2,3,6,0,0,0,4,1,3,0,4
0,0,0,0,0,0,0,0,0,0,0,0,1,1,0,0,0,0,0,1,0,1,0,0,0,1,0,1,3,3,0,0,0,3,1,0,0,0
0,0,0,0,0,0,0,0,0,0,0,0,0,1,0,0,0,0,0,6,0,0,0,0,0,0,0,6,0,0,0,1,0,2,0,1,0,0
0,0,0,0,0,0,0,0,0,0,0,1,0,0,0,0,0,0,0,0,0,0,0,0,1,0,0,0,1,0,0,0,0,0,0,0,0,0
0,1,0,0,0,2,0,0,0,0,0,1,0,1,0,0,1,0,0,1,1,1,0,0,0,0,1,0,0,0,0,0,0,0,0,1,0,1
