0,0,0,0,0,0,0,0,0,0,0,0,0,0,0,0,0,0,0,0,0,0,0,0,0,0,0,0,0,0,0,0,0,0,0,0,0,0
2,7,1,12,0,4,1,0,1,0,2,1,0,0,0,0,1,0,0,0,0,0,0,0,2,0,0,0,0,0,0,0,0,0,0,1,0,0
0,6,12,0,0,8,0,0,0,0,0,0,0,0,0,0,0,0,0,0,0,0,0,0,0,0,0,0,0,1,0,0,0,0,0,0,0,0
2,17,11,108,35,49,20,2,2,2,8,10,2,1,1,1,2,2,0,4,0,1,0,1,8,0,0,0,0,1,0,0,0,0,0,0,0,0
0,4,6,36,20,4,3,1,2,3,9,10,0,4,0,0,0,2,1,10,2,2,0,2,2,0,2,0,0,0,0,0,0,0,0,0,0,0
1,7,19,43,4,115,71,5,3,0,4,7,2,3,0,4,6,5,4,0,5,5,0,0,2,0,3,1,2,3,0,0,1,1,0,0,0,0
0,4,1,30,18,76,51,7,3,0,4,7,3,1,3,5,8,7,1,3,1,6,1,2,7,1,11,1,0,5,0,0,2,5,0,0,0,0
0,0,2,6,4,5,6,0,2,0,2,0,4,0,0,1,3,3,1,0,0,1,0,0,5,1,3,1,0,3,0,0,0,0,0,1,0,0
0,2,0,5,1,6,9,0,0,0,0,1,0,0,0,0,1,0,0,0,0,1,0,3,0,0,0,0,0,0,0,0,0,0,0,0,0,0
0,0,0,1,1,2,0,0,0,0,0,5,0,0,0,0,1,0,0,7,1,2,0,0,1,0,7,0,0,0,0,0,2,0,0,1,0,0
0,0,0,6,6,3,2,0,3,5,3,3,2,1,0,1,2,1,0,6,2,2,2,0,5,0,1,1,1,0,0,0,0,0,1,2,0,1
0,0,1,8,6,7,1,2,0,4,10,1,2,2,0,0,3,5,2,2,0,12,1,1,4,0,2,1,0,3,0,0,0,0,0,1,0,1
0,0,0,1,3,8,16,3,2,2,2,0,1,0,0,0,1,4,5,1,0,3,0,3,3,1,5,0,0,6,0,0,0,0,1,2,0,0
0,0,1,0,0,2,4,1,0,0,1,4,1,0,0,0,2,4,1,1,3,5,0,2,4,2,8,2,0,0,0,0,0,2,0,1,0,0
0,0,0,1,0,0,1,0,0,0,1,0,0,0,0,0,2,1,1,0,0,0,0,0,0,0,0,0,0,0,0,1,0,0,0,0,0,0
0,0,0,2,1,1,2,1,0,0,2,0,1,3,0,0,0,0,0,1,0,3,0,1,3,0,3,2,0,0,0,1,0,0,0,0,0,1
0,0,1,0,0,9,6,0,1,3,4,5,2,1,0,0,0,1,12,1,0,6,0,0,3,0,11,0,0,3,1,1,0,0,0,0,0,1
0,0,0,5,0,7,9,2,2,0,4,2,5,3,0,0,0,5,4,4,0,8,0,5,1,0,7,3,0,6,0,0,0,4,0,0,0,0
0,2,0,3,2,7,5,3,2,0,1,0,5,1,1,0,0,5,3,2,0,10,0,1,4,0,2,1,1,8,0,1,1,1,0,0,0,0
0,0,0,4,3,7,5,0,0,3,4,8,3,3,3,0,4,10,2,3,2,1,2,1,6,2,10,4,0,4,0,0,0,1,0,0,0,1
0,1,0,1,1,0,0,0,0,1,3,4,0,0,0,0,0,1,2,2,0,0,1,0,3,3,1,1,0,4,0,0,0,0,0,0,0,0
0,0,0,0,6,2,3,1,0,1,2,4,2,6,0,0,1,1,2,2,1,2,1,0,12,2,8,2,2,2,0,0,0,0,0,2,0,0
0,0,0,0,0,0,0,0,0,0,1,0,0,0,0,0,0,1,0,0,0,0,0,0,4,1,2,2,0,0,0,0,0,0,0,0,0,0
0,0,0,1,0,2,1,0,0,0,1,1,1,4,0,0,0,2,0,0,0,0,0,0,1,0,9,3,0,0,0,0,0,0,0,0,0,1
0,0,0,2,2,1,5,0,0,2,6,3,1,2,0,0,1,15,6,23,6,10,0,4,25,7,12,16,3,15,5,0,0,9,2,2,0,0
1,0,0,1,0,1,0,0,0,1,1,1,0,0,0,0,0,2,0,3,1,8,0,0,8,2,5,4,1,1,1,0,0,0,0,0,0,0
0,0,0,9,5,5,14,0,0,0,0,5,5,3,2,1,5,11,11,6,3,8,2,5,20,3,21,11,12,17,1,1,2,12,0,1,0,2
0,0,0,1,0,1,2,1,0,1,1,3,0,1,0,0,0,7,4,2,3,4,1,1,12,1,11,13,3,14,1,1,2,7,4,2,0,0
0,0,0,1,0,0,0,0,0,0,0,0,0,1,0,0,0,2,1,0,0,1,0,2,6,1,8,10,0,10,1,0,0,4,0,1,0,0
0,0,0,1,0,1,5,2,5,0,3,0,1,0,0,0,1,6,5,3,0,8,1,3,16,4,27,9,10,37,1,1,3,1,1,3,0,2
0,0,0,0,0,1,1,0,0,0,0,0,0,2,0,1,0,2,0,0,0,1,0,2,2,3,1,0,0,2,2,0,0,3,1,0,0,0
0,0,0,0,1,0,2,0,0,0,0,1,0,1,0,0,0,0,0,0,0,0,0,0,1,0,0,0,0,6,1,0,1,0,0,0,0,0
0,0,0,0,0,0,1,0,0,0,0,1,0,1,0,0,0,1,0,0,0,1,0,0,1,2,4,0,1,4,0,0,3,0,0,2,0,1
0,1,0,0,0,2,1,0,0,1,2,0,0,0,0,0,0,0,1,0,0,3,0,1,10,3,2,4,1,15,2,0,1,3,2,2,0,3
0,2,0,1,2,1,0,0,0,0,0,0,1,0,1,0,0,0,4,1,0,0,0,0,0,1,2,4,1,2,1,0,0,5,0,1,0,0
0,0,0,0,0,1,1,0,0,0,0,1,0,0,0,1,0,3,0,1,0,0,0,0,2,0,4,6,0,1,0,0,0,4,0,0,0,0
0,0,0,0,0,0,0,0,0,0,1,0,0,0,0,0,2,0,0,1,0,0,0,0,5,0,0,0,0,0,0,0,0,3,0,0,0,0
0,0,0,0,0,0,0,0,0,0,1,0,0,0,0,1,0,0,0,4,0,2,0,0,0,0,0,2,0,3,0,0,0,1,1,0,0,0
