1,1,0,0,0,0,0,0,0,0,0,0,0,0,0,0,0,0,0,0,0,0,0,0,0,0,0,0,0,0,0,0,0,0,0,0,0,0
0,10,2,14,1,7,0,0,0,0,0,0,0,0,0,0,0,0,0,1,0,0,0,0,0,0,0,0,0,1,0,0,0,0,0,0,0,0
0,5,16,2,0,8,0,0,0,0,0,0,0,0,0,0,1,0,0,0,0,0,0,0,0,0,0,0,0,0,0,0,0,0,0,0,0,0
1,20,13,139,29,46,16,3,0,1,7,7,0,2,0,0,1,0,0,1,1,0,0,0,3,0,1,1,2,1,0,0,0,1,0,0,0,0
0,9,0,30,18,14,11,2,1,2,12,3,1,1,0,3,1,2,1,3,2,1,0,2,2,0,7,1,0,1,0,0,0,0,0,0,0,0
0,11,20,58,18,135,78,7,6,2,2,9,12,4,0,1,1,1,3,2,2,3,6,0,2,1,10,1,2,1,1,0,2,2,0,0,0,0
0,4,5,27,11,91,59,8,5,1,7,4,13,1,2,2,12,6,6,0,2,3,0,0,8,1,4,1,6,6,0,0,1,0,2,0,0,0
0,0,0,6,4,3,7,0,1,1,2,2,3,1,0,5,2,3,2,0,3,2,0,5,2,0,5,0,0,0,0,1,0,0,0,0,0,0
0,3,1,1,3,8,12,0,1,0,2,0,0,1,0,0,3,1,1,2,0,1,0,1,1,1,0,2,0,1,0,1,0,0,0,0,0,0
0,1,0,3,5,0,0,2,0,1,4,0,2,0,0,0,0,3,0,3,1,0,0,0,3,0,1,1,0,0,0,0,0,0,1,0,0,0
0,1,0,9,1,3,2,1,1,7,2,7,4,7,1,1,0,2,2,6,1,12,1,0,7,1,1,2,1,3,0,0,0,1,0,0,0,0
0,0,0,7,11,6,13,0,1,1,4,1,0,3,0,5,1,7,1,2,1,5,2,2,4,1,6,3,1,4,0,0,0,0,0,0,0,0
0,0,1,3,2,11,14,1,3,0,0,3,3,2,1,1,4,9,5,2,0,6,0,0,6,5,6,4,0,3,0,1,1,0,0,0,0,0
0,0,0,6,0,3,8,0,0,2,1,2,3,1,0,1,2,2,2,4,3,7,0,2,2,0,7,6,1,1,0,0,0,2,2,0,0,0
0,0,0,2,3,2,0,1,0,0,1,0,0,1,0,3,0,0,0,0,0,2,0,0,0,0,2,0,2,0,0,0,0,0,0,0,0,0
0,0,0,1,0,1,1,0,0,0,0,1,0,0,0,0,0,0,0,0,0,1,2,1,1,0,1,0,0,0,0,0,0,1,0,2,0,1
0,0,0,2,3,8,11,3,3,0,2,6,3,3,0,0,1,3,2,4,3,8,1,1,1,2,12,1,0,2,0,0,2,0,0,0,0,0
0,2,0,3,3,8,5,1,1,1,4,3,1,6,1,0,3,1,5,3,1,15,0,3,10,2,11,2,0,4,2,0,1,0,0,0,0,2
0,0,0,3,0,4,5,4,3,0,0,1,2,4,0,0,2,2,1,2,0,5,0,0,5,1,11,1,0,5,0,1,0,2,0,0,0,0
0,2,1,8,10,1,3,1,0,3,9,7,2,1,1,0,3,10,1,7,0,0,1,2,8,3,5,0,1,4,0,0,1,1,0,0,1,0
0,0,0,0,0,0,0,0,0,1,3,0,2,0,0,0,0,0,1,0,0,0,0,0,2,0,2,0,0,0,0,0,0,0,0,0,0,0
0,0,0,2,3,0,4,6,1,0,4,7,3,3,3,0,5,6,6,1,2,5,0,1,8,4,8,3,2,4,0,0,0,2,3,1,0,0
0,0,0,0,0,0,0,0,0,0,0,0,0,2,0,0,0,0,1,2,0,1,0,0,2,0,1,0,0,0,0,0,0,1,0,0,0,0
0,0,0,0,1,1,0,0,0,2,1,0,0,1,0,0,1,2,2,1,1,0,0,0,2,0,2,0,1,2,0,0,0,1,0,1,0,0
0,1,3,8,6,6,3,1,0,4,5,6,0,11,1,1,6,10,10,20,5,9,0,4,34,10,16,15,11,11,2,1,0,11,1,2,0,1
0,0,1,0,1,1,2,0,0,0,2,3,0,2,0,0,0,3,2,0,1,5,0,0,1,0,6,4,3,4,0,0,0,0,0,0,0,0
0,2,1,2,4,7,6,1,3,1,2,6,1,2,0,1,8,30,11,7,2,15,2,4,17,4,24,12,4,33,0,1,2,6,1,2,0,2
0,2,2,3,0,1,2,1,1,1,4,0,0,1,0,0,1,5,0,4,0,4,0,2,25,6,9,16,6,26,4,0,0,10,0,0,0,0
0,2,0,1,0,1,0,0,0,0,0,3,0,1,0,0,0,0,0,1,0,4,0,0,14,1,4,13,3,12,0,0,0,2,1,0,0,0
0,0,0,2,3,4,1,4,1,1,6,6,1,4,0,0,0,2,8,3,1,4,2,0,18,1,22,14,5,55,2,1,2,4,1,1,0,2
0,0,0,0,0,1,2,0,0,3,1,1,0,1,0,0,0,0,0,2,0,1,0,0,2,2,4,2,0,6,0,0,0,2,0,0,0,0
0,0,0,0,1,0,2,0,0,0,0,0,0,0,0,0,0,1,0,0,0,0,0,0,1,0,0,2,0,5,2,0,0,0,1,2,0,0
0,0,0,0,0,0,0,0,0,0,0,1,0,0,0,0,0,5,1,0,0,0,0,0,0,0,5,0,0,3,4,0,1,2,0,0,1,1
0,0,0,0,3,0,3,0,0,1,0,0,0,0,0,1,0,1,1,3,0,0,1,0,8,0,1,6,5,6,0,0,3,1,1,4,0,0
0,0,0,0,0,0,0,0,0,0,0,0,0,0,0,0,1,1,0,1,0,1,0,0,8,2,1,1,0,2,0,0,0,3,0,0,0,0
0,1,0,0,0,1,0,0,0,0,2,2,1,0,0,0,0,2,0,3,0,2,0,0,3,0,1,0,0,1,1,0,0,0,1,0,0,0
0,0,0,0,1,0,0,0,0,0,0,0,0,0,0,0,0,1,0,0,0,0,0,0,0,0,0,2,0,2,0,0,0,0,0,0,0,0
0,0,0,0,0,0,0,0,0,0,0,2,0,1,0,1,0,0,0,1,0,1,0,0,3,0,1,0,0,0,0,0,0,1,2,1,0,2
