1,3,1,1,0,0,0,0,0,0,0,0,0,0,0,0,0,0,0,0,0,0,0,0,0,0,0,0,0,0,0,0,0,0,0,0,0,0
3,15,6,25,2,4,1,0,0,0,3,2,2,0,0,0,0,0,0,1,0,0,0,0,2,0,0,0,0,0,0,0,0,0,0,0,0,0
1,5,12,2,0,13,2,0,0,0,0,0,0,0,0,0,1,2,0,0,0,0,0,0,1,0,1,1,0,0,0,0,0,0,0,0,0,0
1,33,11,126,53,44,21,5,3,2,8,5,0,2,0,2,1,0,0,1,0,0,2,0,0,0,5,2,1,1,0,0,0,0,0,0,0,0
0,2,0,43,18,21,12,3,2,5,6,8,3,5,0,2,5,3,3,8,4,5,2,0,3,2,7,2,1,0,0,0,2,0,0,0,0,0
2,8,17,69,18,144,90,3,7,0,0,12,14,4,0,2,9,2,3,4,1,1,2,1,6,0,14,1,2,4,0,0,0,2,0,1,0,0
0,2,9,23,22,101,67,12,6,2,5,10,7,2,0,2,10,8,3,3,2,12,3,4,9,2,7,3,0,10,0,1,1,1,1,1,0,0
0,0,0,4,1,9,14,0,2,0,4,3,2,0,0,3,4,3,1,2,2,9,0,3,2,1,3,1,1,2,0,0,0,0,0,0,0,0
0,0,0,4,1,16,15,2,0,0,0,2,0,0,0,2,1,3,1,2,0,1,1,1,0,0,3,0,1,1,0,0,0,0,0,0,0,0
0,1,0,4,5,0,0,3,0,0,1,0,1,0,0,0,0,1,0,3,1,0,0,0,2,0,1,1,1,0,0,0,0,0,0,0,0,0
0,1,4,7,7,3,9,2,1,9,4,4,0,0,2,4,4,1,1,3,0,7,0,0,11,0,1,1,3,0,1,0,1,3,0,0,0,0
0,3,2,9,5,3,5,0,1,5,9,1,7,2,0,2,2,5,3,1,1,7,0,1,3,3,7,0,2,2,0,0,1,0,0,0,0,2
0,2,0,8,3,20,16,2,1,0,0,2,1,3,0,1,7,4,9,4,1,3,0,0,5,0,7,1,0,5,0,0,0,0,0,0,0,0
0,0,0,0,1,1,1,1,0,1,4,9,2,0,0,0,0,0,1,1,3,10,0,0,4,4,4,2,0,0,0,0,0,4,1,0,0,2
0,0,0,0,0,2,1,0,0,0,0,0,1,0,0,0,0,0,0,0,1,2,2,1,0,0,0,0,0,0,0,0,0,0,0,0,0,0
0,0,0,2,0,1,7,5,3,0,0,0,1,2,0,2,0,1,2,2,0,5,2,0,1,0,3,0,0,2,0,0,0,0,0,0,0,0
0,0,2,0,2,11,22,4,2,1,7,2,1,4,0,0,2,5,7,2,0,11,0,2,4,0,12,4,0,7,1,1,0,5,0,0,0,0
0,0,0,6,4,6,10,2,1,2,2,7,6,1,0,0,4,3,3,0,3,8,1,5,9,0,15,1,2,8,1,0,0,1,1,0,0,1
0,0,0,2,1,2,9,2,2,1,1,0,7,4,0,0,2,6,4,0,0,8,2,0,9,1,15,0,0,13,1,0,1,1,0,0,0,0
0,0,0,3,5,1,2,1,1,3,8,4,2,4,0,0,4,5,0,4,1,1,0,0,12,4,11,4,2,6,1,1,1,3,0,1,0,1
0,1,0,1,1,0,0,0,3,2,3,0,0,0,0,2,2,3,1,0,0,0,0,0,2,0,1,0,0,0,0,0,0,0,0,0,0,0
0,0,0,8,1,1,6,4,1,0,3,7,1,1,0,0,9,1,1,4,1,5,1,0,6,2,13,4,1,2,0,0,0,1,1,1,0,4
0,0,0,0,0,0,0,1,0,0,1,1,0,2,0,0,1,0,1,0,0,0,0,0,0,0,3,0,0,2,0,1,0,0,0,0,0,0
0,0,0,0,1,0,0,0,0,0,1,0,0,0,0,0,0,0,1,0,0,0,0,0,1,1,4,3,1,4,0,0,0,1,0,1,0,0
2,1,0,6,4,2,1,0,0,2,8,5,4,2,0,2,2,7,8,10,9,15,6,4,41,10,22,20,6,10,1,0,0,5,1,1,0,0
0,0,0,2,0,0,2,0,0,0,3,2,0,2,0,1,0,2,0,1,1,2,0,1,10,2,3,1,0,4,0,0,0,1,0,0,0,1
1,0,2,6,3,8,13,0,4,1,5,4,6,3,0,9,2,27,17,15,4,18,3,2,29,7,34,12,3,39,3,1,1,7,2,2,0,0
0,0,0,1,2,5,0,1,0,3,4,2,0,0,0,0,0,3,0,9,3,2,0,0,18,1,11,13,6,17,0,0,0,3,0,4,0,0
0,0,0,2,1,0,0,0,0,0,0,0,0,1,0,1,0,3,0,2,0,4,1,0,4,1,8,6,2,8,0,2,0,4,0,1,0,1
0,0,0,0,2,1,3,0,0,0,5,3,5,0,0,0,4,5,3,2,2,7,0,0,18,1,33,16,3,48,4,0,3,12,1,0,0,1
0,0,0,1,1,0,1,0,0,0,1,0,0,1,0,0,1,0,1,0,0,2,0,0,1,0,1,2,1,5,0,0,0,7,0,0,0,0
0,0,0,0,0,0,2,2,0,0,0,1,1,0,0,0,0,0,0,0,0,1,0,0,0,0,0,1,0,0,1,0,0,1,2,0,0,2
0,0,0,1,0,3,0,0,2,0,2,1,1,3,0,0,3,3,1,1,0,1,0,0,1,1,7,0,2,2,0,1,1,1,1,0,0,1
0,0,0,0,1,3,1,1,0,2,0,0,1,0,0,1,1,2,0,1,0,3,0,0,5,1,3,5,3,8,4,1,0,6,0,2,0,0
0,0,0,0,0,1,0,0,0,0,0,1,0,0,0,0,1,0,0,2,2,0,0,3,1,0,1,4,2,1,0,0,0,1,0,0,0,2
0,0,0,0,0,2,1,1,0,2,1,0,0,0,0,0,1,0,1,0,0,1,0,0,1,0,0,4,0,3,1,0,1,4,0,0,0,0
0,0,0,0,0,0,0,0,0,0,0,0,0,2,0,0,0,0,0,1,0,0,1,0,1,0,1,0,0,4,0,0,0,0,0,0,0,0
0,0,0,0,0,0,1,0,0,1,1,1,0,0,0,0,1,1,0,2,0,1,0,0,0,0,0,1,1,0,2,1,3,6,1,0,0,0
