0,0,0,0,0,0,0,0,0,0,0,0,0,0,0,0,0,0,0,0,0,0,0,0,0,0,0,0,0,0,0,0,0,0,0,0,0,0
3,15,11,31,5,13,3,0,0,0,2,1,0,0,0,0,3,0,1,0,0,0,0,0,0,0,1,0,0,0,0,0,0,0,0,0,0,0
0,7,14,4,0,13,1,2,1,0,2,2,0,0,0,0,0,0,0,1,0,0,0,0,0,0,0,0,0,0,0,0,0,2,0,0,0,0
2,55,10,173,46,52,23,3,5,2,9,9,2,10,0,2,2,5,3,4,4,3,0,0,3,0,3,2,1,4,0,0,0,4,0,1,0,0
1,11,2,60,33,15,6,3,1,4,9,10,3,5,0,4,1,4,0,3,0,2,2,2,5,2,5,4,2,3,0,0,2,0,0,1,0,0
1,9,21,87,22,156,85,5,7,1,5,8,4,2,1,3,8,8,3,1,2,1,1,4,3,0,8,3,1,5,2,0,0,0,0,1,0,0
3,4,10,33,38,107,51,4,8,0,5,5,21,3,0,3,8,7,3,1,4,8,0,4,8,0,7,6,3,6,0,0,0,1,0,1,0,0
0,0,0,7,3,17,16,2,2,0,5,4,2,3,0,2,5,3,4,1,2,1,1,1,1,0,2,2,2,2,0,0,0,1,2,0,0,0
0,0,0,1,0,18,11,0,2,0,0,1,1,0,1,0,2,5,4,0,0,2,0,0,1,0,3,0,3,1,0,0,0,0,0,0,0,0
0,2,0,8,6,3,0,0,0,2,2,0,0,0,0,0,0,1,0,2,1,1,1,2,3,0,3,0,0,1,1,0,0,0,0,0,0,0
2,4,2,12,13,2,2,5,0,5,16,3,1,1,4,3,3,4,0,3,0,4,1,0,6,2,4,1,4,2,0,0,1,1,0,0,0,0
0,3,0,20,21,13,8,1,0,1,2,3,1,5,1,4,3,2,4,4,4,12,0,0,6,0,5,3,1,4,0,0,0,1,1,0,0,1
0,0,2,5,2,15,17,1,3,0,2,2,0,0,2,0,2,6,2,2,0,1,0,2,2,2,12,3,1,6,0,0,0,0,1,0,0,0
0,1,0,4,5,8,7,1,1,1,1,3,2,1,0,0,4,1,1,4,5,5,0,1,6,0,2,7,0,1,0,0,0,1,0,1,0,0
0,0,0,1,1,0,3,0,0,0,1,0,0,1,0,0,1,0,0,0,0,0,0,0,0,0,2,1,0,0,0,0,0,0,0,0,0,0
0,0,0,0,1,3,1,4,0,0,1,1,2,0,0,0,1,0,0,2,2,0,0,0,3,0,5,0,0,0,0,1,0,0,0,0,0,0
0,3,2,9,4,11,12,2,4,1,2,5,1,1,0,2,2,9,9,2,4,3,1,2,3,3,17,0,2,4,0,0,1,1,3,0,0,0
0,0,1,0,3,4,11,1,1,2,6,2,8,2,0,0,4,4,8,1,4,12,1,4,12,3,18,6,5,8,1,0,0,4,2,0,0,0
0,0,0,4,4,7,8,0,1,1,2,3,4,1,0,1,5,6,10,2,3,2,1,3,11,1,32,3,2,16,0,0,0,0,0,0,0,0
1,0,2,11,8,4,4,0,0,5,13,2,1,3,1,2,5,8,0,7,1,0,0,4,17,1,7,2,2,5,1,0,1,0,1,0,0,1
0,0,0,1,0,0,2,1,1,3,7,3,2,0,2,1,0,0,1,3,0,1,0,2,2,0,1,1,0,0,0,0,0,0,0,0,0,0
0,0,0,0,5,3,2,0,0,0,7,4,2,4,0,0,4,4,6,0,1,0,3,2,6,0,14,7,2,6,0,0,0,2,0,1,1,0
0,0,0,0,1,0,1,0,0,0,1,1,0,0,0,0,0,1,0,0,1,3,0,0,2,0,5,0,2,0,0,0,0,2,0,0,0,0
0,0,0,1,2,2,2,0,0,1,2,0,1,3,0,0,0,0,0,2,3,4,0,0,6,0,6,1,1,0,0,0,0,0,0,0,0,0
0,1,0,5,11,5,8,0,1,3,8,5,2,7,1,1,4,13,5,21,4,8,5,4,50,7,18,23,19,11,2,0,2,11,3,6,0,1
0,0,0,0,0,1,0,0,0,0,4,1,4,1,0,0,7,1,2,2,1,0,0,1,5,0,5,3,0,0,0,0,0,1,0,0,0,0
0,1,0,4,7,13,9,2,2,0,2,8,6,4,1,4,4,21,18,7,2,19,1,0,18,5,36,22,18,43,1,3,0,13,2,1,0,1
0,2,0,1,3,6,3,0,1,1,1,2,0,4,0,0,2,1,2,2,1,1,0,0,20,0,10,16,17,21,1,1,2,6,4,5,0,0
0,0,0,1,4,4,0,0,0,0,3,0,0,3,0,1,1,6,3,1,0,2,0,2,16,2,4,14,4,13,1,0,2,1,0,0,0,1
0,1,0,2,3,2,2,1,0,0,6,3,0,1,0,0,1,4,3,2,0,3,0,2,32,6,39,23,15,62,0,7,2,6,1,1,0,2
0,0,0,0,0,0,2,0,0,2,0,0,2,0,0,1,0,1,0,0,0,0,0,2,3,1,2,0,0,7,4,2,0,3,5,1,0,3
0,0,0,0,0,3,0,0,0,0,0,0,1,1,0,0,0,1,1,2,0,0,2,0,0,0,3,0,0,8,1,1,0,3,2,1,0,0
0,0,0,1,0,0,0,0,0,0,0,2,3,1,0,0,3,2,0,3,0,1,1,0,0,0,1,0,0,1,2,1,1,5,0,2,0,0
1,0,0,0,1,2,2,0,0,1,2,2,0,0,0,0,2,9,4,4,0,2,0,0,6,1,3,9,5,8,0,0,5,2,1,4,0,2
0,0,0,1,0,5,0,0,0,0,2,0,0,0,0,0,0,0,0,1,0,0,0,0,0,0,3,4,4,7,0,1,0,1,0,2,0,4
0,0,0,2,0,0,0,0,0,0,2,1,0,0,0,0,0,1,0,2,0,0,0,1,8,0,0,1,1,0,0,0,1,5,0,0,0,0
0,0,0,1,0,0,2,1,0,0,1,1,0,0,0,0,0,0,0,0,0,0,0,0,1,0,0,5,0,1,0,0,0,2,0,0,0,0
0,0,0,0,0,0,0,0,0,0,1,1,1,1,0,0,0,0,1,1,0,1,0,0,8,0,0,2,0,1,0,0,0,3,0,0,0,3
