2,0,0,3,0,0,0,0,0,0,0,3,0,0,0,0,0,0,0,0,0,0,0,0,0,0,0,0,0,0,0,0,0,0,0,0,0,0
2,24,7,32,6,6,3,0,0,4,1,0,0,0,0,0,0,0,1,0,0,0,0,0,1,0,0,3,0,1,0,0,0,1,1,0,0,0
0,15,19,4,0,26,1,0,0,0,0,0,0,0,0,0,0,0,0,0,0,0,0,0,0,0,0,0,0,1,0,0,0,0,0,0,0,0
5,53,8,158,58,77,32,1,3,0,12,14,4,3,0,1,1,2,6,1,1,0,0,1,9,2,1,1,2,1,0,0,0,1,0,0,0,0
4,7,0,44,17,31,16,2,6,3,13,7,6,3,0,6,3,1,1,3,6,11,1,1,4,0,3,3,1,1,0,0,0,0,0,0,0,1
1,10,17,64,8,174,70,5,7,3,5,9,9,6,0,2,7,1,6,0,1,4,0,2,6,1,8,5,1,7,0,0,0,2,0,3,0,0
3,4,10,32,32,116,81,8,10,3,3,12,10,4,0,4,12,5,8,2,3,10,1,0,9,1,13,2,1,10,0,0,0,0,1,2,0,0
0,0,1,7,4,13,8,0,1,0,0,4,2,0,0,3,3,11,3,3,1,0,2,0,1,0,5,2,0,3,0,0,0,0,0,1,0,0
0,0,0,3,1,20,18,0,0,0,0,0,2,0,0,0,4,3,1,0,1,0,0,0,1,1,1,1,0,0,0,0,0,0,0,0,0,0
0,2,0,4,3,1,1,0,1,2,7,3,0,1,0,1,0,0,1,3,0,7,0,0,8,1,1,4,1,4,0,0,2,0,0,0,0,0
0,6,2,16,15,7,5,3,1,3,8,4,4,2,0,2,2,4,2,8,3,10,1,0,13,1,7,6,2,2,0,0,1,3,0,0,0,0
0,0,1,14,12,7,8,6,0,2,7,7,4,6,0,1,0,3,2,3,5,7,0,0,3,1,6,1,0,4,0,0,0,3,0,0,0,0
0,1,3,3,7,13,24,0,1,2,3,0,2,0,0,1,2,13,10,0,0,4,1,7,4,0,7,1,1,2,0,1,0,0,0,0,0,0
0,0,0,4,6,3,7,0,3,1,2,5,0,3,0,2,2,3,1,5,2,0,0,1,4,0,5,7,1,1,0,0,0,2,1,0,0,0
0,0,0,0,0,3,0,0,0,0,0,0,4,1,0,0,0,0,0,0,0,0,0,0,1,0,4,0,0,0,0,0,0,0,0,0,0,0
0,0,1,0,0,4,4,0,1,0,1,3,0,1,0,0,0,3,2,0,2,2,1,0,1,0,0,2,0,0,0,0,0,0,0,0,0,0
0,0,1,3,3,12,24,0,3,1,0,4,3,3,1,0,1,5,4,1,2,9,1,0,2,2,15,1,3,4,0,1,0,1,0,0,0,0
1,0,0,2,2,17,13,2,5,1,5,3,7,6,0,1,5,5,7,3,0,15,0,6,8,1,16,11,2,13,0,0,0,1,0,0,0,2
0,0,2,6,0,7,10,1,5,2,2,3,3,4,0,3,4,5,2,3,0,6,2,0,15,2,14,2,2,9,0,1,0,0,0,0,0,0
0,0,0,8,5,7,4,0,1,4,16,4,0,5,1,0,1,0,0,4,1,2,2,0,11,1,2,9,2,3,2,0,0,3,2,4,0,1
0,0,0,5,2,1,1,0,0,6,5,3,0,3,0,0,0,0,1,3,0,1,0,0,3,2,2,0,0,0,1,0,0,0,0,0,0,0
2,0,2,2,2,2,1,3,1,3,9,9,3,5,0,0,1,3,3,3,1,1,0,0,9,1,7,6,2,13,0,0,0,4,0,0,0,0
0,0,0,0,0,0,4,1,0,0,0,3,0,0,0,0,0,0,0,1,0,0,0,0,2,0,1,0,0,3,0,0,0,0,0,0,0,0
0,0,1,2,0,4,0,1,0,0,0,1,0,2,0,1,0,2,2,0,0,0,1,4,2,0,4,0,1,1,1,0,0,0,0,0,0,0
0,0,1,4,8,1,6,0,2,3,11,5,5,4,0,0,2,12,14,27,3,12,1,1,44,17,31,38,14,23,0,0,2,6,0,1,0,2
0,0,0,1,1,4,2,0,0,0,6,0,1,2,0,0,0,2,4,4,3,3,0,0,9,1,5,4,1,4,2,0,0,3,0,0,0,2
0,0,0,2,5,15,16,3,4,1,5,7,6,3,3,4,15,33,22,6,5,18,0,4,36,6,43,21,14,55,0,2,0,4,1,1,0,1
0,0,0,1,3,1,3,1,1,0,2,2,0,0,0,0,0,1,2,12,0,3,0,2,27,1,6,26,7,27,0,0,0,6,2,1,0,0
0,0,0,1,0,0,2,2,1,0,0,3,1,0,0,0,0,0,2,0,0,1,1,1,10,0,3,12,7,20,2,0,0,2,1,2,0,0
0,0,1,2,1,6,4,2,2,0,11,3,1,0,2,0,1,9,11,5,3,7,1,3,17,3,42,28,6,69,6,0,0,7,1,4,0,2
0,2,0,0,0,0,1,0,0,0,2,1,1,2,0,0,0,0,1,0,0,2,0,0,4,1,2,3,2,2,0,0,1,2,4,3,0,0
0,0,0,0,0,3,0,0,0,0,0,0,0,0,0,0,0,1,1,0,0,0,0,0,0,0,2,3,2,4,2,0,0,0,0,1,0,0
0,0,0,0,2,2,1,0,0,0,0,0,3,0,0,1,1,2,1,1,1,1,0,0,4,0,0,0,0,5,1,0,0,0,1,0,1,2
0,0,0,2,2,0,0,0,0,1,0,2,0,0,0,0,0,4,6,2,0,2,0,0,12,4,4,8,10,13,1,1,2,7,2,3,0,1
0,0,0,0,0,1,1,0,0,0,1,0,1,0,0,0,0,0,0,0,0,3,0,0,2,1,5,2,2,5,0,0,1,3,2,0,0,0
0,0,0,1,5,0,0,0,1,1,1,0,2,0,0,0,3,2,0,0,0,0,0,1,7,0,1,6,0,2,1,0,1,5,0,1,0,5
0,0,0,0,0,0,1,0,0,0,1,0,0,2,0,0,0,0,0,0,0,0,0,0,0,2,1,3,1,0,0,0,0,0,0,0,0,0
0,0,0,0,0,1,1,0,1,2,1,0,0,0,0,0,1,0,0,2,0,1,0,0,2,0,1,2,0,0,0,0,0,1,0,0,0,0
