5.61
1.80595959596
1.44662162162
1.60392857143
1.76116883117
1.6807961165
1.81372881356
1.6989010989
1.48402777778
2.20378787879
1.65860759494
1.66348684211
1.67834862385
1.82226190476
1.80357142857
1.45421052632
1.6343
1.76558282209
1.65628571429
1.63964285714
1.83708333333
1.64656565657
1.68533333333
1.83040816327
1.5037388724
1.400625
1.62638121547
1.62676300578
1.66588235294
1.69131944444
2.86909090909
2.77918918919
4.29517241379
2.15695121951
2.59222222222
3.70133333333
2.815
2.31523809524
