1,0,0,1,0,2,0,0,0,0,0,0,0,0,0,0,0,0,0,0,0,0,0,0,1,0,0,0,0,0,0,0,0,0,0,0,0,0
2,30,13,23,2,10,2,1,0,0,0,0,0,1,0,0,0,0,0,2,0,0,0,0,0,0,0,2,2,0,0,0,0,0,0,0,0,0
1,17,21,6,2,17,1,0,0,0,0,0,1,0,0,0,0,0,0,0,0,0,0,0,0,0,1,0,0,0,0,0,0,0,0,0,0,0
11,88,13,194,37,76,20,5,0,2,14,8,1,8,0,4,5,4,2,4,1,2,0,0,6,2,2,3,1,2,0,0,0,0,2,1,0,0
2,7,1,46,24,16,19,8,3,3,16,9,8,6,0,4,3,2,7,8,1,7,0,6,8,1,3,1,0,6,0,0,0,3,0,0,0,1
4,15,26,91,11,168,99,7,6,2,4,4,5,5,0,4,5,8,9,5,0,5,0,1,4,2,11,2,1,7,3,0,0,1,0,0,0,0
1,9,3,42,24,134,59,7,10,0,6,5,12,4,1,7,10,13,8,0,1,4,2,1,9,4,24,10,6,14,0,0,0,3,0,5,0,0
0,0,0,4,4,14,11,0,0,4,1,5,1,4,0,1,3,1,1,4,1,5,0,2,3,4,3,3,2,3,2,0,0,0,0,0,0,0
0,0,2,2,1,20,21,0,0,0,0,4,1,3,0,0,3,0,4,2,0,0,0,0,4,0,4,0,0,2,0,0,0,0,0,0,0,0
0,2,1,6,8,5,0,0,0,0,5,2,2,0,0,0,0,1,0,1,1,2,1,2,11,0,3,2,1,4,0,0,0,2,0,1,0,0
0,4,0,22,22,2,8,0,1,7,7,7,4,5,1,0,0,5,1,10,3,8,1,2,7,0,5,10,0,6,2,0,1,1,0,0,0,0
0,1,0,14,11,17,15,0,3,0,8,4,13,5,0,7,3,5,0,7,3,6,0,2,11,2,14,5,0,6,1,0,0,0,0,3,0,0
0,0,2,7,7,14,12,1,2,0,3,6,6,1,0,0,2,7,9,0,1,5,3,0,4,4,12,2,2,6,0,0,0,2,0,0,0,0
0,0,0,3,6,9,5,1,1,4,3,1,0,1,1,1,0,3,6,3,3,2,2,1,4,0,3,4,1,8,0,0,2,0,0,0,0,0
0,0,0,1,3,1,0,0,0,0,0,0,0,0,0,0,0,1,0,1,1,0,0,0,0,0,1,0,0,1,0,0,0,0,0,0,0,0
0,0,0,4,2,4,1,1,2,3,1,0,2,2,0,0,0,0,1,0,2,2,0,1,2,2,0,0,0,2,0,0,0,0,0,0,0,0
0,0,1,7,3,9,13,0,6,0,2,2,5,7,0,2,1,4,11,0,0,0,0,3,6,0,8,0,2,10,0,0,0,0,1,1,0,0
0,1,0,4,11,20,8,2,5,1,3,6,7,5,0,0,3,9,7,0,1,9,1,1,10,3,19,7,6,7,0,0,0,3,0,0,0,2
0,0,1,1,0,4,12,0,3,1,3,2,7,1,4,0,7,6,9,2,1,3,0,0,11,1,15,4,7,19,0,0,1,4,0,0,0,0
0,2,0,6,6,4,1,1,0,6,15,7,1,5,2,3,4,4,4,10,2,0,0,2,7,2,16,9,5,6,0,0,2,1,0,0,0,0
1,1,0,1,0,3,3,0,0,4,8,3,2,2,0,0,3,0,2,1,2,0,1,0,2,1,2,0,1,3,1,0,0,0,0,0,0,1
0,1,0,5,7,6,3,1,4,2,15,1,1,4,0,2,2,2,10,2,0,4,2,2,7,0,9,6,0,4,0,0,0,3,0,0,0,0
0,0,0,0,0,0,2,0,1,1,0,0,0,0,0,0,0,0,1,0,0,0,0,0,6,0,4,0,1,1,0,0,0,0,0,0,0,0
0,0,0,2,2,2,1,4,4,4,0,0,2,0,0,0,1,1,4,0,2,3,0,1,1,0,1,4,1,5,0,2,0,1,0,0,0,0
0,1,1,9,7,2,6,0,1,2,13,5,4,3,0,0,4,6,5,22,7,10,1,4,52,17,39,39,16,32,0,0,1,16,2,0,0,0
0,1,0,1,0,1,0,1,0,1,1,0,1,2,0,0,0,3,3,3,1,5,0,0,7,0,11,2,0,3,0,0,1,0,0,0,0,0
0,2,3,7,3,15,14,1,5,0,13,4,8,6,0,7,7,16,20,4,2,8,7,5,29,10,50,23,10,71,0,1,3,7,2,3,0,1
1,0,1,1,1,5,1,0,1,2,5,0,0,5,0,0,5,5,1,4,1,4,0,1,23,7,13,27,9,32,1,1,1,20,0,0,0,3
0,0,1,0,3,2,0,2,0,0,0,0,3,1,0,0,0,4,0,1,0,0,0,0,7,2,11,8,1,12,1,0,0,4,2,2,0,0
0,0,2,7,4,5,6,0,0,2,5,2,1,1,0,0,1,6,4,4,3,6,1,1,20,2,40,23,12,90,4,1,5,7,7,4,0,1
2,0,0,0,0,0,0,0,1,0,1,2,0,1,0,0,0,0,0,0,0,0,0,0,2,1,2,4,0,7,0,0,2,4,0,1,0,0
0,0,0,0,0,2,1,0,0,0,3,0,1,2,0,0,2,0,1,1,0,1,0,0,1,0,2,1,0,9,2,2,2,1,1,0,0,1
0,0,0,1,0,2,1,0,0,0,4,1,0,1,0,0,2,1,1,1,0,0,1,0,4,0,2,1,0,3,2,0,0,1,0,1,0,0
0,0,0,0,1,0,2,0,0,0,3,4,1,2,0,0,1,1,3,6,1,4,0,0,7,0,5,15,1,11,2,0,2,5,2,5,0,1
0,0,0,0,2,0,0,0,0,0,2,0,0,2,0,0,2,0,0,1,1,1,1,0,1,0,1,1,0,4,0,0,2,2,0,2,0,1
0,0,0,1,1,1,0,2,0,0,3,1,1,0,0,0,0,2,0,0,0,0,0,0,0,0,2,6,0,3,0,0,3,1,0,2,0,2
0,0,0,0,0,0,0,0,0,0,2,0,0,0,0,0,1,0,0,0,0,1,0,0,6,0,0,3,0,2,1,0,0,0,0,0,0,0
0,0,0,0,0,0,0,0,0,0,0,0,0,0,0,0,0,0,0,1,2,0,0,0,0,0,2,5,2,3,3,0,0,1,0,0,1,1
