3,3,3,3,0,0,0,0,1,0,0,0,0,0,0,0,0,0,0,2,0,0,0,0,0,0,0,0,0,0,0,0,0,0,0,0,0,0
5,26,7,21,4,9,0,3,0,1,2,2,1,0,0,0,1,0,0,0,1,0,0,1,0,0,0,1,1,0,0,0,0,1,0,0,0,0
1,13,23,5,3,21,1,0,0,0,0,2,0,0,0,0,0,0,0,0,0,0,0,0,1,0,3,0,2,0,0,0,0,0,0,0,0,0
3,36,12,179,43,83,17,11,1,2,16,10,4,12,0,2,0,1,2,6,3,0,0,1,10,3,3,6,0,5,0,0,0,3,0,2,0,0
1,1,2,56,17,16,10,6,4,4,13,13,1,8,2,3,2,1,1,4,3,2,0,1,6,1,3,7,1,5,1,0,0,3,0,0,0,0
0,10,23,94,26,166,84,11,7,0,7,9,8,6,0,5,5,8,5,2,0,0,1,2,10,2,22,7,1,9,0,0,0,4,1,1,0,0
2,1,3,44,27,103,87,11,8,6,6,7,15,4,2,5,18,17,2,3,2,9,1,3,10,1,27,5,4,10,0,0,0,3,0,3,0,0
0,2,0,4,3,17,23,0,1,0,1,5,0,3,0,1,8,6,2,2,3,4,0,0,1,0,5,1,1,5,0,0,0,2,0,0,0,0
1,2,1,5,3,14,14,0,0,2,0,2,0,4,0,2,8,2,0,0,0,0,0,0,0,1,3,1,1,2,0,0,0,0,0,0,0,0
0,0,0,13,2,3,1,1,1,2,3,2,0,1,0,0,0,4,1,4,0,0,0,0,5,2,3,2,0,0,0,0,0,1,0,0,0,0
0,1,1,15,21,15,5,3,2,6,17,6,4,4,1,4,2,0,2,7,6,6,0,9,10,2,6,12,2,3,0,0,1,4,0,1,0,0
1,0,0,11,12,13,21,2,2,9,12,5,4,4,0,0,1,4,9,9,5,8,0,4,5,4,5,6,0,8,0,0,1,1,0,0,0,0
0,0,1,3,5,12,11,0,2,1,2,7,2,3,0,2,3,10,5,1,2,0,0,1,4,0,15,2,1,8,0,1,0,1,0,0,0,0
0,0,0,0,4,4,9,5,2,1,1,9,2,1,0,1,3,5,1,1,4,2,0,5,6,0,8,3,0,4,0,0,0,1,0,0,0,0
0,0,1,0,0,0,0,0,0,0,1,0,0,0,0,0,0,0,0,0,0,0,0,0,0,0,0,1,0,0,0,0,0,0,0,0,0,0
0,0,1,1,6,7,3,0,2,0,1,2,3,1,0,0,1,0,0,0,0,2,1,1,3,0,2,1,0,6,0,0,0,0,0,0,0,0
0,0,0,6,3,14,16,1,4,1,2,0,3,3,0,2,3,0,5,0,0,4,0,0,6,0,15,1,1,12,0,0,0,4,0,0,0,0
0,0,3,5,2,11,21,2,3,0,9,9,2,2,0,1,2,7,6,2,1,11,0,1,12,1,22,5,1,11,2,2,6,0,0,1,0,0
0,0,1,1,5,6,9,0,2,0,5,2,3,1,0,0,4,3,4,3,4,4,0,2,12,2,24,4,2,21,0,0,0,1,3,1,0,1
0,0,0,1,2,6,3,3,0,4,10,3,3,9,0,0,4,1,2,7,0,0,0,1,17,2,9,8,4,4,0,0,0,1,1,1,0,0
0,0,0,1,4,3,1,0,0,0,3,1,1,1,0,0,4,1,4,3,5,4,0,3,9,0,3,0,0,2,0,0,0,1,0,0,0,0
0,0,0,3,1,3,2,2,2,0,6,4,0,4,1,1,3,5,5,2,0,2,0,0,9,0,8,3,3,11,3,0,0,0,0,0,0,0
0,0,0,0,0,1,0,0,0,0,2,0,2,0,1,0,0,0,1,0,0,2,0,0,6,0,2,1,0,2,0,0,0,0,0,0,0,0
0,0,0,2,0,3,2,1,2,1,1,2,2,3,0,0,5,0,8,1,1,0,0,1,0,1,15,4,0,3,0,0,0,3,0,0,0,0
1,1,2,18,11,2,10,0,1,5,9,3,0,8,3,3,1,6,12,19,2,15,0,7,63,15,30,37,11,25,2,0,0,7,2,6,0,1
0,2,0,1,1,1,2,0,0,0,9,4,0,6,0,1,0,0,5,4,1,1,1,1,6,1,4,7,3,11,0,0,0,1,0,0,0,1
1,0,1,3,12,15,13,3,0,4,16,9,7,7,0,3,10,18,20,6,2,13,3,9,30,9,61,42,25,71,1,0,1,8,3,1,0,2
1,0,0,5,2,4,3,1,0,1,6,1,0,6,0,1,0,0,3,7,2,5,0,1,48,6,13,34,11,33,2,0,0,6,1,1,0,0
0,0,0,1,2,1,1,0,0,0,2,3,0,2,0,0,0,0,1,2,1,0,1,0,18,1,2,7,5,12,7,0,0,5,0,0,0,0
0,1,0,1,3,8,6,3,0,3,6,1,3,7,0,1,1,5,5,3,1,4,2,0,32,3,46,37,10,91,10,2,3,8,6,1,0,4
0,0,0,0,2,0,1,0,0,0,0,2,0,2,0,1,1,0,0,0,1,4,0,0,1,0,2,5,0,5,3,3,0,5,4,3,0,2
0,0,0,5,0,0,2,1,1,1,0,1,0,1,0,0,0,0,1,3,0,0,0,1,2,0,2,1,0,12,0,1,1,2,0,0,0,2
0,0,0,0,0,0,2,0,0,2,0,0,0,1,0,0,0,1,2,0,0,0,0,0,1,1,8,4,0,9,0,0,0,0,0,4,0,2
0,1,0,2,1,1,2,0,0,2,3,0,3,2,1,1,1,3,2,1,1,0,0,0,8,4,6,20,6,14,5,2,0,6,2,0,0,1
0,0,0,1,1,1,0,0,0,0,0,1,3,0,0,0,0,0,2,2,0,0,0,0,3,0,1,5,0,6,0,0,2,2,1,0,0,0
0,0,0,2,0,0,0,0,0,1,0,0,0,1,0,0,1,0,0,3,0,0,0,0,2,0,0,6,5,6,1,0,2,3,2,0,0,0
0,0,0,0,0,0,0,0,0,0,0,0,0,0,0,0,0,1,0,3,0,0,0,0,0,0,0,1,2,2,0,0,0,0,0,0,0,0
0,0,0,0,0,0,0,0,0,0,2,0,0,0,0,0,0,1,0,0,0,0,0,0,1,0,0,2,0,1,0,0,1,1,0,0,0,0
