7,3,1,0,0,0,1,0,0,0,0,0,0,0,0,0,0,0,0,1,0,0,0,0,0,0,0,0,0,0,0,0,0,0,0,0,0,0
1,20,7,14,2,1,3,0,0,0,1,1,0,0,0,0,0,0,0,0,0,1,0,0,0,0,3,2,0,1,0,0,0,0,0,0,0,0
0,11,24,5,0,10,0,0,1,0,0,0,0,0,0,0,0,0,1,0,0,0,0,0,0,0,0,0,0,1,0,0,0,0,0,0,0,0
15,27,18,173,44,86,26,4,2,5,10,8,2,5,0,0,1,0,0,5,1,3,0,2,12,0,4,0,1,5,0,0,0,0,0,2,0,0
0,1,1,60,21,25,11,3,1,9,14,8,4,13,0,0,4,4,6,6,3,1,2,1,6,0,2,7,0,6,0,0,0,0,0,0,0,0
0,10,20,92,12,181,87,7,17,0,3,15,5,4,3,0,11,5,5,3,3,4,0,2,6,1,15,6,3,7,0,0,0,0,0,4,0,0
1,8,5,46,26,128,96,11,6,3,8,13,20,11,0,4,13,10,14,1,1,4,3,5,2,2,15,1,0,14,0,0,3,0,0,2,0,0
0,1,1,11,8,23,21,1,0,0,3,2,1,6,0,5,5,4,6,2,0,1,0,0,2,1,9,9,0,8,0,0,1,0,0,0,0,0
0,0,0,3,3,15,14,0,6,0,3,1,1,2,0,1,2,3,2,1,0,1,0,0,4,0,8,0,0,0,1,0,2,1,0,0,0,0
0,2,0,3,9,3,4,0,0,0,11,2,2,5,0,0,0,1,1,6,2,1,0,0,6,0,3,9,0,3,0,0,0,1,0,0,0,1
0,1,0,22,22,10,9,0,1,5,12,3,1,6,0,0,7,2,3,14,11,5,1,0,21,2,5,5,3,8,0,1,1,2,2,0,0,0
1,0,2,15,20,20,10,4,1,1,7,7,4,10,2,1,6,9,3,12,5,3,1,0,12,4,9,4,0,4,0,0,0,1,0,2,0,0
0,0,0,6,8,19,26,0,0,1,4,1,7,1,0,4,1,6,3,3,0,1,0,2,2,2,8,3,2,6,2,0,0,1,0,0,0,0
0,3,0,4,4,8,6,0,0,0,2,1,3,6,0,4,2,2,1,2,1,2,0,2,11,1,7,2,1,4,0,0,0,3,0,0,0,1
0,0,0,2,1,1,1,0,0,0,1,1,0,0,0,0,0,0,0,0,0,1,0,0,0,0,0,0,0,0,0,0,0,0,0,0,0,0
0,0,0,2,2,4,5,1,0,0,2,1,2,1,0,1,0,0,0,0,1,0,0,1,0,2,0,0,0,0,0,0,0,3,0,1,0,0
0,2,1,6,2,13,17,3,0,0,0,1,6,3,0,1,7,4,9,3,1,1,0,0,11,1,16,3,0,9,0,0,0,1,0,0,0,0
0,1,0,7,11,14,18,2,1,1,10,4,9,6,0,1,2,6,11,2,6,6,0,1,3,1,20,3,2,5,2,0,0,0,1,1,0,0
0,1,2,2,0,11,2,1,0,0,6,1,12,4,0,4,8,4,7,2,1,4,0,2,8,4,23,3,2,12,0,0,0,3,0,1,0,0
3,0,0,6,9,5,3,0,0,4,11,5,1,3,0,0,3,6,0,7,1,1,0,0,22,1,7,15,1,5,0,0,4,1,0,0,0,0
0,0,0,1,4,3,0,0,0,1,10,2,0,3,0,0,0,3,2,4,1,5,3,1,3,2,7,1,0,5,0,0,0,1,0,0,0,0
0,1,0,2,3,8,3,1,2,1,5,2,0,2,0,1,2,4,2,1,3,7,1,1,6,0,6,4,3,12,0,0,0,0,0,0,3,0
0,0,0,2,0,0,1,1,1,0,0,0,1,2,0,0,0,0,1,2,0,4,0,0,1,0,4,3,0,2,0,0,0,0,0,0,0,0
0,0,0,0,0,0,3,0,2,0,1,1,0,0,0,0,1,6,0,1,0,0,0,0,2,0,6,3,1,5,1,0,0,2,0,0,0,0
0,3,0,12,7,10,3,1,1,4,11,4,3,4,0,0,3,11,15,20,10,5,0,7,58,12,43,28,11,40,1,2,0,11,2,3,0,4
0,0,0,1,5,1,2,0,0,2,7,1,0,2,0,0,0,6,0,4,2,3,0,1,10,1,8,3,3,6,0,0,0,3,1,2,0,1
0,4,4,8,12,22,22,3,3,5,7,1,8,13,0,3,4,29,26,16,2,10,5,8,42,4,51,32,17,54,2,0,2,5,3,3,0,0
0,1,0,4,4,2,4,0,0,2,5,2,1,1,1,0,0,4,4,4,1,5,0,0,30,4,12,45,14,38,1,2,0,13,0,0,0,0
0,0,0,1,1,4,1,0,0,1,2,2,1,1,0,0,0,0,1,1,0,1,0,1,14,1,8,18,11,8,2,0,0,10,0,7,0,0
2,2,3,0,6,10,11,2,0,2,3,5,3,5,0,0,3,8,11,2,2,3,0,3,26,5,30,31,22,96,5,3,2,16,8,1,0,0
0,0,0,1,1,0,0,0,0,0,0,0,0,0,0,0,0,0,0,1,1,0,0,0,2,0,2,3,1,8,1,0,0,4,3,3,0,0
0,0,0,2,0,3,0,0,0,0,0,1,0,0,0,0,0,0,2,0,0,0,0,0,1,0,0,2,5,5,0,1,0,0,0,0,0,0
0,2,0,2,1,5,0,0,0,0,1,0,1,0,0,0,2,1,2,1,0,0,0,0,6,0,2,1,0,2,1,1,3,4,1,1,0,0
1,0,0,0,2,2,0,0,0,1,2,1,1,0,1,0,0,4,3,1,2,4,0,2,11,0,4,10,6,20,2,1,2,6,2,6,0,2
0,0,0,1,0,3,0,0,0,0,0,1,0,0,0,0,0,1,1,1,0,0,0,0,0,0,3,3,1,6,3,0,1,1,0,0,0,1
0,0,0,1,1,1,0,0,0,0,0,0,0,0,0,0,2,1,0,1,0,0,0,0,5,0,5,2,3,6,0,1,0,7,1,0,0,0
0,0,0,0,0,3,0,0,0,0,0,0,0,0,0,0,0,0,0,0,1,0,0,0,0,0,0,0,0,0,1,0,1,0,0,0,0,0
0,0,0,0,0,0,0,0,0,0,1,1,0,0,0,3,0,1,0,0,0,0,0,0,1,0,0,0,1,1,0,0,0,3,0,0,0,2
