2.17818181818
2.10280701754
1.61927272727
1.73854122622
1.58303167421
1.75104166667
1.54508888889
1.8516
1.79033333333
1.69833333333
1.81497237569
1.63640883978
1.53088709677
1.73207317073
1.426
1.6264516129
1.69058333333
1.68186746988
1.68940298507
1.83292682927
1.39338028169
1.7626744186
1.54416666667
1.51615384615
1.61205278592
1.40684210526
1.70821510297
1.52136150235
1.70425531915
1.75936908517
2.05823529412
5.05842105263
4.09552631579
2.07145454545
2.37441176471
2.81314285714
3.04333333333
3.43611111111
