4,1,1,0,0,1,0,0,0,0,0,0,0,0,0,0,0,0,0,0,0,0,0,0,0,0,0,1,0,0,0,0,0,0,0,0,0,0
2,12,9,23,6,9,6,0,0,2,2,2,0,0,0,0,1,0,0,2,0,0,1,0,0,3,4,0,2,0,0,0,0,0,0,0,0,0
0,13,7,8,0,13,0,0,0,0,1,0,0,1,0,0,0,1,0,0,0,0,0,0,0,0,1,1,0,1,0,0,0,0,0,0,0,0
7,32,12,159,56,80,34,8,4,1,11,8,2,0,0,0,1,2,3,1,0,1,1,0,9,2,8,4,0,4,0,0,0,2,1,0,0,0
0,7,1,57,36,26,16,0,5,4,12,19,9,8,1,3,3,1,2,4,5,3,2,0,10,3,11,1,0,5,3,0,0,2,0,0,0,0
2,6,23,71,32,168,85,12,11,1,6,16,7,8,0,3,4,8,5,1,4,5,1,0,7,2,6,3,2,14,0,0,1,1,0,1,0,0
1,3,4,33,35,134,73,6,8,0,5,12,19,4,2,1,14,14,6,9,0,4,1,1,5,4,17,5,6,8,0,0,0,2,0,2,0,0
0,2,8,8,5,30,13,4,1,0,2,6,3,1,2,3,8,2,1,3,0,5,0,1,3,0,6,9,3,2,1,0,0,1,1,0,0,0
0,0,1,6,6,5,23,0,0,0,2,1,1,1,0,0,3,2,2,0,0,0,0,0,0,0,1,2,0,4,1,0,0,1,0,0,0,2
0,5,0,8,8,1,4,1,0,2,3,3,1,1,0,0,0,2,3,6,1,0,0,2,5,0,4,1,1,3,0,0,0,0,0,0,0,0
0,1,0,25,15,12,1,0,3,13,17,5,2,8,0,3,8,5,2,8,0,12,3,4,22,3,3,15,2,10,0,0,0,2,1,1,0,0
0,0,3,16,10,17,17,5,3,4,13,7,0,6,0,2,2,2,7,0,5,3,2,0,14,0,5,5,2,9,0,0,0,1,1,2,0,0
0,0,0,6,6,19,17,1,5,1,5,5,3,1,0,3,4,6,8,0,1,0,1,1,3,1,10,2,0,6,2,0,1,1,0,0,0,0
0,1,0,5,9,6,8,1,1,2,10,1,5,5,2,2,4,0,3,3,2,4,5,3,3,0,17,7,1,3,0,0,0,4,0,2,0,0
0,0,0,0,0,1,0,0,0,0,0,0,0,0,0,0,1,0,0,0,0,0,0,0,1,0,1,0,0,0,0,0,0,0,0,0,0,0
0,0,0,1,1,9,4,0,0,0,2,0,0,2,0,1,0,0,0,0,0,1,0,0,0,0,2,1,0,2,1,0,0,0,0,0,0,0
0,1,0,3,7,9,6,0,3,0,7,7,2,5,1,2,3,1,6,1,0,6,1,4,4,4,7,4,2,7,2,0,0,3,1,0,0,4
0,1,0,4,5,11,11,0,5,0,3,5,7,4,1,0,3,4,3,3,3,6,1,1,8,0,24,11,3,8,0,2,2,1,3,1,0,0
2,0,1,0,4,5,15,0,10,0,0,8,7,2,0,0,6,10,5,2,3,3,2,1,8,0,19,6,3,11,0,0,0,1,0,0,0,0
0,2,2,7,12,1,5,1,1,11,17,3,2,6,0,2,4,7,2,9,3,3,2,0,14,2,10,12,1,5,0,0,0,4,1,0,0,1
0,0,0,4,6,1,4,0,0,3,10,5,0,2,0,0,4,4,2,0,0,2,2,1,3,1,6,3,0,1,0,0,0,3,0,0,0,0
0,0,0,2,3,6,7,1,0,0,7,4,5,2,0,2,3,7,2,1,1,0,0,0,6,0,13,12,3,7,1,0,0,3,0,1,0,1
0,0,0,2,1,2,1,0,0,0,1,1,0,0,0,0,0,1,1,3,0,0,0,0,4,1,1,2,0,1,0,0,0,0,0,0,0,0
0,0,0,1,0,2,2,0,0,0,4,2,1,5,0,1,1,1,2,0,0,1,0,0,7,1,3,3,3,8,0,0,0,0,0,0,0,0
3,0,1,9,22,2,6,1,1,9,19,3,1,5,0,0,4,4,9,23,6,8,3,2,75,14,33,42,14,39,1,2,2,16,4,0,2,2
2,0,0,4,1,1,0,0,0,0,3,4,0,0,0,0,1,0,3,2,1,1,1,0,4,1,9,4,0,7,0,0,0,3,1,0,0,0
0,0,4,9,6,24,19,4,4,1,11,3,7,9,0,3,7,18,31,5,5,15,3,7,39,5,45,34,7,80,6,0,4,9,1,3,0,1
0,0,2,3,7,6,4,1,2,0,1,3,2,2,0,0,0,1,5,4,2,6,4,1,43,3,23,22,12,40,2,0,1,6,3,6,0,4
0,0,0,3,1,1,1,1,1,3,0,1,1,2,0,0,1,0,1,2,0,0,0,0,15,0,9,22,6,29,0,0,2,4,1,2,0,0
0,2,2,7,5,4,10,0,4,3,8,3,2,2,2,0,8,2,10,9,3,1,1,3,45,5,40,36,18,108,4,3,1,11,0,0,0,1
1,0,0,1,0,0,1,0,0,0,0,0,1,0,0,0,0,0,0,0,1,1,0,0,2,2,8,1,1,5,3,0,0,3,3,3,0,1
0,0,0,0,0,0,1,0,0,0,0,1,0,2,0,2,0,4,0,0,0,2,0,0,2,0,1,2,0,5,2,0,1,1,1,1,0,0
0,0,0,0,0,2,1,0,0,0,0,0,0,0,0,0,0,3,2,2,0,2,2,2,0,0,0,2,0,9,2,0,5,3,0,3,0,0
2,0,0,3,0,0,4,1,0,0,1,0,1,0,1,0,3,4,0,2,0,1,0,0,4,1,5,16,1,20,0,0,0,6,0,4,0,3
0,0,0,0,0,0,0,0,0,0,0,0,2,0,0,0,0,2,2,0,0,0,0,0,1,0,1,5,1,5,2,0,2,4,0,3,0,2
0,0,0,1,2,0,0,0,0,0,1,0,0,1,0,0,0,0,0,0,0,0,0,0,1,0,3,6,3,12,3,0,1,5,6,0,0,1
0,0,0,0,0,0,0,0,0,2,0,0,0,1,0,0,0,0,0,1,0,0,0,0,0,0,1,0,0,0,0,0,1,0,0,0,0,0
0,1,0,0,0,0,0,0,0,3,2,0,0,0,0,0,0,0,1,1,0,0,0,0,2,1,0,3,3,2,0,1,0,0,0,0,0,0
