5.52285714286
2.03263888889
1.60657894737
1.70139240506
1.67063241107
1.61121703854
1.59351293103
1.8582
1.69552238806
1.82869565217
1.70199095023
1.70647727273
1.93744
1.77603448276
1.74
2.01653846154
1.90457627119
1.82661971831
1.75835714286
1.71957446809
1.78583333333
1.56165217391
1.59291666667
1.74795454545
1.58216666667
1.64216216216
1.62622222222
1.50198237885
1.54194444444
1.82045714286
2.81575757576
3.14862068966
3.04487179487
1.97773195876
2.98863636364
3.08256410256
0.0
3.39958333333
