0,2,0,0,0,0,0,0,0,0,0,0,0,0,0,0,0,0,0,1,0,0,0,0,2,0,0,0,0,0,0,0,0,0,0,0,0,0
1,30,7,11,8,4,1,0,0,1,0,1,0,0,0,0,0,0,0,0,0,1,0,0,1,1,1,0,0,0,1,0,0,0,0,0,0,0
0,6,9,3,0,7,1,0,1,0,0,0,1,0,0,0,0,1,0,0,0,0,0,0,0,0,0,0,0,0,0,0,0,0,0,0,0,0
13,32,7,190,74,62,29,1,5,5,6,19,2,4,0,0,2,0,5,4,4,6,0,1,4,4,7,5,3,11,0,0,0,1,0,0,0,0
4,6,4,59,36,18,12,6,5,3,19,13,8,1,0,0,1,4,5,5,4,4,0,2,11,2,4,5,0,4,0,0,0,6,0,0,0,0
4,2,15,54,32,176,80,8,7,2,5,12,8,8,1,1,4,6,8,1,1,2,1,2,6,0,15,3,1,9,0,0,0,0,0,0,0,0
0,6,6,35,28,124,86,9,9,0,4,13,23,13,0,0,16,9,6,7,4,3,0,3,10,3,12,3,0,18,2,1,0,1,0,0,0,0
1,0,1,5,8,35,17,1,2,0,3,0,0,0,1,3,5,3,2,1,1,1,0,0,4,3,7,0,0,2,0,0,1,0,3,0,0,0
1,0,1,4,3,15,21,0,0,0,0,0,5,1,0,0,2,4,1,0,0,0,0,1,1,0,2,0,0,2,0,0,0,0,0,0,0,0
1,0,2,8,10,3,0,2,0,0,14,11,0,4,0,0,2,0,2,7,2,3,0,2,4,1,1,0,1,4,0,0,0,3,0,2,0,0
0,1,0,22,30,11,7,2,4,11,12,7,0,4,0,1,8,2,0,8,9,6,1,0,27,3,9,18,5,8,0,0,0,7,1,2,0,0
1,3,0,18,18,17,6,3,5,3,5,2,4,6,1,1,4,6,2,9,11,4,0,1,7,2,8,5,2,6,2,0,0,4,1,0,0,0
0,0,1,3,6,19,13,4,1,0,4,5,2,1,0,0,2,5,5,1,1,3,1,1,0,2,13,1,1,7,0,0,2,3,0,0,0,0
0,1,0,11,13,7,10,1,0,0,5,13,0,4,0,3,0,0,1,0,1,12,3,0,9,0,9,6,0,7,0,0,0,2,0,0,0,0
0,0,0,1,0,1,1,0,0,0,1,0,0,0,0,0,0,1,0,0,1,0,0,1,0,0,1,0,0,1,0,0,0,0,0,0,0,0
0,0,0,1,1,2,4,0,0,0,0,3,2,1,0,0,0,0,1,0,0,0,0,0,1,0,4,1,2,0,0,0,0,2,0,2,0,0
0,0,1,7,2,11,5,2,6,0,8,4,2,2,0,3,0,5,9,0,2,6,0,2,2,3,16,4,4,11,2,1,3,0,1,0,0,0
0,1,1,10,2,15,12,1,3,3,5,4,10,1,1,0,3,3,5,0,2,5,2,3,7,4,20,5,1,16,2,0,1,0,0,0,0,0
0,0,0,4,5,11,11,0,6,0,2,2,6,1,0,0,2,8,3,2,4,3,0,0,6,2,26,3,4,13,0,0,1,4,0,2,0,1
0,0,1,4,5,12,1,3,0,8,15,6,2,3,0,0,0,2,2,12,0,3,2,3,20,5,6,5,1,7,0,0,0,0,0,1,0,0
0,0,0,2,2,4,3,0,1,2,7,1,0,0,0,0,0,0,0,1,3,8,2,1,13,2,2,2,1,4,0,0,0,0,0,2,0,0
0,1,0,2,2,9,2,3,0,0,17,6,4,1,0,0,3,3,7,4,1,3,1,0,9,2,16,3,4,10,0,0,0,1,0,0,0,0
0,0,0,0,0,0,0,0,0,0,2,0,0,0,0,0,2,1,3,0,0,0,1,2,1,0,3,3,0,2,0,0,0,1,0,1,0,0
0,0,0,2,0,2,2,0,1,3,1,3,1,2,0,1,0,0,0,3,0,0,0,0,5,1,3,1,0,6,0,0,0,1,1,0,0,0
0,2,0,17,8,8,3,0,0,5,13,8,4,2,0,0,1,18,5,30,5,10,1,1,75,15,43,60,8,27,3,2,0,7,3,4,0,0
0,1,0,6,3,1,1,0,0,1,2,0,1,3,0,0,1,5,0,1,5,0,2,0,12,0,7,4,2,10,1,0,0,0,1,0,0,0
0,2,3,9,9,12,21,3,7,0,3,7,8,7,0,1,7,21,30,4,5,20,2,1,36,3,37,33,16,70,0,2,1,14,1,2,0,1
0,0,1,9,1,1,1,0,0,2,3,3,2,1,2,0,1,0,1,3,3,0,5,1,39,4,19,39,18,51,1,0,1,12,0,2,0,0
0,0,0,1,2,1,2,0,0,0,0,4,0,0,0,0,2,2,2,1,0,1,0,0,6,3,7,10,6,16,0,0,0,6,1,0,0,0
0,2,1,6,5,21,8,3,1,0,3,8,4,2,1,1,8,1,11,6,0,5,2,3,31,6,41,40,18,94,3,3,2,8,2,1,0,4
0,1,0,0,0,2,0,0,0,0,0,0,0,3,0,0,0,0,2,3,0,0,1,0,0,0,4,2,1,7,1,0,0,2,0,0,3,0
0,0,0,1,0,0,1,0,0,0,2,0,0,0,0,0,1,0,1,0,0,0,0,0,2,0,3,4,2,11,0,0,0,0,0,1,0,1
0,0,0,0,0,5,2,0,2,0,0,0,0,0,0,0,0,1,0,0,0,0,0,0,5,0,3,1,0,9,4,1,2,2,7,0,1,0
0,0,0,1,1,5,0,1,0,0,0,2,0,2,0,0,0,0,3,2,0,2,0,0,16,0,7,18,3,17,2,1,0,9,2,7,0,0
0,0,0,2,1,2,0,0,1,0,0,0,0,0,0,0,0,0,0,3,0,0,0,0,3,2,1,2,1,2,0,3,0,5,0,0,0,0
0,0,0,1,2,1,0,0,0,0,1,0,0,2,0,0,0,0,2,2,0,0,0,0,3,1,2,11,5,2,0,0,3,4,1,0,0,0
0,0,0,0,0,0,0,0,0,0,0,0,0,0,0,0,0,0,0,0,0,0,0,0,0,0,0,0,0,0,0,0,0,0,0,0,0,0
0,0,0,0,2,0,0,0,0,0,0,1,1,1,0,0,0,3,0,0,0,0,0,0,1,0,2,5,0,3,0,1,0,3,2,1,0,0
