1,1,0,3,0,3,0,0,0,0,0,0,0,0,0,0,0,0,0,0,0,0,0,0,0,0,0,0,0,0,0,0,0,0,0,0,0,0
0,20,9,27,4,9,2,0,0,3,2,7,0,0,0,0,0,0,0,0,1,1,0,0,3,0,1,0,0,0,0,0,0,0,0,0,0,0
0,5,11,6,0,16,0,0,0,0,1,0,0,0,0,0,0,0,0,0,0,0,0,0,0,0,0,0,0,0,0,0,0,0,0,0,0,0
9,43,7,157,88,67,29,5,3,1,17,9,2,1,0,2,2,1,2,7,2,2,1,0,7,0,5,4,3,3,0,0,0,2,0,0,0,0
2,4,0,55,28,28,25,2,3,8,18,12,1,5,0,1,2,3,3,12,1,2,3,1,11,0,9,0,3,6,0,1,0,3,0,0,0,1
7,11,25,65,15,162,89,5,8,0,6,9,7,4,0,4,9,2,3,3,1,5,0,0,10,3,20,3,3,13,0,0,0,3,1,0,0,0
3,5,6,43,29,125,71,5,17,1,3,11,19,6,1,3,10,13,9,4,0,7,2,2,1,0,12,4,1,12,1,0,2,1,2,1,0,2
1,0,3,8,7,10,16,4,1,1,2,2,5,4,0,2,7,7,12,4,3,1,0,0,7,1,5,4,0,13,0,1,1,0,0,0,0,0
0,1,0,5,4,16,4,1,0,3,0,3,9,1,0,0,1,2,0,1,0,1,0,0,0,0,7,4,1,3,0,0,0,1,0,0,0,0
0,1,1,11,9,3,4,0,0,3,7,4,0,4,0,0,0,3,2,0,2,3,0,1,6,1,2,4,1,3,0,0,1,0,0,0,0,0
1,3,0,20,27,10,14,2,1,3,9,4,3,4,2,0,2,9,2,7,0,9,2,4,10,3,4,14,0,12,1,0,0,4,0,1,0,0
0,2,2,28,17,18,10,3,3,0,10,4,7,7,2,0,5,5,4,5,1,11,2,3,12,1,6,14,3,10,0,2,1,3,1,5,0,0
1,1,0,9,12,26,31,1,0,0,8,3,1,0,0,0,9,4,9,0,0,1,0,4,8,1,11,4,0,3,0,0,1,1,0,0,0,0
0,1,0,7,7,5,11,0,0,0,1,3,2,1,0,0,5,5,2,3,3,6,2,0,12,4,8,1,0,1,1,0,0,0,1,0,0,1
0,0,0,3,0,0,0,0,0,0,1,0,0,0,0,0,0,0,0,0,4,0,0,0,0,0,1,0,0,0,0,0,0,0,0,0,0,0
0,0,0,0,0,3,4,0,0,0,0,4,0,0,0,2,0,1,0,0,0,1,0,0,0,0,1,5,1,0,0,0,0,0,0,0,0,1
0,0,2,6,4,15,9,0,2,0,2,4,2,3,0,0,4,3,7,1,0,5,3,2,10,2,9,3,1,12,1,0,1,0,0,0,0,0
0,0,0,6,2,8,12,2,3,1,4,2,4,1,0,0,0,3,9,4,3,5,0,0,9,1,13,10,4,11,0,0,0,3,0,2,0,0
1,0,1,6,6,11,12,1,2,1,7,2,3,3,0,0,3,2,6,5,6,8,0,1,15,2,11,4,1,20,0,0,0,4,0,0,0,0
3,0,2,7,4,5,5,1,0,0,13,1,0,1,0,1,4,7,5,7,7,1,0,3,12,0,2,8,3,5,1,1,1,1,0,3,0,1
0,2,2,3,2,3,5,0,0,2,2,0,7,2,0,2,2,0,3,3,0,0,1,0,10,2,3,3,1,6,0,0,0,2,0,0,0,1
0,1,0,3,4,7,10,1,1,1,8,6,0,2,1,0,4,3,5,2,0,1,1,1,11,1,16,4,4,20,0,2,1,5,0,4,0,0
0,0,0,0,1,6,2,0,0,0,0,3,1,0,0,0,1,1,1,2,0,0,1,0,1,1,5,1,0,3,0,0,0,1,0,0,0,0
0,0,0,0,0,0,1,0,0,0,0,1,2,5,0,0,0,3,1,0,0,3,0,0,3,0,3,0,0,12,0,0,1,0,1,1,0,0
2,1,1,10,7,10,8,0,0,8,10,3,0,1,0,1,0,12,6,25,10,9,3,5,55,16,44,43,12,43,4,0,1,13,3,3,0,2
0,3,1,3,2,4,2,0,0,0,5,0,0,1,0,0,0,5,3,4,4,0,0,2,10,0,4,4,0,5,1,0,0,2,0,0,0,0
0,1,3,15,8,17,18,2,1,5,13,5,9,2,2,4,9,19,27,9,2,15,2,1,41,4,52,34,10,70,2,1,0,3,1,2,0,1
0,5,0,3,5,7,0,0,2,5,4,3,0,0,0,0,0,12,2,9,3,5,0,0,44,1,29,23,18,32,4,3,0,6,5,1,0,0
2,0,0,1,1,4,1,1,0,0,2,5,3,1,0,0,2,1,4,2,0,6,1,0,23,1,7,28,5,9,0,0,0,3,0,0,0,2
0,0,4,1,2,5,8,1,3,0,1,4,2,1,0,0,2,7,10,3,2,11,3,1,23,1,34,37,11,96,9,3,1,13,9,0,1,0
0,0,1,1,0,0,0,2,1,0,2,0,0,0,0,0,0,0,0,0,0,0,0,0,4,0,2,1,3,5,6,0,1,5,2,1,0,0
0,0,0,0,0,2,0,0,0,0,0,0,0,0,0,0,0,1,0,2,0,0,0,2,1,0,2,1,0,3,0,1,0,1,1,0,0,1
0,0,0,1,0,7,3,0,0,0,0,1,0,0,0,0,2,0,2,1,0,0,0,0,2,0,1,1,2,5,0,0,0,3,3,1,1,2
1,1,0,2,1,3,3,0,0,2,1,0,0,1,0,0,2,4,5,2,0,0,0,0,7,3,4,14,8,13,2,0,3,11,6,4,1,2
1,0,0,1,2,1,0,0,0,0,1,0,0,0,0,2,1,0,2,0,1,0,0,0,1,0,1,7,2,8,0,2,1,2,0,2,0,2
0,1,0,0,3,0,0,0,0,0,1,1,0,1,0,0,0,2,0,1,0,0,0,0,2,0,0,6,1,7,0,1,0,0,1,0,0,1
0,0,0,0,0,2,0,0,0,0,1,0,0,0,0,0,0,0,0,1,0,0,0,0,1,0,0,2,0,3,0,0,0,1,0,0,0,0
0,0,0,1,2,0,0,0,0,0,1,0,0,0,0,0,1,0,0,0,0,1,0,1,2,0,1,1,0,2,0,0,0,1,2,0,1,0
