0,0,0,0,0,0,0,0,0,0,0,0,0,0,0,0,0,0,0,0,0,0,0,0,1,0,0,0,0,0,0,0,0,0,0,0,0,0
0,8,10,31,5,11,4,0,0,2,0,0,0,0,0,0,0,0,0,1,0,0,0,0,0,0,1,0,0,0,0,0,0,0,0,0,0,0
1,8,10,6,0,10,1,1,0,1,3,0,0,0,0,0,0,0,0,0,0,0,0,0,0,1,1,0,0,1,0,0,0,0,0,0,0,0
9,18,10,159,71,49,30,4,2,3,10,15,3,15,0,1,5,2,4,3,2,1,1,1,13,2,7,5,5,6,0,0,0,1,0,0,0,0
1,2,4,45,25,25,17,3,4,8,22,10,4,7,0,0,1,7,0,14,3,2,0,0,9,4,0,4,3,11,0,0,1,4,0,0,0,0
14,7,28,73,13,160,72,8,4,0,4,7,20,4,1,1,12,3,4,1,3,1,0,0,0,2,12,4,2,10,0,1,1,0,0,0,0,0
1,2,4,32,19,115,83,12,9,0,5,11,26,6,2,3,14,12,4,0,3,5,0,2,6,2,14,1,8,20,2,0,0,2,0,1,0,0
2,1,1,6,6,26,15,1,2,2,3,2,1,4,0,1,3,5,7,2,1,5,0,2,6,0,9,3,3,8,0,0,0,0,1,0,0,1
0,2,2,8,4,17,11,1,2,0,0,0,0,3,1,0,3,1,1,0,1,1,0,0,3,0,4,0,1,3,0,0,0,0,0,0,0,0
0,0,0,3,12,2,0,1,0,0,4,3,1,0,0,0,2,2,2,1,2,1,0,0,12,1,1,1,2,2,0,0,0,1,0,0,0,0
1,1,2,18,20,9,9,3,1,6,14,9,0,4,2,0,8,5,2,14,4,8,0,4,16,4,6,6,0,10,2,0,0,3,3,0,0,0
0,1,4,28,21,11,17,1,2,7,8,4,5,5,1,4,4,3,8,11,5,14,3,3,11,0,10,9,5,11,0,0,1,3,1,0,0,0
0,1,0,6,6,21,20,0,4,0,1,2,5,2,2,0,4,3,14,3,3,3,0,0,4,1,5,1,4,12,0,0,0,7,0,1,0,0
0,0,1,13,9,4,6,2,1,1,8,5,2,3,0,0,1,3,2,1,2,1,0,0,6,1,6,8,1,7,0,0,0,1,2,4,0,0
0,0,0,0,2,1,0,0,0,0,2,0,0,0,0,0,0,0,0,0,0,0,0,0,0,0,1,0,0,3,0,0,0,0,0,0,0,0
0,0,1,0,1,3,0,1,1,0,1,0,3,0,0,0,1,0,1,0,0,1,0,0,1,0,3,1,0,0,0,0,0,0,0,0,0,0
0,0,3,1,2,7,18,2,1,2,8,0,3,0,0,0,1,0,6,1,0,4,0,1,4,2,20,5,6,11,0,0,0,0,0,0,0,0
0,0,0,12,7,18,13,1,5,1,3,2,6,2,0,2,1,1,2,3,4,4,0,0,8,1,15,4,0,18,0,0,0,2,0,1,0,0
1,1,0,4,5,10,6,3,2,0,3,1,9,4,0,0,9,10,9,2,6,6,0,0,12,0,25,7,1,16,2,0,0,0,1,1,0,0
0,1,0,7,13,9,3,0,0,4,11,6,1,4,0,0,7,2,2,6,1,4,2,1,18,2,6,10,4,4,3,0,2,4,1,0,0,1
0,1,2,1,4,1,2,0,0,0,4,4,3,0,0,0,2,4,0,3,0,1,0,0,6,0,3,1,2,3,0,0,0,0,0,0,0,0
0,0,0,2,1,7,10,3,1,4,7,3,5,3,0,0,7,6,3,3,2,0,0,3,7,4,15,6,1,7,2,3,1,5,0,0,0,0
0,0,0,2,1,1,0,0,0,0,1,2,0,2,0,0,0,0,1,0,0,2,0,0,4,0,2,1,1,3,0,0,0,0,0,0,0,0
0,0,0,0,0,1,2,0,1,0,1,0,0,1,0,0,1,4,1,1,2,0,0,0,4,1,1,0,0,4,0,0,0,2,0,0,0,1
2,3,2,14,9,13,8,3,3,6,12,7,0,2,1,0,2,10,15,22,7,9,1,3,78,14,45,33,10,36,0,0,3,6,2,2,0,0
0,0,0,1,4,3,2,0,2,0,1,0,1,1,0,0,1,4,4,1,0,4,4,0,19,0,18,5,4,5,0,0,0,2,0,0,0,0
1,0,1,13,8,27,11,2,7,2,10,1,7,7,0,0,12,23,15,11,3,21,1,6,32,6,59,33,24,84,5,1,1,15,1,0,0,2
0,0,0,2,1,4,1,0,2,3,5,5,6,2,0,1,0,1,1,5,2,3,1,0,37,6,22,26,16,35,1,7,0,16,6,2,0,0
0,0,1,0,0,1,2,0,0,0,0,1,1,1,0,0,3,1,2,1,2,3,0,0,12,2,5,14,6,28,0,0,0,3,1,2,0,0
0,1,0,0,2,9,6,1,0,0,5,4,3,6,1,1,5,5,6,11,4,10,3,4,26,9,35,37,16,104,7,5,3,23,8,1,0,1
0,0,0,0,0,4,3,0,0,0,1,2,2,0,0,0,0,0,1,0,0,2,0,0,0,0,3,4,1,7,0,1,0,3,0,1,0,0
0,0,0,2,0,3,0,0,0,0,0,0,0,0,1,0,1,1,0,0,0,0,0,0,1,0,0,5,0,6,0,0,0,4,0,0,0,0
0,0,1,0,0,1,3,0,1,0,0,0,1,0,0,0,1,1,3,1,0,1,0,0,1,1,2,1,0,6,2,1,0,2,0,2,0,1
0,0,0,4,1,1,1,0,0,0,3,0,2,1,0,0,2,2,5,2,3,0,0,0,9,3,8,18,4,20,2,0,1,4,3,3,0,2
0,0,0,0,1,2,3,0,1,0,3,0,0,0,0,0,0,2,0,0,1,0,0,0,5,0,3,6,7,13,1,0,3,10,0,0,0,0
0,0,1,1,3,1,0,0,0,0,0,0,0,0,0,0,1,1,0,1,0,0,0,0,4,0,3,5,3,4,1,0,0,5,0,2,0,0
0,0,0,0,0,0,0,0,0,0,0,0,0,0,0,0,0,0,0,0,0,0,0,0,0,0,0,0,0,2,0,0,0,0,0,0,0,0
0,0,0,3,0,0,0,0,0,1,0,0,0,0,0,0,0,0,0,0,0,1,0,0,3,0,1,1,1,4,0,0,0,0,2,0,0,0
