3,1,1,0,0,0,0,0,0,0,0,0,0,0,0,0,0,0,0,0,0,0,0,0,0,0,0,0,0,0,0,0,0,0,0,0,0,0
0,10,8,12,1,4,0,0,0,0,1,0,1,0,0,0,0,0,1,0,0,0,0,0,2,0,0,0,0,0,0,0,0,0,0,0,0,0
0,3,11,4,0,16,0,0,0,0,0,0,0,0,0,0,0,0,2,0,0,0,0,0,0,0,1,1,0,0,0,0,0,0,0,0,0,0
10,21,11,169,52,46,34,0,2,5,10,4,1,4,0,1,1,1,4,7,2,2,3,0,9,0,10,0,2,6,2,0,0,1,0,1,0,0
1,5,3,65,23,25,5,3,1,8,18,21,4,4,0,2,3,7,2,9,1,2,1,3,4,1,6,5,1,7,0,0,1,3,1,0,0,0
1,10,23,48,11,162,67,8,5,3,5,9,13,11,0,3,6,3,5,1,5,3,0,1,7,1,6,0,0,3,0,0,0,1,0,0,0,0
0,2,6,34,12,127,86,20,6,4,3,9,13,5,1,1,10,3,4,4,5,5,0,1,5,0,15,5,4,1,2,0,1,3,1,0,0,0
1,4,2,5,11,12,19,1,3,0,0,6,4,1,0,0,5,5,6,0,3,0,2,0,6,0,6,3,6,3,0,0,0,1,0,1,0,0
0,0,0,5,5,20,16,0,1,0,0,0,0,1,0,0,5,1,0,0,0,0,0,0,2,0,3,0,0,1,0,0,0,0,0,1,0,0
0,0,0,11,12,6,1,1,0,1,3,1,1,0,3,1,2,1,2,1,0,1,0,0,4,0,12,1,0,1,0,2,0,0,1,0,0,0
3,2,1,27,19,15,7,2,2,2,13,7,3,7,3,1,1,5,1,19,4,12,2,1,12,2,10,8,0,4,0,0,1,2,2,0,0,0
1,5,0,15,17,17,11,3,4,1,16,3,6,7,0,1,8,8,1,8,3,8,0,1,13,1,9,3,2,5,0,1,1,5,0,0,0,0
1,2,0,16,4,30,25,1,6,2,2,2,2,1,0,1,4,10,6,1,1,0,1,2,2,2,11,2,1,13,0,0,0,2,2,1,0,0
0,0,0,1,7,15,7,1,2,1,7,1,1,2,0,0,3,1,5,7,1,5,0,0,5,1,9,5,1,3,0,1,0,6,0,1,0,3
0,0,0,0,0,2,1,0,0,0,0,0,0,1,0,0,0,0,0,0,0,1,0,3,0,0,0,2,0,0,0,0,0,0,0,0,0,0
0,0,0,0,0,7,0,1,3,0,1,2,0,1,0,1,0,0,1,0,0,1,0,0,1,1,4,1,0,3,0,0,0,0,0,0,0,0
0,2,1,3,4,18,18,0,3,0,4,0,3,1,0,2,3,3,2,4,0,5,0,0,10,1,18,4,4,8,3,0,0,1,3,1,0,0
0,0,2,7,6,15,13,3,0,4,11,8,6,3,0,0,5,3,10,3,5,8,4,1,10,2,18,6,7,8,0,0,0,3,0,0,0,2
0,0,1,5,3,6,4,1,2,4,7,0,5,1,0,2,1,16,5,0,2,2,3,0,22,2,29,10,2,26,0,0,1,1,2,0,0,0
2,2,2,15,1,7,4,2,1,7,11,4,3,10,0,0,0,7,5,8,3,3,2,5,14,1,15,9,4,14,0,0,2,2,0,1,0,0
2,1,0,5,2,0,1,2,0,0,8,3,1,0,0,0,2,2,7,4,0,2,0,0,7,1,4,1,1,8,0,0,0,4,0,0,0,0
0,1,0,2,3,8,4,0,1,0,7,4,1,4,0,0,5,7,11,3,0,1,2,0,10,1,15,8,2,12,0,1,0,2,1,2,0,0
0,0,0,1,0,3,1,0,0,0,0,0,0,1,0,1,0,1,2,1,0,0,0,0,2,4,2,0,0,5,0,1,1,0,0,0,0,0
0,0,0,0,0,5,1,2,0,0,0,3,1,0,0,0,0,3,0,0,0,0,0,1,6,3,7,3,0,9,0,0,1,0,0,0,0,0
0,4,0,18,14,12,4,0,1,6,16,5,3,5,0,0,7,19,7,19,8,17,5,6,59,11,46,50,19,40,3,2,1,11,1,3,0,2
0,1,1,3,2,4,1,0,3,0,2,0,0,0,1,0,2,0,3,5,0,1,0,1,6,0,8,12,2,7,1,0,0,2,0,0,0,0
1,4,1,8,5,21,13,3,3,1,14,5,9,8,0,1,1,17,16,17,8,14,3,11,36,4,64,29,13,77,4,0,1,9,2,2,0,4
0,0,0,4,2,2,4,0,2,3,8,5,1,3,0,1,0,5,4,11,3,3,0,7,32,8,18,30,5,47,0,3,3,4,2,5,0,3
0,0,0,1,0,5,1,0,0,0,0,0,2,1,0,0,3,1,0,0,0,4,0,0,16,2,17,9,6,41,1,0,0,5,1,2,0,4
1,1,1,1,4,10,7,1,0,3,6,2,8,2,0,1,2,9,10,9,2,2,1,2,29,2,35,45,24,111,7,4,5,13,4,2,0,2
0,0,0,0,1,1,1,0,0,0,1,0,0,0,0,0,0,0,0,0,2,0,0,0,2,2,8,2,2,5,3,0,1,0,0,4,0,0
2,0,0,1,0,4,1,0,0,0,0,0,2,0,0,0,0,0,2,3,1,0,0,0,3,0,5,6,0,9,0,1,0,1,0,0,0,0
0,0,0,0,0,0,3,0,0,0,0,0,3,1,0,0,0,2,6,1,0,0,0,0,2,0,2,6,0,7,0,0,0,0,0,0,0,0
0,0,0,7,1,1,1,0,0,1,3,0,0,1,0,0,0,2,1,1,0,2,1,2,9,1,6,22,3,36,4,0,1,8,2,3,0,0
0,2,0,0,1,2,0,0,0,0,0,2,0,1,0,0,0,0,1,0,0,0,0,0,0,1,3,7,2,9,0,1,2,8,0,1,0,0
0,0,1,2,0,0,0,0,0,0,1,0,0,0,0,0,0,1,0,2,0,0,0,0,2,0,4,7,0,3,0,2,1,4,0,4,0,3
0,0,0,0,0,0,0,0,0,0,0,0,0,0,0,0,0,0,0,0,0,0,0,0,1,0,0,0,0,0,0,0,0,0,0,0,0,0
0,0,0,2,0,2,1,0,0,0,0,0,0,2,0,0,0,0,0,0,0,0,0,0,3,0,1,2,1,3,0,0,0,0,0,0,0,1
