0,1,1,2,0,1,1,0,1,0,0,0,0,0,0,0,0,0,0,0,0,0,0,0,0,0,0,0,0,0,0,0,0,0,0,0,0,0
4,16,7,17,2,4,2,0,0,0,7,2,1,0,0,0,3,0,1,0,0,0,1,0,0,0,2,1,0,2,0,0,0,1,0,0,0,0
0,4,9,3,0,4,1,0,0,0,0,0,0,0,0,0,0,0,0,0,0,0,0,0,0,0,0,0,0,0,0,0,0,0,0,0,0,0
5,32,10,169,36,57,14,3,0,7,6,11,2,10,0,0,1,3,4,1,2,0,0,0,10,0,8,4,4,1,0,0,0,0,0,0,0,0
0,7,4,43,34,24,14,4,0,4,15,13,3,6,1,1,3,1,4,7,2,2,0,0,5,0,2,2,2,3,0,0,0,3,0,0,0,0
1,8,15,61,13,166,67,11,12,0,5,5,8,0,0,1,8,3,2,3,4,5,0,0,4,0,11,5,7,20,1,1,0,2,0,0,0,1
2,6,6,22,15,115,75,6,7,2,8,3,8,5,2,0,18,11,12,3,1,9,1,2,10,2,16,6,2,11,0,0,0,0,0,1,1,2
0,0,0,9,7,33,19,2,1,2,2,5,1,1,1,3,14,4,9,1,1,1,0,1,2,1,7,3,5,3,1,0,0,0,0,0,0,0
0,2,0,4,2,18,10,0,3,0,2,2,1,1,0,0,0,1,9,0,0,4,0,0,4,0,1,1,0,3,0,0,0,1,0,0,0,0
1,1,0,8,9,4,4,1,3,1,9,1,1,3,1,1,0,4,2,0,0,2,1,1,5,0,4,3,0,7,0,0,0,0,0,0,0,0
0,4,0,10,13,19,12,0,1,7,16,9,4,5,0,2,3,15,5,9,2,8,1,3,20,4,13,11,4,8,0,0,0,3,1,3,0,0
1,0,1,31,23,17,20,1,3,6,16,3,2,5,0,2,2,12,6,4,3,13,1,2,23,1,16,12,6,8,0,0,0,1,1,2,0,1
0,0,1,6,4,38,22,2,0,1,12,1,4,4,0,2,3,1,17,0,3,4,0,2,13,0,18,5,3,12,0,1,0,3,0,1,0,0
0,2,0,15,3,15,3,1,1,2,6,5,5,2,1,0,1,5,7,4,0,2,2,1,7,2,9,3,0,3,0,0,2,2,0,1,0,0
0,0,0,0,0,1,0,0,0,0,1,0,0,0,0,0,1,0,0,0,0,0,0,1,0,0,2,1,0,1,0,0,0,0,0,0,0,0
0,0,0,3,1,6,1,3,2,0,4,1,4,1,0,0,0,3,2,0,1,1,0,0,0,0,4,0,0,0,0,0,0,0,0,0,0,1
0,0,1,7,0,17,16,1,8,0,8,1,2,2,0,0,0,2,7,0,4,8,1,0,1,2,8,6,2,10,0,0,0,0,0,2,0,0
1,0,3,10,3,28,14,2,4,3,11,10,4,0,0,0,7,4,12,2,2,9,2,2,10,2,22,7,2,18,0,0,0,1,0,0,0,0
0,0,1,8,1,6,5,1,3,1,0,0,1,4,0,2,8,7,5,3,3,5,0,1,6,1,16,9,4,21,0,1,2,1,1,0,0,0
1,3,0,16,3,13,7,2,0,7,6,5,3,3,0,0,4,5,1,15,3,6,0,1,10,4,9,7,1,10,0,0,0,5,0,2,0,0
0,0,0,3,4,3,0,2,2,0,7,10,0,4,0,1,2,2,2,8,2,1,0,1,1,4,3,6,0,3,0,0,1,1,0,0,0,0
1,1,1,3,1,2,9,0,3,2,8,4,2,1,0,2,5,8,12,7,3,5,0,1,14,0,8,7,0,7,2,0,0,5,0,1,0,0
0,0,0,0,0,4,0,0,0,0,0,2,0,5,0,0,1,5,1,0,2,2,0,0,0,0,2,3,2,5,0,0,0,0,0,0,0,0
0,0,0,0,0,8,2,0,0,1,0,4,1,0,0,0,2,1,0,2,0,0,0,2,1,0,6,5,1,9,0,0,0,0,0,0,0,0
4,3,0,18,15,6,9,1,0,4,21,10,1,6,0,0,1,3,14,30,6,13,4,3,74,7,45,34,16,48,1,0,2,10,1,1,0,2
0,3,1,2,1,2,3,0,0,0,13,0,1,0,0,0,0,4,1,4,1,2,0,0,8,2,8,9,1,8,1,0,0,1,2,0,0,0
0,5,5,12,5,14,10,4,5,0,6,2,13,3,5,0,9,16,21,4,5,14,5,5,41,10,72,43,20,89,3,3,1,11,1,1,0,0
2,0,0,13,0,11,1,0,0,5,6,3,1,1,0,0,1,5,5,3,2,3,2,0,35,5,20,28,9,35,3,1,0,8,2,1,0,0
0,1,1,3,3,4,0,0,0,0,2,1,0,1,0,0,0,4,2,0,3,1,2,0,18,2,11,12,7,26,3,0,0,7,3,2,0,0
0,1,2,6,3,6,10,3,2,1,7,10,2,6,2,0,4,16,10,2,1,4,2,1,26,1,74,42,22,117,6,2,4,16,3,0,0,5
1,0,0,1,1,1,2,0,2,0,1,0,1,0,0,0,0,1,1,4,0,0,0,0,3,0,1,1,0,4,2,0,0,1,1,1,0,1
0,0,0,0,1,0,2,0,0,0,1,0,0,1,0,0,0,1,0,0,0,0,0,0,1,0,3,2,0,17,1,7,0,1,0,0,0,0
0,0,0,0,0,1,4,1,0,0,0,1,0,0,0,0,0,2,0,0,0,0,0,0,0,0,3,2,0,10,2,0,0,4,0,2,1,1
0,0,0,2,3,5,0,0,0,1,2,2,0,0,0,1,1,2,2,1,2,0,0,0,12,0,3,20,6,26,1,2,1,6,1,8,0,3
0,0,1,1,1,1,0,0,0,0,0,1,0,0,0,0,2,0,0,0,0,0,0,0,4,0,7,2,3,8,0,1,2,4,0,2,0,0
0,0,0,1,0,1,1,0,0,0,0,0,0,0,0,0,2,0,0,1,2,0,0,0,1,0,3,2,0,3,0,1,0,3,1,1,0,1
0,0,0,0,0,0,0,0,0,0,0,0,0,0,0,0,0,0,0,1,0,0,0,0,0,0,0,0,0,1,0,0,0,1,0,0,0,0
0,0,0,0,0,1,0,0,0,0,0,0,0,0,0,0,0,0,1,2,0,1,0,0,0,0,1,4,1,2,0,0,0,1,3,2,0,0
