5,0,0,0,0,0,0,0,0,0,0,0,0,0,0,0,0,0,0,1,0,0,0,0,0,0,0,0,0,0,0,0,0,0,0,0,0,0
0,7,6,24,1,10,1,1,0,1,1,1,1,0,0,0,0,0,0,2,0,2,0,0,0,0,0,2,0,4,0,0,0,0,0,0,0,0
1,6,8,1,0,6,0,0,0,0,1,0,0,1,0,0,2,0,0,0,0,1,0,0,0,0,0,0,0,0,0,0,0,0,0,0,0,0
6,32,12,120,48,58,16,2,0,2,6,9,2,1,0,2,1,1,0,7,0,3,0,0,2,3,3,2,4,5,0,0,0,1,0,0,0,0
1,9,1,37,27,24,19,3,3,4,22,9,9,5,1,2,2,2,5,7,2,2,0,0,2,1,1,8,1,6,0,1,0,2,0,2,0,0
6,13,27,49,6,166,70,8,9,0,3,5,9,1,0,0,8,1,6,0,1,7,1,0,5,1,16,3,0,15,0,0,0,2,0,0,0,0
1,0,13,48,17,123,65,10,9,2,5,8,18,3,0,2,13,6,12,1,2,6,0,1,2,0,20,6,3,14,0,0,0,0,0,1,0,1
0,2,1,13,15,14,27,2,0,2,4,7,4,4,0,0,6,0,4,0,1,6,0,0,4,3,5,2,1,8,0,0,1,3,0,0,0,0
0,0,0,2,1,14,12,1,1,0,1,0,3,1,0,2,2,0,1,0,0,1,1,0,1,3,3,0,0,0,0,0,0,0,0,0,0,5
0,1,0,6,9,2,0,0,0,1,3,2,1,2,0,0,1,0,1,1,1,6,0,0,1,0,1,3,1,0,0,0,0,0,2,0,0,0
0,0,6,29,12,17,4,2,0,10,27,2,2,9,0,1,2,6,0,3,3,16,1,0,22,3,19,9,1,5,1,0,0,5,1,1,0,0
3,3,4,17,24,21,15,1,5,2,15,5,4,6,1,1,6,8,4,5,8,11,2,1,12,1,18,9,2,10,1,0,1,4,2,0,0,0
0,4,1,9,4,31,31,3,4,1,1,4,1,3,0,1,8,6,19,0,3,2,0,2,2,2,22,1,3,17,2,4,2,0,0,3,0,0
0,1,0,15,5,12,7,0,1,2,4,4,1,1,0,0,2,5,5,4,5,7,0,2,12,0,13,6,2,5,0,0,1,1,0,0,0,0
0,0,0,0,0,0,1,0,0,0,0,0,2,2,0,0,0,1,1,1,0,0,0,0,0,0,0,0,0,1,0,0,0,0,0,0,0,0
0,0,0,0,0,4,1,3,0,0,1,2,0,0,0,0,1,0,0,0,0,1,0,0,1,0,3,0,1,0,0,0,0,0,0,0,0,0
0,1,2,4,1,15,13,0,3,1,3,0,2,7,0,0,3,1,9,3,5,7,2,3,4,0,26,5,0,12,1,1,0,0,0,0,0,0
0,2,1,10,6,24,21,1,7,0,9,8,4,1,0,0,1,2,10,9,3,18,4,2,19,2,20,7,5,17,2,0,0,6,1,0,2,0
1,1,0,3,4,9,3,3,5,0,1,3,7,5,0,0,6,9,4,2,2,9,1,0,9,4,21,8,2,23,0,0,0,0,1,1,0,0
3,1,0,7,7,1,3,0,0,4,6,3,6,4,0,0,7,5,7,10,3,2,0,0,18,2,8,2,2,9,0,0,0,2,0,0,0,0
0,1,1,10,1,4,2,0,0,7,6,1,1,3,0,2,0,4,7,4,0,5,0,1,1,1,1,7,2,2,0,0,0,1,0,0,0,0
0,0,1,2,3,10,9,3,4,2,4,3,1,1,0,1,7,11,8,4,1,1,0,0,13,1,9,2,4,4,1,0,0,3,0,1,0,2
0,0,1,0,0,4,0,0,0,0,0,0,3,0,0,0,1,3,3,1,2,5,0,0,1,2,7,1,0,2,0,0,3,1,0,2,0,0
0,0,0,0,2,4,4,0,0,0,4,0,0,0,1,0,0,3,1,5,0,1,0,1,0,0,3,1,4,2,0,0,1,0,0,0,0,1
3,0,3,24,9,10,6,1,1,3,13,4,4,7,0,1,3,10,10,20,9,8,3,6,76,9,34,41,12,45,4,2,0,9,2,0,0,0
0,0,1,1,6,2,1,0,0,1,4,1,1,0,0,0,1,2,3,3,4,3,0,2,12,0,7,7,6,9,0,0,0,3,0,0,0,0
4,5,0,7,6,18,19,1,3,4,6,6,3,7,0,3,10,21,29,8,5,20,1,6,31,5,55,33,13,90,4,2,3,11,4,3,0,0
0,0,0,9,1,5,4,0,1,3,2,1,2,1,0,0,2,3,9,10,3,6,0,3,24,6,22,39,13,54,4,0,1,8,5,7,0,1
0,0,0,2,2,4,1,0,0,0,3,0,0,5,0,0,0,1,2,3,5,3,0,0,24,0,6,13,5,22,2,0,3,7,1,2,0,0
0,4,1,4,3,10,12,0,0,2,2,6,2,3,0,1,6,15,5,1,1,10,0,2,30,6,56,43,9,113,4,4,2,13,3,1,0,3
0,0,0,0,0,0,2,0,0,0,2,1,0,0,0,0,0,0,3,0,0,0,0,0,2,1,1,2,2,13,1,5,1,4,1,1,0,0
0,0,1,0,0,5,3,0,0,0,0,0,4,0,0,0,0,1,1,0,0,0,0,0,1,0,4,1,2,8,0,2,0,3,0,0,0,0
0,0,0,2,0,4,1,0,0,0,1,0,0,0,0,0,2,0,0,3,0,1,0,0,2,0,5,0,1,5,1,0,0,5,1,1,0,2
0,1,0,3,4,3,0,0,0,1,6,0,1,1,0,1,0,3,4,4,0,2,0,1,10,2,7,20,4,12,4,3,0,13,3,8,2,2
0,0,0,0,0,0,1,0,1,0,0,0,1,2,0,0,0,2,1,0,0,0,0,0,3,0,3,1,2,12,5,0,0,1,0,1,0,1
0,0,0,2,0,0,2,1,2,0,0,0,0,0,0,0,0,0,1,3,0,0,0,0,3,0,4,3,0,10,0,3,0,4,1,0,0,0
0,0,0,0,0,0,0,0,0,0,0,1,0,0,0,0,0,0,0,0,0,0,0,0,0,0,0,1,0,0,0,1,0,0,0,0,0,0
0,0,0,0,2,0,0,0,0,0,1,0,0,0,0,1,0,0,0,1,0,0,1,1,0,0,1,2,1,3,0,0,0,2,4,0,0,0
