1.66833333333
2.68089552239
1.9971875
1.73002816901
1.7691588785
1.84869369369
1.7042962963
1.73843283582
1.69111111111
1.69264150943
1.66009569378
1.86372881356
1.87679144385
1.88256
1.405
1.94411764706
1.8315862069
1.97461538462
1.73899280576
1.91387596899
1.80767123288
1.86820512821
1.64302325581
1.73815789474
1.65229765013
1.61864197531
1.66446712018
1.61452380952
1.72300884956
1.70114361702
2.16211538462
3.95970588235
3.59540540541
1.96256198347
2.26720930233
3.66848484848
1.99
3.40235294118
