1,5,0,0,0,0,0,0,0,0,1,0,0,0,0,0,0,0,0,0,0,0,0,0,0,0,0,0,0,0,0,0,0,0,0,0,0,0
2,18,6,22,2,5,0,0,0,0,0,4,0,0,0,0,0,0,0,0,0,0,0,0,3,0,3,0,0,1,0,0,0,0,0,0,0,0
2,3,9,7,0,6,4,0,0,0,0,0,0,0,0,0,0,0,4,0,1,0,0,0,0,0,0,0,0,0,0,0,0,0,0,0,0,0
8,20,14,132,38,61,19,3,4,4,13,5,3,0,0,0,2,2,3,4,0,2,1,2,6,0,3,5,1,8,0,0,0,0,0,0,0,0
0,11,0,59,24,13,25,4,3,6,14,8,4,0,1,0,5,0,0,6,6,0,1,0,3,0,11,6,0,4,0,0,0,1,0,2,0,0
4,13,17,67,4,146,62,2,8,0,3,7,13,1,0,3,13,8,5,2,6,2,0,0,6,0,17,3,4,9,0,0,0,0,0,3,0,0
1,2,6,23,12,107,60,7,7,0,5,5,18,2,2,2,15,12,7,3,7,13,2,2,6,0,14,8,4,14,0,0,1,2,4,1,1,0
1,0,1,12,17,14,12,1,2,1,0,4,3,3,0,5,3,1,1,2,1,2,4,0,12,0,11,6,3,3,0,0,0,4,0,0,0,0
0,1,0,3,6,11,11,1,3,0,2,4,3,0,2,0,0,0,7,0,2,0,0,0,0,0,4,0,2,4,0,0,0,0,0,0,0,0
1,3,0,7,5,2,1,0,0,1,3,0,3,1,0,0,0,1,0,3,0,1,0,1,3,0,4,1,0,1,0,0,1,0,2,0,0,0
0,4,3,20,7,7,5,3,2,3,11,3,3,5,0,2,2,5,10,13,6,10,8,4,9,1,8,8,3,6,3,2,1,3,0,0,0,0
1,1,1,26,17,25,13,1,2,7,14,1,5,3,0,1,3,6,5,2,3,5,2,1,9,0,11,19,2,10,0,0,0,3,0,0,0,1
0,0,1,7,7,36,29,1,2,1,5,4,4,3,0,0,5,4,12,0,0,4,0,4,11,4,16,3,3,16,0,1,2,3,1,0,0,0
0,2,2,7,6,9,5,0,1,4,3,8,4,2,0,4,8,2,2,6,2,8,1,4,5,2,4,14,1,4,0,0,0,0,0,0,0,0
0,0,0,1,2,1,0,0,2,0,2,0,0,1,0,0,0,0,1,0,0,0,0,0,0,0,2,0,0,2,0,0,0,0,0,0,0,0
0,1,0,3,2,3,2,2,0,0,0,0,3,1,0,0,0,2,0,0,1,3,3,0,0,0,2,0,0,1,0,0,0,0,0,0,0,0
1,2,3,9,3,21,14,0,5,2,2,4,1,1,2,0,3,6,11,0,4,8,1,2,3,0,13,4,1,9,0,0,1,1,0,2,1,0
5,2,2,4,12,23,11,0,3,0,3,6,8,5,0,1,6,1,10,4,6,1,3,2,8,5,29,5,6,22,0,0,1,4,0,0,0,0
0,1,2,2,5,10,12,3,2,3,5,2,9,3,0,0,3,3,4,1,4,7,0,2,17,5,19,14,3,27,0,0,3,1,0,0,0,0
1,0,1,5,4,6,3,0,4,3,9,5,1,1,0,1,4,4,12,16,6,0,1,2,17,3,3,4,3,9,0,0,1,2,0,1,0,0
0,1,0,6,4,3,3,0,1,2,8,0,1,1,0,1,1,5,4,5,4,5,2,1,1,3,8,3,2,3,0,0,1,2,1,0,0,0
0,0,0,3,9,9,5,0,3,5,5,6,4,1,0,0,2,7,10,9,3,1,2,2,13,2,13,11,5,7,0,0,1,0,0,1,0,0
0,0,0,0,0,2,0,0,0,0,1,0,1,0,0,0,3,1,1,0,0,1,0,0,0,0,6,5,0,0,2,1,0,2,0,0,0,0
0,2,0,1,2,3,3,0,1,1,1,2,1,0,1,1,3,0,0,0,1,0,0,0,4,2,1,1,2,3,0,0,0,0,0,0,0,0
2,9,1,25,7,6,8,1,2,10,5,3,5,2,0,0,1,10,12,23,9,5,1,1,76,15,32,58,16,39,1,1,3,16,0,2,0,0
0,1,0,1,2,3,4,1,0,2,0,3,0,3,0,0,0,1,5,5,5,3,1,4,11,1,8,4,0,5,0,0,1,1,0,2,0,1
0,4,1,13,7,18,23,2,5,6,8,3,7,1,0,1,11,15,26,7,5,16,6,2,29,7,50,50,14,77,5,3,2,7,1,3,0,1
0,0,0,6,0,1,10,0,0,0,2,3,0,0,0,1,2,8,2,7,0,1,2,3,32,12,18,40,12,77,3,0,0,4,4,2,0,1
0,0,3,1,0,5,5,0,1,6,0,1,0,0,0,0,0,3,2,0,0,2,0,0,16,2,11,9,6,17,4,0,0,9,1,2,0,3
1,2,2,4,4,7,6,2,3,5,6,1,3,2,0,0,6,6,16,8,2,3,0,2,33,1,59,41,21,132,7,2,3,10,2,3,0,0
0,0,0,0,0,0,3,0,0,0,0,0,1,2,0,0,0,0,0,0,0,1,0,0,1,0,1,1,0,11,0,0,1,4,2,0,0,1
0,0,0,0,0,1,0,0,0,0,2,0,2,0,0,0,2,0,0,0,0,0,0,0,0,0,8,6,0,7,1,3,1,1,2,0,0,1
1,1,0,1,1,0,3,0,0,0,1,0,0,1,0,0,0,3,0,1,0,1,0,1,3,0,0,0,2,4,0,0,0,4,2,0,0,0
0,0,0,4,1,2,1,1,1,0,7,1,4,1,0,0,0,3,2,1,1,1,0,0,12,1,10,33,7,19,4,2,0,6,2,0,1,0
0,1,0,1,1,1,0,0,0,0,0,3,0,0,0,0,0,1,0,3,1,0,0,0,5,0,0,3,3,2,1,1,1,6,0,5,0,0
0,0,0,2,4,1,0,0,0,0,0,0,0,0,0,0,1,0,0,0,1,0,0,0,6,2,1,3,1,5,0,0,1,2,1,0,0,0
0,0,0,1,1,0,0,0,0,0,0,0,0,0,0,0,1,0,0,0,0,0,0,0,1,0,0,0,0,1,0,0,0,0,0,0,0,0
0,0,0,0,0,2,0,0,0,1,0,0,0,1,0,0,0,0,0,2,0,1,0,0,0,0,0,0,0,1,0,1,0,2,1,1,0,1
