5,0,0,1,0,1,0,0,0,0,0,0,0,0,0,0,0,0,0,0,0,0,0,0,0,0,0,0,0,1,0,0,0,0,0,0,0,0
4,16,10,21,0,3,4,0,2,0,2,0,0,0,0,0,2,0,0,0,0,0,0,0,1,0,0,0,0,2,0,0,0,0,0,0,0,0
1,7,9,3,0,10,0,1,0,0,0,0,0,0,0,0,0,0,0,0,0,0,0,0,0,0,1,0,0,1,0,0,0,0,0,0,0,0
18,29,11,154,24,48,19,5,2,0,4,7,1,0,1,0,3,5,2,5,1,2,0,0,6,2,5,2,1,4,0,0,0,1,0,1,0,0
1,6,1,47,21,21,22,1,3,5,7,9,2,0,1,0,4,2,8,5,1,9,2,0,6,2,8,8,1,6,0,0,0,4,0,1,0,0
1,13,16,54,14,139,47,3,4,3,6,4,9,1,1,0,9,6,4,1,6,7,0,0,4,1,20,5,2,11,2,0,0,2,0,0,0,0
2,5,7,37,15,71,60,13,8,0,3,7,14,1,0,1,19,6,10,0,6,9,2,1,6,0,12,11,4,11,0,1,2,1,0,1,0,0
0,1,2,11,6,29,15,0,1,0,3,2,5,1,0,0,8,5,5,5,3,4,0,1,4,2,10,6,0,10,0,5,0,0,0,1,0,1
0,0,2,0,1,12,10,4,3,2,1,0,2,0,0,0,2,1,2,1,2,2,0,0,0,0,3,0,0,7,0,0,0,1,0,0,0,0
0,1,0,11,4,3,1,0,1,2,6,4,0,1,0,0,2,2,1,2,0,7,0,0,5,0,1,0,0,6,0,0,0,0,1,0,0,0
0,3,1,25,11,9,8,4,2,2,12,13,10,1,0,2,6,4,6,14,8,6,4,1,11,0,7,3,1,13,0,0,0,3,0,1,0,1
0,0,0,39,14,22,25,2,5,3,14,4,6,5,2,1,5,5,7,6,10,12,0,0,4,3,11,10,2,13,1,0,3,0,1,0,0,0
0,2,1,20,4,31,24,3,2,1,8,4,1,1,0,0,7,11,12,5,1,3,3,1,10,3,17,3,4,21,0,1,2,3,2,2,0,0
0,2,1,17,6,8,5,2,1,2,1,3,2,4,0,0,5,2,8,4,1,7,4,1,3,2,8,4,2,3,1,2,0,0,0,1,0,0
0,0,0,3,1,0,0,0,0,0,0,0,0,0,0,0,0,1,1,0,2,0,0,0,1,0,2,0,0,0,0,0,0,0,0,0,0,0
0,0,0,4,2,6,0,0,0,0,0,3,0,0,0,0,2,0,1,3,0,0,0,0,0,0,0,3,0,1,0,0,0,0,0,0,0,0
0,2,2,4,2,25,27,0,3,0,4,3,4,1,1,0,2,7,14,2,1,1,3,0,5,3,16,2,5,9,0,0,0,0,0,0,0,0
2,0,2,3,3,19,11,1,6,1,1,1,8,2,0,0,8,1,3,7,6,6,0,2,3,0,24,3,8,11,0,0,0,0,1,0,0,0
1,0,0,7,1,6,13,0,4,0,3,2,7,2,0,0,4,10,11,2,7,8,0,0,13,2,29,15,3,16,0,0,0,3,1,0,0,1
2,1,3,10,9,8,11,2,1,3,14,5,1,1,0,0,2,9,4,10,2,5,0,5,18,2,8,7,3,5,2,0,2,2,0,3,0,1
0,0,1,5,3,2,5,0,0,2,10,1,0,1,0,0,0,1,2,1,0,1,0,6,3,1,1,3,2,3,0,0,0,0,1,0,0,0
2,0,1,5,4,7,4,0,0,1,9,9,3,8,0,2,1,6,9,4,6,1,0,0,8,1,16,4,3,10,2,0,0,1,0,1,0,0
0,1,0,2,0,0,1,0,0,0,1,0,0,0,0,0,3,3,1,0,0,1,0,0,3,0,11,2,0,4,0,0,0,2,0,0,0,0
0,0,0,3,1,1,1,0,0,1,1,0,1,2,0,1,2,1,2,1,2,0,0,0,4,0,10,7,0,6,0,0,0,1,0,0,0,0
2,3,1,9,3,13,9,3,5,3,21,3,3,3,0,1,7,8,5,21,8,12,1,8,56,12,33,55,8,48,1,0,3,9,3,2,2,6
0,0,1,4,2,4,2,1,1,0,2,4,1,3,0,0,0,2,4,3,1,1,1,1,9,0,7,14,6,3,2,0,0,1,0,0,0,0
1,1,1,17,11,29,15,0,3,4,4,2,3,1,0,0,7,18,21,13,3,22,5,4,38,2,53,44,18,75,3,3,5,7,4,3,0,0
0,1,1,10,5,6,7,0,1,2,3,4,0,1,0,0,1,3,4,13,2,4,0,0,34,10,18,39,15,54,2,1,2,10,0,1,0,2
0,0,0,1,2,0,4,0,2,1,0,1,1,0,0,0,2,4,1,1,1,3,0,0,15,4,5,19,5,22,0,0,0,0,2,0,0,2
1,1,4,6,5,15,10,0,3,0,3,4,6,2,0,0,2,12,6,5,7,10,0,1,32,4,56,37,22,125,10,3,6,7,9,11,0,3
0,0,0,0,0,1,3,0,0,0,2,2,1,0,0,0,0,1,1,0,0,0,0,0,3,0,5,0,3,10,2,0,5,4,2,0,0,0
0,1,0,0,0,4,1,0,1,0,0,0,0,0,0,0,1,0,0,0,0,0,0,0,0,0,2,0,0,6,0,1,3,3,0,1,0,0
0,0,1,0,0,3,2,0,1,0,1,2,0,2,0,0,0,3,0,0,0,0,0,1,2,0,8,4,1,14,1,0,0,4,0,1,0,2
0,1,0,2,1,4,2,0,0,5,6,1,1,1,0,1,1,4,2,2,1,1,0,0,14,1,9,20,2,9,3,1,2,7,1,6,0,1
0,0,0,0,2,1,1,0,0,0,1,0,0,1,0,0,1,1,2,1,2,2,0,0,2,1,4,1,1,7,2,0,0,6,2,4,0,1
0,0,0,0,1,1,1,0,1,0,1,0,1,0,0,1,0,2,1,0,0,1,0,0,2,0,3,1,3,2,0,0,1,1,0,0,0,0
0,0,0,0,0,1,0,0,0,0,0,0,0,0,0,0,1,0,0,0,0,0,1,0,1,0,1,0,0,2,0,2,0,0,0,0,0,0
0,0,0,1,0,0,0,0,0,1,1,0,0,2,0,0,0,0,2,0,0,0,0,0,7,0,0,0,3,5,0,1,0,3,2,1,0,0
