4.34571428571
2.03205479452
1.81727272727
1.89474860335
1.98677725118
1.98191815857
1.76683139535
1.95569230769
1.76031746032
2.04104477612
1.74838862559
1.72935064935
2.11577889447
1.90257731959
2.09285714286
1.84375
1.65095890411
1.81244755245
1.64267973856
2.05550632911
1.97620689655
1.68561151079
1.66967741935
1.563125
1.74746231156
1.56657894737
1.68679120879
1.79435114504
1.58544444444
1.7354028436
2.75566037736
3.53458333333
3.7085
2.36538461538
2.476
4.42384615385
3.46818181818
3.09458333333
