3,1,3,1,1,0,0,0,0,0,0,0,0,0,0,0,0,0,0,0,1,0,0,0,0,0,0,0,0,0,0,0,0,0,0,0,0,0
0,15,7,18,3,8,3,0,0,0,0,0,0,0,0,0,2,0,1,0,0,0,0,1,1,0,0,1,0,1,0,0,0,0,0,0,0,0
0,4,13,0,0,5,0,0,0,0,0,0,0,0,0,0,0,0,0,1,0,0,0,0,0,0,0,0,0,0,0,0,0,0,0,0,0,0
3,30,15,99,30,44,16,7,3,6,11,2,2,3,0,1,3,5,6,3,1,2,1,0,2,0,4,3,4,3,1,0,0,3,0,0,0,0
1,2,3,40,18,24,10,0,5,4,12,6,2,5,2,1,5,1,7,5,5,1,0,1,8,0,7,12,3,5,1,0,1,1,0,0,0,0
7,7,20,49,9,137,59,7,9,1,6,8,7,3,0,1,4,11,3,3,2,10,0,1,6,1,17,6,0,8,0,1,2,2,3,1,2,0
1,4,5,37,23,76,56,9,6,1,9,9,12,1,0,1,18,7,9,1,4,5,0,0,11,0,25,14,2,6,1,0,0,1,0,0,0,0
0,1,2,14,7,31,16,0,0,1,2,3,3,0,0,1,5,4,3,0,6,4,2,6,2,0,10,5,0,5,0,0,0,1,1,0,0,0
0,0,0,6,1,9,13,0,0,0,1,1,1,0,0,0,1,5,2,1,0,0,0,3,0,0,4,0,0,4,0,0,0,2,0,0,0,0
4,1,1,7,3,2,1,0,0,5,0,0,1,0,0,0,1,0,0,0,3,3,0,1,6,0,0,2,1,3,0,0,0,3,1,0,0,0
2,2,2,15,9,3,6,1,0,4,8,7,5,6,0,0,2,8,6,17,3,6,2,3,17,0,7,9,4,6,0,0,0,1,0,1,0,4
1,4,1,23,18,32,20,1,2,7,9,5,6,3,0,2,5,6,7,3,9,10,3,5,11,1,5,18,4,19,1,0,1,0,1,2,0,1
0,1,6,13,6,23,29,2,5,3,3,4,2,0,0,1,4,8,14,4,4,4,1,0,10,2,28,6,3,16,0,6,0,0,2,2,0,0
1,0,1,8,6,8,11,0,3,1,3,0,1,2,0,0,4,1,3,7,1,6,0,3,6,3,4,8,0,0,0,0,0,3,0,0,0,0
0,0,0,0,0,0,2,0,0,0,4,0,0,0,0,0,0,0,0,0,0,0,0,0,0,0,0,1,0,1,0,0,0,0,0,0,0,0
0,1,0,0,1,3,0,4,1,0,0,5,1,0,0,2,0,0,0,0,4,0,0,0,2,0,1,2,0,0,0,0,0,0,0,0,0,0
0,0,1,8,7,13,21,1,3,1,2,4,3,4,0,0,4,5,9,1,4,7,2,1,8,3,14,3,2,11,0,1,0,1,0,2,0,1
0,0,0,14,3,21,8,1,11,0,4,3,6,3,0,0,6,6,6,7,2,11,0,2,9,1,28,11,7,19,2,2,0,1,1,1,0,0
1,0,0,4,2,16,11,0,0,0,5,0,2,0,0,0,7,5,3,2,6,13,2,3,19,2,21,11,0,19,0,0,1,1,1,1,0,1
0,2,0,13,1,7,3,0,2,7,7,3,4,1,1,1,2,6,9,6,1,2,1,0,11,0,15,8,3,8,0,0,0,1,2,2,0,1
0,0,0,2,3,3,3,0,0,2,5,0,4,2,0,0,3,5,2,2,1,1,0,2,6,0,5,1,1,6,0,0,0,2,0,0,0,0
0,2,0,4,1,10,5,1,2,0,10,7,2,2,0,0,9,6,9,8,5,4,1,0,7,1,9,8,3,15,0,0,0,0,1,0,0,0
0,0,0,4,0,2,3,1,0,0,1,0,0,0,0,0,2,0,0,0,0,0,0,0,2,0,7,1,0,3,0,0,0,0,0,0,0,0
0,0,0,4,2,4,1,1,0,0,3,1,1,0,0,0,3,2,2,2,2,0,0,0,5,0,4,4,2,6,0,0,0,2,0,0,0,0
1,5,1,20,8,10,6,3,2,8,10,5,4,2,0,1,0,13,17,22,7,9,0,4,60,10,33,56,13,49,2,0,0,4,2,2,0,0
0,0,0,5,2,1,3,1,0,3,4,1,0,4,0,0,2,3,2,0,3,1,0,1,7,0,6,14,3,11,0,0,0,3,1,1,0,1
0,1,5,13,9,33,14,3,3,1,0,7,7,7,0,2,5,21,31,7,10,21,7,7,35,6,61,37,14,64,9,2,1,5,3,5,0,1
1,5,0,5,4,4,10,1,1,1,0,0,1,2,0,0,2,6,4,8,5,1,0,3,35,9,21,25,7,45,4,0,1,11,1,7,0,3
0,5,2,2,3,0,0,0,0,1,4,5,1,1,0,0,0,2,2,0,2,2,0,0,11,1,16,17,2,23,1,2,3,3,0,0,0,0
0,2,1,6,4,14,7,0,2,0,1,4,1,1,0,2,7,11,6,13,1,19,0,0,19,5,57,33,14,110,7,6,4,15,4,0,1,9
0,0,0,0,1,4,1,0,0,0,4,0,0,0,0,0,1,3,0,0,1,0,0,0,0,1,3,0,0,11,5,1,0,2,1,3,0,0
0,0,0,0,0,4,0,0,1,0,1,0,0,0,0,0,0,0,0,0,1,0,0,0,0,2,0,1,0,9,0,2,1,0,0,1,0,0
1,0,0,1,2,5,1,0,0,0,0,3,0,1,0,0,0,1,2,0,0,2,0,0,0,0,5,0,4,10,0,1,0,0,2,2,2,0
1,0,1,3,0,2,3,0,0,2,0,0,1,0,0,0,0,2,7,3,1,2,1,1,7,0,14,14,2,29,1,1,1,7,2,5,0,2
0,0,0,2,0,2,0,0,0,0,0,0,0,0,0,0,1,1,2,0,0,0,0,3,6,0,2,6,3,7,0,4,0,4,0,3,0,1
0,0,0,1,2,1,0,0,0,2,1,0,0,0,0,0,0,0,1,2,1,1,0,0,4,3,2,7,0,3,4,0,0,3,0,1,0,0
0,0,0,2,0,0,0,0,0,0,0,0,0,0,0,0,0,0,0,0,0,0,0,0,0,0,0,0,0,0,0,0,0,0,0,0,0,0
0,0,0,0,0,2,0,0,0,0,0,0,0,0,0,0,0,0,0,0,1,0,0,0,2,2,5,3,2,4,0,2,0,0,0,0,0,0
