0,0,1,6,0,0,0,0,0,0,0,0,1,0,0,0,0,0,0,0,0,0,0,0,0,0,0,0,0,0,0,0,0,0,0,0,0,0
3,8,9,17,0,2,2,0,0,0,0,1,0,0,0,0,0,0,1,0,0,0,0,0,2,0,1,0,0,1,0,0,0,0,0,0,0,0
1,3,11,9,0,4,6,0,0,0,0,0,2,3,0,0,0,0,0,0,0,0,0,0,0,0,0,0,1,1,0,0,0,0,0,0,0,0
16,36,13,117,32,46,21,0,0,4,9,4,7,0,0,0,2,0,2,3,2,3,1,4,8,0,4,9,0,0,0,0,2,3,0,1,0,0
3,5,0,41,15,17,19,0,2,4,7,6,2,6,0,1,3,5,4,5,1,13,0,1,7,1,6,5,1,7,1,0,0,2,0,0,0,3
0,10,17,31,13,131,61,4,5,0,1,6,8,0,0,1,12,9,2,3,4,5,0,2,10,1,6,6,6,7,1,0,1,0,0,0,0,0
1,6,10,30,18,90,55,8,7,0,5,8,16,0,0,1,14,8,10,4,1,8,2,3,5,3,9,4,1,10,0,0,1,2,0,0,0,0
0,1,1,11,7,19,15,1,2,1,2,4,6,0,0,2,2,3,6,0,2,7,3,1,4,5,11,3,1,4,0,0,0,2,2,0,0,0
0,0,2,6,0,20,17,0,1,0,0,1,3,1,0,0,1,2,5,1,1,1,0,0,2,0,3,1,0,0,0,1,0,0,0,0,0,0
3,1,1,2,3,2,5,0,0,2,4,1,0,2,0,0,1,0,0,6,0,3,0,1,7,0,1,1,2,4,0,0,0,0,0,0,0,1
1,1,1,16,15,11,10,1,1,7,9,7,5,1,0,0,8,12,7,11,5,6,0,1,15,2,12,4,3,2,0,2,1,2,0,2,0,1
0,3,5,28,17,19,16,4,1,6,15,6,3,1,0,1,6,6,7,1,1,17,3,1,14,3,15,9,2,10,0,1,0,5,3,1,0,0
1,2,3,12,4,22,23,0,5,0,6,5,4,3,0,0,3,8,10,1,1,10,0,0,5,8,36,6,4,16,2,1,3,2,1,3,0,0
1,1,0,6,4,9,5,1,2,1,4,9,1,2,0,0,3,4,1,3,2,4,0,0,5,2,10,2,1,8,1,1,0,1,0,1,0,0
0,0,0,2,0,0,1,0,0,0,0,0,0,0,0,0,0,2,0,0,0,0,0,0,0,0,1,0,0,0,0,0,0,0,0,0,0,0
0,0,0,1,1,8,1,0,0,0,1,0,0,0,0,0,0,0,1,0,0,1,0,1,0,0,0,4,0,3,0,0,0,0,0,0,0,0
0,1,1,5,5,14,10,3,5,1,3,0,7,0,0,0,7,2,16,4,1,13,0,0,6,0,16,4,3,12,1,1,1,9,0,0,0,0
2,3,0,12,0,14,13,0,4,0,2,2,8,2,0,0,7,2,5,3,4,13,1,1,13,2,25,11,2,17,0,0,2,4,2,0,0,1
0,0,1,2,5,10,17,0,7,0,3,2,6,0,0,0,6,10,5,3,4,16,2,4,5,0,34,8,2,18,0,1,0,3,0,0,0,2
0,0,1,9,4,2,7,2,0,4,13,3,2,3,0,0,3,3,4,8,8,3,0,2,14,0,4,6,0,7,2,1,1,0,0,1,0,0
1,1,0,3,2,4,1,0,0,3,3,5,0,3,0,0,1,4,3,6,0,1,0,1,1,2,6,1,1,5,0,0,0,1,1,0,0,0
0,2,1,6,3,5,2,0,4,3,3,4,0,3,0,0,7,9,12,3,6,1,2,4,22,2,15,4,1,13,1,0,0,1,0,2,0,0
0,0,0,1,1,6,1,2,1,0,2,0,0,0,0,0,0,2,2,1,2,0,0,0,2,1,1,1,0,5,0,0,0,2,0,0,0,0
3,1,0,0,2,1,2,0,0,1,0,1,0,0,0,0,3,0,3,1,3,1,0,0,4,0,12,2,1,7,0,0,0,1,1,0,0,0
4,3,0,14,17,15,5,1,1,12,9,7,1,2,0,0,3,9,10,28,8,21,2,6,55,7,32,50,18,33,3,1,1,4,3,1,0,0
3,0,1,2,3,5,3,0,0,2,2,0,7,0,0,0,0,1,3,2,2,2,0,1,11,0,11,3,5,11,0,0,0,1,0,0,0,0
2,1,3,15,6,41,18,2,1,0,7,4,13,0,0,0,5,14,28,11,4,29,4,4,39,9,35,38,13,114,4,1,2,11,3,1,0,0
0,0,0,11,4,14,3,2,0,1,8,4,1,0,0,0,2,3,7,7,2,3,2,0,37,5,33,32,12,39,3,1,0,7,4,3,0,4
0,0,0,1,1,1,5,1,1,0,4,0,1,0,0,0,0,4,5,1,1,2,0,1,11,1,15,5,3,27,2,0,0,2,0,0,0,2
0,3,2,4,4,21,10,0,1,0,3,0,2,2,0,1,9,12,18,8,3,7,6,2,24,8,49,37,15,127,12,5,3,12,1,3,0,3
0,0,0,0,0,4,2,2,0,0,0,0,0,0,0,0,0,1,0,0,0,2,0,0,2,2,3,2,1,12,2,0,2,0,1,0,0,0
0,0,1,1,0,5,4,0,1,0,0,0,0,0,0,0,0,0,0,0,0,0,0,0,1,0,4,3,0,4,0,1,2,2,0,0,0,0
0,0,0,2,0,2,3,0,0,0,0,0,0,2,0,0,1,0,1,3,0,0,1,0,1,0,6,8,3,5,1,0,0,5,4,1,3,0
0,0,1,3,1,3,1,0,0,1,3,3,2,1,0,0,2,2,2,3,1,0,1,0,14,0,8,18,5,22,1,2,3,0,3,5,0,1
0,0,0,1,3,1,0,0,0,2,3,0,0,0,0,0,0,2,0,1,0,1,0,0,2,0,4,7,1,2,1,3,1,5,0,2,0,0
0,0,0,3,2,0,0,0,0,0,2,0,0,0,0,0,1,0,1,2,0,0,0,0,0,0,2,0,1,5,0,0,2,1,1,0,0,0
0,0,0,0,1,0,0,0,0,0,0,0,0,0,0,2,1,0,0,0,0,0,0,0,0,0,0,1,0,3,0,0,0,0,0,0,0,0
0,0,0,2,0,0,0,0,1,0,1,2,0,0,0,0,1,0,1,0,0,1,0,0,2,1,1,1,0,4,2,0,0,0,0,0,0,1
