4,1,0,0,0,0,0,0,0,0,0,0,0,0,0,0,0,0,0,0,0,0,0,0,0,0,0,0,0,0,0,0,0,0,0,0,0,0
2,18,11,8,4,1,3,0,0,1,0,1,0,0,0,0,0,0,1,0,1,0,0,0,0,0,0,0,0,0,0,0,0,1,0,0,0,0
0,3,10,2,0,6,2,3,0,0,0,0,0,0,0,0,0,0,0,0,0,0,0,0,0,0,1,0,0,0,0,0,0,0,0,0,0,0
2,22,15,99,17,39,16,0,1,3,9,6,0,0,0,1,1,4,2,6,0,0,1,0,3,2,4,2,2,7,2,0,0,1,0,0,0,0
3,5,3,50,19,23,17,0,9,4,12,14,5,0,0,3,4,2,11,3,2,8,2,0,13,1,7,8,4,6,0,0,1,0,0,1,0,1
4,8,22,54,13,108,66,3,11,0,5,5,6,1,0,0,9,4,5,3,1,4,2,0,10,0,7,0,3,8,0,0,0,0,0,1,0,0
0,5,6,27,12,86,47,6,6,0,4,4,5,5,0,2,12,2,7,4,4,2,1,4,5,0,15,4,3,15,0,0,2,2,0,0,0,0
5,0,0,14,6,24,12,0,2,0,2,3,1,3,0,3,5,2,5,3,0,5,0,0,11,0,14,5,1,3,3,0,0,0,2,0,0,0
2,0,2,1,0,14,9,0,3,0,1,1,0,0,0,0,2,3,2,1,0,0,0,0,3,0,3,1,0,1,0,0,0,0,1,0,0,0
2,0,0,2,8,1,1,0,0,0,3,1,0,1,1,0,0,0,2,2,2,1,0,0,4,0,4,0,0,3,0,0,0,1,0,0,0,0
2,2,3,21,13,10,4,3,0,4,15,9,4,1,2,0,16,4,3,19,5,7,3,4,14,3,5,14,1,6,1,1,1,2,0,1,0,1
0,6,2,17,21,20,18,1,1,5,5,2,1,1,0,1,5,11,5,8,4,12,0,1,7,2,10,3,3,7,0,0,0,5,0,0,0,0
0,1,1,21,9,27,29,1,3,4,8,1,4,6,0,1,5,8,16,5,4,1,0,0,8,1,17,10,4,20,0,1,0,0,2,0,2,0
0,3,0,7,6,4,2,3,0,1,7,2,3,1,0,1,0,2,5,0,3,9,1,1,4,3,3,8,0,10,0,0,0,0,0,0,0,1
0,0,0,0,1,0,0,0,0,0,2,0,0,0,0,0,0,1,1,0,0,0,2,0,0,0,0,1,0,2,0,0,0,0,0,0,0,0
0,0,0,1,0,2,3,0,0,0,1,0,1,0,0,0,3,0,1,1,0,2,0,0,2,0,1,0,0,0,0,0,0,0,0,0,0,0
0,2,4,4,0,27,18,1,1,2,3,4,0,1,0,0,4,4,7,4,3,6,0,4,8,5,15,8,2,15,0,0,1,3,2,0,0,0
0,3,1,18,2,28,15,2,1,3,4,6,0,5,0,2,12,1,9,7,4,8,0,2,10,4,28,7,0,10,2,0,3,3,2,3,0,1
0,3,0,5,2,16,11,2,5,0,2,3,4,0,0,2,3,8,10,1,10,9,2,2,10,2,27,3,2,19,3,0,0,2,1,0,0,1
2,6,1,6,11,9,5,0,0,0,8,4,2,5,0,2,3,3,5,11,3,2,2,0,19,0,7,4,2,5,0,0,4,1,0,0,0,0
1,3,2,2,3,5,2,1,0,1,5,2,0,1,0,0,0,2,1,9,1,4,0,1,3,0,4,5,1,6,0,0,0,0,0,3,0,0
1,0,0,1,3,12,8,2,0,0,6,3,0,6,0,0,8,6,4,4,8,0,0,1,17,1,9,6,1,8,0,0,2,3,0,1,0,1
0,0,0,3,0,0,3,2,0,0,1,0,2,0,1,0,0,1,3,0,2,1,0,0,4,0,3,0,0,2,0,0,0,1,0,0,0,0
0,0,0,4,3,0,4,1,0,4,4,0,1,0,0,0,0,3,4,1,1,0,0,0,2,1,11,5,0,6,0,0,0,1,0,1,0,2
0,8,2,16,13,13,9,0,4,7,12,5,1,7,0,0,2,8,6,17,6,8,5,2,49,7,55,43,14,32,5,4,3,4,5,4,0,2
2,1,0,7,4,5,3,0,1,1,4,0,4,2,0,0,0,4,2,4,1,0,1,0,13,0,10,4,1,4,0,0,0,0,0,1,0,0
2,0,5,14,3,37,18,2,5,1,3,5,6,2,1,2,5,25,26,15,9,23,2,4,30,5,56,39,10,65,3,2,1,5,2,0,0,2
1,0,0,6,3,8,7,0,0,1,3,3,1,1,0,0,4,4,4,5,3,8,0,4,28,3,26,29,4,41,3,0,4,14,3,1,0,0
0,0,1,2,1,1,2,2,3,2,2,0,0,0,0,0,0,5,2,3,0,4,0,0,8,0,12,21,2,8,1,1,0,5,3,1,0,0
0,3,1,14,5,28,23,0,10,3,5,3,4,0,0,0,0,12,15,0,1,11,2,1,33,9,47,34,21,140,7,7,5,13,4,7,0,4
0,0,0,0,2,0,0,0,0,0,0,0,3,0,0,0,0,1,0,0,0,0,0,1,0,1,1,1,1,6,2,0,3,1,0,2,1,3
0,0,0,3,0,0,0,0,0,0,1,1,0,0,0,0,0,0,3,2,0,0,0,0,1,0,5,8,1,2,1,0,0,0,1,2,0,1
0,1,0,2,1,1,0,0,0,0,1,0,0,0,0,0,3,2,0,2,0,3,0,0,2,2,6,4,0,12,0,1,2,1,0,3,1,1
0,0,0,10,3,3,0,0,0,0,2,0,6,0,0,0,3,4,2,3,3,0,0,0,10,0,12,15,2,18,4,1,1,4,1,3,0,1
1,0,0,2,0,3,0,0,0,0,1,0,0,0,0,0,1,3,2,0,1,0,0,0,1,1,0,7,0,7,2,0,0,6,0,0,0,3
2,1,0,1,0,0,1,2,0,0,1,0,0,0,0,0,0,1,4,5,0,0,0,0,1,0,2,5,3,1,0,0,2,2,4,1,0,0
0,0,0,0,0,0,0,0,0,0,2,0,0,0,0,1,0,0,0,0,0,0,0,0,0,0,0,0,0,0,0,0,0,0,0,0,0,0
0,0,0,0,2,0,0,0,0,3,1,0,1,0,0,0,0,1,0,3,0,3,0,0,4,0,1,0,1,3,0,2,0,1,0,2,0,0
