3,2,0,0,1,1,0,0,0,0,0,0,0,0,0,0,0,0,0,1,0,0,0,0,0,0,0,0,0,0,0,0,0,0,0,0,0,0
3,12,10,17,2,5,0,0,0,1,0,0,1,0,0,0,2,0,3,0,0,0,0,0,1,0,1,0,0,1,0,0,0,1,0,0,0,0
1,5,9,3,0,7,1,0,0,0,0,2,0,0,0,0,0,0,0,0,0,0,0,0,1,0,1,0,0,0,0,0,0,0,0,0,0,0
5,24,15,97,17,46,16,0,1,0,9,5,4,3,0,1,2,2,2,1,3,0,1,1,7,0,2,1,2,5,0,0,0,2,1,1,0,0
2,6,3,51,19,18,14,1,3,7,14,16,2,2,0,0,6,2,8,4,2,2,0,0,5,3,12,7,2,3,0,0,0,0,0,0,0,0
5,10,23,61,8,107,63,5,14,0,7,1,7,1,0,1,0,6,11,0,3,13,0,0,6,2,10,4,5,7,2,0,0,0,0,0,0,0
5,2,5,23,12,58,41,3,13,0,7,1,4,1,0,0,16,5,12,3,4,11,0,2,4,1,12,3,3,10,3,0,2,1,0,2,0,0
0,5,0,7,8,15,8,1,0,4,4,4,6,5,0,2,4,7,9,1,1,3,1,4,11,0,5,4,1,3,5,1,0,1,0,0,0,0
1,1,0,4,1,14,10,1,1,0,1,0,1,1,0,0,2,5,1,2,0,0,2,0,1,0,3,1,1,3,0,0,1,0,0,0,0,0
0,2,1,2,9,4,2,0,0,0,0,0,2,2,0,0,0,3,5,1,0,1,0,1,6,0,0,1,2,3,0,0,0,0,0,0,0,0
1,5,2,26,20,13,15,0,4,8,6,4,6,4,0,2,5,6,5,12,2,8,2,4,20,0,6,5,0,11,0,0,0,2,0,0,0,1
2,3,2,19,12,35,20,2,10,5,8,2,3,6,0,2,10,16,4,8,1,15,0,1,14,2,10,10,6,11,0,2,5,4,0,3,0,1
0,3,3,16,9,30,27,0,4,4,6,3,1,0,0,2,5,4,16,3,5,8,2,3,8,4,17,10,5,26,3,2,3,6,0,2,0,2
0,2,1,5,6,5,8,2,0,0,3,10,0,2,0,0,4,0,1,2,2,2,1,0,3,0,7,0,0,5,0,0,1,0,0,0,0,1
0,0,0,0,0,0,1,0,0,0,0,0,0,0,1,0,0,3,0,0,0,0,0,0,0,0,0,0,0,0,0,0,0,0,0,0,0,0
0,0,0,3,0,7,1,0,0,0,0,0,0,0,0,0,1,0,0,0,0,0,0,0,0,2,3,1,0,1,0,0,0,0,0,0,0,0
0,4,2,12,5,25,17,2,4,0,2,0,0,8,3,0,1,5,14,5,2,7,0,1,2,2,12,10,3,24,2,0,0,3,0,0,0,1
2,1,0,3,4,14,19,6,1,0,2,2,2,2,0,0,8,7,14,4,0,10,0,1,2,3,18,10,5,19,1,0,2,2,0,0,0,3
1,3,0,8,2,13,14,0,1,1,6,2,6,4,0,1,4,8,6,2,7,9,1,1,3,2,20,4,0,13,0,2,1,1,0,1,0,0
2,2,3,8,10,6,10,0,0,1,11,5,2,11,0,0,6,10,8,12,6,3,1,5,11,1,15,8,7,10,0,1,3,0,0,1,0,0
0,1,0,6,9,0,1,1,0,6,1,4,2,0,0,0,2,5,0,2,2,2,1,0,4,0,4,1,2,0,0,0,0,2,1,1,0,0
1,2,3,2,2,9,5,2,0,0,8,4,3,1,1,1,7,15,5,5,0,2,1,0,13,2,17,6,2,5,0,0,0,2,0,0,0,0
1,0,0,4,0,3,0,0,0,0,5,0,1,1,0,0,0,0,0,2,0,2,0,0,0,0,1,0,0,0,0,0,0,4,0,1,0,0
0,0,0,6,3,1,0,0,0,0,3,1,1,1,0,0,2,3,2,2,2,0,0,0,0,0,1,1,0,9,2,0,0,2,0,0,0,0
1,3,4,19,6,5,13,0,0,8,9,2,7,2,0,0,5,9,14,23,14,9,2,11,42,2,29,37,3,33,3,3,1,10,1,4,0,4
0,0,0,1,7,3,0,1,0,3,6,2,1,0,0,0,3,5,4,4,2,2,1,1,11,2,12,6,2,4,0,1,1,0,1,0,0,0
0,2,3,15,11,31,25,3,8,1,7,4,6,2,0,0,7,28,24,10,9,15,2,6,30,12,57,18,8,72,6,1,3,4,2,2,0,1
2,1,3,8,6,12,8,0,1,2,5,3,2,3,0,0,5,7,7,11,4,2,0,0,23,5,21,27,16,47,8,0,2,6,4,2,0,4
0,3,1,5,2,7,1,0,0,4,1,1,2,1,0,1,3,0,3,3,0,9,0,2,6,0,7,11,1,20,0,1,0,2,0,0,0,2
1,9,7,10,1,21,17,0,2,1,8,2,4,7,0,3,3,13,15,9,7,10,0,0,33,5,46,32,13,123,6,9,2,16,5,2,0,3
0,2,0,0,0,3,0,0,0,1,0,0,0,0,0,0,2,1,0,0,0,0,0,0,4,0,6,3,1,6,1,2,2,1,0,0,0,5
1,0,0,1,0,0,3,0,0,0,2,1,0,0,0,0,0,1,1,0,0,0,0,0,1,0,2,2,1,5,0,1,0,1,0,1,0,0
2,0,0,5,1,0,3,0,0,4,1,0,0,0,0,0,0,0,3,0,0,0,0,1,3,0,4,1,0,6,0,0,0,0,2,2,2,0
0,1,2,13,4,7,2,0,3,1,2,0,0,0,0,0,2,1,3,4,3,1,0,1,10,2,4,10,1,19,1,0,0,6,10,6,0,6
0,0,0,1,0,4,2,0,0,0,0,0,0,0,1,0,0,1,1,1,1,0,0,0,4,0,2,5,4,6,1,0,0,2,0,1,0,1
0,0,0,2,0,1,0,1,0,1,0,0,0,0,0,0,2,4,1,0,0,0,0,0,1,1,2,4,0,3,2,2,3,0,0,0,0,3
0,0,0,0,2,1,0,1,0,0,0,0,0,0,0,0,0,0,0,0,0,0,0,0,0,0,0,1,0,0,0,0,0,0,0,0,0,1
0,1,1,1,0,0,0,0,1,0,1,0,0,0,0,0,0,0,4,1,2,2,0,1,0,0,1,4,0,4,2,0,0,0,1,0,0,2
