2,1,0,0,0,1,0,0,0,0,0,0,0,0,0,0,0,0,0,0,0,0,0,0,0,0,0,0,0,0,0,0,0,0,0,0,0,0
3,21,8,26,5,4,3,0,0,0,1,0,2,0,0,0,1,0,0,1,0,0,0,0,1,0,0,3,0,1,0,0,0,0,0,0,0,0
1,4,10,1,0,4,0,0,0,0,0,0,0,0,0,0,0,0,0,0,0,0,0,0,0,0,0,0,0,0,0,0,0,0,0,0,0,0
8,16,12,108,25,48,19,0,0,3,12,2,2,1,0,2,5,5,1,5,2,0,0,0,8,0,9,1,0,5,1,0,0,4,0,0,0,0
2,5,0,53,19,19,14,1,4,2,11,6,0,4,0,3,4,6,10,3,3,2,0,1,4,4,10,4,0,7,0,1,0,5,0,1,0,0
1,7,24,55,10,110,52,4,6,1,6,3,10,0,0,2,4,2,6,0,1,11,0,0,9,2,7,2,3,13,0,0,0,2,1,0,0,0
0,3,8,20,7,64,43,4,5,0,3,6,5,3,0,4,6,8,4,0,0,6,2,1,2,2,10,4,3,14,0,0,2,0,0,1,0,2
0,0,2,9,7,15,16,0,5,1,2,4,2,1,0,1,3,3,6,3,0,5,0,3,5,2,7,5,3,5,0,1,0,0,0,0,0,0
0,1,1,2,4,7,8,1,2,0,3,0,2,0,1,1,2,2,2,0,0,1,0,0,0,0,4,6,0,2,0,0,0,0,0,0,0,0
1,0,1,8,3,3,0,0,0,2,1,0,0,0,0,0,3,1,2,3,0,1,0,1,6,0,3,2,0,2,0,0,0,0,0,2,0,0
2,8,4,24,13,17,6,1,3,7,11,10,2,4,2,0,0,5,5,8,5,9,1,4,19,3,11,6,0,5,1,1,0,3,0,0,0,1
2,1,0,26,10,18,15,0,8,6,15,2,2,0,0,3,6,5,7,5,8,8,0,1,9,0,16,6,1,12,0,4,1,0,0,1,0,0
2,1,1,9,10,28,31,0,5,0,1,2,7,0,0,0,3,10,19,7,2,8,1,4,7,0,26,12,5,18,2,0,3,2,0,0,0,1
0,2,3,4,10,5,7,0,0,2,2,0,0,0,2,0,2,7,5,1,0,10,0,1,6,4,8,12,5,6,2,1,0,2,1,2,0,0
0,0,0,0,0,0,2,0,1,0,0,0,0,0,0,0,0,0,0,0,0,2,0,0,0,0,0,0,0,0,0,0,0,0,0,0,0,0
0,0,0,1,0,0,2,0,1,0,1,0,0,1,0,0,0,0,2,1,0,0,0,1,0,0,0,1,1,0,0,0,0,1,0,0,0,0
1,1,0,12,4,25,24,0,1,2,5,0,2,1,0,0,3,11,10,2,3,6,4,0,2,1,20,1,5,10,0,0,1,1,0,0,0,0
0,2,1,6,8,24,13,0,8,0,6,10,3,2,0,0,4,5,9,16,6,8,0,4,7,0,28,5,3,9,1,0,1,3,0,2,0,1
1,1,1,8,3,13,10,0,0,0,4,3,2,1,0,1,7,9,5,3,2,9,2,1,9,2,25,15,1,11,0,1,2,1,2,0,0,3
2,2,2,11,7,8,1,2,0,8,13,1,0,3,0,2,6,9,3,12,7,9,1,1,7,2,8,4,1,4,2,0,2,0,1,1,0,3
0,1,1,6,2,3,0,1,0,0,1,2,0,0,0,0,2,0,0,7,5,0,0,1,1,1,3,2,2,6,0,0,0,0,0,2,0,0
0,1,0,6,3,7,7,2,1,1,6,3,1,5,0,0,3,7,6,8,0,1,2,1,5,2,9,4,0,12,1,0,0,4,1,4,0,1
0,0,0,1,1,2,4,0,0,0,1,1,1,2,0,0,0,1,1,0,0,0,0,0,1,2,7,2,1,0,0,0,0,0,0,0,0,0
0,2,0,1,3,6,4,0,0,0,2,3,2,3,0,0,2,6,1,1,0,1,1,0,1,0,3,0,2,8,1,0,0,0,0,1,0,0
3,0,5,22,13,19,10,1,0,9,13,2,3,0,0,3,7,16,8,21,7,8,0,1,37,12,28,34,11,31,1,1,0,2,0,3,0,1
0,2,0,0,2,3,4,0,0,0,5,0,3,2,0,0,2,5,3,5,5,9,0,1,12,1,10,5,0,6,1,1,0,2,0,0,0,0
2,8,4,14,7,30,20,0,4,1,6,6,9,2,0,0,15,23,23,10,5,16,1,7,32,3,45,20,20,74,1,2,3,11,3,0,0,0
0,2,4,13,6,14,11,0,1,1,5,2,3,3,0,5,1,5,9,16,3,6,1,2,19,5,30,24,14,46,1,5,2,5,2,7,0,2
0,0,1,2,2,7,2,0,0,0,3,1,2,2,0,0,1,2,2,3,4,3,0,0,3,3,10,10,5,21,0,0,0,3,0,0,0,0
1,2,5,20,4,23,19,0,1,7,6,8,7,3,1,1,2,15,17,8,4,9,1,2,26,4,75,39,27,101,10,10,1,17,1,7,0,4
0,3,0,2,0,2,0,0,0,0,0,0,0,1,0,0,0,2,0,0,0,1,0,0,5,0,2,8,0,9,4,2,0,2,1,1,0,0
0,0,0,0,0,4,0,0,0,0,1,0,1,0,0,0,2,3,1,2,0,1,0,0,0,0,2,1,0,7,1,0,3,0,0,0,0,2
1,1,0,3,1,1,0,0,0,0,2,2,0,0,0,0,4,1,4,2,0,1,0,0,3,2,1,1,1,7,0,0,0,3,4,2,0,1
0,0,0,7,0,9,3,0,3,0,5,0,1,0,0,0,1,3,4,7,3,0,0,0,9,1,9,14,2,14,1,2,6,7,2,0,0,2
0,1,0,2,0,0,0,0,0,0,2,0,0,0,0,0,1,2,2,0,0,2,0,0,3,0,1,4,1,5,0,0,0,4,0,0,0,2
0,0,0,0,2,1,3,0,0,1,0,0,1,0,0,0,1,0,0,1,2,1,0,0,2,0,4,5,1,8,0,0,1,1,1,3,0,1
0,0,0,1,0,1,0,0,0,0,0,0,0,0,0,0,0,0,0,0,0,0,0,0,0,0,0,0,0,0,0,0,0,0,0,0,0,2
0,0,0,1,0,0,3,0,0,0,0,0,0,1,0,0,0,0,0,3,0,1,0,0,2,0,2,3,0,4,0,0,3,1,0,2,0,1
