3.02666666667
2.32882352941
1.05352941176
1.90902597403
1.99456730769
1.89055096419
1.8604048583
1.71631147541
1.59326923077
2.31282051282
1.94300469484
1.87424581006
2.01831168831
2.11408333333
1.308
1.61866666667
1.88310559006
1.81021164021
1.94876470588
1.93033333333
2.06717391304
1.92431034483
1.74032258065
1.98704918033
2.12008955224
1.57951807229
1.88633495146
2.26621513944
1.91209876543
2.11912601626
2.91574468085
3.6488
4.52725490196
2.65883928571
3.0059375
3.26155555556
5.21
3.12916666667
