3,0,0,0,0,0,0,0,0,0,0,0,0,0,0,0,0,0,0,0,0,0,0,0,0,0,0,0,0,0,0,0,0,0,0,0,0,0
3,14,11,15,1,2,1,0,1,0,0,0,0,0,0,0,0,0,0,0,0,0,0,0,0,0,2,0,0,0,0,0,0,0,0,0,0,0
1,3,10,2,0,4,1,0,0,0,0,0,0,0,0,0,0,0,0,0,0,0,1,0,0,0,0,0,0,0,1,0,0,0,0,0,0,0
6,28,5,91,27,53,18,0,1,3,12,13,3,5,0,0,1,5,5,3,1,2,0,1,5,0,5,0,0,10,1,0,2,0,0,0,0,0
5,4,5,46,22,27,19,7,4,3,4,5,2,3,0,0,2,3,1,5,1,5,0,0,9,1,5,2,1,10,0,0,0,2,0,0,0,1
4,20,35,63,14,86,45,3,5,1,14,2,7,0,0,0,5,3,15,0,1,11,1,1,11,0,9,2,3,6,2,1,1,1,2,0,0,0
3,6,4,26,10,71,40,4,2,2,5,2,7,2,0,0,14,6,13,0,0,6,0,5,4,2,9,2,3,7,0,1,1,1,0,0,0,1
1,0,1,6,2,13,9,0,2,0,1,4,0,0,0,0,6,4,8,3,0,1,0,3,3,1,14,1,0,4,0,0,0,2,0,1,0,0
0,0,0,4,3,19,16,1,2,0,2,1,3,1,0,0,6,3,2,0,1,0,0,0,2,0,5,1,1,4,1,0,0,0,0,0,0,0
0,0,0,4,7,0,1,0,2,0,3,0,1,1,2,0,0,0,2,10,1,4,0,0,2,0,4,3,1,1,0,0,0,0,0,2,0,0
3,2,0,34,14,12,9,0,3,1,13,5,3,2,0,2,3,6,10,15,5,20,3,3,16,2,12,17,2,10,0,0,0,6,0,3,1,1
2,1,2,31,13,21,10,1,9,10,12,8,4,5,0,3,10,6,5,10,1,19,0,3,6,3,12,14,7,12,0,2,5,6,1,2,0,1
1,1,1,14,6,41,30,0,10,0,7,4,2,3,0,0,4,2,13,7,1,5,0,2,9,2,19,6,3,13,5,2,4,0,1,1,0,0
2,0,0,0,1,5,2,1,3,1,2,2,0,1,0,0,2,6,0,4,0,4,0,0,1,0,7,6,1,0,0,1,0,0,0,0,0,0
0,0,0,1,0,0,0,0,0,0,0,0,0,0,0,0,0,0,0,0,0,0,2,0,1,0,1,0,0,0,0,0,1,0,0,0,0,0
0,0,0,1,0,4,0,0,0,0,0,0,0,0,0,0,0,1,0,0,0,1,0,0,0,0,4,1,3,0,0,0,0,0,0,1,0,0
0,1,3,2,5,28,14,1,3,0,5,2,2,1,0,1,1,6,10,1,7,8,3,3,8,2,17,3,2,12,3,1,1,1,0,0,0,0
0,1,4,6,5,13,17,1,1,2,6,4,5,4,0,1,5,2,4,2,3,11,4,2,6,0,24,9,0,16,1,2,1,3,0,0,0,0
1,0,1,5,6,16,6,1,0,0,6,2,3,1,0,1,3,0,7,3,6,9,1,2,2,0,13,9,1,19,4,0,2,0,0,1,0,0
3,4,0,13,9,5,9,1,0,1,8,1,1,2,0,2,1,4,12,9,4,1,0,0,4,4,11,2,0,3,1,0,0,0,0,0,1,0
1,2,0,3,4,5,2,0,0,5,9,4,3,0,0,0,5,2,2,7,3,1,0,0,4,0,5,2,2,3,0,0,0,0,0,1,0,0
0,1,0,4,5,3,9,2,1,3,5,1,0,4,0,3,6,9,10,9,4,2,3,0,9,1,12,7,3,12,1,1,1,0,0,0,0,0
0,0,0,0,2,2,2,0,0,0,2,4,0,0,0,0,2,0,1,3,5,0,0,0,2,1,3,0,0,1,0,0,0,0,0,0,0,0
0,4,0,6,2,5,2,0,0,0,3,0,0,0,0,0,1,4,2,0,1,1,2,0,1,1,2,3,1,3,0,0,5,0,0,0,0,0
6,5,2,18,1,13,14,0,0,11,5,7,1,5,2,0,2,9,13,24,4,14,0,2,34,6,27,21,5,26,1,0,4,9,2,10,0,2
0,0,5,3,1,3,3,0,0,1,2,2,0,1,0,0,2,5,4,4,5,2,2,0,7,3,10,5,0,15,2,0,0,1,1,0,0,1
2,2,2,7,4,21,24,0,3,4,7,3,5,1,0,0,9,14,18,4,3,14,3,7,31,2,57,25,17,62,1,2,5,4,0,1,0,1
2,0,4,12,8,13,9,2,1,6,9,5,0,3,0,0,3,8,11,10,1,3,1,3,32,3,26,19,10,33,2,1,2,18,4,4,1,3
2,0,0,1,2,4,5,0,0,0,5,0,0,0,0,0,2,6,2,4,0,1,0,0,10,1,14,12,3,19,3,0,4,6,1,0,0,0
2,3,2,15,10,41,10,2,7,5,3,7,5,7,0,2,8,12,19,8,9,15,1,4,21,11,61,39,9,114,11,2,8,22,1,1,1,5
0,0,0,2,0,1,1,0,0,0,1,0,0,1,0,0,1,0,0,0,0,1,0,0,1,1,1,0,3,4,3,0,0,1,0,2,0,1
3,0,0,0,0,1,0,0,0,0,1,0,1,0,0,0,0,0,0,0,0,0,0,1,1,3,2,0,0,5,0,0,0,2,0,0,1,2
0,0,0,3,2,4,1,0,0,0,3,2,0,0,0,0,2,5,2,0,1,0,0,0,7,2,3,4,3,10,0,1,2,0,0,3,2,1
2,1,0,4,1,7,5,0,2,0,1,2,2,2,0,2,0,5,2,7,0,0,0,0,11,6,13,17,9,10,4,0,0,8,2,5,1,2
0,1,0,2,3,1,0,1,0,0,0,0,0,0,0,0,2,0,0,3,2,1,0,0,2,1,1,4,1,5,1,0,1,0,0,2,0,2
0,0,0,1,1,2,0,0,0,3,0,0,1,0,0,0,0,1,1,3,0,0,0,0,0,0,2,5,0,5,0,0,2,3,1,0,0,3
0,0,0,0,0,0,0,0,0,0,0,0,0,0,0,0,0,0,0,0,0,0,0,0,0,0,0,0,0,2,0,0,0,0,0,0,1,0
0,0,1,0,0,2,0,0,0,0,0,0,0,0,0,0,0,2,0,0,0,0,0,1,3,0,0,0,0,3,0,0,0,1,0,1,0,0
