2.01285714286
3.03533333333
2.56368421053
1.94554716981
2.25596491228
1.85518072289
1.72915750916
1.86552083333
2.1074
2.69956521739
2.10314285714
2.04471861472
1.90551401869
2.0369047619
1.95
1.84043478261
2.17790697674
2.00361290323
1.63553459119
2.23298245614
1.76467532468
1.70939655172
2.116
1.93783783784
2.11311111111
1.99033333333
2.04110539846
2.14399224806
1.761875
2.20178356713
2.55035714286
4.37736842105
4.41065217391
2.77394495413
3.59913043478
3.20647058824
3.29833333333
3.10888888889
