2,1,0,0,0,0,0,0,0,0,0,0,0,0,0,0,0,0,0,0,0,0,0,1,0,0,0,0,0,0,0,0,0,0,0,0,0,0
1,15,3,12,0,3,2,0,0,0,2,2,0,0,0,0,0,0,0,0,0,0,0,0,1,0,1,0,0,0,0,0,0,0,0,0,0,0
0,6,6,2,0,5,0,0,0,0,0,0,0,0,0,0,2,0,0,0,0,0,0,0,0,0,0,0,0,0,0,0,0,0,0,0,0,0
10,28,7,66,23,40,20,1,1,2,12,7,1,8,0,0,3,0,2,1,3,2,0,1,9,0,14,6,2,10,0,1,0,4,0,2,0,1
10,3,2,66,14,69,38,2,1,9,15,11,14,4,0,3,4,1,4,7,10,5,0,0,11,0,21,7,5,10,0,0,1,2,0,0,2,0
1,6,7,32,2,82,42,2,4,3,3,3,4,0,1,0,8,2,6,0,1,6,2,5,4,0,11,5,3,5,1,0,0,0,0,0,0,1
1,7,7,24,13,65,36,6,6,0,15,0,12,3,0,0,13,4,7,3,3,2,0,2,2,1,5,3,3,6,0,2,0,2,0,2,0,1
2,1,1,2,6,15,14,1,1,1,3,3,2,1,0,0,1,4,5,2,0,4,1,0,1,2,7,5,3,4,0,0,0,0,0,0,0,2
1,0,0,9,2,8,4,0,3,0,3,4,0,1,0,0,4,6,0,2,2,0,0,0,0,0,5,0,2,0,0,0,2,0,0,0,0,0
2,2,0,3,5,4,2,1,1,1,3,5,0,0,0,0,0,2,1,1,2,1,0,0,1,0,2,3,0,2,0,0,0,0,0,0,0,0
5,4,6,32,18,17,9,0,0,8,12,13,3,4,0,0,1,9,3,17,6,7,0,0,26,1,13,15,2,9,3,0,0,4,2,1,0,2
1,1,0,27,14,13,7,0,1,1,6,1,3,6,0,1,3,0,15,0,2,8,0,1,5,1,7,19,0,4,3,0,0,2,0,5,0,0
3,1,2,8,4,32,39,1,2,0,12,9,4,0,0,0,1,7,15,3,3,6,0,2,12,1,17,5,2,13,0,0,3,3,0,1,0,0
0,0,1,6,0,1,5,0,1,2,0,1,3,0,0,2,0,1,1,1,1,2,3,0,0,1,3,2,0,4,0,0,2,0,0,0,0,1
0,0,0,0,0,0,0,0,0,0,0,0,0,0,0,0,2,0,0,0,0,1,0,0,0,0,0,0,0,0,0,0,0,0,0,0,0,0
0,0,0,2,1,3,2,1,0,1,0,2,0,0,0,1,0,0,0,0,0,0,0,0,0,0,1,1,0,3,0,0,0,0,0,0,0,0
0,4,4,3,8,25,18,1,5,3,3,2,13,1,0,0,3,9,15,7,4,9,1,2,9,2,20,2,2,12,0,2,0,1,0,0,0,0
0,2,0,6,3,21,11,0,1,1,4,0,6,1,0,1,10,4,15,5,6,3,1,3,4,2,14,6,0,9,1,1,0,5,0,2,0,0
1,1,4,2,4,23,12,0,3,0,4,1,5,0,0,0,4,6,6,0,3,6,4,10,3,2,20,9,1,10,0,2,0,1,0,0,0,0
0,3,2,4,9,1,10,0,1,2,4,1,2,1,2,3,0,9,1,12,2,4,1,5,2,1,4,12,2,3,0,0,0,4,0,3,0,0
0,0,3,2,2,9,2,2,1,2,5,2,1,1,0,0,3,3,6,6,1,4,0,0,4,0,5,8,0,2,0,0,0,4,0,1,0,0
0,1,0,1,5,1,9,0,0,2,6,3,2,1,0,2,0,2,6,3,8,1,0,2,9,1,6,5,2,10,0,1,1,3,0,2,0,0
1,1,0,2,0,4,3,0,0,0,0,0,2,0,0,0,0,0,1,0,0,1,0,0,1,0,2,3,0,1,0,0,2,0,0,0,0,0
1,1,0,1,1,5,4,0,0,0,0,0,0,0,0,0,2,11,1,4,1,0,0,0,9,0,6,2,1,1,0,1,0,1,0,0,0,0
3,6,5,25,10,11,10,1,2,9,12,4,3,0,0,0,0,5,9,15,5,17,2,0,36,2,26,21,2,32,6,1,0,4,1,4,0,2
0,1,0,4,5,4,2,0,2,1,2,1,0,0,1,0,1,0,2,9,2,3,1,2,9,3,9,2,1,5,0,0,0,1,0,0,0,0
7,1,4,18,6,26,17,2,2,5,8,4,7,7,0,0,9,25,26,13,2,11,0,3,22,7,61,28,11,69,3,3,5,7,2,1,0,1
2,6,2,9,6,11,12,0,0,3,6,5,2,2,0,0,5,5,3,13,5,4,3,2,23,2,13,32,8,42,7,1,0,13,6,1,0,4
0,2,0,4,0,8,6,0,0,0,4,0,1,0,0,0,5,1,3,2,1,0,0,0,1,1,9,8,1,11,1,1,0,6,0,0,0,1
1,8,0,16,2,28,14,0,4,3,11,9,7,2,0,0,11,19,15,8,0,15,0,3,22,3,47,43,21,108,11,2,4,18,4,8,0,2
1,0,0,3,2,2,0,0,1,0,1,0,1,0,0,0,1,1,1,0,0,2,0,1,0,0,6,2,1,6,5,1,1,1,0,0,0,5
0,2,0,4,0,4,1,0,0,0,0,0,0,0,0,0,0,2,1,0,0,1,0,0,1,0,2,0,2,2,0,2,1,0,2,0,0,0
0,0,0,2,2,4,2,0,1,2,1,0,0,0,0,0,0,2,4,0,0,1,0,0,1,0,1,1,1,9,0,3,1,2,0,1,0,0
0,5,3,4,4,5,2,0,4,3,4,1,0,1,0,0,1,4,8,2,0,0,0,0,1,0,4,5,1,14,3,3,1,5,5,4,0,2
0,0,0,2,2,2,1,0,0,0,1,1,0,0,0,0,0,2,1,0,0,1,0,1,1,0,2,2,0,9,0,0,1,2,0,0,0,1
0,0,0,3,0,1,2,0,0,0,1,0,0,0,0,0,0,0,0,1,0,0,0,0,4,0,3,6,1,2,0,0,0,0,2,1,0,1
0,0,0,0,0,0,0,0,0,0,0,0,0,0,0,0,0,1,0,1,0,0,0,0,0,0,0,1,0,0,0,0,0,0,0,0,0,1
0,1,0,0,0,0,0,0,0,0,0,0,0,0,0,0,0,5,0,2,1,0,0,0,0,0,2,0,0,1,0,0,1,0,0,1,1,0
