2,1,0,3,0,0,0,0,0,0,0,0,0,0,0,0,0,0,0,0,0,0,0,0,0,0,0,0,0,0,0,0,0,0,0,0,0,0
2,17,11,12,3,4,1,0,0,4,2,0,0,0,0,0,0,0,0,2,2,0,0,0,4,0,0,3,1,0,0,0,0,0,0,0,0,0
1,8,5,3,0,5,1,0,0,0,0,0,0,0,0,0,0,0,0,0,0,0,0,0,0,0,0,0,0,0,0,0,0,0,0,0,0,0
10,21,13,79,11,50,15,2,1,4,11,3,5,1,0,0,3,0,3,0,0,1,0,1,6,2,3,1,2,2,0,0,0,0,0,0,0,0
0,8,3,55,16,40,12,2,4,3,9,14,10,5,0,2,9,6,5,6,4,3,3,0,13,3,10,6,1,7,0,2,2,0,0,0,0,1
1,2,23,28,20,88,40,2,7,0,1,5,1,2,1,2,8,5,5,2,0,2,0,0,4,0,18,1,2,12,1,1,1,2,1,0,0,2
0,6,8,12,8,69,39,5,5,2,6,1,5,3,0,3,3,5,7,2,2,11,0,1,6,0,11,10,1,10,2,0,0,2,0,0,0,1
1,0,0,3,2,8,10,1,1,2,7,2,4,1,0,2,4,2,2,0,0,2,1,0,2,0,9,1,2,8,0,0,1,0,0,0,0,0
1,4,0,4,2,7,7,0,1,0,1,2,0,0,0,0,1,0,2,1,0,0,0,0,0,0,5,1,0,5,0,0,0,0,0,0,0,0
0,3,0,6,3,2,0,1,1,1,3,4,1,1,2,0,0,2,0,8,0,0,0,0,9,0,1,2,0,2,0,0,0,2,0,0,0,0
4,2,0,40,14,13,7,1,0,8,10,8,5,4,1,0,4,5,2,13,3,11,1,1,17,4,5,6,2,9,1,0,0,1,0,0,0,3
1,3,2,14,6,24,8,2,1,3,7,3,4,8,0,0,4,8,13,5,4,5,3,5,6,6,10,9,4,11,0,1,2,5,1,7,0,1
1,2,2,9,4,42,22,3,5,3,4,2,13,3,1,0,2,3,13,8,4,8,1,1,4,0,19,8,3,20,3,3,0,0,0,0,0,0
0,0,0,4,1,5,3,0,1,3,2,3,0,0,0,0,0,0,0,4,0,6,1,2,1,3,5,2,1,2,1,2,0,1,0,0,0,0
0,0,0,0,0,0,1,0,0,0,1,1,1,0,0,0,2,0,0,0,0,0,0,0,0,0,0,0,1,1,0,0,0,0,0,0,0,0
0,0,0,2,1,3,0,0,0,0,3,1,0,0,0,0,0,1,1,0,0,0,0,0,1,1,3,1,0,2,0,0,0,2,0,3,0,1
3,0,0,12,5,24,18,1,4,1,4,5,4,4,0,0,8,8,9,2,4,6,0,0,5,0,23,8,3,13,2,2,1,1,1,0,0,2
1,1,1,7,0,21,7,0,2,1,6,5,1,3,0,1,3,2,6,4,5,3,0,2,4,8,21,8,1,20,1,2,0,0,0,0,0,1
0,1,0,4,0,20,10,0,1,1,6,0,3,5,0,0,10,9,6,3,2,5,0,1,6,2,17,2,2,15,1,1,1,0,2,2,0,0
0,8,1,4,8,15,7,0,1,3,6,1,1,3,0,0,1,3,4,10,0,2,2,0,11,3,8,10,4,12,0,0,0,3,0,0,0,0
0,1,1,3,3,5,2,0,0,7,2,1,0,0,1,0,0,4,2,5,0,3,0,5,1,1,7,10,2,1,0,0,2,2,0,1,0,0
1,4,2,7,0,6,4,0,1,2,7,0,2,5,0,0,2,6,7,3,3,0,1,0,4,2,18,4,0,6,1,0,0,5,0,0,0,0
0,0,0,0,2,0,2,0,0,1,0,0,0,0,0,0,1,0,3,0,0,0,0,0,3,0,4,0,0,1,0,0,0,2,0,0,0,0
0,3,0,5,1,5,3,0,0,0,2,1,1,1,2,0,1,2,4,2,1,0,0,0,4,1,8,1,0,4,1,0,1,0,0,1,0,2
0,4,2,16,7,13,8,0,1,8,14,2,4,2,0,2,7,11,7,28,5,11,1,4,26,5,28,18,5,22,5,2,3,3,0,2,0,2
2,4,1,2,0,2,4,0,1,2,6,1,1,0,0,0,1,1,1,4,1,0,0,0,6,1,6,8,0,7,2,0,0,2,0,0,0,0
1,4,0,11,9,31,15,0,1,1,7,4,8,6,1,0,7,14,34,13,6,10,2,3,20,4,46,19,8,54,7,1,2,19,1,2,0,5
1,4,1,18,3,13,3,0,3,9,4,3,1,0,0,2,2,8,7,5,4,8,1,0,28,7,26,23,11,42,3,2,3,10,1,7,0,0
0,0,0,7,0,7,5,0,1,0,1,5,2,0,0,1,0,1,4,4,3,1,0,1,2,0,6,5,1,22,3,3,1,6,0,0,0,0
1,3,1,25,2,25,23,1,2,3,5,4,7,6,0,0,11,22,28,11,3,15,1,2,31,4,51,38,19,107,9,6,5,9,4,6,0,3
0,0,0,0,0,3,2,1,0,0,1,0,0,0,0,0,1,5,2,0,0,0,0,1,1,2,0,1,0,5,0,0,1,0,2,1,0,2
1,0,0,0,0,0,2,0,0,1,0,0,0,0,0,0,1,0,0,0,0,0,0,0,3,0,0,0,0,3,0,0,0,2,0,2,0,0
0,0,0,1,1,4,3,0,0,0,2,1,0,0,0,2,1,3,5,3,2,0,0,0,1,0,4,3,1,2,0,1,0,2,4,0,0,0
2,4,1,1,4,9,0,0,3,2,5,3,1,1,0,0,5,2,2,4,4,1,0,0,8,0,9,11,1,10,0,2,4,5,7,1,0,8
0,0,0,3,0,1,0,0,0,0,0,3,1,0,0,0,0,0,1,1,0,2,0,0,3,2,4,5,1,7,1,2,0,2,1,1,0,1
0,0,0,0,0,1,1,0,0,0,0,0,0,0,0,1,0,0,0,0,1,0,0,0,6,1,1,3,1,3,1,0,2,4,0,0,0,1
0,0,0,1,0,0,0,0,0,0,0,0,0,0,0,0,0,0,0,1,0,1,0,0,0,0,1,0,0,0,0,0,0,0,0,0,0,0
0,0,0,2,1,5,0,0,0,0,0,0,0,0,0,0,1,0,2,0,0,0,0,0,1,0,1,1,1,3,1,0,1,1,0,0,0,4
