2,0,2,0,0,0,0,0,0,0,0,0,0,0,0,0,0,0,0,1,0,0,0,0,0,2,1,0,0,0,0,0,0,0,0,0,0,0
1,10,7,11,2,4,0,0,0,0,0,0,1,0,0,0,1,0,0,0,0,0,0,0,3,1,0,6,0,0,0,0,0,0,0,0,0,0
0,7,6,2,0,1,0,0,0,0,0,0,0,2,0,0,0,1,0,0,0,0,0,0,0,0,0,0,0,0,0,0,0,0,0,0,0,0
7,14,9,77,28,48,12,1,3,2,9,5,2,3,0,0,5,1,3,10,2,3,0,3,1,0,8,5,0,2,1,0,0,0,0,3,0,0
7,6,3,46,11,22,10,4,3,3,10,11,4,9,0,0,6,6,4,4,2,3,1,1,9,0,16,4,5,15,1,0,2,1,0,0,0,0
1,4,24,41,7,85,38,2,10,0,4,3,2,0,0,0,5,5,9,1,1,4,0,3,6,0,11,8,1,9,2,1,0,1,2,1,0,2
3,1,3,18,6,48,29,2,4,0,8,7,5,1,0,0,9,6,3,2,3,6,0,0,6,6,6,7,1,5,0,2,3,3,0,0,0,0
1,0,2,6,5,10,8,0,2,0,4,3,0,4,0,1,3,2,2,1,1,1,0,1,3,1,5,2,0,6,0,0,0,0,1,0,0,2
1,0,0,2,2,10,3,0,0,0,1,3,0,0,0,0,4,2,1,0,0,0,0,0,0,0,0,0,0,0,0,0,0,0,0,0,0,0
1,4,0,11,2,6,5,0,0,2,6,1,1,0,0,0,0,1,5,3,0,1,0,0,2,0,1,1,0,1,1,0,0,2,0,0,0,0
7,6,5,30,14,18,9,1,1,2,11,5,5,5,0,2,4,4,6,24,2,8,3,4,13,4,8,11,0,6,0,0,1,5,0,2,0,0
4,2,0,10,13,17,20,3,7,0,18,2,7,11,0,3,9,7,11,3,7,1,2,2,8,3,14,8,2,8,3,3,3,4,2,0,0,1
0,1,2,12,18,29,27,1,5,10,10,3,6,2,0,3,12,3,8,7,1,1,1,0,5,1,15,7,2,7,3,0,2,3,2,5,0,0
0,0,0,8,6,10,2,0,1,1,1,1,3,0,0,0,1,0,1,2,0,3,0,1,1,1,6,2,1,1,1,0,0,1,0,0,0,0
0,0,0,2,0,4,0,0,1,0,0,0,0,0,0,0,0,2,3,2,0,1,0,0,0,0,5,1,0,3,0,0,0,0,0,0,0,0
1,0,1,4,1,6,4,0,1,0,1,1,0,0,0,0,1,0,1,1,0,1,0,1,1,1,5,3,0,1,0,0,0,0,0,0,0,0
1,2,1,7,4,18,22,0,8,1,3,5,7,3,0,2,2,3,10,5,2,3,2,2,2,1,10,6,1,16,3,0,0,1,3,1,0,0
0,1,2,5,8,12,20,0,4,4,6,2,4,3,0,2,4,5,8,4,2,2,2,5,5,0,21,6,2,11,0,3,0,3,1,0,0,0
1,0,3,2,2,18,12,0,1,0,3,1,4,0,0,1,5,6,8,2,3,5,0,1,9,3,23,4,1,13,2,0,2,4,1,0,0,0
0,4,0,10,11,6,1,0,3,1,10,2,3,1,0,2,2,1,3,4,0,1,2,4,4,4,2,1,2,3,0,1,1,1,0,0,0,1
0,3,0,7,3,2,2,0,1,1,6,4,2,0,0,0,3,5,2,5,0,2,0,0,3,2,3,0,0,5,0,0,0,1,0,0,0,0
0,2,0,4,1,3,8,1,3,2,9,2,2,3,0,3,2,4,1,2,5,0,0,0,1,3,9,10,0,3,2,0,1,0,0,0,0,0
0,0,0,0,2,2,0,0,0,1,0,1,0,0,0,0,0,0,1,0,3,1,2,0,0,0,3,5,0,6,0,0,0,0,1,0,0,0
1,1,0,1,1,8,1,0,0,2,4,2,1,0,0,0,2,1,2,1,1,0,0,0,0,0,5,3,0,5,0,1,0,0,0,4,0,0
0,8,2,11,5,13,11,0,2,4,13,6,1,4,0,0,0,7,7,20,0,4,0,4,15,2,23,29,6,36,2,2,0,6,1,3,0,7
0,3,0,4,6,7,5,0,1,2,3,0,0,0,0,1,0,5,0,3,2,4,4,0,7,0,3,4,0,4,0,0,0,3,1,0,0,0
2,5,2,15,10,18,16,4,4,0,7,4,9,5,1,0,10,23,24,8,5,11,3,5,28,2,61,13,12,71,1,2,2,7,1,4,0,3
0,0,4,16,11,5,8,0,3,3,4,7,3,2,0,1,8,7,4,11,0,7,0,2,22,8,27,16,6,34,2,1,1,9,11,2,0,0
0,0,0,2,0,4,2,0,1,0,0,0,0,0,0,0,0,3,2,2,0,5,0,0,3,7,9,13,1,19,1,1,1,1,0,2,0,0
4,6,7,17,5,32,12,1,3,2,14,5,6,6,2,1,16,10,12,11,4,13,0,4,27,7,65,48,12,107,9,5,4,11,2,4,1,5
0,1,0,0,2,3,0,0,1,0,2,0,0,1,0,0,1,0,0,1,0,0,0,0,1,0,1,1,1,5,0,0,0,1,0,0,0,1
0,0,0,1,0,2,0,0,0,0,0,0,0,0,0,0,0,1,0,0,0,0,0,1,0,0,1,0,1,0,1,0,1,0,0,0,0,4
0,1,0,1,1,4,3,0,1,0,2,1,0,0,0,0,0,3,1,1,0,0,1,1,3,0,3,2,3,4,1,2,0,1,1,1,1,0
0,0,0,9,1,8,3,0,1,2,5,0,0,0,0,3,4,4,1,2,2,2,0,2,12,4,9,9,3,14,4,2,3,4,1,3,0,6
0,0,0,0,1,2,1,0,0,0,0,0,0,2,0,0,0,2,0,2,0,0,0,0,2,0,3,7,0,7,3,0,0,0,2,3,0,4
0,0,0,1,1,1,0,0,1,0,3,0,0,0,0,0,0,0,0,1,0,0,0,0,1,0,6,1,0,2,1,4,0,1,0,1,0,0
0,0,0,2,0,1,0,0,0,0,0,0,0,0,0,0,0,0,0,0,0,0,0,0,1,0,0,1,0,0,0,0,0,0,0,0,0,0
0,0,0,3,0,6,2,0,0,0,0,1,0,0,0,0,1,1,1,0,0,1,0,0,1,0,0,1,0,2,0,1,0,0,1,2,1,0
