4,6,3,1,0,1,1,0,0,0,0,0,0,0,0,0,0,0,0,0,0,0,0,0,0,0,0,0,0,0,0,0,0,0,0,0,0,0
2,11,7,18,0,1,2,0,0,0,0,0,0,0,0,0,0,0,0,1,0,0,0,1,5,0,1,1,0,0,0,0,0,0,0,0,0,0
0,2,4,3,0,3,0,0,0,0,0,0,1,0,0,0,0,0,0,0,0,0,0,0,0,0,0,0,0,1,0,0,0,0,0,0,0,0
6,26,3,66,17,34,18,2,0,2,5,5,0,1,0,0,1,1,4,2,2,1,2,2,2,0,4,4,3,3,0,0,0,0,0,0,0,1
1,8,2,38,14,17,23,2,3,5,13,13,7,5,0,0,4,4,3,4,5,4,1,2,12,3,6,8,1,4,2,1,0,11,1,1,0,1
0,14,10,49,3,74,35,1,8,0,5,5,8,1,0,0,5,4,4,4,1,1,0,0,7,2,8,2,1,8,0,0,2,1,0,0,0,0
6,6,5,21,4,47,33,4,8,0,1,1,3,0,0,2,3,4,9,0,2,3,2,2,1,1,14,6,2,13,0,0,2,6,1,1,0,1
0,3,1,7,4,7,8,0,1,0,4,0,0,0,0,0,4,0,0,1,0,2,1,0,6,0,7,0,0,6,0,0,0,1,0,0,0,1
0,0,1,4,3,6,4,0,0,0,2,0,2,0,1,0,1,0,5,0,2,0,0,0,0,0,2,3,0,2,0,1,0,0,0,0,0,0
1,1,0,9,4,5,0,0,0,1,3,3,0,0,0,0,0,1,0,0,2,1,0,0,3,2,2,1,2,2,0,0,0,0,0,0,0,0
4,8,7,31,17,15,6,1,1,9,12,9,7,3,0,1,6,9,11,17,8,12,0,1,19,2,9,7,0,19,1,1,1,4,0,2,0,0
7,3,5,30,14,18,12,4,6,2,8,3,5,4,0,0,6,3,3,4,3,7,5,3,9,2,12,8,3,12,2,1,2,0,1,4,0,2
0,1,0,11,9,27,26,1,3,0,5,5,6,1,0,1,9,4,4,3,3,6,0,5,12,3,10,5,2,13,2,1,1,3,0,0,0,3
2,0,1,11,4,8,3,1,0,2,0,3,1,3,0,3,3,3,2,4,1,2,0,4,4,2,6,8,0,12,1,1,0,1,1,1,0,0
0,0,0,0,0,5,2,0,0,0,0,0,0,0,0,0,2,0,3,0,0,1,0,0,1,1,2,1,0,4,0,0,0,0,0,0,0,0
0,0,0,5,3,8,6,2,1,0,4,0,2,0,0,0,1,0,4,2,1,0,0,1,1,0,3,5,2,1,0,1,0,0,0,0,0,0
1,2,0,3,3,9,13,0,2,0,5,2,4,2,0,2,2,4,17,3,6,2,0,4,3,0,22,0,0,9,1,1,2,0,0,1,0,0
0,0,1,12,2,18,8,1,4,1,2,5,4,0,0,0,4,6,13,5,1,7,1,0,6,1,14,3,2,16,0,0,0,1,0,3,0,2
0,1,3,3,3,13,9,0,2,1,2,0,5,1,0,0,2,5,10,1,3,9,1,1,15,0,16,10,2,11,0,0,2,0,0,1,0,0
0,0,0,6,10,11,3,0,1,2,10,3,1,2,0,0,0,5,5,4,1,4,0,2,6,0,4,7,1,11,0,0,0,1,0,0,0,1
0,3,4,5,3,6,8,0,0,1,1,3,5,2,0,0,3,0,5,7,1,6,0,0,4,1,4,0,0,5,0,0,0,0,0,0,0,0
1,3,0,5,6,20,4,2,0,3,3,1,3,2,0,0,5,3,5,5,5,2,0,0,14,0,5,11,2,11,0,0,1,2,3,0,0,1
0,0,0,1,3,2,2,0,4,0,0,1,1,0,0,0,0,1,0,0,0,0,3,0,2,1,2,2,1,1,0,0,1,0,1,0,0,0
0,0,0,7,1,2,2,0,0,1,6,0,1,0,0,0,3,5,5,1,1,0,0,0,2,0,9,1,1,7,0,0,0,0,0,0,0,0
4,4,1,14,6,13,9,0,0,6,8,7,2,1,0,2,3,7,5,18,7,10,3,0,29,10,18,17,6,22,2,0,0,6,1,5,1,3
2,2,1,1,0,4,1,0,1,1,3,7,0,0,0,0,0,2,3,2,0,0,0,0,4,1,4,7,2,6,1,0,0,2,1,0,0,4
3,6,8,11,5,17,19,6,1,2,3,2,7,3,0,3,16,28,28,8,4,9,0,5,30,7,44,16,14,60,2,4,0,3,1,1,0,5
1,0,1,9,2,13,5,0,2,2,11,3,3,4,0,0,5,3,7,9,3,8,1,0,31,7,17,20,8,38,5,2,3,15,1,4,0,0
0,0,0,2,2,9,0,0,0,0,3,0,0,0,0,0,0,3,7,2,0,4,0,1,3,0,9,9,0,20,0,0,1,4,0,2,0,1
3,5,4,19,7,28,16,0,5,0,9,12,6,0,0,0,9,17,27,7,6,17,2,2,28,0,65,38,13,117,13,9,5,6,12,3,0,6
0,1,2,1,0,0,0,0,0,0,2,0,0,0,0,0,0,0,0,0,0,0,0,0,1,0,0,1,0,2,0,1,2,2,0,0,0,0
0,0,0,0,1,1,1,0,0,0,0,1,0,0,0,0,0,2,2,2,0,1,0,0,1,0,1,1,0,1,2,0,0,1,0,0,0,0
0,0,0,3,1,4,2,0,0,0,1,1,1,0,0,0,2,4,4,0,0,1,0,1,1,0,2,3,0,1,5,0,0,0,1,0,0,2
1,2,1,9,2,5,3,0,0,3,9,0,1,1,0,0,4,4,5,3,0,2,0,0,14,3,8,15,3,17,4,4,3,3,1,3,0,9
1,0,0,2,2,2,0,0,0,0,0,1,0,0,0,0,0,0,2,1,0,1,0,0,0,0,1,3,1,6,0,0,0,2,1,2,0,1
0,0,0,2,3,4,0,0,1,0,2,0,0,0,0,0,0,1,1,0,0,0,0,0,0,0,1,2,1,4,0,1,1,2,1,3,0,0
0,0,0,0,0,1,0,0,0,0,0,0,0,0,0,0,0,0,0,0,0,0,0,0,0,0,0,0,0,0,0,0,0,0,0,0,0,0
0,0,0,1,0,1,0,0,0,1,0,3,0,0,0,0,0,0,0,1,0,0,0,0,1,0,4,0,0,0,1,0,0,0,0,0,0,0
