5,2,1,0,0,2,0,0,0,0,0,1,0,0,0,0,0,0,0,0,0,0,0,2,0,0,0,0,0,0,0,0,0,0,0,0,0,0
2,8,6,17,0,1,4,0,0,0,3,0,0,0,0,0,0,0,1,0,0,2,0,0,1,0,0,3,0,4,2,0,0,0,0,0,0,0
1,5,2,3,1,6,1,0,0,0,0,0,0,0,0,0,0,0,0,0,0,0,0,0,1,0,0,0,0,0,0,0,0,0,0,0,0,0
9,24,9,69,13,39,21,0,2,1,8,1,1,2,0,0,4,2,0,2,1,2,0,0,3,1,9,2,1,3,0,0,0,2,0,0,0,0
1,9,1,43,13,22,15,1,3,6,5,5,8,2,0,0,5,4,6,10,0,3,0,3,8,5,7,7,2,3,0,0,0,2,4,0,0,4
9,6,9,20,7,58,35,1,2,1,3,3,2,0,1,2,1,2,2,1,3,4,0,0,4,0,13,4,0,16,1,0,0,0,2,0,0,0
3,3,3,15,12,44,35,4,8,2,2,2,8,1,0,0,7,6,8,2,1,3,0,0,7,2,10,4,3,7,0,1,1,0,0,0,0,1
0,1,3,5,1,10,12,0,0,0,3,4,3,1,0,0,1,0,0,1,0,1,0,0,3,1,3,3,0,7,0,0,0,1,1,2,0,0
0,0,2,2,0,8,5,1,1,1,1,1,1,2,0,0,0,3,1,0,0,0,0,0,0,0,3,1,0,2,0,0,1,0,2,0,0,0
2,0,2,6,3,3,1,0,0,3,1,2,3,1,0,0,2,0,0,1,0,1,0,0,5,0,2,1,1,0,0,0,0,0,0,0,0,2
6,1,5,21,9,31,12,1,3,3,16,16,5,4,0,1,9,7,10,11,4,7,0,1,18,5,8,11,5,8,0,4,0,6,1,0,0,0
1,10,2,17,15,26,20,0,2,1,9,3,2,7,0,2,4,12,9,2,4,13,1,3,11,0,18,8,5,12,0,0,1,2,0,2,0,4
3,0,1,19,4,24,23,0,0,0,6,4,5,0,0,1,3,6,11,2,1,8,1,1,7,0,12,6,3,12,1,5,5,2,0,0,0,0
2,1,0,9,1,7,6,0,0,1,2,8,0,0,0,0,1,2,11,3,1,4,2,2,1,0,3,4,1,10,2,1,1,2,0,3,0,1
0,0,0,1,0,2,2,1,0,1,0,0,0,0,0,0,0,0,1,1,1,0,2,1,1,0,2,0,0,3,0,0,0,0,0,0,0,0
0,1,0,0,0,6,6,1,3,0,1,1,0,1,0,0,1,2,2,2,3,1,0,3,2,0,4,9,2,5,2,0,1,0,0,1,0,0
2,0,2,11,5,14,6,0,1,0,6,2,6,0,1,1,2,5,11,4,1,7,1,2,1,0,14,7,7,9,0,2,1,3,1,3,0,0
0,0,6,6,4,15,8,0,2,0,7,0,2,0,1,0,5,2,9,6,2,3,3,0,5,1,16,7,1,19,0,0,2,3,0,1,0,2
0,3,2,6,0,10,3,0,0,0,6,2,6,0,0,0,2,6,7,2,1,2,1,3,3,0,17,5,2,13,0,5,1,0,2,0,0,0
0,6,0,8,7,9,4,0,1,4,10,8,2,3,0,0,4,3,4,10,4,3,1,2,4,1,5,2,7,7,2,0,0,1,1,1,0,2
0,2,2,5,2,3,0,0,0,1,3,1,0,3,2,0,2,4,1,6,2,2,0,2,1,1,3,3,0,3,0,0,0,1,0,0,0,0
0,1,3,6,1,8,5,1,2,1,5,5,1,2,0,0,1,2,9,3,3,5,0,0,6,0,13,3,2,6,1,0,1,0,2,0,0,0
0,2,0,1,0,3,1,0,1,0,1,0,1,0,0,0,2,4,0,2,0,0,0,0,2,1,0,0,1,0,0,0,0,0,0,0,0,0
0,0,0,3,0,3,4,0,0,0,2,3,1,4,0,0,1,2,1,2,0,0,0,0,1,2,5,1,0,6,0,5,1,0,2,0,0,0
3,3,7,16,10,12,3,1,1,6,14,3,7,8,0,0,2,7,2,18,4,6,2,3,29,5,21,26,4,26,1,0,1,12,3,0,0,0
1,1,1,3,0,7,2,0,0,2,0,2,0,0,0,0,0,3,0,5,0,2,2,0,4,2,1,0,2,2,0,0,0,0,0,0,0,1
1,3,3,6,16,23,18,4,4,9,6,5,3,3,0,0,10,7,13,3,7,9,2,0,25,3,52,18,5,60,4,5,4,8,1,0,0,2
1,5,2,15,8,9,4,0,3,1,5,6,1,2,0,0,4,2,9,9,3,6,0,0,21,3,34,20,8,36,6,1,2,14,1,7,0,1
0,0,0,8,4,2,0,0,0,0,1,2,3,0,0,0,3,2,4,0,0,8,1,1,7,0,7,8,6,23,2,0,0,3,0,2,0,3
3,7,5,6,2,20,20,1,4,5,5,0,10,6,0,0,6,19,19,11,7,9,4,5,29,9,45,48,14,128,9,7,4,11,9,2,0,5
0,0,0,0,0,0,2,0,1,0,0,0,0,0,0,0,0,0,0,0,0,0,0,0,2,0,1,3,0,9,0,0,0,5,0,0,0,1
0,0,0,0,1,1,0,0,0,0,0,0,2,0,0,0,1,0,0,0,2,0,0,0,0,0,1,1,0,3,0,1,0,0,0,0,0,0
0,0,1,2,0,2,1,0,0,0,1,0,1,0,0,0,1,1,3,1,2,0,0,0,1,0,3,1,0,6,0,0,0,0,0,4,1,2
2,0,1,5,0,9,5,1,0,2,4,0,2,0,0,0,3,4,0,5,3,0,1,0,3,9,6,15,2,18,2,1,0,7,0,1,0,5
2,0,0,0,1,2,2,0,0,0,0,0,0,0,0,0,0,0,0,2,0,0,0,3,0,0,2,3,2,2,1,1,0,1,0,1,0,0
0,1,0,2,0,0,0,0,0,0,0,0,2,0,0,0,0,0,1,0,0,1,0,0,0,1,0,7,0,3,0,0,0,0,0,1,0,3
0,0,0,0,0,0,0,0,0,0,0,0,0,0,0,0,0,0,0,0,0,0,0,0,0,0,0,0,0,0,2,0,0,0,0,0,0,0
0,0,1,1,0,0,0,0,1,0,0,0,0,0,0,0,0,0,0,0,0,0,0,0,1,0,1,0,0,1,1,0,0,0,0,0,0,0
