2,2,0,0,0,0,0,0,0,0,0,0,0,1,0,0,0,0,0,0,0,0,0,0,0,0,0,0,0,0,0,0,0,0,0,0,0,0
0,5,12,11,3,2,0,0,0,0,3,0,0,0,0,0,0,0,0,1,0,0,0,0,0,0,1,4,0,1,0,0,0,0,0,0,0,0
0,1,5,3,0,6,0,0,0,0,0,1,0,1,0,0,1,0,0,1,0,0,0,0,0,0,0,0,0,0,0,0,0,0,0,0,0,0
10,17,9,63,10,26,13,4,0,1,8,1,4,9,0,0,1,2,0,3,5,3,0,1,8,1,6,2,3,0,0,2,3,2,0,2,0,0
2,7,0,42,6,19,8,2,5,3,10,9,0,1,0,0,0,2,3,2,7,1,4,3,6,1,3,1,3,0,2,0,0,4,3,0,0,0
2,0,13,19,5,79,26,1,3,2,0,3,0,0,0,0,2,2,3,1,4,0,0,1,4,1,5,1,2,9,1,0,0,0,0,0,0,0
0,2,1,16,10,48,27,1,3,0,6,3,4,0,1,0,12,6,2,1,2,2,1,1,2,0,4,4,5,12,0,1,4,0,0,1,0,0
1,2,1,2,5,7,8,1,0,0,0,7,2,0,0,0,1,2,0,0,0,1,2,0,4,0,3,2,0,2,2,0,0,1,0,0,0,1
0,0,0,3,5,6,5,0,3,1,0,0,0,0,0,0,1,1,2,0,1,1,0,0,0,0,4,0,0,0,0,0,0,0,0,0,0,0
5,2,1,4,2,3,3,0,0,1,4,2,0,0,0,0,1,0,1,1,1,2,0,0,4,0,4,2,0,1,0,0,0,0,0,0,0,0
6,10,5,21,17,9,13,0,2,9,10,9,1,9,0,1,13,2,10,22,1,14,3,1,14,5,9,9,1,7,0,1,3,2,0,1,0,2
2,6,1,11,12,32,15,0,5,2,6,7,6,8,0,1,3,4,14,7,8,6,3,1,19,0,15,8,2,13,3,2,0,4,6,6,0,3
0,2,2,8,5,29,14,0,5,2,9,0,6,1,0,1,2,3,10,1,4,6,0,2,3,1,11,8,1,14,2,1,0,2,0,0,0,1
1,2,0,9,5,14,3,0,4,3,1,0,4,0,0,2,6,5,2,7,2,2,2,7,4,0,14,1,1,15,1,0,2,0,0,1,0,0
0,0,0,0,0,0,0,0,2,2,0,0,0,0,0,0,0,2,2,0,0,1,0,0,0,0,1,1,5,3,0,0,0,0,0,0,0,0
0,1,0,1,2,9,2,1,0,1,1,1,0,0,1,0,0,2,1,1,0,0,1,2,6,0,2,1,0,3,1,0,0,0,0,0,0,1
1,2,3,6,7,17,13,2,1,4,5,4,4,3,0,1,2,3,18,4,0,7,2,2,6,0,19,0,1,11,1,2,0,1,2,5,0,2
0,0,2,4,4,18,12,3,1,0,4,4,4,1,0,0,1,2,11,2,3,1,0,8,4,3,19,5,3,9,0,1,2,1,0,0,0,0
0,0,1,6,2,16,5,0,6,1,2,5,2,1,0,0,6,7,5,3,3,5,1,2,2,0,13,11,3,12,1,1,2,2,0,1,0,0
1,1,2,7,10,4,6,0,1,6,5,5,1,2,0,0,2,3,0,1,4,2,0,1,9,0,9,2,1,8,1,3,2,1,4,1,0,0
0,1,0,0,0,4,1,2,0,3,2,5,1,0,0,1,2,0,2,1,0,2,2,0,5,0,2,2,1,5,0,0,0,3,0,0,0,0
5,0,0,4,3,5,3,0,1,2,4,3,2,0,0,0,3,3,3,4,4,0,0,0,10,0,8,7,5,3,0,2,1,2,0,0,0,1
0,0,0,3,0,4,1,0,0,0,0,0,0,1,0,0,0,6,1,0,2,1,0,0,2,0,2,0,0,0,0,0,0,2,0,0,0,0
0,0,1,0,3,6,3,0,0,0,2,4,3,0,0,0,4,4,4,3,0,0,0,0,6,0,5,3,0,4,0,2,1,0,0,2,0,0
8,12,3,17,7,14,11,0,0,1,17,3,3,0,0,0,7,6,13,14,6,5,0,2,26,7,22,11,5,29,2,0,0,4,1,1,0,4
0,1,1,1,1,6,1,0,0,0,1,3,2,1,0,0,7,1,0,1,1,2,0,1,9,2,5,4,1,8,0,0,0,1,0,0,0,0
5,3,4,12,11,34,26,2,5,0,9,6,10,7,0,0,15,10,12,8,4,21,5,3,12,5,41,27,8,51,2,3,1,4,0,2,0,1
1,1,0,14,4,7,5,0,0,2,4,9,3,4,0,1,0,5,7,15,0,4,0,6,38,12,30,32,5,42,4,2,2,12,3,5,0,1
1,4,1,3,1,2,3,0,0,0,0,4,1,0,0,0,3,2,7,1,1,2,0,3,8,2,11,11,2,19,1,0,2,7,1,0,0,4
2,4,7,25,2,11,23,0,5,1,9,6,1,1,0,1,17,13,24,3,2,9,5,2,34,12,45,35,12,104,15,8,0,14,4,1,1,10
0,0,0,2,0,1,2,0,0,0,0,0,0,0,0,0,0,0,1,0,0,0,0,0,0,0,0,3,1,6,4,0,1,0,0,1,0,2
0,0,0,1,0,2,0,0,0,0,0,0,0,0,0,0,0,3,0,0,0,1,0,0,1,0,3,0,0,2,1,0,1,0,0,0,0,0
0,0,0,0,0,11,1,0,1,1,0,0,5,1,0,0,0,0,1,0,2,0,0,0,4,0,1,2,0,14,0,0,1,0,0,0,1,0
0,2,3,5,7,5,3,0,0,0,2,6,2,0,0,0,3,2,2,2,5,2,1,1,6,3,0,5,6,13,2,4,4,12,1,7,0,5
0,1,0,3,0,2,4,0,0,1,1,0,0,0,0,0,0,1,0,0,0,0,0,0,1,0,2,3,0,9,0,0,0,1,1,1,0,1
0,2,0,0,2,2,0,0,0,0,0,2,0,0,0,0,0,0,0,0,0,0,0,0,1,0,2,0,0,6,1,0,2,2,0,2,0,0
0,0,0,0,0,1,0,0,0,0,0,0,0,0,0,0,0,0,0,0,0,0,0,0,1,0,0,0,0,0,0,0,0,0,0,0,0,0
0,0,0,0,0,0,0,0,0,0,0,0,0,1,0,0,1,0,4,0,0,0,0,0,1,0,2,2,3,1,0,0,0,1,0,0,1,0
