0,1,0,4,0,1,0,0,0,0,0,0,0,1,0,0,0,0,0,0,0,0,0,0,0,0,0,0,0,0,0,0,0,0,0,0,0,0
1,14,8,16,3,3,0,0,0,1,1,0,1,0,0,0,0,0,0,2,0,0,0,0,2,0,0,0,1,0,0,0,0,0,0,0,0,0
1,9,13,3,0,5,0,0,0,0,0,0,0,0,0,0,0,0,0,0,0,0,0,0,1,0,0,0,0,1,0,0,0,0,0,0,0,0
9,14,9,61,14,29,7,0,3,6,10,7,1,3,0,0,0,1,4,1,1,3,0,0,6,0,5,7,1,12,0,0,0,0,1,0,0,1
6,5,2,33,4,7,13,0,4,5,4,8,4,3,0,0,4,1,9,2,0,3,1,2,8,0,6,1,0,10,0,0,1,2,0,0,0,0
0,5,14,29,4,68,28,3,2,1,5,0,3,2,0,0,4,5,10,0,3,3,1,2,7,0,5,2,2,10,0,2,0,1,1,0,0,0
3,2,4,14,6,38,33,4,7,1,1,5,2,0,0,1,8,7,4,2,5,0,0,0,4,0,10,1,7,5,0,1,1,1,0,0,0,1
0,0,0,10,5,15,12,2,1,0,8,2,2,0,0,0,0,4,2,1,0,2,1,2,5,4,2,6,0,2,2,1,0,2,0,0,0,0
1,1,0,1,1,3,2,0,1,0,0,4,0,1,0,1,5,0,1,1,0,0,1,0,2,0,4,2,0,1,0,0,0,0,1,0,0,0
0,0,2,6,1,0,1,1,1,1,3,0,0,0,0,0,1,0,0,2,0,0,0,0,1,0,0,0,1,7,0,1,0,1,0,0,0,0
1,4,1,20,13,31,5,1,2,1,3,10,9,3,0,2,10,7,5,11,7,8,0,1,10,3,15,8,2,14,3,1,4,3,1,0,0,3
2,5,1,22,9,19,8,1,3,5,11,0,6,5,0,1,5,9,9,11,2,10,2,4,10,1,9,5,1,9,0,1,2,4,2,0,0,0
1,2,2,10,1,20,19,0,1,2,9,1,2,1,0,3,8,5,4,4,2,6,0,1,9,0,4,4,1,12,0,0,0,1,0,0,0,0
2,2,4,12,2,15,14,1,3,2,4,2,4,3,0,0,12,4,2,4,0,8,0,2,2,4,13,3,3,4,1,0,1,3,0,3,0,0
0,0,0,0,0,1,1,0,0,0,1,0,2,2,0,0,0,3,2,0,3,2,0,0,3,0,2,1,0,2,0,0,0,0,0,0,0,0
0,0,0,1,1,7,2,1,4,2,1,2,0,0,0,0,1,2,3,0,0,0,2,0,0,0,5,0,0,0,0,0,0,0,0,0,0,0
0,1,3,5,2,11,9,2,0,0,5,1,2,2,0,1,2,5,9,1,5,2,2,1,1,0,23,1,3,9,0,0,4,1,2,4,0,0
0,2,2,4,6,17,11,0,4,2,6,2,2,0,0,0,3,8,19,5,2,7,1,1,5,2,15,1,0,15,1,0,0,0,1,3,0,3
0,0,1,6,2,13,5,1,0,0,4,3,0,2,0,0,5,5,5,3,1,7,1,0,0,0,12,7,1,14,0,0,1,0,0,1,0,1
2,7,3,11,4,12,1,0,1,8,7,0,0,4,0,0,2,4,1,6,6,2,0,6,9,0,5,2,0,10,0,0,0,2,0,1,0,2
0,4,2,5,3,6,2,0,1,1,9,1,0,3,0,0,1,0,1,2,0,2,1,4,5,0,1,0,0,4,1,0,0,0,0,0,0,1
1,1,0,3,2,4,2,1,1,0,3,2,3,3,0,0,1,0,6,8,3,2,0,0,3,0,7,3,2,6,0,1,0,2,0,0,0,1
0,0,0,5,0,3,3,0,1,0,0,0,0,0,0,0,1,0,1,0,2,2,0,2,1,3,2,1,0,3,0,1,0,0,0,0,0,0
0,1,0,5,1,2,5,2,1,1,2,2,2,1,0,0,3,7,4,3,0,0,0,1,2,1,9,2,0,6,2,0,0,0,0,0,0,0
1,5,1,16,4,12,7,3,3,9,16,7,2,3,0,0,0,9,6,9,11,8,1,4,32,6,22,21,2,26,1,1,1,8,1,5,0,0
0,1,3,5,3,2,0,0,0,4,3,3,2,1,0,0,2,0,3,0,4,1,0,0,4,0,5,11,2,5,0,0,1,1,0,0,0,2
5,3,1,11,6,33,8,0,4,2,8,6,12,4,0,1,10,21,15,9,3,8,0,3,35,2,45,19,2,62,5,1,2,3,1,1,0,4
1,2,2,15,2,13,5,3,4,3,8,8,2,3,0,2,4,1,6,15,8,4,1,3,39,5,28,23,11,26,3,6,1,8,0,3,0,3
0,3,1,2,0,3,0,1,0,0,0,4,0,1,0,0,2,4,2,0,2,4,0,0,4,0,9,12,3,23,2,0,1,1,0,4,0,3
7,5,9,14,6,27,20,1,2,1,8,2,6,3,0,0,10,11,18,3,10,9,2,4,29,3,41,39,11,129,8,6,4,18,4,7,0,5
0,0,0,0,0,2,3,0,0,0,0,0,0,0,0,0,0,0,1,0,0,0,0,0,3,0,2,1,0,1,0,0,2,1,0,0,0,0
0,1,0,2,0,2,2,0,0,0,0,0,0,0,0,0,2,0,0,0,0,0,0,1,2,0,3,0,0,3,0,0,0,0,0,0,2,0
0,1,0,5,1,1,0,0,2,1,0,0,0,0,0,0,1,0,0,0,0,0,0,0,1,0,5,2,1,2,0,2,0,2,0,0,0,0
0,1,2,1,1,2,1,0,1,0,4,0,2,0,0,2,0,5,3,3,2,3,0,0,11,2,2,8,2,15,8,0,2,5,5,2,0,5
1,0,0,0,0,0,0,0,0,1,0,0,0,0,0,0,1,0,0,2,0,4,0,0,1,0,0,6,3,4,1,0,0,1,1,2,0,3
0,0,0,1,0,0,0,0,0,0,0,0,0,0,0,0,0,0,2,2,0,0,0,0,3,0,0,2,0,0,0,0,0,0,0,2,2,4
0,2,0,0,0,0,0,0,0,0,0,0,0,0,0,0,0,0,0,0,0,0,0,0,0,0,0,0,0,0,0,0,0,0,0,0,0,0
1,0,0,1,0,2,0,0,0,1,0,0,0,0,0,0,0,0,0,0,0,0,0,0,0,0,0,0,0,1,0,0,0,0,0,0,0,0
