4,2,2,0,0,0,0,0,1,0,0,0,0,0,0,0,0,0,0,0,0,0,0,0,1,0,0,1,0,0,0,0,0,0,0,0,0,0
1,19,10,17,0,3,0,0,0,0,0,0,0,0,0,0,0,0,1,1,0,0,0,0,1,0,0,1,0,2,1,0,0,0,0,0,0,0
0,3,6,2,0,2,1,0,0,0,0,0,2,0,0,0,1,0,0,1,0,0,0,0,2,0,0,0,0,0,0,0,0,0,0,0,0,0
9,23,5,68,23,34,17,1,2,4,11,3,4,1,0,0,3,4,2,3,0,5,0,2,9,0,5,7,4,7,1,2,0,0,1,1,0,0
4,2,5,24,13,20,12,1,1,3,9,4,2,6,0,0,2,6,3,0,3,5,0,0,3,1,7,2,1,4,0,0,2,1,0,0,0,0
5,4,12,34,2,53,24,1,5,0,4,4,7,2,0,0,8,3,5,4,3,0,2,0,1,0,7,5,1,2,1,0,0,2,1,0,0,0
0,2,2,12,7,23,36,3,3,1,0,6,5,1,0,0,3,6,1,1,5,1,1,0,0,0,10,2,1,4,1,0,0,0,0,0,0,0
1,2,0,6,4,5,7,0,3,1,4,2,2,0,0,0,0,3,0,0,2,0,1,2,4,1,1,3,1,4,0,0,0,0,0,0,0,0
0,0,1,2,0,7,6,1,1,1,1,1,4,0,0,0,2,2,0,1,0,0,0,0,0,0,7,0,0,1,0,1,0,0,0,0,0,1
0,1,3,3,4,2,0,0,0,0,2,1,0,1,0,0,0,1,0,2,5,2,0,1,6,0,1,0,0,2,0,0,0,2,0,0,0,3
11,8,7,35,25,20,11,0,4,13,8,5,1,4,0,0,12,11,4,9,5,10,0,5,22,3,7,14,2,13,2,1,2,2,3,0,0,3
3,4,1,14,11,25,16,2,0,5,8,4,5,8,4,0,9,4,8,6,1,5,0,0,11,2,12,6,1,11,0,0,2,2,1,1,0,1
2,2,3,9,6,31,14,1,0,2,7,0,3,3,0,0,8,7,3,3,3,2,1,2,7,0,13,7,0,7,0,0,1,4,0,0,0,3
0,2,3,6,5,17,20,2,0,4,4,2,5,2,0,0,4,1,5,4,3,2,1,1,4,0,12,8,4,12,0,0,0,1,2,3,0,1
0,0,0,3,2,2,0,0,0,0,0,0,0,0,0,0,0,1,0,0,1,0,0,0,1,0,2,0,2,0,0,0,0,0,0,0,0,0
0,0,2,2,1,10,2,0,0,0,0,2,2,1,0,1,1,2,2,0,0,0,1,0,3,0,5,2,0,3,0,1,0,0,0,0,0,0
0,0,1,4,1,13,13,0,2,2,5,2,7,0,0,0,1,5,6,2,3,5,2,0,8,0,15,4,0,8,3,0,2,0,0,3,0,2
0,3,2,9,10,23,3,2,2,0,6,0,5,1,0,0,3,4,12,4,2,7,0,0,6,3,13,2,1,12,4,0,1,1,0,0,0,1
0,1,0,3,3,7,1,1,0,1,1,1,2,0,0,0,7,3,5,0,0,5,1,1,9,0,9,0,4,9,0,1,2,1,2,0,0,1
4,7,1,4,3,11,4,0,0,4,7,1,2,0,0,0,2,2,1,1,2,1,1,0,7,0,4,4,3,6,0,0,0,1,0,1,0,1
0,1,2,6,6,1,2,1,0,4,2,2,1,3,0,0,8,2,0,4,2,0,0,2,2,1,3,3,0,3,0,0,0,2,0,1,0,1
1,1,2,5,1,2,7,0,1,1,4,7,5,1,0,0,6,1,1,9,3,3,0,1,6,1,8,3,1,1,0,0,0,3,0,2,0,1
0,1,0,0,2,4,0,1,0,0,0,0,0,0,0,0,0,2,0,1,2,1,0,0,0,0,2,0,0,3,0,0,0,1,0,0,0,0
0,0,4,2,0,8,4,0,0,0,4,3,3,0,0,0,1,0,8,0,1,2,1,0,2,1,2,1,0,4,2,0,0,2,0,0,0,2
5,8,0,8,9,18,7,3,0,2,16,5,4,3,0,1,3,4,9,12,5,5,2,4,37,10,48,17,7,31,1,2,3,4,3,1,0,1
1,2,0,4,5,4,2,0,0,5,3,0,1,3,0,0,2,0,1,1,4,2,0,0,8,2,4,2,0,11,0,0,1,3,1,1,0,0
1,5,1,7,12,29,15,1,5,1,7,7,13,1,0,1,5,10,28,6,7,10,0,3,38,7,56,19,6,44,6,2,5,3,2,6,0,2
3,4,2,12,9,17,10,0,0,5,8,8,2,6,1,2,2,2,6,15,3,4,1,0,29,10,17,28,11,55,2,3,2,7,4,2,0,3
1,0,0,4,1,3,3,0,0,0,4,0,5,1,0,0,0,1,2,1,0,1,0,1,5,1,11,8,7,15,1,0,2,6,0,0,0,1
5,11,4,14,6,27,15,2,5,4,4,9,4,6,0,0,9,11,17,7,3,8,2,3,16,4,65,43,14,108,4,6,6,20,6,3,0,5
0,0,0,0,0,2,1,0,1,0,1,0,0,0,0,0,0,0,0,0,0,0,0,0,1,0,1,1,0,7,0,3,1,1,2,2,0,1
0,1,0,0,0,2,0,0,0,0,1,0,0,0,0,0,0,0,2,0,0,0,0,0,1,0,1,0,0,3,0,0,2,0,0,1,0,0
2,0,0,0,0,1,0,0,0,0,0,0,0,0,0,0,0,0,2,0,0,2,1,0,7,0,3,1,1,5,0,0,0,2,0,0,0,0
0,0,3,3,5,4,2,0,2,3,7,3,1,0,0,0,1,4,2,2,0,1,1,1,2,0,8,8,2,17,1,3,2,5,2,3,0,0
0,0,0,2,2,2,2,0,0,1,0,0,0,0,0,0,0,0,0,1,0,0,0,0,5,1,2,4,1,1,1,1,0,0,1,1,0,0
0,0,0,1,0,0,2,0,0,3,0,0,0,0,0,0,0,0,0,0,3,0,0,0,3,0,3,1,0,2,1,2,2,0,0,0,0,2
0,0,0,0,0,0,0,0,0,0,0,0,0,0,0,1,0,0,0,0,0,0,0,0,0,0,2,0,0,0,0,0,0,0,0,1,0,0
0,0,0,0,0,0,0,0,0,1,0,0,0,0,0,0,0,0,2,1,0,0,0,0,1,0,6,1,0,1,0,0,0,1,0,0,0,1
