3.98428571429
2.09071428571
2.13695652174
2.23355212355
2.21174496644
2.13485576923
1.71292517007
2.06964912281
1.66095238095
2.31372093023
2.16373188406
2.10982857143
2.07981707317
2.19368421053
1.76384615385
2.05886363636
2.06449152542
2.17625899281
1.92851851852
2.53853658537
1.9937704918
1.88408602151
2.58238095238
2.25218181818
2.08383838384
2.250625
1.89653950954
2.23341296928
2.07444444444
2.28306553911
2.26785714286
4.095
4.65466666667
2.5195412844
3.30923076923
2.88476190476
2.26
3.52375
