1,0,2,0,0,0,0,0,0,0,0,0,0,0,0,0,0,0,0,0,0,0,0,0,0,0,0,0,0,0,0,0,0,0,0,0,0,0
1,9,5,14,0,3,1,0,0,0,1,0,0,0,1,0,0,0,0,1,0,0,0,0,0,0,1,0,0,0,0,0,0,0,0,0,0,0
0,3,5,2,0,2,0,1,0,0,0,0,0,0,0,0,0,0,0,0,0,0,0,0,0,0,1,0,0,0,1,0,0,0,0,0,0,0
9,18,12,50,10,43,8,1,0,3,3,0,4,4,0,0,8,8,3,3,2,3,1,0,8,1,8,4,2,4,0,0,0,0,0,0,0,0
6,15,4,25,5,37,29,2,4,7,17,4,7,4,0,5,4,10,2,5,6,4,2,4,8,0,6,3,4,13,1,0,0,1,0,0,0,0
4,5,18,20,5,58,26,1,3,1,4,0,7,0,0,0,3,8,4,0,0,3,0,1,7,2,8,2,5,7,2,0,0,1,0,0,1,0
0,3,6,16,6,39,23,2,0,0,5,2,4,0,0,1,1,2,3,1,2,3,1,0,4,2,5,0,0,6,0,0,0,1,0,0,0,0
2,3,4,8,4,13,8,2,0,2,1,0,0,4,0,3,1,1,0,1,0,0,1,0,0,0,2,1,0,5,0,0,0,0,0,0,0,0
0,0,1,1,1,5,4,0,2,0,1,0,0,0,0,0,0,2,1,2,0,0,0,0,0,1,2,1,0,2,0,0,0,0,0,0,0,0
0,2,0,4,0,3,0,0,1,1,3,1,0,1,0,2,0,1,4,1,1,0,0,0,5,0,0,3,0,2,0,0,0,0,1,0,0,0
6,6,5,15,10,11,11,0,3,2,7,6,6,2,0,0,3,4,1,14,4,7,2,6,10,5,10,5,5,13,3,0,0,1,1,2,0,0
3,5,0,20,6,20,12,4,2,5,9,6,3,1,0,0,4,4,3,3,6,2,3,1,10,0,13,9,8,8,0,3,0,3,0,2,0,0
1,1,3,8,9,21,10,1,0,3,9,2,3,0,1,1,7,1,10,1,3,5,0,0,4,2,12,6,1,11,0,0,1,1,0,0,0,0
0,3,4,5,10,7,11,0,0,2,5,7,0,5,2,0,7,6,6,4,3,4,1,3,8,0,9,5,3,7,1,3,0,1,2,2,0,0
0,1,0,0,0,0,0,0,0,0,0,0,0,1,0,0,0,0,0,0,2,0,0,0,0,0,2,0,0,1,0,0,0,0,0,0,0,0
0,0,1,1,2,7,2,0,1,1,3,1,0,0,0,0,3,1,6,0,2,2,0,1,2,3,4,1,0,2,0,0,2,0,0,0,0,0
0,4,2,0,7,20,9,1,1,1,6,0,3,1,0,0,2,5,13,4,3,1,0,0,4,0,11,3,1,12,0,4,1,2,1,0,0,0
2,2,1,6,3,18,6,1,1,1,3,2,2,0,0,0,1,5,8,1,2,1,0,0,7,2,20,0,1,11,4,1,2,0,0,0,0,1
0,0,1,2,3,14,9,0,2,2,3,1,2,0,0,0,6,7,2,0,1,3,0,2,6,2,15,4,1,8,1,1,0,0,1,0,0,0
3,3,0,4,2,9,2,1,0,2,3,0,0,0,0,1,3,3,5,8,2,3,0,1,7,1,2,6,0,16,0,1,2,2,1,4,0,0
3,1,0,2,1,2,5,0,0,1,3,1,0,6,0,0,1,0,0,0,1,1,0,3,4,0,1,2,2,6,0,0,1,0,0,0,0,0
1,0,1,8,0,2,10,0,0,3,5,2,1,4,0,0,1,9,3,5,2,4,0,0,1,4,7,2,2,8,0,1,0,1,0,0,0,0
2,0,6,0,0,3,0,0,0,0,3,0,0,0,1,2,1,1,3,2,0,0,1,0,1,0,8,1,3,1,0,0,0,0,0,0,0,0
2,1,0,1,0,2,0,0,1,0,4,0,1,0,0,0,0,5,7,2,5,1,0,0,1,1,5,2,0,6,1,0,0,0,0,0,0,0
2,2,3,15,6,8,9,3,0,7,7,2,0,4,1,0,6,9,2,13,4,7,0,2,18,0,18,13,7,35,3,2,2,5,4,5,0,6
1,0,1,5,2,5,1,1,0,0,3,1,0,0,0,0,0,4,3,1,1,0,0,0,10,1,6,3,0,5,0,0,0,4,0,0,0,0
3,4,4,7,7,23,26,0,1,2,7,5,4,2,0,0,9,7,29,7,3,7,0,2,32,5,42,21,11,53,2,3,4,5,2,3,0,2
2,1,1,12,13,8,8,1,2,5,11,5,2,1,0,1,4,7,11,8,1,6,0,3,28,9,23,32,11,35,5,4,5,9,0,3,0,1
0,1,1,2,0,5,1,0,1,4,5,2,2,0,0,0,0,1,2,1,2,6,0,0,2,0,14,4,1,25,2,1,1,4,2,2,0,3
4,11,7,23,5,23,10,1,2,5,11,8,3,1,0,0,12,6,17,10,1,14,3,3,26,8,59,32,9,107,10,9,5,18,4,1,0,7
0,0,1,0,0,1,0,0,0,0,0,0,0,0,0,0,1,1,0,0,0,0,0,0,0,0,0,0,0,2,0,0,0,0,0,3,0,2
0,0,0,0,0,0,1,0,0,0,0,0,0,0,0,0,0,0,0,0,0,0,0,0,0,0,1,1,0,5,1,0,1,0,2,0,0,0
0,5,0,0,1,0,2,0,0,0,0,0,0,0,0,0,2,0,0,2,2,0,0,0,0,1,3,1,0,1,2,0,1,1,0,0,1,1
0,1,0,7,4,7,2,0,0,0,2,2,0,1,0,0,3,0,1,4,0,1,1,0,6,0,4,15,4,13,4,1,0,3,6,2,0,5
0,0,0,2,0,0,1,0,0,0,2,0,1,0,0,0,0,0,0,0,0,0,1,0,3,0,1,1,1,3,0,1,0,1,0,1,0,1
0,0,0,1,1,1,0,1,0,0,0,0,0,1,0,0,0,0,2,0,0,0,0,0,0,1,3,0,0,3,1,0,0,2,0,2,0,0
0,0,0,0,0,1,0,0,0,0,0,0,0,0,0,0,0,0,0,0,0,0,0,0,0,0,0,0,0,1,0,0,0,0,0,0,0,0
0,0,0,4,4,0,0,0,0,0,0,2,0,0,0,0,0,0,2,0,0,1,0,0,0,0,2,0,0,0,0,0,0,0,0,1,0,0
