3,2,0,1,0,0,0,0,0,0,0,0,0,0,0,0,0,0,0,0,0,0,0,0,0,0,0,0,1,0,0,0,0,0,0,0,0,0
1,12,5,16,3,3,0,0,1,1,1,0,0,0,0,0,0,0,0,0,0,0,0,0,2,0,0,0,2,2,0,0,0,0,0,0,0,0
0,6,11,6,0,2,0,0,1,0,0,0,0,0,0,0,2,1,0,0,0,0,0,0,0,0,0,0,0,2,0,0,0,0,0,0,0,0
3,18,10,52,14,25,6,0,1,1,5,5,4,0,0,0,1,1,1,3,0,0,0,1,2,0,2,7,4,6,0,0,1,1,0,2,0,0
5,7,2,30,7,27,10,2,7,7,10,6,8,1,0,0,8,9,2,11,3,4,2,4,5,0,6,4,1,5,1,1,0,3,0,2,0,4
1,11,12,13,4,56,18,0,6,1,0,4,2,0,0,0,3,1,2,0,0,1,6,3,2,0,3,2,2,1,0,1,3,2,0,0,0,0
1,0,1,10,4,48,18,4,3,2,3,2,1,3,1,0,6,2,9,1,3,3,0,0,0,0,9,4,1,3,1,0,0,0,0,0,0,0
0,0,1,2,4,3,1,1,0,0,2,6,4,2,0,0,3,2,3,0,3,2,0,0,2,0,10,2,4,3,1,0,0,0,0,0,0,0
0,0,1,0,1,4,1,0,0,0,0,0,0,0,0,0,0,1,3,1,0,1,0,0,0,0,3,0,0,3,0,0,1,0,0,1,0,0
0,1,0,6,0,1,2,0,0,6,4,0,1,0,0,0,0,0,0,2,0,0,0,1,0,0,1,2,0,0,0,0,0,0,1,0,0,0
5,9,4,24,7,15,6,1,0,3,11,3,1,0,0,0,8,4,3,7,2,6,1,1,14,7,10,6,7,12,0,0,1,3,1,4,0,3
0,1,0,17,13,7,15,1,2,0,10,6,2,2,0,1,3,9,11,6,1,5,3,4,6,1,14,7,4,12,1,1,0,2,1,0,0,1
2,0,5,8,6,19,11,0,1,1,3,3,4,2,0,1,8,1,10,1,2,1,0,1,8,1,10,3,4,11,2,2,2,2,0,1,0,0
0,1,2,5,6,9,4,1,0,2,8,1,5,3,0,1,2,2,8,1,0,3,3,3,4,1,7,4,0,6,0,0,0,2,0,0,0,0
0,0,0,0,0,4,0,0,0,1,0,2,0,0,0,0,1,0,1,0,0,1,0,0,0,0,2,0,0,0,0,0,0,0,0,0,0,1
0,0,1,2,1,3,0,0,0,0,2,1,1,1,0,0,1,1,3,1,1,0,0,0,2,0,1,3,0,3,0,0,0,0,0,0,0,3
0,1,4,3,2,7,6,1,0,1,3,4,0,3,0,0,6,1,3,1,0,9,0,0,4,3,17,3,0,2,0,0,0,1,0,0,0,1
1,1,3,5,4,18,6,3,1,1,3,1,3,0,0,1,4,0,4,3,4,2,2,0,4,1,17,4,0,7,2,2,3,2,1,0,0,0
1,4,0,5,2,7,5,1,2,2,0,1,5,0,0,0,4,5,1,4,4,9,3,2,9,1,10,3,2,22,0,1,0,3,0,2,0,0
3,3,1,4,1,6,1,1,0,0,2,2,0,3,0,0,0,5,1,1,0,2,1,2,5,1,3,4,0,6,2,0,0,1,2,0,0,0
0,1,1,4,2,6,2,1,0,2,1,4,1,0,0,0,2,2,2,6,4,3,0,3,6,0,1,3,0,3,0,1,1,0,1,0,0,0
1,4,2,1,5,4,5,0,0,0,1,1,2,1,0,0,5,4,4,5,1,3,1,0,3,2,4,3,0,4,0,0,0,1,1,0,0,0
0,0,1,3,1,1,1,0,0,0,1,1,1,2,0,0,0,2,2,2,2,4,0,0,2,0,5,2,1,4,0,0,0,0,0,0,0,0
0,1,2,5,1,5,1,1,0,1,4,2,2,1,0,0,0,5,4,3,1,3,0,0,2,1,3,12,2,5,1,0,1,2,0,0,0,0
3,4,10,9,3,6,15,1,1,4,13,5,7,3,0,0,1,8,5,21,5,5,1,8,35,2,25,25,3,17,2,1,1,6,0,0,0,0
1,0,0,4,0,5,0,3,1,0,0,2,0,1,0,0,1,0,0,4,2,2,0,0,7,0,6,5,4,8,1,1,1,0,3,0,0,0
3,4,3,8,4,18,13,0,2,2,6,3,5,7,0,1,6,5,13,6,8,12,1,1,16,2,41,18,9,40,1,8,5,3,2,2,0,1
2,2,3,12,5,3,4,0,0,7,8,4,6,3,0,1,4,15,8,5,3,3,0,3,27,6,33,10,8,54,10,3,1,10,2,1,0,3
0,0,0,1,0,4,2,0,0,0,7,1,1,0,0,0,2,3,1,0,2,4,0,2,16,2,8,11,2,17,2,0,4,3,2,2,0,0
3,3,4,12,13,25,16,2,3,3,9,7,3,2,0,1,10,10,13,4,6,8,0,4,34,6,48,30,6,92,3,10,8,15,6,6,0,4
0,0,0,0,0,2,0,0,3,1,0,0,0,0,0,0,0,0,0,0,0,0,0,0,0,1,6,0,1,5,0,2,1,2,1,0,0,2
1,0,0,0,0,0,0,0,0,0,1,0,0,0,0,0,1,1,0,0,0,0,0,0,0,0,0,1,0,3,2,0,0,0,0,0,0,0
0,0,0,1,1,2,0,1,0,0,1,0,0,0,0,0,0,0,0,3,0,0,0,0,3,0,6,0,0,2,0,2,1,0,0,3,0,0
0,0,3,7,6,3,1,1,1,0,3,0,0,0,0,0,0,2,3,5,0,0,0,0,9,3,2,15,6,24,2,0,2,7,2,2,0,3
2,0,0,1,0,1,0,0,1,1,0,0,0,0,0,0,0,0,2,3,0,0,0,1,0,0,2,1,0,5,1,4,0,1,0,2,0,0
0,0,0,0,0,0,0,0,0,0,0,0,0,0,0,0,1,0,1,3,0,3,0,0,2,0,2,0,0,2,0,0,0,0,2,2,0,1
0,0,0,0,0,0,0,0,0,0,0,0,0,0,0,0,1,0,0,0,0,0,0,0,0,0,0,0,0,0,0,0,0,0,1,0,0,0
0,1,0,0,0,4,0,0,0,0,0,0,2,0,0,0,0,1,0,0,0,1,0,1,1,0,1,1,0,1,0,2,0,0,4,0,0,0
