4,0,1,0,2,0,0,0,0,0,0,0,0,0,0,0,0,0,0,0,0,0,0,0,1,0,0,0,0,0,0,0,0,0,0,0,0,0
4,6,6,5,2,3,0,0,0,0,1,0,0,0,0,0,0,0,0,1,0,0,0,0,1,0,0,1,0,2,0,0,0,0,0,0,0,0
1,3,14,0,0,2,1,0,0,0,0,1,0,2,0,0,1,0,0,0,1,0,0,0,0,0,0,2,0,0,0,0,0,1,0,0,0,0
4,15,5,47,14,28,2,2,0,2,2,0,2,2,0,3,2,2,0,2,4,2,0,0,2,0,4,3,0,1,1,0,1,0,0,0,0,0
1,9,3,27,10,6,6,1,0,2,7,7,1,0,0,0,2,0,1,3,4,1,0,0,2,2,5,4,0,4,0,0,2,0,1,0,0,0
2,6,8,10,1,31,22,2,3,0,1,0,1,0,0,0,1,0,2,1,2,2,1,0,3,0,4,2,1,7,0,0,0,0,0,0,0,1
2,3,0,11,4,23,21,0,1,0,7,1,5,0,0,0,5,1,8,1,1,2,0,0,1,1,5,4,1,6,0,0,2,2,0,0,0,0
1,0,1,4,0,8,2,1,2,1,4,2,1,0,0,0,0,0,1,0,2,3,0,0,2,0,4,1,0,3,0,0,1,0,0,0,0,0
0,0,1,1,3,7,4,0,2,0,2,1,1,0,0,0,0,2,1,0,0,1,0,0,0,0,0,0,0,1,0,0,0,0,0,2,0,0
0,0,3,9,5,1,2,2,0,0,0,0,1,0,0,0,0,0,1,0,1,0,0,0,1,0,4,0,0,0,0,0,0,1,0,0,0,0
4,8,3,15,6,6,2,1,1,6,20,5,2,4,0,1,2,3,8,7,5,20,2,0,11,2,11,3,2,12,1,0,2,2,0,0,0,1
3,4,1,25,9,18,10,2,1,1,7,7,9,3,0,0,4,3,7,5,1,3,2,3,4,0,7,5,3,9,1,2,0,1,2,0,0,0
0,1,0,8,4,14,13,5,2,0,5,3,3,3,0,3,5,10,6,4,0,2,0,0,2,4,11,3,1,8,0,0,2,0,1,0,0,0
0,1,5,9,8,6,3,1,1,2,1,3,0,0,1,0,6,7,4,4,2,5,1,2,10,0,8,5,2,10,1,2,1,1,0,1,0,1
0,0,0,0,0,0,0,0,0,0,4,0,0,0,0,0,0,0,1,4,0,3,0,1,1,0,1,0,0,1,0,0,0,0,0,0,0,0
0,0,0,1,4,6,3,0,1,0,0,0,1,0,0,0,2,1,0,0,1,2,0,0,3,0,4,3,0,0,0,1,0,0,0,1,0,0
0,2,3,8,2,14,2,0,0,0,7,3,0,2,3,0,3,1,3,0,0,2,0,1,2,1,4,3,1,4,0,1,0,1,1,0,0,0
1,0,0,5,1,7,12,0,4,0,1,0,2,3,0,0,8,2,9,7,0,7,0,0,2,0,10,7,0,6,1,0,2,0,0,1,0,0
0,0,0,4,0,8,6,2,1,0,1,0,3,0,0,0,2,4,3,2,0,2,2,0,2,1,13,3,8,17,0,1,1,0,0,0,0,0
2,2,1,8,3,2,4,0,0,1,1,0,0,3,0,1,0,6,2,3,2,1,0,4,7,0,1,3,0,5,0,2,1,0,2,0,0,0
0,1,0,7,1,3,0,0,0,2,6,2,0,0,0,0,1,0,2,2,0,3,1,2,0,2,2,1,2,1,0,0,0,0,0,0,0,0
0,0,2,1,4,4,3,1,1,3,3,1,2,2,1,1,2,1,5,2,2,2,0,1,9,3,8,8,3,7,0,2,2,1,0,1,0,0
0,0,0,2,0,1,0,0,0,2,0,0,1,0,0,0,0,2,0,0,0,1,0,0,0,0,3,0,0,6,0,0,0,0,0,0,0,0
0,0,0,3,2,5,4,0,0,0,1,3,2,0,0,0,0,4,3,3,2,3,0,1,3,1,5,4,2,10,0,0,3,0,0,2,0,0
5,2,0,18,8,16,5,0,2,2,7,0,0,8,0,1,7,3,3,9,7,4,1,1,32,4,27,20,5,21,3,2,4,1,3,0,0,4
3,0,1,1,1,5,1,1,0,0,2,1,2,1,0,0,1,0,0,1,0,0,1,0,3,3,9,4,1,5,0,0,0,1,0,0,0,0
4,7,4,6,7,22,7,0,2,3,3,2,3,2,1,0,6,12,22,4,4,8,2,1,23,3,46,11,7,49,1,5,3,9,6,3,0,3
2,2,2,17,7,10,10,2,4,2,12,7,1,3,0,2,5,6,11,11,0,5,0,0,26,7,26,42,3,40,10,3,6,14,5,4,0,6
0,0,0,1,0,2,2,0,0,2,2,0,3,0,0,0,0,0,2,1,0,2,0,2,8,0,6,7,3,16,0,0,1,2,0,0,0,0
10,10,5,25,6,18,8,4,3,8,9,6,1,2,0,0,8,12,19,7,4,3,0,3,24,13,58,40,7,117,7,7,12,13,4,1,2,4
0,1,0,0,0,2,0,0,0,0,0,0,1,0,0,0,1,0,0,0,0,0,0,0,1,0,2,1,1,4,1,0,2,1,0,0,0,1
0,0,0,0,1,0,0,0,0,0,0,0,0,0,0,0,0,1,0,0,0,1,0,0,0,0,2,1,0,2,0,0,0,0,0,1,0,1
0,1,0,3,1,1,0,0,0,0,0,0,1,0,0,0,0,0,0,1,0,0,0,0,2,0,0,0,0,5,1,2,2,0,0,0,0,0
0,2,1,7,1,2,0,0,0,2,5,0,3,0,0,0,0,0,3,0,0,3,0,0,7,0,10,8,4,19,4,5,2,1,4,5,0,2
0,0,1,0,2,2,0,0,0,0,1,1,0,0,0,0,0,0,1,0,0,0,0,0,1,0,2,0,2,6,2,1,0,0,0,2,0,0
0,0,0,0,0,0,5,0,0,0,0,0,0,0,0,0,0,1,0,0,0,0,0,0,0,0,0,0,0,3,0,0,0,0,0,0,0,2
0,0,0,0,0,0,0,0,0,0,0,0,0,0,0,0,0,0,0,0,0,0,0,0,0,0,0,0,0,0,0,0,0,0,0,0,0,0
0,0,0,0,0,1,0,0,0,0,0,0,0,0,0,0,0,0,0,0,0,2,0,0,0,0,0,2,1,0,1,0,0,2,0,0,0,0
