1,1,3,0,0,1,0,0,0,0,1,0,0,0,0,0,0,0,0,0,3,0,0,0,0,0,0,0,0,0,0,0,0,0,0,0,0,0
8,9,7,8,2,3,0,1,0,1,0,0,0,0,0,0,0,0,0,0,0,0,0,2,2,0,0,0,0,0,0,0,0,0,3,0,0,0
0,4,4,3,0,2,0,0,0,3,0,0,0,0,0,0,1,0,0,0,0,0,0,0,0,0,0,0,0,0,0,0,0,0,0,0,0,0
8,15,5,28,5,12,6,2,4,4,8,0,1,0,0,0,4,0,1,0,1,0,0,0,1,0,1,3,1,3,2,0,0,1,0,0,0,0
1,2,1,27,7,8,7,1,2,3,6,3,0,1,0,0,2,0,0,1,1,0,2,0,1,1,1,0,0,8,0,1,0,3,0,0,0,5
1,8,10,16,3,38,21,1,2,1,1,0,2,0,1,0,1,0,3,3,2,1,0,3,3,0,10,0,0,2,0,0,0,1,0,0,0,2
0,0,4,6,3,25,9,0,2,1,0,2,4,0,0,1,5,1,5,1,1,0,1,1,3,0,2,5,0,1,0,0,0,0,0,0,0,0
1,0,2,1,1,1,2,0,0,0,0,4,0,1,0,2,0,3,1,0,0,0,0,1,1,0,2,0,1,2,0,0,0,0,0,0,0,1
1,0,1,0,0,8,0,0,0,0,1,0,1,0,0,0,2,0,1,0,0,0,0,0,2,0,1,1,0,1,0,1,0,0,0,0,0,0
2,0,3,0,2,0,0,1,0,0,1,0,1,2,0,0,0,1,2,3,0,0,0,0,0,0,1,0,0,0,0,0,0,0,0,0,0,1
3,6,5,16,12,14,12,2,1,6,7,7,2,3,0,4,6,7,11,9,4,7,3,3,5,1,5,4,0,8,1,0,0,3,0,0,0,0
4,5,3,2,8,8,7,0,5,1,7,3,4,3,0,5,6,4,5,4,7,5,0,0,5,1,5,1,1,10,1,0,0,2,0,0,0,0
0,3,2,10,1,11,3,1,2,0,7,4,0,0,0,2,2,5,11,3,0,3,1,1,8,2,7,8,2,12,0,2,0,2,0,0,0,0
0,4,5,9,4,7,2,0,1,0,8,3,3,0,0,1,1,4,3,4,3,8,0,6,1,0,3,3,1,8,1,0,2,2,2,0,0,1
0,0,0,1,0,3,0,0,0,0,3,0,0,0,0,0,0,0,0,2,0,1,0,0,0,0,1,0,0,0,0,0,0,0,0,0,0,0
0,0,0,0,4,5,3,0,0,0,1,2,1,0,0,0,1,3,1,0,0,1,0,0,0,0,5,0,0,1,0,0,0,0,0,0,0,0
0,1,1,8,1,12,4,2,2,1,3,0,3,2,0,1,3,1,5,1,4,5,2,2,1,0,14,5,1,4,0,0,0,0,0,0,0,0
0,1,2,2,10,6,7,2,2,0,6,1,4,2,1,0,1,4,3,0,2,10,2,0,2,2,12,4,1,2,0,0,0,0,3,2,0,1
1,4,1,0,1,12,11,1,2,0,5,1,5,2,0,0,7,4,3,4,0,2,0,2,3,1,13,0,0,14,0,1,2,0,0,0,0,0
2,0,0,8,2,6,2,0,1,2,5,1,2,1,0,0,0,1,2,8,3,1,0,4,7,2,5,3,1,7,2,0,0,3,0,0,0,1
1,1,2,0,0,1,0,0,1,2,0,0,0,6,0,0,4,6,0,6,2,2,0,0,4,0,0,1,0,2,0,0,0,0,0,0,0,2
0,1,0,6,2,6,1,1,0,1,7,1,3,0,0,0,0,3,7,5,1,2,0,2,8,0,8,4,3,4,0,0,0,0,0,1,0,0
1,1,3,2,0,2,0,1,0,0,0,0,0,0,0,0,1,1,1,0,0,2,0,0,2,0,0,2,0,3,0,0,0,0,0,0,0,1
0,5,0,3,0,4,1,0,0,2,1,2,0,0,0,0,2,0,1,7,2,3,0,0,2,0,4,0,0,3,3,0,0,0,0,0,0,3
6,3,4,13,6,9,9,4,0,6,7,1,5,2,0,0,2,2,8,6,6,2,1,2,24,5,22,8,4,27,4,1,2,3,4,1,0,1
0,4,2,4,0,2,0,0,0,0,4,2,5,0,0,0,1,0,0,0,1,2,0,0,9,1,4,5,0,9,0,0,0,0,2,0,0,1
5,1,0,13,7,29,10,1,1,0,12,0,4,1,0,0,9,9,16,5,3,17,0,9,21,0,44,16,10,67,0,0,5,6,0,5,0,5
2,3,4,7,1,9,5,2,1,5,5,7,2,0,0,3,5,5,11,15,1,5,0,0,20,6,23,37,6,56,5,1,0,10,1,4,0,7
3,0,2,5,0,2,4,2,0,1,1,1,1,5,1,0,3,2,1,1,1,2,0,0,10,1,11,7,1,13,5,1,1,5,2,2,0,3
3,6,2,14,8,30,15,1,6,4,18,4,6,5,0,4,10,4,17,8,2,6,1,1,35,12,37,52,11,98,17,4,2,25,5,3,0,5
1,0,0,1,1,0,0,0,0,0,0,0,0,0,0,0,0,1,0,0,0,0,0,0,0,0,2,0,0,8,2,0,0,0,0,0,0,0
0,0,0,0,0,0,0,0,0,0,0,0,0,1,0,0,0,1,0,0,0,0,0,0,3,0,1,2,0,2,0,1,0,0,1,0,0,0
0,0,0,1,0,1,4,0,0,1,0,3,0,0,0,0,0,2,0,1,1,1,0,0,1,0,3,2,0,1,0,0,0,1,0,0,0,1
0,0,2,2,0,2,1,0,0,0,4,0,1,0,0,0,0,0,3,2,0,0,0,0,2,1,10,10,1,9,5,1,1,3,1,2,0,1
0,2,0,1,0,1,2,0,0,0,1,0,0,0,0,0,0,0,0,0,0,0,0,0,1,0,4,2,0,2,0,0,1,3,0,2,0,1
0,0,0,0,0,2,2,0,0,0,1,0,0,0,0,0,0,0,0,0,0,0,0,0,0,0,1,0,0,2,0,0,0,0,0,0,0,2
0,0,0,0,0,0,0,0,0,0,0,0,0,0,0,0,0,0,0,0,0,0,0,0,0,0,0,0,0,0,0,0,0,0,0,0,0,0
0,1,0,4,0,0,1,0,0,0,0,0,0,0,0,0,0,2,0,0,0,0,0,0,1,0,0,1,0,1,0,0,0,1,0,0,0,1
