5,4,1,1,0,0,0,0,0,0,0,0,0,0,0,0,0,0,0,0,0,0,0,0,0,0,0,0,0,0,0,0,0,0,0,0,0,0
1,16,3,14,3,2,0,0,0,0,1,0,0,0,0,0,0,0,1,0,0,0,0,1,0,0,0,0,0,0,0,0,0,0,0,0,0,0
0,3,6,0,1,1,1,0,0,0,0,0,0,0,0,0,0,0,0,0,0,0,0,0,0,0,0,2,0,1,0,0,0,0,0,0,0,0
7,20,5,32,2,23,7,2,0,1,7,1,1,0,0,0,0,1,2,2,0,0,0,1,6,0,2,3,0,2,0,0,0,3,0,0,0,0
6,2,2,12,5,11,2,3,1,2,6,5,2,4,0,0,4,2,2,0,2,1,0,0,3,1,1,1,1,1,1,1,0,3,0,0,0,1
1,9,6,4,0,41,16,4,4,0,1,1,2,0,0,0,2,0,2,0,0,2,0,1,2,0,2,3,2,2,1,0,1,0,0,0,0,0
0,2,2,3,2,24,18,3,2,1,1,1,5,1,0,0,4,0,2,0,1,3,0,0,2,0,5,3,1,6,2,1,0,0,0,1,0,0
0,0,1,2,0,4,3,0,1,0,3,2,0,0,1,0,4,0,0,0,1,2,0,1,5,0,2,2,0,4,0,2,1,1,0,0,0,2
0,1,0,4,1,13,6,0,2,0,1,2,0,0,0,0,1,0,3,1,0,0,0,0,0,0,2,1,2,2,0,0,0,0,0,0,0,0
2,1,1,1,1,0,0,0,0,0,0,1,0,1,0,0,1,0,0,2,0,0,0,0,2,1,0,3,1,0,0,0,2,0,0,0,0,0
2,1,2,18,10,9,2,1,1,5,12,8,4,5,0,0,3,4,1,5,0,5,1,1,4,3,7,5,1,14,1,2,3,2,0,0,0,3
1,3,5,15,10,19,7,2,0,3,6,3,3,3,0,3,10,0,1,4,7,7,0,1,3,0,8,4,5,5,0,2,0,0,1,0,0,0
2,5,1,5,1,15,14,0,2,3,4,5,2,0,0,0,7,4,7,1,2,3,1,2,4,0,8,2,3,4,0,1,1,3,1,1,0,1
0,3,3,8,4,5,5,4,0,2,4,5,3,0,0,1,2,3,5,8,2,6,0,3,4,2,5,4,0,11,0,2,0,0,1,0,0,0
0,0,0,1,0,0,0,0,0,0,0,0,0,0,0,0,0,0,1,0,0,2,0,0,0,0,2,1,0,1,0,0,0,0,0,0,0,0
0,1,2,0,0,5,2,0,0,0,0,1,1,0,0,0,0,0,0,1,0,1,1,1,0,0,0,1,0,3,0,1,0,0,0,0,0,0
0,1,3,1,6,8,9,2,9,0,3,2,1,1,0,0,1,0,9,0,1,2,1,1,3,0,13,0,2,4,0,0,0,0,3,0,0,0
0,0,1,6,2,14,3,2,1,0,4,0,1,1,0,0,3,0,5,7,0,6,2,2,4,3,7,4,1,5,1,1,2,1,0,2,0,0
2,1,2,4,2,4,9,1,0,0,1,4,1,0,0,1,4,3,9,3,2,1,0,3,4,0,11,3,2,10,0,3,0,0,0,0,0,2
5,2,2,3,5,5,9,2,2,6,1,3,2,1,0,0,5,1,4,4,3,1,1,0,10,2,4,4,0,4,0,0,0,0,0,0,0,0
1,0,0,3,4,6,1,1,0,0,1,0,2,0,0,0,0,1,2,5,1,1,1,0,6,0,2,3,0,7,0,0,0,0,1,0,0,0
3,2,2,3,3,10,1,0,0,4,3,2,3,2,0,0,3,4,3,3,0,1,0,1,5,0,7,5,0,5,0,0,1,2,0,1,0,0
0,0,1,1,1,1,2,0,0,0,2,3,1,0,0,0,1,1,3,1,0,3,0,0,0,0,1,0,2,3,1,0,0,0,0,0,0,2
0,0,0,1,0,3,1,1,2,0,4,1,0,1,0,0,1,0,2,1,0,4,0,2,4,0,4,3,0,4,3,0,0,0,0,1,0,0
1,1,4,17,5,10,7,4,3,4,10,2,2,3,0,0,2,3,5,12,6,5,1,4,18,5,29,9,8,33,2,3,1,0,2,0,0,1
0,1,2,5,1,3,1,4,0,1,2,3,0,1,0,1,3,1,1,8,4,0,0,2,3,0,7,2,0,6,0,0,3,3,0,1,0,0
2,4,1,10,3,15,16,2,4,0,5,4,1,5,0,0,8,5,11,7,5,8,0,4,12,4,42,13,5,43,2,4,1,5,1,1,0,0
2,4,6,7,8,7,10,0,1,5,5,5,3,6,0,0,4,7,6,3,3,2,0,3,22,6,23,24,9,36,6,2,3,7,1,9,0,3
0,1,0,3,3,2,3,0,0,0,1,0,2,1,0,0,1,3,1,1,1,3,0,0,6,1,8,13,1,20,3,0,0,4,2,0,0,2
3,9,2,11,4,27,5,0,1,4,8,6,3,2,0,0,6,6,13,9,0,14,0,2,29,5,47,34,12,93,10,10,2,15,5,0,0,3
0,0,0,0,0,0,0,0,0,0,0,0,0,0,0,0,0,0,0,0,0,1,0,0,0,0,1,0,0,3,0,1,0,0,0,0,0,0
1,0,1,0,1,1,3,0,0,0,0,0,2,0,0,0,0,1,0,1,0,0,0,0,0,0,0,0,0,2,0,1,3,1,0,0,0,0
1,0,0,1,0,1,0,0,0,0,0,0,0,0,0,0,1,0,0,0,0,2,0,0,2,0,6,0,0,5,3,0,0,0,0,0,0,1
1,0,1,2,0,6,0,0,0,2,1,0,1,0,0,0,5,0,3,2,0,2,0,0,2,0,6,10,2,9,0,1,2,3,3,4,0,8
0,0,0,4,0,0,0,0,0,0,0,0,0,0,0,0,0,0,1,0,1,2,0,0,2,1,0,1,1,4,0,0,0,2,0,1,0,0
0,0,0,0,0,1,0,0,2,0,0,0,0,0,0,0,0,0,2,0,1,0,0,0,0,0,0,0,0,1,0,1,3,0,0,0,0,0
0,0,0,0,0,0,0,0,0,0,0,0,0,0,0,0,0,0,0,0,0,0,0,0,0,0,0,0,0,0,0,0,0,0,0,0,0,0
0,0,0,1,0,0,0,0,0,1,0,0,0,0,0,0,0,0,0,0,0,0,0,0,0,0,1,0,0,2,0,0,0,0,0,0,0,0
