0,2,0,1,0,0,0,0,0,0,0,0,0,0,0,0,0,0,0,0,0,0,0,0,0,0,0,0,0,0,0,0,0,0,0,0,0,0
0,7,1,2,2,4,1,0,0,0,0,0,0,0,0,0,0,2,0,2,0,0,0,0,1,0,0,0,0,1,0,0,0,0,0,0,0,0
0,1,8,2,0,4,0,0,0,0,0,0,0,0,0,0,1,0,0,0,0,0,0,0,0,0,0,0,0,0,0,0,0,0,0,0,0,0
5,5,8,104,45,40,15,9,1,3,6,5,4,1,0,1,2,0,0,3,3,2,0,1,4,0,2,4,0,1,0,0,0,1,0,2,0,0
3,5,1,30,14,8,12,1,0,1,8,8,1,4,2,0,1,0,0,6,2,5,0,0,5,1,3,1,0,1,0,1,0,0,1,0,2,0
0,7,7,38,10,113,70,7,1,2,0,6,9,2,4,2,8,3,7,1,6,2,0,0,2,0,7,0,2,5,0,0,0,1,0,0,0,1
3,6,4,10,8,62,72,14,2,2,1,16,19,3,1,3,13,12,7,2,2,10,0,1,2,1,12,2,4,2,2,0,1,0,0,0,0,1
0,1,0,1,4,11,17,3,2,0,1,6,3,0,0,2,5,4,5,1,1,0,1,4,0,2,11,4,0,5,0,2,1,5,0,0,0,0
0,0,0,2,0,6,13,2,1,0,0,1,2,1,1,1,1,0,6,0,0,0,0,1,0,1,3,0,0,1,0,0,0,0,0,0,0,0
0,0,0,3,2,2,0,1,0,1,1,3,0,1,1,0,0,2,0,3,0,1,0,0,2,0,4,0,0,1,1,0,2,0,0,0,0,0
0,0,0,6,3,1,7,1,1,7,4,5,1,2,1,0,5,7,3,4,3,6,0,1,8,1,2,1,1,6,1,0,0,1,0,0,0,0
0,0,1,9,10,5,13,6,7,1,4,6,10,6,0,6,7,9,3,5,0,30,3,5,7,0,13,1,1,4,0,0,0,2,0,1,0,1
0,1,0,6,2,18,19,2,1,0,0,3,3,5,2,4,2,12,11,1,2,6,1,1,2,1,8,1,2,5,0,0,2,0,0,2,0,0
0,0,0,3,1,6,3,3,1,0,2,7,1,5,0,1,8,4,1,7,1,13,1,3,3,2,6,0,0,1,0,0,1,4,0,1,0,2
0,0,0,0,0,0,0,0,3,0,1,0,0,1,0,0,1,0,0,0,0,1,2,0,1,1,1,0,0,0,0,0,1,0,0,0,0,0
0,0,0,1,1,1,7,4,3,1,4,2,1,1,0,0,1,0,3,1,0,7,0,1,4,0,1,2,0,0,0,1,0,0,1,0,0,0
0,0,0,2,2,10,12,4,6,1,3,2,4,1,2,1,1,1,8,4,4,12,0,1,5,1,5,0,1,3,0,1,0,1,1,0,1,0
2,0,0,1,0,5,10,3,4,3,3,8,11,6,0,3,3,3,9,11,5,6,2,4,15,4,10,6,0,2,2,1,4,2,0,0,0,1
0,1,0,5,2,7,12,3,6,0,3,5,8,6,0,4,6,8,7,1,1,6,0,2,2,1,12,3,2,2,2,0,1,0,0,0,0,0
1,2,0,0,4,2,12,5,2,6,6,11,2,5,0,1,3,9,4,3,4,5,0,2,17,2,15,3,4,0,2,0,1,0,0,1,0,4
0,1,0,0,3,1,4,0,1,1,4,0,0,1,0,0,0,1,3,1,0,1,0,2,5,1,1,5,0,4,0,0,2,2,1,0,0,0
1,0,0,3,1,2,1,6,0,0,5,9,3,5,0,2,9,5,2,2,0,11,1,1,12,1,7,2,1,1,0,0,0,0,0,0,3,1
0,0,2,0,0,1,3,0,0,0,0,0,1,0,1,2,0,3,0,2,0,0,0,0,1,0,4,1,0,2,0,0,0,0,0,0,0,0
0,0,0,1,0,0,0,0,0,1,2,0,3,1,0,2,6,3,2,1,0,0,0,0,3,2,3,0,0,3,0,0,0,2,0,0,0,0
0,1,0,3,1,6,2,3,1,1,5,7,2,6,2,1,4,9,7,6,5,9,2,0,32,4,24,20,10,15,4,2,0,4,6,5,0,0
0,0,0,0,0,0,2,0,0,0,1,0,0,5,0,0,2,2,1,2,2,2,0,0,5,1,9,5,0,2,0,0,0,0,0,0,0,0
0,0,3,3,4,11,7,4,1,2,0,8,9,8,1,3,10,22,11,6,7,18,2,2,21,1,27,20,9,30,8,0,0,3,1,0,0,1
0,0,0,3,0,0,3,1,0,0,1,3,1,3,0,2,1,2,3,8,2,1,0,0,28,3,12,17,7,5,2,0,1,8,1,1,0,0
0,0,0,2,2,0,1,1,0,0,2,0,0,0,0,1,0,2,3,1,1,0,0,0,11,1,0,11,6,8,2,0,0,3,0,0,0,3
0,2,1,1,0,3,2,1,0,1,2,4,2,4,1,1,5,5,3,8,2,6,0,2,18,1,20,13,7,29,10,3,1,10,1,4,0,2
0,0,0,0,0,2,1,0,0,0,0,0,1,0,0,0,0,1,2,1,0,1,0,0,1,0,2,1,3,5,1,0,2,3,0,0,0,4
0,0,0,0,0,0,0,0,0,0,0,0,0,0,0,1,1,2,2,0,0,0,0,0,1,0,1,0,1,1,3,0,0,0,1,0,0,0
0,0,0,0,0,1,1,1,0,0,1,0,1,0,0,0,2,1,3,4,0,0,0,0,2,0,1,0,0,4,0,2,0,3,0,1,2,3
0,0,0,0,1,0,0,0,2,0,2,0,5,1,0,0,1,4,2,6,0,0,0,1,9,1,7,7,2,4,4,0,4,5,3,1,0,7
0,0,0,0,0,0,2,0,0,0,1,0,0,0,0,0,0,0,0,1,0,0,0,0,1,0,0,1,0,1,0,0,0,7,0,0,0,0
0,0,0,0,1,2,0,0,0,0,1,3,0,1,0,1,4,0,0,0,0,1,0,0,3,0,4,0,2,6,0,2,1,1,0,0,0,2
0,0,0,0,2,0,0,0,0,0,2,0,0,0,0,0,0,0,0,0,1,0,0,0,1,0,0,1,0,0,0,0,0,0,0,0,0,0
0,0,0,3,0,0,1,0,0,0,2,2,1,0,0,0,0,1,0,1,0,1,0,0,1,1,0,0,0,1,2,0,0,0,0,0,0,1
