1,2,1,0,0,0,0,0,0,0,0,0,0,0,0,0,0,0,0,0,0,0,0,0,0,0,0,0,0,0,0,0,0,0,0,0,0,0
1,5,0,13,3,2,2,0,0,2,0,1,1,0,0,0,0,0,0,0,0,0,0,0,0,0,0,0,0,0,0,0,0,0,0,0,0,0
0,6,7,3,0,6,0,0,0,0,0,0,0,0,0,0,0,0,0,1,0,0,0,0,0,0,0,0,0,0,0,0,0,0,0,0,0,0
4,12,5,93,32,49,25,6,1,3,8,9,6,6,0,0,3,2,0,3,4,0,1,2,4,3,2,0,0,4,0,0,0,0,0,0,0,0
1,4,1,28,19,10,13,4,1,3,4,15,7,1,3,1,0,4,4,4,1,2,1,0,2,1,3,1,0,4,0,0,0,1,0,2,0,0
2,6,8,26,12,140,57,9,4,2,1,11,11,7,0,3,7,1,5,0,0,1,2,0,4,2,6,2,1,1,0,0,0,2,3,0,0,0
0,1,0,24,10,95,71,10,7,1,0,6,24,0,3,2,11,7,0,5,1,6,0,3,4,2,6,2,2,5,3,0,0,2,1,2,0,0
1,0,0,2,2,20,11,0,0,1,1,4,3,8,2,4,1,5,2,2,0,8,3,4,3,1,4,2,0,2,1,1,0,0,1,0,0,1
0,0,0,0,0,12,14,3,2,1,4,0,2,1,2,0,0,2,1,0,0,0,0,0,1,0,3,0,0,1,0,0,0,0,0,0,0,0
0,1,0,1,6,0,0,0,2,1,9,4,0,4,0,0,3,0,1,0,0,4,0,0,3,0,0,2,0,1,0,0,0,1,0,1,0,3
1,0,0,10,10,8,6,4,2,2,9,4,3,3,2,2,2,1,0,4,5,9,5,1,6,4,5,2,2,4,0,0,0,0,1,0,0,2
2,1,0,13,16,5,15,4,0,2,3,9,6,12,0,7,12,16,8,5,10,28,6,7,9,2,6,4,3,4,0,2,1,3,3,0,2,0
0,2,0,1,3,13,25,7,1,0,3,4,3,2,1,4,5,10,9,6,2,5,0,4,2,2,5,1,0,1,1,0,1,3,2,2,0,0
0,0,0,0,2,8,10,3,1,2,3,8,4,1,0,0,5,7,0,4,1,9,0,2,7,0,7,0,1,1,0,0,0,0,0,0,0,0
0,0,0,0,0,1,1,0,0,0,0,0,1,1,1,0,0,0,1,1,0,4,2,0,0,0,1,0,0,0,0,0,0,0,0,2,0,0
0,0,0,0,1,3,4,5,0,0,1,4,5,0,0,1,0,2,2,6,2,3,0,0,1,0,5,0,0,0,0,1,0,1,0,0,0,0
0,1,0,5,4,7,16,5,2,0,1,12,6,1,0,2,6,2,12,0,4,10,5,5,5,1,10,3,1,6,3,2,2,0,3,0,0,0
0,0,2,4,5,9,10,16,4,0,2,16,20,2,0,0,3,4,0,7,5,14,3,2,5,4,10,4,0,8,1,0,2,2,1,2,1,1
0,1,0,1,1,3,8,2,0,0,1,2,3,4,0,0,7,10,8,0,3,6,0,0,7,0,11,3,1,5,0,1,1,0,0,1,0,0
0,3,1,4,5,6,6,0,2,1,10,6,2,10,1,1,2,4,2,3,3,0,0,4,8,1,14,6,9,3,1,0,0,3,1,0,0,0
0,0,0,3,1,0,4,1,0,0,5,3,0,2,0,0,2,2,0,0,1,3,1,0,2,0,2,2,0,0,1,0,2,1,1,0,0,0
0,1,2,1,1,4,7,2,0,2,4,12,6,17,0,5,0,10,4,6,3,7,2,0,17,4,8,4,2,5,3,3,1,2,2,1,0,2
0,0,0,0,1,1,0,4,0,0,1,3,2,0,0,0,2,1,1,0,0,3,2,2,5,1,3,2,1,0,0,0,0,0,0,0,0,0
0,0,0,0,0,1,1,4,0,0,0,3,3,3,0,2,0,2,1,3,2,0,0,0,4,0,9,0,0,4,2,0,0,3,0,1,0,0
1,0,0,4,2,0,5,2,0,5,8,3,3,3,1,2,2,11,5,23,2,6,0,6,26,5,33,16,9,16,3,4,1,10,5,0,0,0
0,0,0,0,0,0,0,0,0,0,2,3,2,3,0,0,1,6,0,2,0,5,0,5,8,2,8,0,0,3,0,0,0,2,0,0,0,3
1,0,0,5,5,9,12,7,1,2,3,6,12,5,2,7,11,22,10,7,3,14,4,5,29,5,44,10,10,39,4,3,1,7,3,1,0,2
0,3,0,5,3,0,1,1,1,1,4,5,3,4,0,1,1,4,5,8,1,3,2,3,27,5,6,12,8,24,0,0,0,10,2,4,0,1
0,0,0,0,1,3,1,3,0,0,1,0,2,0,0,0,0,0,1,3,1,0,1,1,12,0,10,13,6,9,2,0,1,5,0,0,0,1
1,0,0,2,0,3,0,2,0,0,3,4,4,3,0,0,3,1,4,4,1,2,1,5,13,3,16,11,10,37,4,5,2,4,1,1,0,0
0,0,1,0,0,0,0,1,1,0,0,0,1,1,0,0,0,0,0,0,0,1,0,0,3,2,3,0,0,3,2,0,3,1,0,1,0,3
0,0,0,0,0,1,0,0,1,0,0,0,1,0,0,1,0,1,2,2,0,0,0,0,1,0,0,1,1,2,0,0,0,0,1,1,0,0
0,0,0,0,0,1,0,0,0,0,1,1,0,0,1,0,3,0,3,0,0,0,0,0,0,2,0,0,0,6,2,0,0,1,2,4,0,3
1,0,0,0,1,0,0,0,0,0,4,3,0,3,0,0,0,5,0,1,0,4,0,1,7,0,8,8,4,10,7,3,3,8,2,8,0,6
0,0,2,0,0,1,0,0,0,0,0,0,0,1,0,0,0,1,1,3,0,2,0,0,1,0,0,4,3,2,0,0,0,3,0,0,1,3
0,0,0,0,0,0,2,0,0,0,0,2,0,3,0,0,0,2,0,1,0,1,0,2,1,0,2,1,0,2,2,0,1,3,0,1,0,1
0,0,0,0,0,0,1,0,0,0,1,0,0,1,0,0,0,0,0,0,0,0,0,0,0,0,0,0,0,0,0,0,0,1,0,0,0,1
0,0,0,0,1,0,2,0,0,2,0,0,1,0,0,2,4,1,1,3,0,0,0,1,1,2,0,1,0,1,0,0,0,4,0,1,0,0
