1,0,1,0,1,1,0,0,0,0,0,0,0,0,0,0,0,0,0,0,0,0,0,0,0,0,0,0,0,0,0,0,0,0,0,0,0,0
2,15,6,12,1,1,2,0,0,1,0,0,0,0,0,0,0,0,0,0,0,0,0,0,2,0,0,0,1,2,0,0,0,1,0,0,0,0
0,4,9,0,0,3,2,0,0,0,1,1,0,0,0,0,0,0,0,0,0,0,0,0,0,0,0,0,0,0,0,0,0,0,0,0,0,0
5,44,5,91,23,29,20,5,0,4,1,7,2,5,1,1,2,1,1,4,2,1,1,0,2,0,1,2,1,1,0,0,0,4,0,3,0,0
0,2,0,27,23,11,18,12,3,3,7,9,0,1,0,2,3,5,0,3,1,7,0,1,5,0,4,1,0,1,0,0,1,0,0,0,0,0
2,5,19,41,8,118,53,6,4,0,3,12,10,3,2,2,5,2,2,2,0,0,0,0,2,0,5,4,1,6,0,1,1,4,0,0,0,0
1,2,4,25,10,83,73,16,13,2,5,12,12,1,0,2,15,7,5,0,1,10,2,1,4,0,10,1,1,7,1,2,2,3,0,0,0,0
0,1,0,4,0,4,7,0,2,4,2,4,2,8,3,1,5,10,0,1,1,4,0,1,2,1,7,3,0,4,0,1,3,2,0,2,0,0
0,0,2,5,1,11,15,1,0,0,0,1,3,0,0,0,1,1,1,0,0,3,0,0,1,0,3,1,0,0,0,0,1,0,0,0,0,0
0,0,0,4,3,1,1,0,0,1,1,0,0,0,0,0,1,2,2,3,2,1,0,0,0,0,0,0,0,0,0,0,0,0,0,0,0,0
1,1,0,3,7,3,9,2,0,3,7,4,0,4,1,1,1,5,1,3,0,5,0,0,8,3,5,0,0,2,1,0,1,1,0,0,0,1
0,2,0,7,11,10,19,3,3,2,8,4,3,17,1,5,14,11,5,8,4,24,1,9,8,1,18,6,2,3,2,3,5,2,0,3,0,0
1,2,4,4,1,12,20,1,2,1,2,8,2,5,5,0,2,6,9,2,0,3,0,1,2,0,6,4,5,1,0,2,2,1,2,2,0,0
0,0,0,3,3,4,2,10,2,0,1,10,7,2,0,2,6,4,1,7,0,7,0,10,3,2,6,1,1,3,0,0,0,0,2,1,3,0
0,0,0,1,0,0,0,1,0,0,2,1,1,1,0,0,0,4,3,1,0,2,0,0,1,0,3,0,0,0,0,0,0,3,0,0,0,0
0,0,0,2,1,1,2,3,0,0,2,7,4,2,0,0,3,2,2,0,0,2,2,2,3,0,3,0,0,1,1,0,0,0,0,1,0,0
1,0,0,4,0,8,8,5,2,0,1,3,5,5,1,1,2,7,5,0,1,6,0,0,4,0,11,1,1,2,2,1,5,3,0,1,0,2
0,0,1,5,1,23,10,10,3,1,0,3,10,3,1,1,5,5,5,5,2,13,1,5,8,0,14,0,3,3,3,1,1,2,0,0,1,0
0,0,0,5,1,1,9,2,2,1,1,6,0,5,0,6,9,10,7,1,2,7,0,1,5,4,26,2,3,11,1,0,2,1,2,1,0,0
0,0,0,8,4,4,8,1,2,2,13,7,3,5,1,2,7,7,4,8,6,5,2,5,6,2,16,4,1,4,1,0,3,7,1,1,0,4
0,0,0,6,2,2,1,2,0,1,1,1,0,2,1,0,2,3,1,5,0,3,0,0,8,0,6,1,1,0,0,0,0,1,2,0,0,0
0,3,0,2,3,1,3,6,2,2,8,17,5,8,0,0,6,9,4,10,1,2,0,0,10,2,5,5,3,5,0,0,2,0,2,0,0,0
0,0,0,0,0,1,1,1,0,0,0,0,0,1,0,2,2,0,0,0,1,0,0,2,2,0,4,1,0,4,0,0,0,1,0,0,0,0
0,0,0,0,0,0,0,2,2,0,0,3,2,0,0,1,1,5,3,3,0,7,0,0,3,1,4,1,0,2,0,0,0,0,0,0,1,0
0,0,0,1,4,0,8,1,0,0,6,7,0,9,1,1,4,9,4,16,7,15,1,5,32,6,21,18,7,16,1,0,0,9,1,6,0,1
1,0,0,3,0,1,0,1,0,0,0,2,1,1,0,0,1,1,2,4,0,4,0,0,6,2,6,4,2,4,0,2,2,2,0,0,0,0
1,2,1,3,3,2,11,7,5,0,6,4,7,5,0,7,7,26,14,9,3,9,5,0,26,4,46,15,17,32,3,0,2,10,3,0,1,2
0,0,0,3,0,0,2,2,0,0,0,2,3,4,0,0,0,4,2,4,1,2,0,1,16,4,10,18,10,18,3,0,2,8,1,3,0,1
0,0,0,0,0,0,0,0,0,0,1,2,0,0,0,3,1,3,0,0,1,6,0,0,9,0,9,8,9,10,4,0,0,6,1,0,1,2
0,0,1,0,0,4,2,2,0,1,2,5,1,3,1,2,3,3,5,1,1,3,0,1,14,2,24,16,13,46,4,4,0,4,4,2,0,4
0,0,0,0,0,0,0,0,0,0,0,1,0,0,0,0,0,0,1,0,0,1,0,0,1,0,4,1,0,3,1,0,1,3,0,0,0,0
0,0,0,0,0,1,0,0,0,0,0,0,0,1,0,0,0,0,2,1,0,2,0,0,2,0,0,1,0,2,1,2,0,1,0,2,0,2
0,0,0,2,0,2,1,0,1,0,0,3,1,0,0,0,1,3,0,2,0,0,0,0,0,0,2,1,0,1,0,3,0,5,0,0,0,2
0,0,0,0,0,1,3,0,0,0,3,1,1,0,2,0,0,1,1,0,0,10,0,1,5,0,7,4,6,8,2,2,3,3,1,3,0,3
0,0,0,0,0,1,0,0,0,0,0,0,1,1,0,0,0,0,0,1,0,0,0,0,1,1,0,1,0,1,0,0,1,9,0,0,0,2
0,0,0,0,0,1,0,1,0,0,0,1,0,0,0,0,3,3,0,1,0,2,0,0,6,1,1,4,0,0,1,1,3,2,1,1,2,1
0,0,0,0,0,0,0,0,0,0,1,0,0,0,0,0,1,0,0,0,0,0,0,0,0,0,0,0,2,0,0,0,0,0,0,0,0,0
0,0,0,0,0,0,0,0,0,0,1,1,0,2,0,0,0,0,0,0,0,1,0,2,2,1,3,0,0,4,0,0,0,6,1,0,0,0
