0.863333333333
2.17939393939
1.19473684211
1.45024221453
1.85097902098
1.63587349398
1.43217125382
1.72244897959
1.26566037736
1.45482758621
1.35217391304
1.68476415094
1.62165137615
1.61849557522
1.33657142857
1.53357142857
1.73254385965
1.47121019108
1.35842105263
1.855
1.32548387097
1.651328125
1.23833333333
1.67166666667
1.52165048544
1.41789473684
1.66695205479
1.61140350877
1.72868852459
1.66968944099
2.32166666667
3.90090909091
4.42838709677
2.25617283951
2.71105263158
4.3075
2.746
2.89583333333
