1,1,0,0,0,0,0,0,0,0,0,0,0,0,0,0,0,0,0,0,0,0,0,0,0,0,0,0,0,0,0,0,0,0,0,0,0,0
1,12,3,7,1,2,2,0,0,1,1,0,0,2,0,1,0,0,0,0,0,0,0,0,1,0,0,0,0,0,0,0,0,0,0,0,0,0
0,3,6,3,0,2,0,0,1,0,0,0,0,0,0,0,0,0,0,0,0,0,0,0,0,0,0,0,0,0,0,0,0,0,0,0,0,0
0,21,6,106,38,44,19,2,1,1,8,5,0,3,1,3,1,2,0,1,1,0,3,1,2,2,7,0,1,0,0,0,0,0,0,0,0,0
0,9,1,23,9,15,10,3,3,4,9,9,0,5,0,1,8,4,1,2,0,2,1,2,4,2,4,0,3,6,0,0,2,0,1,0,0,0
2,5,9,42,10,114,60,12,4,3,2,9,5,2,1,1,5,4,3,1,1,3,1,1,1,0,8,0,3,5,2,0,0,3,0,0,0,1
0,4,0,20,11,94,79,12,12,1,2,5,16,8,0,3,12,6,12,1,4,7,1,2,2,0,15,1,0,3,0,0,0,1,0,0,0,0
2,4,0,10,3,11,8,2,0,0,1,1,6,1,0,3,6,11,6,1,1,6,0,2,3,2,5,1,2,0,0,0,0,0,2,0,0,0
0,0,0,2,0,15,16,8,2,0,0,3,0,0,1,0,0,3,1,0,0,0,0,0,1,2,2,0,0,1,0,0,0,0,0,0,0,0
0,2,0,2,7,0,0,0,0,1,7,3,0,0,0,0,2,0,1,1,2,0,0,0,2,0,0,0,0,1,0,0,0,0,0,0,0,0
0,1,0,3,6,3,1,4,0,4,3,8,1,6,2,4,4,5,0,9,2,10,0,4,12,3,4,3,4,0,0,0,0,3,0,0,0,0
0,0,0,11,4,8,12,0,0,3,4,6,5,12,1,2,10,11,8,11,3,23,3,3,7,2,17,8,3,3,4,1,1,3,0,3,0,0
1,0,0,4,2,18,22,2,2,4,1,3,3,1,1,0,4,12,8,0,7,7,0,0,3,1,5,2,0,2,0,1,1,0,0,1,1,0
1,0,0,5,3,5,2,1,1,1,4,9,5,3,0,0,4,8,3,4,1,19,0,0,2,1,12,2,0,2,0,0,0,4,3,3,0,1
0,0,0,1,1,0,3,1,1,0,2,2,1,2,0,2,2,1,0,1,0,1,0,4,2,0,0,0,0,2,0,0,0,1,0,0,0,1
0,0,0,1,0,5,7,4,0,0,0,1,2,0,0,2,1,0,0,2,2,1,0,0,2,0,4,0,1,1,0,0,0,3,0,0,0,0
0,1,0,0,3,20,9,1,3,2,3,8,7,2,0,3,2,4,4,4,0,8,0,2,2,0,14,2,1,5,1,2,0,6,0,0,0,0
0,1,0,8,3,5,9,4,2,0,4,16,13,3,2,4,8,4,7,7,0,17,0,4,1,4,20,0,1,1,1,0,0,4,0,1,2,0
0,1,0,1,4,2,2,3,3,0,4,5,8,3,2,0,4,7,5,3,0,6,1,1,2,2,16,2,2,3,0,1,0,4,0,0,0,0
0,1,0,0,7,6,4,2,2,4,8,3,3,7,1,1,3,5,4,9,0,4,2,0,9,3,2,6,1,10,0,0,4,1,0,1,0,0
0,0,0,2,2,1,0,0,0,1,5,2,2,0,0,0,1,0,1,1,0,1,0,2,12,0,1,2,0,0,0,0,0,0,0,0,0,0
0,0,2,0,3,3,7,3,0,2,5,7,2,8,3,2,1,12,5,2,3,4,1,2,19,4,11,3,2,3,0,1,1,6,1,0,0,2
0,0,0,0,0,4,2,0,0,1,0,1,0,0,0,0,1,0,1,1,0,1,2,3,1,0,4,2,2,0,0,0,0,0,0,0,0,0
0,1,0,0,2,1,3,1,0,0,3,5,4,0,0,0,2,2,1,2,1,1,0,0,3,0,5,0,0,1,0,0,1,0,0,1,0,0
0,0,1,4,2,2,1,6,1,5,1,2,3,3,0,0,6,6,7,18,1,7,3,1,32,8,30,9,11,11,1,2,0,12,1,1,0,2
0,0,0,0,0,0,5,1,2,4,2,0,3,1,5,0,1,3,1,3,0,5,0,0,5,2,0,3,0,0,0,0,0,0,0,0,0,0
0,1,3,4,3,9,13,7,5,0,2,13,9,8,0,2,7,12,12,18,2,14,5,3,25,8,42,13,11,28,2,0,0,8,2,7,1,2
0,3,0,1,0,4,1,1,0,1,1,4,1,2,1,0,0,1,2,1,0,0,2,3,23,3,10,18,5,7,4,0,0,5,0,1,0,1
0,0,0,1,2,0,1,0,0,0,1,5,3,0,0,0,1,4,1,3,0,2,0,2,14,1,6,7,1,3,1,0,0,5,0,0,0,0
0,1,0,3,0,0,5,2,1,0,0,4,2,0,0,3,2,4,5,2,0,2,0,2,20,3,24,14,7,29,4,5,2,9,4,2,0,0
0,0,0,0,1,0,0,0,0,0,1,0,0,1,0,2,0,0,0,0,0,0,0,0,1,1,0,0,0,6,2,1,4,0,1,0,0,2
0,0,0,0,0,3,0,0,0,0,0,0,1,0,0,0,0,1,1,0,0,0,0,0,0,1,0,0,0,4,0,1,0,0,0,0,0,0
0,0,0,0,3,0,1,4,1,0,0,2,0,2,0,0,2,0,0,1,0,0,0,1,3,0,3,1,0,3,0,0,0,3,2,0,0,0
0,0,0,0,0,1,1,0,0,1,3,0,6,1,1,0,1,1,1,5,1,3,0,0,12,0,1,18,0,4,0,0,1,6,1,7,0,3
0,0,0,0,0,0,1,0,0,1,0,0,0,1,0,0,0,0,0,2,0,1,0,0,4,0,1,0,0,2,1,0,3,2,0,1,0,0
0,0,0,0,0,4,2,0,0,1,0,0,2,2,0,0,0,0,2,2,0,0,0,0,6,1,1,1,1,2,0,1,2,0,0,0,0,0
0,0,0,0,0,0,0,0,0,0,1,0,0,0,0,0,0,0,0,1,0,0,0,0,1,0,0,1,0,0,0,0,0,2,0,0,0,0
0,0,0,0,0,0,3,0,0,1,0,0,1,0,0,0,0,1,0,0,1,0,0,0,0,0,0,0,0,5,4,0,2,4,0,0,0,0
