1.16666666667
1.97906976744
1.5375
1.77620300752
1.57979591837
1.64745398773
1.59933526012
1.35718446602
1.74222222222
1.85117647059
1.41940677966
1.60804123711
1.79314285714
1.54720720721
1.54944444444
1.5176744186
1.70731481481
1.82274647887
1.35394736842
1.73666666667
1.65628571429
1.73007092199
1.66578947368
1.42954545455
1.58231092437
1.43101694915
1.55600671141
1.64621212121
1.71473684211
1.63473053892
3.51571428571
2.332
4.80225806452
2.312125
1.88833333333
3.61526315789
3.42727272727
3.948
