1,0,1,1,0,0,0,0,0,0,0,0,0,0,0,1,0,0,0,0,0,0,0,0,0,0,0,0,0,0,0,0,0,0,0,0,0,0
1,11,6,9,1,1,1,0,0,0,0,0,3,0,0,0,1,0,0,0,0,0,0,0,2,0,0,1,0,0,3,0,0,0,0,0,0,0
0,7,8,1,0,11,0,0,0,0,0,2,0,0,0,0,0,0,0,0,0,1,0,0,1,0,0,0,2,0,0,0,0,0,0,0,0,0
1,18,1,98,44,53,21,9,1,1,5,11,3,4,1,6,4,2,2,4,1,0,0,2,2,1,9,0,1,3,0,0,0,0,0,0,0,0
0,4,1,19,8,19,19,5,4,5,6,0,4,5,2,0,3,3,1,4,1,3,1,0,6,2,5,0,3,1,1,0,0,0,0,1,1,0
3,3,13,44,12,109,48,4,7,1,3,9,13,1,5,1,5,5,6,1,1,5,1,0,2,0,5,4,1,0,0,0,0,0,0,0,0,0
0,1,1,37,7,100,86,14,7,1,4,11,15,8,1,5,16,5,7,2,2,11,1,0,5,2,11,4,1,4,0,0,3,1,1,4,0,0
0,4,5,4,4,12,14,1,2,0,6,3,5,9,1,3,8,2,3,0,2,6,1,2,1,1,5,0,3,2,2,0,0,0,0,1,0,0
1,1,1,0,0,10,19,1,0,0,0,3,2,0,0,1,0,1,2,0,2,1,0,1,0,0,0,1,0,1,0,0,0,0,0,0,0,0
0,1,0,5,7,1,1,0,1,3,1,3,0,0,0,0,0,0,0,0,2,4,0,0,2,0,0,0,2,1,1,0,1,0,0,0,0,0
0,1,1,7,2,0,2,2,0,6,3,2,2,2,4,1,5,4,1,4,3,9,0,0,2,2,4,2,1,0,0,0,0,0,2,0,0,1
0,1,0,5,8,7,17,3,0,3,8,3,2,6,2,2,8,13,6,13,4,24,0,7,4,2,13,7,0,6,1,0,1,2,0,2,0,0
0,1,0,5,1,17,24,4,0,0,1,4,2,4,0,3,4,1,4,3,0,6,0,0,1,1,10,0,2,1,0,0,0,2,1,0,0,0
0,3,0,3,4,4,5,3,1,0,0,4,3,1,0,0,3,4,0,7,1,9,2,0,4,0,7,2,0,3,0,2,6,2,0,1,0,0
0,0,0,0,0,2,0,0,0,1,0,1,0,2,0,0,0,4,0,1,2,3,0,0,0,0,3,1,0,1,0,0,1,0,0,1,0,0
0,0,0,0,2,8,9,3,0,0,0,9,1,0,0,0,3,4,1,0,0,2,0,5,1,0,3,0,1,0,0,0,0,0,1,0,0,0
0,2,1,7,3,5,4,5,2,2,0,8,2,5,1,2,5,7,4,2,2,7,2,1,1,3,5,0,2,2,0,0,5,2,0,0,0,1
0,0,0,1,6,4,14,5,2,3,3,8,11,5,0,0,2,8,6,2,2,14,2,9,1,3,14,3,2,3,2,2,2,3,0,0,0,1
0,0,3,6,3,6,5,2,2,1,1,1,1,3,0,2,1,6,4,5,0,8,1,1,7,0,13,1,0,3,0,1,2,6,0,0,0,0
0,0,1,5,8,0,2,1,0,0,4,11,5,8,2,1,3,7,1,5,4,1,6,1,10,1,5,4,1,8,0,0,0,4,0,0,0,0
0,0,0,2,0,1,3,2,0,0,2,6,0,5,1,2,2,1,0,0,2,1,2,1,1,1,1,0,0,1,0,0,0,0,0,0,0,0
0,0,0,5,4,4,3,1,1,2,4,14,1,6,1,2,5,11,1,4,0,6,0,0,9,1,27,5,3,5,0,0,1,0,0,0,0,1
0,0,0,0,0,1,0,3,0,0,0,1,2,1,0,0,0,2,1,5,0,1,0,0,1,1,3,0,0,4,0,0,0,0,0,0,0,0
0,0,0,0,1,1,2,2,1,2,0,1,3,1,0,2,0,5,1,2,0,1,0,0,5,0,9,0,1,3,0,0,0,1,0,0,0,0
0,0,0,4,3,2,6,1,1,7,5,4,3,6,1,1,2,8,13,25,4,11,0,2,45,2,17,15,7,18,0,0,2,12,2,0,0,0
0,0,0,0,0,2,1,0,0,1,3,0,1,1,0,0,3,4,5,5,0,2,0,0,2,0,5,4,1,8,1,0,0,3,0,0,0,0
0,0,0,6,2,10,13,6,1,2,4,8,11,14,2,2,5,10,20,8,7,10,1,2,23,8,34,24,17,35,2,0,0,6,3,3,0,1
2,0,0,4,4,0,3,0,0,3,3,4,4,2,0,0,0,2,1,3,0,2,0,1,24,3,17,14,8,8,5,0,2,5,0,3,0,0
0,0,0,0,0,3,0,0,0,0,0,0,0,0,0,2,1,1,0,5,0,3,0,0,13,0,3,8,4,9,1,0,0,4,0,1,0,1
0,0,0,1,1,0,3,1,2,0,1,3,6,2,0,1,1,3,3,0,0,7,1,3,12,4,35,16,4,36,5,4,0,11,0,0,0,3
0,2,0,0,0,1,0,2,0,0,0,0,0,0,0,0,2,2,0,2,0,0,0,0,1,0,3,0,3,5,1,1,1,3,1,0,0,1
1,0,0,0,0,2,2,0,0,0,0,1,0,0,0,0,0,1,1,0,0,0,0,0,0,0,1,1,0,6,1,0,2,6,0,0,0,1
0,0,0,0,0,1,1,0,0,0,1,1,0,2,0,0,1,6,0,0,1,0,0,0,2,0,1,0,0,2,1,0,0,5,2,1,0,2
0,0,0,0,2,1,3,2,0,0,1,0,1,1,0,0,3,3,1,0,2,5,0,0,9,4,5,11,1,15,2,1,7,1,2,4,1,1
0,0,0,0,0,0,0,0,0,0,2,2,0,1,0,0,1,0,0,0,0,3,0,0,1,1,1,2,0,1,0,0,1,2,0,0,0,0
0,0,0,0,0,1,0,1,0,0,1,2,2,2,0,0,0,1,1,1,0,1,0,2,4,2,2,0,0,4,2,2,3,0,0,0,0,1
0,0,0,0,0,0,0,0,0,0,0,0,0,0,0,0,0,0,0,0,0,0,0,0,0,0,1,1,0,0,0,0,0,0,0,0,0,0
0,0,0,0,2,1,0,0,0,0,0,1,0,0,1,2,0,1,0,1,0,2,0,0,4,1,1,2,1,4,2,0,4,3,1,1,0,0
