1,0,1,0,0,0,0,0,0,0,0,0,0,1,0,0,0,0,0,0,0,0,0,0,0,0,0,0,0,0,0,0,0,0,0,0,0,0
0,14,3,6,2,6,2,0,0,0,0,0,0,0,0,2,1,1,0,0,0,1,0,0,1,0,0,0,0,0,0,0,0,0,0,0,0,0
0,8,6,1,1,11,0,0,0,0,0,0,1,0,0,0,0,0,0,0,0,0,0,0,0,0,0,0,0,0,1,0,0,0,0,0,0,0
8,18,8,128,42,45,26,4,0,5,6,6,4,2,1,0,3,4,0,5,2,11,0,1,2,0,5,0,0,1,0,0,0,1,0,0,0,0
0,6,0,37,25,13,10,3,2,7,6,12,4,6,2,4,2,6,0,3,2,4,1,1,9,0,7,1,2,0,0,1,0,1,1,1,0,0
0,7,4,50,4,147,61,9,11,0,0,8,10,2,1,2,9,5,8,0,0,5,0,0,7,2,7,3,1,2,0,0,0,1,0,0,0,0
0,2,3,31,15,101,69,8,10,1,5,16,21,10,1,7,8,7,9,2,1,8,1,0,6,1,14,2,1,6,0,3,2,1,0,1,0,0
2,3,0,4,3,16,23,0,2,0,0,6,4,3,0,1,5,4,2,2,7,8,2,1,1,2,8,0,0,4,0,0,0,0,2,0,0,1
0,0,1,5,1,10,7,2,1,0,0,0,0,0,0,0,3,1,2,0,0,1,0,0,0,0,1,0,0,3,0,0,1,0,0,0,0,0
0,0,0,2,7,0,1,0,0,1,3,0,0,0,0,0,1,1,0,1,1,1,1,0,1,0,3,0,0,2,0,0,0,0,1,0,0,0
2,0,0,11,8,3,2,1,0,4,9,4,2,2,3,2,2,2,0,5,2,5,0,1,1,3,7,5,5,3,0,0,0,4,0,0,0,1
0,2,0,13,7,12,6,7,3,1,4,2,4,14,1,1,9,9,10,7,2,30,0,1,11,6,8,4,1,5,0,2,3,3,0,0,0,2
0,0,0,4,2,7,32,2,1,0,5,5,1,2,0,5,4,10,5,0,0,8,1,2,0,1,6,1,0,5,0,0,1,2,0,0,2,0
0,3,0,3,4,1,6,9,0,4,2,8,1,4,0,2,3,3,7,10,2,11,0,2,9,0,8,2,0,1,0,2,0,0,0,2,0,0
0,1,0,0,0,1,0,0,2,0,1,1,0,1,0,0,1,1,0,3,0,6,0,0,0,0,6,0,0,0,0,0,0,0,0,0,0,0
2,1,0,0,3,7,9,2,0,0,5,2,4,2,0,2,4,2,2,1,1,5,0,1,5,0,5,3,1,1,2,0,0,0,0,0,0,0
0,1,0,1,10,7,13,10,1,2,3,6,4,5,0,0,0,7,7,6,3,9,0,1,6,4,9,2,4,3,1,7,1,0,0,0,0,2
0,0,0,3,3,2,7,5,2,2,6,10,9,7,1,1,3,6,4,7,0,16,1,1,8,3,9,6,0,3,0,0,2,2,0,1,1,2
0,1,1,2,0,3,9,3,3,0,2,2,5,0,0,1,3,5,7,3,1,8,2,2,1,5,16,5,3,7,1,0,1,2,0,3,2,0
0,0,1,5,5,1,2,3,0,1,10,8,0,2,1,0,5,9,2,10,6,3,0,2,13,0,10,2,2,1,2,0,1,0,0,0,0,1
0,0,0,0,5,1,3,1,1,0,1,4,0,2,0,4,4,1,4,2,1,2,0,0,2,1,2,1,0,3,0,0,0,2,0,0,0,0
2,1,0,0,2,8,4,2,0,5,4,11,3,3,2,0,2,13,11,2,0,6,0,1,15,1,4,3,1,6,4,1,0,1,0,0,0,1
0,0,0,0,0,4,4,1,0,1,1,0,0,0,0,1,5,1,0,2,0,0,0,0,3,0,6,0,1,0,0,0,0,0,0,0,0,0
0,0,0,0,2,0,2,3,0,2,1,2,1,3,0,0,0,11,0,0,1,0,0,3,2,1,7,1,2,0,0,0,0,1,0,0,0,1
0,2,1,3,7,7,6,8,1,3,3,6,3,5,0,2,3,5,6,18,1,5,1,12,39,3,28,13,9,20,1,0,0,9,7,3,1,0
1,0,0,5,2,1,0,0,0,0,0,4,1,5,1,1,5,2,4,4,0,2,0,0,9,2,4,3,0,2,0,0,0,2,0,0,0,0
0,1,2,1,5,10,10,7,2,0,0,12,10,2,1,5,5,11,18,2,1,24,4,6,22,6,36,22,6,26,1,1,2,10,3,2,0,2
0,0,0,1,0,2,1,2,1,2,3,1,1,1,2,0,5,4,3,7,1,4,0,1,24,6,11,24,7,12,0,0,0,11,2,4,0,0
0,0,0,3,2,3,5,0,0,2,5,1,0,1,0,3,0,2,2,2,0,0,1,0,9,0,3,11,2,10,2,0,1,0,0,0,0,2
0,1,0,1,1,3,2,4,4,2,0,1,6,2,2,1,5,3,1,5,1,8,0,1,11,4,17,28,5,34,9,1,2,6,0,2,0,3
0,0,1,0,0,0,0,0,0,0,0,0,0,2,0,1,0,1,1,0,2,2,0,0,1,0,4,6,0,2,3,0,0,2,1,0,0,1
0,0,0,0,0,0,0,0,0,0,0,0,0,0,0,0,3,1,0,0,0,2,0,0,0,0,0,0,0,1,0,3,0,0,1,2,0,1
0,0,0,1,0,1,0,0,1,0,0,0,0,0,0,0,6,3,0,2,1,5,0,0,0,1,0,1,0,2,2,1,0,3,0,1,0,3
0,0,0,0,1,1,1,1,0,4,0,3,0,1,0,0,1,1,3,2,0,2,0,1,16,1,3,6,1,7,5,0,1,3,1,1,0,0
0,0,0,0,0,1,0,0,0,0,1,2,0,0,0,0,1,0,1,0,0,0,0,0,3,0,1,4,0,3,3,0,3,6,0,0,0,3
0,0,0,0,4,0,0,0,2,1,2,0,3,0,0,0,1,3,1,1,1,3,0,0,1,0,3,6,1,2,0,0,0,2,2,1,0,2
0,0,0,0,0,1,0,0,0,0,0,1,0,0,0,0,0,0,0,0,0,0,0,0,0,0,0,0,0,0,0,0,0,0,0,0,0,0
0,0,0,0,0,1,3,1,0,0,0,0,0,2,0,0,0,0,0,6,3,0,0,0,1,0,0,1,0,1,2,0,0,2,0,1,1,1
