1,1,0,3,0,1,0,0,0,0,0,0,0,0,0,0,0,0,0,0,0,0,0,0,0,0,0,0,0,0,0,0,0,0,0,0,0,0
2,3,3,22,1,3,4,1,0,0,0,1,0,0,0,0,0,0,0,0,0,0,0,0,0,0,0,2,0,0,0,0,0,0,0,0,0,2
0,8,16,3,0,12,2,0,0,0,0,0,1,3,0,0,0,0,0,0,0,0,0,0,0,0,0,0,0,0,0,0,0,0,0,0,0,0
3,21,8,140,39,56,23,4,4,4,9,11,3,4,0,2,2,2,0,6,0,2,0,1,4,5,2,1,2,1,0,0,0,1,0,0,2,0
1,3,0,39,12,17,18,3,1,2,10,16,0,2,0,0,9,7,4,2,2,3,0,0,3,0,2,0,0,3,0,0,1,2,0,0,0,0
1,17,8,59,20,148,77,15,3,0,0,5,11,0,5,0,6,3,3,1,2,1,0,2,5,1,4,0,3,6,0,0,2,0,0,0,0,0
2,7,2,18,13,105,72,15,8,2,5,16,7,6,0,2,14,9,12,5,1,7,1,0,5,1,11,5,3,5,1,0,4,0,1,1,0,1
0,0,0,2,3,19,9,3,1,0,2,5,6,5,0,7,3,11,2,1,0,3,0,5,7,0,6,0,2,0,4,0,0,0,0,0,0,1
0,0,0,4,1,7,13,0,1,1,3,0,2,1,0,3,5,0,0,0,0,0,0,0,0,0,5,0,0,0,0,0,0,0,0,0,0,0
0,0,0,1,4,1,2,0,0,3,6,2,0,0,1,0,0,0,0,0,1,2,0,0,2,0,2,0,1,0,0,0,2,1,0,0,0,0
0,1,0,9,22,4,4,2,0,3,10,6,4,2,0,2,1,3,0,9,0,1,1,0,3,0,4,0,1,3,0,0,2,2,0,0,2,2
1,0,0,7,11,10,6,5,6,6,3,4,7,4,0,6,8,11,1,5,2,21,3,5,10,6,10,1,3,5,2,0,0,4,1,1,0,1
0,0,1,5,3,10,13,3,3,0,3,3,2,6,6,2,10,11,11,1,1,4,1,3,7,1,13,1,1,5,0,0,1,0,0,0,0,0
0,0,0,5,5,2,6,4,1,6,3,7,4,2,0,0,4,6,6,5,1,12,0,2,11,1,8,2,0,0,1,1,1,1,2,3,0,1
0,0,0,1,0,0,0,2,0,2,2,0,0,1,0,0,0,1,0,1,0,3,1,0,0,0,1,0,0,0,0,0,0,1,0,0,0,0
0,0,0,0,1,4,4,4,1,2,2,1,1,0,0,2,4,2,0,0,3,1,0,4,1,0,2,0,0,0,0,0,0,0,0,0,0,0
0,2,0,0,2,2,15,9,0,0,2,7,1,10,1,1,1,4,12,0,0,9,2,0,2,2,12,2,0,5,0,0,4,1,0,0,1,0
1,1,0,2,1,8,16,6,4,0,2,13,20,2,1,1,2,6,2,5,1,10,2,3,13,8,15,0,6,6,0,4,0,1,0,0,0,0
0,0,0,5,1,1,7,2,6,0,3,5,9,3,1,1,5,4,5,8,2,9,2,1,5,5,16,8,5,3,2,0,0,3,0,0,0,0
0,0,0,3,6,4,4,1,0,5,9,13,4,2,1,4,4,6,4,9,2,7,1,2,15,2,4,3,0,0,1,1,0,0,1,0,0,0
0,0,0,3,8,6,2,0,1,0,3,2,0,1,0,0,0,1,4,1,2,5,0,0,9,4,4,0,2,2,0,0,0,1,0,0,0,0
0,0,0,5,7,2,9,2,0,1,0,15,4,11,0,1,5,9,9,5,0,3,0,2,7,3,13,6,2,7,2,0,2,3,0,1,0,0
0,0,0,0,0,0,3,0,0,0,0,1,0,1,0,2,0,1,0,0,0,0,0,1,3,0,5,0,0,0,0,0,0,0,0,0,0,0
0,0,0,0,0,3,2,0,0,0,8,3,0,3,1,3,3,2,0,1,0,1,0,0,4,1,1,0,2,2,0,0,0,0,0,0,0,0
0,0,0,7,6,3,6,3,0,4,7,3,3,8,0,0,7,10,4,19,2,13,4,11,37,15,20,23,7,17,0,1,0,6,2,3,0,2
0,0,0,1,1,1,0,2,0,1,2,0,1,2,0,2,2,3,4,3,0,0,0,0,4,0,2,8,0,2,1,0,0,0,1,0,0,0
0,0,0,3,2,7,20,6,1,2,6,13,12,8,0,4,10,19,13,13,5,14,3,4,21,6,46,11,11,34,3,0,2,6,0,0,1,1
0,0,0,2,0,1,2,0,0,0,2,1,4,2,0,1,1,3,1,4,2,8,2,0,17,5,12,18,3,19,1,0,0,8,1,0,2,0
0,0,0,1,0,2,0,1,0,0,0,0,1,1,0,0,0,0,0,3,0,3,1,0,6,0,8,14,4,13,1,0,0,3,0,0,0,1
0,0,0,1,2,4,7,1,1,2,1,3,6,4,1,0,3,5,8,1,2,6,2,5,15,7,44,14,6,40,4,2,1,5,8,1,0,2
0,0,0,0,0,2,2,0,0,0,2,0,0,0,0,0,0,1,0,0,1,1,0,0,0,0,5,3,0,3,2,1,0,0,3,3,0,4
0,0,0,0,0,0,0,0,0,0,0,0,0,0,0,0,1,2,0,1,0,0,1,0,0,0,3,0,1,3,3,0,1,0,0,1,0,0
0,0,0,0,1,1,1,0,0,0,3,0,1,0,0,0,4,0,0,3,0,2,0,0,3,1,1,0,0,10,1,1,1,3,1,3,0,0
0,0,0,1,0,2,5,0,0,0,2,0,1,0,0,0,1,2,5,4,1,1,1,3,12,2,3,17,2,5,0,0,1,7,4,2,1,0
0,0,0,1,0,2,0,0,0,1,0,1,0,0,0,0,0,0,0,1,1,0,0,0,0,0,1,4,1,1,4,0,2,1,1,1,0,2
0,0,0,0,0,0,2,0,1,0,2,0,0,0,0,0,1,2,0,4,0,0,0,0,3,0,2,0,3,0,0,1,2,1,1,1,0,6
0,0,0,0,0,0,0,0,0,0,2,0,0,0,0,0,0,0,0,0,0,0,0,0,0,0,0,0,0,0,0,0,1,2,0,0,0,0
0,0,0,0,0,0,2,0,0,0,0,2,0,2,0,0,0,0,1,1,2,2,0,0,2,1,0,5,0,1,0,1,3,2,1,6,0,0
