0,1,0,0,0,0,0,0,0,0,0,0,0,0,0,0,0,0,0,0,0,0,0,0,0,0,0,0,0,0,0,0,0,0,0,0,0,0
0,12,3,13,3,3,1,0,0,0,2,0,0,0,0,0,1,0,0,1,0,0,0,0,0,0,1,0,0,0,0,0,0,0,0,0,0,0
0,4,10,0,0,3,0,0,0,0,0,0,0,0,0,0,0,0,0,0,0,0,0,0,0,0,0,0,0,0,0,0,0,0,0,0,0,0
2,17,6,126,44,38,24,9,1,0,5,5,3,0,0,0,2,4,1,1,1,0,0,0,1,0,2,1,0,3,0,0,0,0,0,0,0,0
2,3,0,42,12,11,18,9,1,3,7,2,1,11,2,3,0,0,0,5,0,3,0,0,3,1,3,2,3,2,0,0,1,1,0,0,0,0
3,6,13,51,9,163,72,11,8,4,5,5,10,1,6,1,7,10,3,3,1,2,0,0,2,2,5,1,1,3,0,0,0,1,0,0,0,0
1,1,4,32,13,114,60,9,5,1,3,5,17,4,2,6,14,11,6,2,4,6,1,0,6,1,8,2,2,4,1,0,1,0,2,2,0,1
0,0,0,5,2,17,15,2,1,0,0,2,2,3,0,1,8,4,2,0,0,1,2,2,3,0,4,1,1,1,0,0,0,1,2,0,0,0
0,0,1,1,2,11,10,1,1,2,0,5,4,0,0,0,4,1,0,0,0,1,0,0,0,0,3,0,2,2,0,0,0,0,0,0,0,0
0,0,1,8,5,0,0,2,0,1,3,2,0,4,0,0,0,0,0,6,0,0,3,0,5,0,1,2,0,0,1,0,0,0,0,0,0,0
0,1,0,6,7,8,4,7,1,12,8,4,2,6,0,4,5,5,2,2,1,4,0,1,7,10,1,1,1,3,0,0,0,0,0,1,0,0
0,1,1,11,11,3,25,0,3,1,6,6,4,16,3,2,16,11,3,3,3,17,3,4,5,3,7,2,5,0,0,1,0,1,1,2,0,0
0,0,1,2,3,10,12,3,4,0,2,6,1,7,0,1,10,7,1,0,0,4,3,0,0,1,11,2,0,0,0,0,0,2,0,1,0,0
0,0,1,3,0,6,6,5,1,1,1,9,3,4,0,1,3,4,1,5,0,9,1,1,4,0,6,0,0,1,1,0,0,0,1,2,0,1
0,0,0,0,2,2,4,1,0,0,0,1,1,2,0,1,1,3,1,2,1,2,0,2,0,2,4,0,1,1,0,0,0,1,0,0,0,0
0,0,0,1,1,3,4,6,4,1,2,5,2,1,0,1,1,0,1,1,0,4,0,3,2,0,2,1,0,0,0,0,2,0,0,0,0,0
0,0,0,4,2,11,17,5,4,0,2,4,9,0,1,1,4,2,7,1,6,22,1,1,7,5,8,1,1,0,2,0,0,2,0,1,0,0
0,0,0,4,1,11,16,8,2,1,3,3,6,3,0,6,6,5,7,8,1,11,0,5,4,1,12,5,0,5,0,0,0,3,0,0,0,1
0,0,0,2,0,5,5,4,3,2,0,4,4,0,0,1,3,8,6,0,2,9,0,2,5,2,16,1,1,16,0,0,1,0,0,0,0,0
1,2,1,2,2,1,4,3,0,2,2,3,2,3,1,0,0,17,5,10,1,0,2,0,18,2,3,3,3,3,0,0,1,6,0,0,0,0
0,0,1,0,2,0,2,2,0,4,5,1,1,0,1,1,1,3,0,1,0,4,0,0,6,1,1,0,0,2,2,0,0,1,0,0,0,1
0,0,0,3,3,1,4,1,2,1,11,11,5,7,2,0,7,1,4,14,4,9,0,5,14,1,16,1,3,4,0,0,0,2,0,0,0,2
0,0,0,0,2,0,2,1,1,0,0,1,1,1,0,1,1,1,1,4,2,0,0,1,1,0,0,0,0,2,0,0,0,0,0,0,0,0
0,0,0,2,2,2,2,1,1,1,0,1,0,1,1,5,1,2,0,3,1,6,1,2,0,0,5,0,0,0,0,0,2,2,0,0,0,0
0,1,0,0,3,3,8,8,1,5,9,6,1,2,2,0,1,11,0,19,5,7,4,3,39,11,13,27,10,25,1,0,1,10,0,1,0,2
0,0,0,0,0,0,0,3,2,0,3,2,1,4,0,2,0,0,0,4,1,4,0,1,9,1,7,3,0,2,0,0,0,0,0,0,0,0
0,0,0,8,1,2,13,5,1,0,3,11,11,4,1,2,10,12,16,14,4,23,2,4,42,6,26,18,12,34,3,1,3,15,4,0,0,0
0,0,0,1,2,2,2,0,0,1,1,3,2,3,0,0,1,7,1,7,0,4,0,2,28,8,13,19,14,17,1,0,0,6,0,6,0,0
0,0,0,0,0,0,1,0,0,0,0,2,4,1,0,1,0,0,0,0,0,1,1,3,4,0,8,9,0,10,0,1,0,16,1,0,0,2
0,0,0,0,1,5,5,3,1,2,2,7,2,5,0,3,3,8,11,1,3,9,3,2,11,3,27,10,4,30,2,1,3,6,0,0,0,1
0,0,0,0,0,0,1,2,2,0,0,3,0,1,0,0,0,2,1,3,0,0,0,0,1,1,1,0,0,9,3,0,3,7,3,1,0,1
0,0,0,0,0,0,0,0,1,0,0,0,0,1,0,0,0,0,2,0,0,0,0,0,0,0,4,0,0,2,2,0,0,4,2,0,0,0
0,0,0,0,0,0,0,0,0,0,1,2,0,0,0,1,2,1,2,2,0,0,3,0,0,1,1,2,2,0,1,1,0,1,0,0,0,0
0,0,1,3,2,0,0,0,0,0,0,0,3,2,0,1,0,0,3,1,0,1,2,0,7,1,2,13,1,6,4,1,0,7,1,4,0,0
0,0,0,0,0,0,1,0,0,0,2,0,0,0,0,0,0,1,0,0,0,2,1,0,5,1,0,2,1,3,1,0,0,4,0,3,0,2
0,0,0,0,0,0,0,0,0,0,0,0,0,0,0,0,1,3,0,3,2,2,0,0,4,1,2,2,3,1,2,2,1,2,0,2,0,4
0,0,0,0,0,0,0,0,0,0,0,1,0,3,0,0,0,1,0,0,0,0,0,0,0,0,0,0,0,1,0,0,0,0,0,0,0,0
0,0,0,0,1,0,0,0,0,0,2,0,0,1,0,0,0,1,0,0,0,0,0,1,0,2,1,1,0,1,3,0,0,1,1,0,0,0
