1,0,0,0,0,0,0,0,0,0,0,0,0,0,0,0,0,0,0,0,0,0,0,0,0,0,0,0,0,0,0,0,0,0,0,0,0,0
1,9,3,10,0,4,3,0,0,0,0,0,0,1,0,0,0,0,0,0,0,1,0,0,1,0,0,0,0,0,0,0,0,0,0,0,0,0
0,5,6,6,2,7,0,0,0,0,0,0,0,0,0,0,0,0,0,0,0,0,0,0,0,0,0,0,0,0,0,0,0,0,0,0,0,0
0,25,10,130,48,71,47,6,2,0,6,23,7,1,0,3,2,2,0,6,3,3,0,1,6,1,1,3,0,0,1,0,0,1,0,0,0,0
0,2,1,52,26,20,16,6,0,2,11,13,1,1,0,2,2,3,0,4,0,7,1,0,4,2,4,5,1,1,0,2,0,0,0,0,0,0
2,9,19,75,8,188,91,9,6,0,2,9,13,3,0,2,6,3,5,6,0,2,0,0,3,1,7,3,1,4,1,0,0,0,1,0,0,2
2,1,8,37,16,120,71,15,9,1,4,6,9,1,0,1,8,5,8,0,0,5,1,0,4,0,8,1,2,3,0,1,0,2,0,0,0,0
0,1,0,6,4,12,24,2,1,2,2,7,4,8,0,1,15,4,1,0,0,2,0,3,3,0,4,0,0,3,2,0,0,1,1,0,0,1
0,0,0,2,1,10,13,0,2,0,4,0,0,0,1,0,2,0,0,0,0,0,0,0,0,0,2,1,1,2,0,0,0,0,0,0,0,0
0,0,0,4,5,2,3,1,0,2,0,1,0,0,0,4,0,0,0,1,0,1,1,0,0,0,1,1,0,2,0,0,0,0,0,0,0,0
1,0,0,6,6,4,2,0,0,8,0,4,5,4,0,2,3,4,7,4,3,6,1,3,5,3,2,6,3,1,0,0,0,1,0,0,0,2
1,0,1,8,14,8,9,2,0,3,2,6,1,7,1,3,3,9,2,7,12,19,1,1,7,1,8,4,0,2,2,0,1,1,0,1,0,0
0,1,1,2,11,6,9,0,2,0,1,13,1,4,2,1,2,6,1,0,4,10,0,0,8,0,8,0,0,1,0,0,0,1,0,0,0,0
0,0,0,2,2,12,9,4,1,4,1,2,2,3,0,3,2,7,7,2,1,10,0,2,6,1,7,5,2,3,1,1,2,1,0,4,0,0
0,0,0,0,1,0,2,0,0,0,0,0,0,0,0,0,0,0,0,0,0,1,1,0,1,2,1,0,0,1,0,0,0,1,0,0,0,0
0,0,0,2,0,6,2,1,0,0,0,7,0,1,0,0,2,0,0,0,0,1,0,1,0,0,2,1,2,2,0,0,0,0,0,0,0,0
0,0,1,2,1,5,16,2,7,1,3,4,9,8,3,1,0,1,1,2,1,9,0,1,3,0,8,0,0,1,2,0,0,3,2,0,0,0
0,1,0,3,3,9,8,4,3,0,4,3,10,9,0,1,2,5,3,4,7,13,2,4,5,2,11,3,2,4,0,1,3,1,1,3,1,0
0,0,0,4,0,5,5,2,0,0,1,1,5,3,2,0,10,4,7,1,1,7,1,2,3,2,13,1,5,5,0,0,0,1,0,0,0,0
0,0,0,4,5,1,4,0,0,2,5,7,0,4,0,4,3,3,6,7,0,3,0,2,13,3,3,5,3,3,3,0,0,0,0,1,0,0
0,1,0,0,2,1,1,0,0,0,3,4,4,2,0,0,0,2,0,3,0,4,0,0,9,2,0,0,0,2,0,0,0,1,0,0,0,1
0,0,2,1,1,3,1,8,2,2,6,10,3,6,0,3,3,7,8,4,0,6,0,3,15,3,15,4,2,3,0,0,0,1,0,0,0,0
0,0,0,0,0,0,2,1,0,0,1,3,1,1,0,0,0,1,2,0,1,0,0,0,0,0,0,1,1,0,0,0,2,0,0,0,0,0
0,0,0,0,0,1,2,0,0,0,1,2,1,0,0,4,0,3,1,0,0,1,0,2,5,0,4,4,2,6,0,0,0,0,0,0,0,0
0,2,2,8,3,4,5,1,1,2,2,10,4,9,2,0,1,7,1,20,6,34,0,2,45,11,18,17,6,13,3,1,2,11,0,5,0,0
0,0,0,1,0,2,0,0,0,0,3,1,0,0,0,0,1,0,4,2,2,1,0,1,8,1,1,2,1,4,0,1,1,1,0,0,0,0
0,0,2,2,2,10,13,3,3,0,6,5,6,11,1,4,14,13,15,10,3,17,1,7,24,8,40,13,17,31,3,3,0,12,1,0,0,6
0,0,0,1,1,2,6,1,0,0,5,2,0,2,0,0,0,0,1,3,0,6,0,2,22,6,12,19,8,17,4,1,1,23,1,0,0,0
0,0,0,4,0,0,2,0,0,0,2,2,0,0,0,1,0,3,0,1,1,3,0,1,6,1,6,10,2,16,0,0,0,2,1,2,0,4
0,0,0,4,0,4,4,2,1,0,2,1,7,8,0,0,3,4,2,4,0,3,0,0,24,1,27,19,7,36,3,3,2,8,0,2,0,4
0,0,0,1,1,0,2,1,1,0,0,1,0,0,0,0,0,1,0,1,0,0,0,0,1,0,0,0,2,4,0,0,1,1,3,2,0,2
0,0,0,1,0,0,0,0,0,0,0,1,0,0,0,0,0,0,0,1,0,0,0,0,0,0,0,2,0,1,0,0,0,0,3,0,1,2
0,0,0,0,0,1,3,0,0,0,2,0,1,0,1,4,1,4,1,2,0,0,0,0,1,0,0,0,0,0,2,1,1,1,0,1,1,0
0,0,0,0,1,3,0,0,3,3,1,0,1,3,0,0,1,3,3,2,0,2,2,2,8,1,2,10,8,13,1,1,0,8,13,4,0,2
0,0,0,0,2,0,0,0,1,0,0,1,4,0,0,0,1,0,2,0,2,0,1,0,0,1,1,3,1,2,0,0,0,1,0,3,0,1
0,0,0,0,0,1,1,0,0,0,0,0,2,0,0,0,0,0,1,0,0,0,0,0,1,0,0,2,2,1,0,0,1,1,2,7,0,0
0,0,0,0,0,0,0,0,0,0,1,0,1,0,0,0,0,0,0,0,0,0,0,1,0,0,0,0,0,0,0,0,0,0,0,0,0,0
0,0,0,0,0,0,2,1,0,0,0,0,0,1,0,0,0,0,1,1,0,1,0,1,1,0,1,1,1,2,3,0,0,2,0,1,0,0
