1,1,1,0,0,0,0,0,0,0,0,0,0,0,0,0,0,0,0,0,0,0,0,0,0,0,0,0,0,0,0,0,0,0,0,0,0,0
0,12,10,20,0,4,0,0,0,0,0,0,4,0,0,0,0,0,1,1,0,0,0,0,0,0,0,0,0,0,0,0,0,1,0,0,0,0
0,1,5,2,0,6,0,0,0,0,0,0,0,0,0,0,0,0,0,0,0,0,0,0,0,0,0,0,0,0,0,0,0,0,0,0,0,0
0,36,13,117,35,59,28,0,5,4,3,4,3,3,0,0,2,2,1,7,2,1,0,1,7,0,1,3,1,1,0,0,0,2,0,1,0,0
0,3,1,44,28,16,17,5,2,4,4,8,5,3,3,0,1,9,1,4,4,0,0,2,2,0,3,0,0,2,0,0,0,1,0,0,0,0
2,7,18,73,19,159,108,12,8,2,2,8,9,2,1,0,6,2,2,1,1,1,0,2,7,0,8,5,0,4,0,0,0,0,0,0,0,0
1,1,3,26,15,98,53,8,14,1,6,11,16,6,0,0,18,3,9,1,3,10,0,1,7,0,8,1,1,0,1,3,0,0,2,0,0,0
2,2,0,5,2,8,14,1,3,0,2,1,3,1,1,6,6,7,5,0,0,7,0,3,3,0,3,1,2,1,0,0,0,1,0,0,0,0
0,0,2,6,0,11,8,0,1,0,1,0,7,0,0,0,1,0,2,0,0,0,0,0,3,0,1,0,1,0,0,0,0,0,0,0,0,1
0,1,0,2,8,2,2,0,0,1,2,0,0,4,0,0,0,0,0,4,0,1,0,0,1,0,0,0,0,0,0,0,0,0,0,0,0,0
0,1,0,2,6,2,3,1,2,4,8,13,1,3,1,0,2,4,3,6,2,13,0,2,6,0,3,3,0,0,0,0,1,1,0,0,0,4
0,0,0,16,7,8,5,9,1,4,5,5,2,5,0,3,2,5,4,7,7,24,1,5,7,0,2,5,1,6,1,0,1,1,2,1,0,1
0,1,0,6,4,16,16,2,2,3,6,10,2,4,0,2,4,2,1,3,1,5,2,1,0,1,9,1,1,1,0,0,0,2,3,1,0,0
0,0,0,2,1,7,1,1,2,1,1,2,2,3,0,0,1,2,0,3,2,8,0,1,5,3,2,2,1,0,2,0,0,1,2,2,0,1
0,0,0,0,0,1,1,0,2,0,1,1,0,1,0,0,1,0,0,2,1,4,1,0,0,1,0,2,0,0,0,0,1,2,0,0,0,0
0,0,0,0,0,8,2,3,0,1,2,3,1,0,0,0,0,0,1,0,0,4,0,0,0,1,3,0,1,1,0,1,0,0,0,0,0,0
0,0,0,5,4,6,8,5,3,0,2,6,3,0,0,3,1,4,10,1,1,7,1,3,1,0,12,1,0,9,1,0,1,2,0,1,0,0
0,0,0,2,1,7,10,3,1,0,1,5,4,5,2,4,1,1,1,2,3,12,0,3,3,4,10,7,1,5,0,0,2,0,0,0,0,2
0,0,2,3,2,3,8,0,3,0,3,2,1,3,0,1,4,9,7,2,2,7,0,3,4,0,10,2,7,1,2,3,2,4,0,0,0,0
0,1,0,0,5,4,1,0,0,2,7,1,4,4,0,1,0,3,1,6,6,4,5,1,9,5,3,2,2,2,1,0,3,1,0,0,0,0
0,0,0,4,1,1,2,0,0,1,5,8,0,3,0,0,1,6,2,0,0,3,2,0,4,0,3,1,0,4,0,0,2,0,0,4,0,0
0,0,0,3,1,2,6,3,1,0,2,11,3,3,1,3,1,5,4,1,2,0,0,2,13,1,8,2,5,4,2,0,1,0,1,0,0,0
0,0,0,1,0,0,1,0,0,0,0,1,0,0,0,0,1,0,2,2,0,2,0,1,2,0,10,0,0,1,0,0,0,0,0,0,0,0
0,1,0,1,1,0,2,3,0,0,4,2,0,0,0,0,0,2,0,2,1,4,0,0,2,2,9,4,1,5,0,0,0,0,0,0,0,0
0,2,0,0,4,4,8,2,3,2,6,8,0,4,0,3,5,5,11,18,2,18,3,2,53,8,19,23,10,17,1,1,0,6,2,5,0,0
0,0,0,1,4,2,3,2,0,2,4,2,0,3,1,1,0,1,4,3,0,5,0,0,7,0,8,1,2,3,0,0,0,2,0,0,0,0
0,1,1,3,1,12,11,4,4,2,2,3,7,7,0,4,8,14,9,8,6,19,1,4,25,5,28,17,14,21,4,2,2,2,5,3,0,0
0,2,0,0,0,1,3,0,0,2,1,2,0,3,1,0,3,3,4,4,1,4,0,2,28,6,10,15,10,24,2,3,0,15,4,1,0,5
0,0,1,1,0,0,1,0,0,0,1,0,2,0,0,1,1,0,1,1,1,1,0,1,8,2,4,12,3,7,0,0,0,1,0,1,0,2
0,0,0,0,0,4,4,1,0,1,0,0,3,3,0,2,1,6,8,0,3,4,1,2,13,3,23,23,5,38,0,2,1,9,0,0,0,2
0,0,1,0,0,2,0,0,0,0,0,0,2,1,0,0,0,2,0,0,2,1,0,0,2,0,0,2,2,1,1,1,0,4,2,1,0,2
0,0,0,0,0,0,3,0,0,0,0,0,1,1,0,0,0,0,0,1,0,1,0,0,1,0,3,0,0,1,0,0,0,5,0,0,0,1
0,0,0,0,0,1,2,0,1,0,0,0,0,1,0,0,1,4,0,5,0,0,0,0,0,2,0,0,2,4,0,0,0,0,1,0,0,1
0,0,0,0,1,0,4,0,0,0,0,1,4,0,0,0,0,3,4,5,0,1,1,0,13,3,4,4,1,11,1,0,0,7,3,1,0,4
0,0,0,0,1,0,1,0,0,0,2,0,0,1,0,0,0,4,0,0,0,0,0,0,3,0,1,1,1,2,0,2,0,3,2,0,0,1
0,2,0,0,1,0,1,0,0,0,0,0,0,0,0,1,2,0,0,3,0,0,0,0,3,1,2,0,0,2,0,1,0,2,1,0,0,1
0,0,0,0,0,0,2,0,0,0,0,0,0,0,0,0,0,1,0,0,0,0,0,0,0,0,0,0,0,0,0,0,0,1,0,0,0,1
0,0,0,1,0,0,0,0,0,0,0,1,1,0,0,0,4,0,0,0,0,3,0,1,1,1,1,1,0,0,0,0,2,1,0,3,0,0
