0,1,1,0,0,0,0,0,0,0,0,0,0,0,0,0,0,0,0,0,0,0,0,0,0,0,0,0,0,0,0,0,0,0,0,0,0,0
0,11,3,18,5,8,3,0,0,1,0,0,0,0,0,0,0,0,0,0,0,0,0,1,2,0,0,0,0,0,0,0,0,0,0,0,0,0
1,2,2,1,0,7,1,1,0,0,0,0,0,0,0,0,1,0,0,0,1,0,0,0,0,0,0,0,0,0,0,0,0,0,0,0,0,0
3,27,2,135,25,51,24,2,2,5,6,7,3,6,0,0,1,1,3,3,0,0,1,0,2,0,5,2,0,1,0,1,0,2,0,0,0,0
0,2,3,35,20,13,19,5,1,0,3,4,2,8,2,0,1,1,0,4,1,4,2,0,0,0,3,2,2,2,0,0,0,1,0,2,0,1
2,7,19,48,15,167,83,9,7,2,1,6,11,3,2,2,6,2,7,0,1,1,3,0,2,2,7,0,2,1,0,0,4,1,1,0,0,0
0,7,6,29,18,57,54,19,16,0,1,14,15,7,0,0,9,8,8,0,0,7,1,1,4,0,5,2,3,0,0,0,0,1,0,0,0,0
0,0,0,2,2,5,8,3,0,1,2,0,3,2,1,2,5,4,1,1,1,2,0,4,3,2,4,2,0,1,0,0,0,0,0,1,0,0
0,0,0,1,1,7,18,0,0,0,0,1,5,0,0,2,3,1,1,0,0,0,0,2,0,0,3,0,0,0,0,0,0,0,0,0,0,0
1,1,0,0,2,0,1,0,0,0,2,2,3,1,0,0,1,0,0,4,1,0,0,1,2,0,0,1,1,0,2,0,0,0,1,0,0,0
0,2,1,10,5,2,6,3,0,10,3,3,1,0,0,1,2,0,0,7,0,3,0,3,6,3,5,0,0,1,0,1,0,2,0,1,0,1
0,0,2,6,6,6,7,1,2,0,4,3,2,4,0,4,5,3,2,11,4,14,3,4,2,2,2,2,1,2,0,1,0,2,1,1,0,0
0,0,0,3,3,7,11,0,1,0,5,5,1,2,2,4,2,3,7,3,0,6,0,0,4,2,7,0,2,0,1,1,0,1,0,0,0,0
0,1,0,2,4,2,8,6,0,0,0,8,7,4,0,1,3,2,3,3,2,6,0,3,5,1,4,1,0,1,2,0,0,0,0,0,0,1
0,0,0,0,0,1,1,0,0,0,1,2,1,1,1,0,1,1,0,0,1,1,0,0,0,0,0,0,2,0,0,0,0,0,0,0,0,0
0,0,0,1,0,4,3,5,0,0,0,1,1,0,0,0,1,0,4,2,0,3,0,1,3,0,0,0,0,0,0,0,0,0,0,0,0,0
0,0,0,2,0,7,3,2,2,0,0,7,2,3,0,2,7,5,2,3,1,3,2,2,2,1,5,3,0,2,1,0,0,0,0,0,0,0
0,0,1,2,4,6,5,6,1,1,7,6,9,5,4,2,3,3,7,6,3,8,0,4,8,2,8,0,2,3,0,0,0,3,1,0,0,0
0,0,0,3,0,7,4,1,1,0,1,3,3,4,0,0,10,14,5,0,4,2,0,0,6,0,10,4,0,3,0,0,0,3,2,0,0,1
0,0,0,10,0,3,3,3,0,4,6,10,0,5,0,2,1,1,3,0,0,4,1,0,11,2,4,4,1,1,1,0,2,2,0,1,0,2
0,0,0,3,2,1,1,0,0,0,0,2,1,2,0,1,1,2,3,2,2,0,0,0,12,1,1,0,1,0,0,0,0,0,0,1,0,2
0,0,0,4,2,3,10,4,1,3,4,11,0,8,3,2,2,11,5,7,4,5,1,0,9,5,10,4,3,5,2,0,0,3,0,0,0,0
0,0,0,0,1,0,3,0,0,0,0,0,0,0,2,1,2,1,0,1,0,0,4,1,0,0,3,0,1,0,0,0,0,1,0,0,0,0
0,0,0,2,0,1,1,2,0,0,2,2,2,1,0,0,0,7,0,2,0,2,0,0,7,1,4,3,1,1,0,1,0,0,0,0,0,0
0,1,0,7,2,6,3,4,1,4,8,10,2,3,0,1,3,8,5,10,4,7,2,5,38,3,27,18,16,15,0,1,2,6,5,2,0,0
0,0,0,0,1,0,1,1,0,0,1,6,1,4,0,0,2,1,1,0,1,2,0,0,5,1,3,8,2,2,0,0,0,3,1,1,0,0
0,0,0,4,7,11,4,3,2,2,1,3,7,6,2,7,5,17,14,6,3,20,1,3,28,3,26,22,6,15,5,3,2,6,0,2,0,0
0,1,0,2,0,2,2,0,0,1,0,6,0,0,0,0,1,3,1,3,1,5,1,1,29,3,16,19,8,19,3,0,0,11,3,0,0,0
0,0,0,0,0,0,2,0,0,0,2,1,3,4,0,0,1,0,3,0,2,3,0,1,9,5,3,12,1,10,0,1,0,4,1,1,0,1
0,2,0,0,0,1,2,1,1,2,1,0,1,3,1,1,2,7,9,3,1,10,1,1,16,0,38,10,12,29,4,1,0,7,2,0,0,2
0,1,0,1,0,0,0,0,0,0,0,0,0,0,0,0,0,2,0,0,0,0,1,0,0,0,1,0,0,5,0,1,1,5,1,0,3,1
0,0,0,0,0,0,1,0,0,0,0,0,0,0,0,0,0,0,0,0,0,0,0,0,0,0,0,0,3,0,0,0,0,0,1,1,0,0
0,0,0,0,0,4,0,0,0,0,0,0,0,3,0,0,3,1,2,1,0,0,0,0,1,0,0,1,0,3,2,0,0,2,1,0,0,0
0,0,0,0,0,1,0,0,1,0,0,0,1,3,2,0,2,2,0,1,0,0,1,1,6,0,4,14,4,6,3,0,1,0,0,2,1,4
0,0,0,0,0,0,0,1,0,0,0,0,0,1,0,0,0,0,0,0,1,3,0,0,4,1,2,1,2,0,0,0,0,2,0,0,0,1
0,0,0,0,0,0,0,0,1,0,0,0,0,3,0,0,0,0,0,0,0,0,1,0,3,2,5,1,0,1,1,0,0,1,1,4,0,0
0,0,0,0,0,0,0,0,0,0,0,0,0,0,0,0,0,0,0,0,0,0,0,0,2,0,0,0,0,2,0,0,0,0,0,2,0,0
0,0,0,0,0,0,0,0,0,0,1,1,0,0,0,0,0,1,0,2,0,1,0,0,3,0,1,1,0,1,0,0,0,4,0,0,0,0
