2.49
1.544375
1.26944444444
1.49373188406
1.72868131868
1.45817232376
1.61845360825
1.65333333333
1.90342105263
1.72742857143
1.38194029851
1.94682692308
1.61195652174
1.47142857143
1.54555555556
1.87694444444
1.73512820513
1.63523364486
1.41774509804
1.78177966102
1.6864516129
1.50339805825
1.1472
1.46205882353
1.44877358491
1.74490196078
1.46013574661
2.04198275862
1.46136363636
1.8193220339
2.03529411765
3.00941176471
3.93714285714
2.22803278689
1.95633333333
4.37928571429
3.82666666667
3.92958333333
