1,1,0,1,0,0,0,0,0,0,0,0,0,0,0,0,0,0,0,0,0,0,0,0,0,0,0,0,0,0,0,0,0,0,0,0,0,0
2,6,5,11,0,2,0,0,0,0,1,1,0,0,0,0,0,0,0,0,0,0,0,0,0,0,0,0,0,0,0,0,0,0,0,0,0,0
0,3,9,1,0,5,0,0,0,0,0,0,0,0,0,0,0,0,0,0,0,0,0,0,0,0,0,0,0,0,0,0,0,0,0,0,0,0
2,13,6,106,28,44,24,4,1,5,8,8,0,3,2,0,1,0,1,2,1,2,0,1,6,0,1,0,0,0,0,0,0,0,1,0,0,0
2,6,1,58,13,18,18,4,0,8,14,14,0,2,2,1,4,2,0,4,0,2,2,0,4,0,4,0,1,0,0,1,1,4,1,1,0,1
1,3,13,49,11,151,85,9,6,0,1,5,10,1,1,0,2,3,3,2,4,5,0,1,4,1,3,2,0,3,0,0,0,1,0,2,0,0
0,4,5,30,9,73,61,8,6,1,6,11,7,1,0,0,7,4,8,5,2,12,0,3,3,0,17,0,1,4,0,1,0,1,0,0,0,1
0,1,1,5,5,9,12,0,0,0,2,2,3,0,0,9,4,0,2,1,0,6,0,0,1,0,5,0,1,2,0,0,0,0,0,2,0,0
0,0,1,5,1,11,11,0,0,0,1,3,2,0,0,0,2,0,0,0,0,1,0,0,0,0,4,2,0,0,0,0,0,1,0,0,0,0
0,0,1,0,4,1,1,0,0,1,0,4,1,2,0,0,0,0,0,2,1,3,0,1,5,2,1,0,1,2,0,0,0,0,0,0,0,0
0,0,0,7,8,9,4,1,0,0,2,2,0,3,0,1,1,1,0,12,0,6,0,1,7,1,4,1,0,1,0,0,0,0,0,0,0,0
1,2,0,4,4,8,5,5,4,0,2,2,3,5,1,5,1,6,1,2,5,7,1,1,5,2,5,3,0,5,0,0,0,4,1,1,0,1
0,0,0,2,2,10,18,0,3,1,4,4,1,1,0,3,7,4,8,1,0,4,0,0,2,1,3,0,0,1,0,1,0,2,1,1,0,2
0,0,0,8,2,6,1,2,2,0,1,9,1,4,1,1,3,7,1,2,1,1,0,0,5,0,5,3,1,1,0,1,0,0,0,2,0,1
0,1,0,0,1,0,3,1,0,0,1,1,0,0,0,0,0,2,0,0,0,3,1,0,2,0,0,0,3,0,0,0,0,0,0,0,0,0
0,2,0,0,2,5,4,5,0,0,0,1,0,1,0,0,2,0,1,0,1,1,0,0,1,0,4,0,0,1,0,0,0,0,0,0,0,1
0,1,2,0,0,12,8,4,0,0,2,3,6,3,2,0,3,2,1,3,1,10,0,1,2,2,2,7,1,3,0,0,2,1,0,0,0,0
0,0,0,1,4,4,9,3,3,0,1,7,6,1,1,1,1,4,5,3,2,11,1,2,6,7,8,4,3,4,0,2,2,0,0,0,0,1
0,0,0,2,0,4,6,5,1,0,2,1,4,0,0,0,6,8,8,1,1,9,1,1,7,1,11,3,4,4,1,0,0,0,1,0,0,0
0,3,0,3,9,2,4,1,4,7,8,9,4,3,1,1,3,3,0,8,1,4,0,0,11,1,9,5,2,3,1,0,1,3,1,2,0,0
0,0,2,2,3,2,0,0,0,0,0,3,0,0,0,0,3,0,1,2,0,0,0,0,2,0,5,2,0,0,0,0,1,0,0,0,0,0
0,0,0,1,3,1,1,0,2,2,4,5,0,2,0,4,3,8,1,5,4,3,2,0,11,0,11,1,6,7,1,0,1,3,2,0,0,0
0,0,0,0,0,1,2,2,0,0,0,1,0,1,0,0,1,0,4,0,0,1,0,0,0,0,7,3,1,0,0,0,0,1,0,0,0,0
0,0,0,3,0,0,0,1,1,0,0,6,0,3,0,1,0,4,1,4,0,0,0,0,2,0,3,1,0,2,0,1,0,0,0,0,0,0
0,1,0,2,1,5,10,1,3,2,13,5,6,3,1,2,3,2,5,14,4,6,3,7,35,9,28,24,6,13,1,0,1,5,1,0,0,1
0,0,0,1,0,1,2,0,0,0,0,2,6,0,0,1,2,4,0,3,0,2,2,1,4,4,10,1,2,2,0,1,0,1,0,0,0,1
0,1,0,2,0,6,10,4,1,1,0,4,2,4,5,2,4,21,10,6,3,7,3,3,18,9,36,13,11,31,3,0,1,3,2,0,0,3
2,0,0,2,1,4,3,0,1,1,2,2,1,0,0,0,1,2,2,9,2,1,0,1,19,4,10,8,7,15,1,0,1,7,0,6,0,0
0,1,0,0,0,1,0,0,0,0,0,1,0,1,0,0,0,0,0,5,1,2,0,0,7,0,4,9,3,8,1,0,0,5,1,3,0,3
0,1,0,0,0,1,2,4,2,5,1,3,3,5,0,2,2,7,1,6,2,8,1,4,16,3,32,15,6,25,5,1,3,2,1,0,0,1
0,0,0,0,0,0,0,0,0,0,0,0,2,0,0,0,0,2,0,0,0,1,0,0,0,0,1,0,0,5,0,1,0,5,0,0,0,2
0,0,0,0,0,1,2,2,0,0,0,0,1,0,0,0,0,1,1,0,0,0,0,0,0,0,0,0,1,2,0,4,1,1,0,1,1,0
0,0,0,0,0,0,0,0,0,0,0,0,0,2,0,1,0,4,0,3,0,4,0,1,0,0,0,1,0,1,0,0,0,2,0,0,2,0
1,1,0,0,2,0,0,0,0,0,1,0,0,2,0,1,0,0,3,2,1,1,0,1,6,0,14,8,3,11,0,0,1,4,0,0,0,0
0,0,0,0,0,0,0,0,0,0,2,0,0,0,0,0,1,1,0,0,0,1,0,0,3,0,4,3,1,5,1,3,1,7,0,2,0,0
0,0,0,0,0,0,2,0,0,0,0,0,4,0,0,0,0,6,0,3,1,0,0,0,1,0,0,2,1,1,0,0,2,2,0,0,0,1
0,0,0,0,0,0,0,0,0,0,0,0,0,0,0,1,0,0,0,1,0,1,0,0,0,0,1,0,0,1,0,0,0,0,0,0,0,0
0,0,0,0,0,0,0,0,0,0,5,0,0,1,0,0,0,1,0,3,3,0,0,2,0,1,3,0,0,1,1,0,1,0,0,0,0,0
