0,0,0,0,0,0,0,0,0,0,0,0,0,0,0,0,0,0,0,0,0,0,0,0,0,0,0,0,0,0,0,0,0,1,0,0,0,0
3,18,1,12,3,2,0,0,0,0,0,0,0,0,0,0,0,0,0,0,0,0,0,0,0,0,0,0,0,0,0,0,0,0,0,0,0,0
0,3,5,0,1,4,1,0,0,0,1,0,0,0,0,0,0,0,0,0,0,0,0,0,0,0,0,0,0,0,0,0,0,0,0,0,0,0
4,29,6,118,30,42,23,2,2,2,7,4,0,0,1,1,3,4,3,4,3,0,0,2,4,3,2,1,1,2,0,0,0,0,0,0,0,0
0,7,3,38,16,21,10,6,0,5,10,7,1,6,0,2,3,0,3,1,1,2,1,0,4,0,0,1,2,2,0,0,0,1,0,0,0,2
2,3,17,46,16,145,81,7,8,0,1,7,10,2,3,1,3,7,9,0,0,4,0,0,3,0,0,0,3,2,0,0,0,0,0,0,0,0
1,4,5,35,8,80,48,12,9,0,6,7,9,3,0,2,15,2,10,2,2,8,3,2,2,0,6,1,1,3,0,0,0,1,0,1,0,0
0,1,0,3,10,11,17,0,3,0,0,1,2,2,1,0,1,2,3,1,0,1,0,1,2,1,2,0,0,5,0,0,0,0,0,0,0,0
0,0,0,0,1,6,13,1,0,1,1,0,1,1,0,0,3,1,1,0,0,1,0,1,0,0,3,2,0,1,0,0,0,0,0,0,0,0
0,1,0,3,3,2,2,0,0,0,6,3,1,0,2,0,1,0,0,0,0,0,2,0,1,1,1,0,0,1,0,0,0,1,0,0,0,0
2,0,0,2,6,2,0,1,0,3,3,5,3,3,3,0,3,3,2,8,4,6,0,2,11,0,3,1,0,3,0,0,0,0,0,0,0,0
1,0,0,4,6,18,10,4,2,1,2,3,1,8,4,1,4,6,0,4,4,8,2,2,5,0,2,3,0,1,0,0,1,0,0,3,0,0
0,0,0,7,0,13,18,6,2,0,1,3,1,1,0,6,7,0,3,0,1,5,1,2,4,0,7,0,0,5,0,1,0,0,0,0,0,0
0,0,0,3,3,4,2,3,1,0,5,2,0,6,0,0,0,6,1,5,6,9,1,0,0,2,3,2,2,0,0,0,0,2,1,1,0,0
0,0,0,3,1,0,5,0,0,0,1,0,0,1,0,0,0,0,0,0,0,0,0,0,1,0,5,0,1,1,0,0,0,0,0,0,0,0
0,0,0,2,0,3,5,4,2,0,1,0,4,3,0,0,0,0,0,0,2,1,0,0,1,0,5,0,3,2,0,0,0,0,0,0,0,0
0,0,3,4,0,10,12,0,2,0,1,2,3,0,0,0,2,2,6,0,0,7,0,1,1,0,9,0,1,4,0,0,1,1,0,0,0,0
0,0,0,1,2,7,16,4,4,1,2,5,9,3,0,5,5,3,2,7,4,7,1,3,6,0,3,2,0,2,0,2,1,0,0,2,0,3
0,0,0,4,0,10,3,1,1,0,1,0,10,1,0,0,3,7,4,3,1,5,5,2,9,1,12,1,1,7,0,0,3,0,0,1,0,0
0,1,0,1,4,3,1,4,0,3,3,6,2,8,1,2,1,8,1,6,4,5,1,2,3,1,11,3,3,3,2,0,2,0,2,0,0,0
0,0,0,3,1,0,0,0,0,0,2,1,2,2,0,1,1,0,0,3,0,2,2,0,6,0,1,0,0,2,0,0,0,0,0,0,0,2
0,2,0,1,3,0,6,1,0,0,4,4,1,4,0,2,4,5,6,7,2,4,0,3,6,1,6,0,0,4,0,0,2,4,0,1,1,0
0,0,0,0,0,1,0,3,0,0,0,0,0,0,0,0,0,1,0,0,0,3,0,0,0,0,3,0,2,2,0,0,0,1,0,0,0,0
0,0,0,1,2,1,1,1,0,0,1,8,1,0,0,2,0,7,1,0,4,2,0,0,3,0,4,3,0,0,0,0,0,0,0,0,0,0
0,0,0,3,9,4,0,3,0,6,4,3,7,9,0,1,4,13,3,19,4,18,0,5,28,6,13,13,8,20,0,0,0,1,3,4,0,1
0,0,0,0,0,2,0,0,0,1,2,0,1,3,1,0,0,1,3,1,0,2,1,1,3,1,5,5,5,2,0,0,0,1,0,0,0,0
0,0,1,5,1,12,10,4,1,0,3,8,6,8,2,4,2,15,17,3,5,16,2,2,19,5,21,16,11,15,0,1,0,8,1,1,0,1
0,0,0,0,1,3,5,3,0,1,2,3,0,1,0,0,1,2,1,5,0,6,0,2,26,1,10,9,15,18,6,0,0,13,2,0,0,0
0,0,0,0,1,0,2,0,0,0,1,0,0,0,0,0,0,4,0,1,0,5,0,0,10,2,5,8,1,6,0,0,1,7,0,0,0,1
0,0,0,1,1,1,0,0,0,0,5,0,1,2,4,0,2,3,3,6,3,2,4,0,8,1,29,18,8,33,0,0,1,8,1,0,1,0
0,0,0,2,0,0,1,0,0,0,1,0,1,0,0,0,0,1,1,1,0,1,0,0,1,0,3,2,2,3,0,0,2,1,0,0,0,0
0,0,1,0,0,0,1,0,0,0,0,0,1,2,0,0,0,5,0,0,0,0,0,0,0,0,1,2,0,0,0,1,1,0,0,2,0,1
0,0,0,0,0,0,1,0,0,0,0,1,0,1,0,0,0,2,0,0,0,2,0,0,0,0,1,1,0,2,2,0,0,3,0,0,0,1
0,0,0,0,1,1,1,2,0,0,0,2,1,5,1,0,2,2,0,7,0,1,0,3,10,0,3,5,5,9,3,0,0,5,1,0,0,0
1,0,0,0,0,0,0,0,0,0,0,0,0,0,0,0,0,1,0,1,0,0,0,0,1,0,3,3,2,1,0,0,0,4,0,1,0,0
0,0,0,0,0,0,1,0,0,0,1,1,1,2,0,0,1,1,1,3,1,2,0,0,2,1,0,1,1,0,0,0,0,0,0,1,0,0
0,0,0,0,0,0,0,0,0,0,0,3,0,0,0,0,1,0,0,0,0,0,0,1,0,0,0,0,0,0,0,0,0,3,0,0,0,0
0,0,0,0,0,0,0,0,0,0,2,1,1,1,0,0,0,0,0,3,0,1,0,0,0,1,0,0,2,2,0,0,1,0,1,1,0,3
