1,0,0,1,0,0,0,0,0,0,0,0,0,0,0,0,0,0,0,0,0,0,0,0,0,0,0,0,0,0,0,0,0,0,0,0,0,0
0,13,5,12,0,8,2,0,0,0,0,1,0,0,0,0,1,0,0,1,0,0,0,0,0,0,0,0,0,0,0,0,0,0,0,0,0,0
1,0,9,2,1,6,0,0,0,0,0,0,0,0,0,0,0,0,0,0,0,0,0,0,0,0,0,0,0,0,0,0,0,0,0,0,0,0
1,16,7,114,41,48,16,1,1,5,8,3,6,1,0,1,2,0,1,2,1,1,0,1,3,1,6,4,1,6,0,0,0,0,2,1,0,0
2,2,5,28,10,9,11,7,0,5,4,9,4,6,0,1,3,3,2,5,2,2,0,0,8,1,2,0,0,1,0,0,0,2,2,1,0,0
2,2,31,44,7,152,73,2,3,1,1,4,5,0,0,3,6,0,2,1,0,4,0,0,1,2,6,2,1,4,0,0,0,2,0,0,0,0
1,6,5,30,13,76,69,2,4,3,0,6,15,0,2,3,4,6,1,0,3,9,1,0,0,0,6,4,1,4,0,0,1,4,0,0,0,1
0,0,0,7,5,18,10,0,2,0,1,0,3,0,0,0,5,2,5,2,1,8,0,0,1,0,3,1,0,1,0,1,0,0,0,0,0,0
0,0,0,3,0,13,4,1,1,0,0,2,1,1,0,0,1,1,0,0,0,0,0,0,0,0,0,0,0,0,0,0,0,0,0,0,0,0
0,0,0,5,6,0,1,2,0,2,7,2,0,0,0,0,0,1,0,4,1,0,0,0,0,2,0,0,0,0,0,0,0,0,0,0,0,1
0,0,3,1,7,1,1,1,0,2,3,6,7,4,0,3,0,1,0,4,2,6,2,1,6,2,5,1,1,0,0,0,1,0,2,0,0,0
0,1,1,9,6,3,8,2,2,1,3,2,2,1,4,3,4,2,6,3,7,13,0,1,3,1,3,1,1,1,0,0,1,1,2,0,0,0
0,0,0,0,3,11,9,4,3,0,1,9,6,3,0,1,3,5,3,1,0,6,0,0,1,0,1,0,2,3,0,0,0,0,0,0,0,0
0,0,0,1,5,2,2,2,3,6,1,2,4,1,2,0,0,3,1,3,3,6,1,0,6,3,9,2,1,0,0,0,0,0,0,0,0,0
0,0,0,0,1,1,0,0,0,0,1,0,0,0,0,1,0,1,0,2,0,3,0,0,0,1,3,0,0,2,0,0,0,0,0,0,0,0
0,0,0,0,2,4,2,1,1,0,1,0,2,0,0,1,0,0,1,0,0,4,1,0,0,0,0,2,0,0,0,0,0,2,0,0,0,0
0,4,0,3,0,9,2,1,3,0,0,2,1,1,0,0,0,6,5,1,1,8,2,0,2,0,9,1,0,5,1,0,2,1,0,1,0,0
0,1,0,0,3,6,8,4,3,1,1,5,3,2,2,0,6,2,2,1,0,11,0,2,5,3,12,2,5,3,0,0,0,1,1,0,0,0
0,0,0,2,1,5,4,1,0,0,0,0,3,1,0,2,1,2,2,6,2,2,2,0,5,2,9,1,1,7,0,0,0,1,0,0,0,2
0,0,0,2,4,1,8,1,1,1,8,6,4,1,2,1,5,4,1,4,3,1,0,3,9,7,4,1,0,1,0,0,0,2,0,2,0,1
0,0,0,5,1,2,0,0,0,0,2,0,0,1,0,0,1,2,1,1,0,0,3,1,4,1,2,1,0,0,0,0,0,0,0,0,0,0
0,1,0,1,1,6,4,2,1,0,10,8,6,4,1,0,3,1,5,3,0,6,0,1,8,1,5,10,3,6,0,2,0,8,0,1,1,3
0,0,0,0,0,0,0,0,0,0,0,0,3,0,0,0,3,2,2,0,0,0,0,0,1,0,1,0,1,0,0,0,0,1,0,0,0,0
0,0,0,0,0,2,1,1,0,0,1,1,2,2,0,0,0,4,2,0,2,2,0,3,0,2,3,1,2,2,0,0,0,2,0,0,0,1
0,1,0,3,1,3,1,2,1,10,7,5,1,2,0,1,1,7,5,16,6,11,1,3,41,6,15,24,13,12,0,1,0,10,1,0,0,0
0,0,0,2,0,1,3,1,0,0,0,0,1,0,0,0,1,2,2,2,3,0,0,0,8,1,6,2,0,2,0,0,0,1,0,0,0,0
0,2,1,5,3,9,7,10,1,1,4,3,7,1,0,1,7,16,9,11,4,11,5,3,23,4,32,9,8,26,1,1,5,9,1,0,0,1
2,0,0,0,0,1,5,1,0,1,2,1,1,0,0,0,1,6,1,9,0,3,0,2,20,0,7,11,2,20,0,0,0,6,0,2,0,1
1,0,0,3,3,1,0,0,0,0,0,0,1,4,0,0,1,0,0,2,0,3,0,0,7,2,6,8,5,6,1,0,0,3,0,0,0,0
0,0,0,3,0,3,1,3,1,1,2,2,0,5,0,1,5,5,1,1,1,8,1,0,11,0,21,10,6,40,2,1,1,4,0,0,0,0
0,0,0,0,0,0,0,0,0,0,0,0,1,0,0,0,0,0,0,0,1,1,0,0,3,1,1,0,2,0,1,0,1,0,1,0,0,0
0,0,0,0,0,0,1,1,0,0,0,0,0,1,0,0,0,1,0,2,0,1,0,0,0,0,0,1,0,2,0,0,0,1,0,0,0,0
0,0,0,1,0,3,0,0,0,0,0,0,0,0,0,0,0,2,2,0,0,0,0,1,0,0,0,0,0,2,0,0,0,0,0,0,0,0
0,0,0,1,0,0,0,0,0,0,0,0,2,0,0,2,1,3,0,2,0,3,1,0,10,1,8,3,2,10,3,0,2,5,3,7,0,1
0,0,0,0,0,0,0,0,0,0,0,1,0,1,0,0,0,0,0,1,0,2,0,0,1,0,1,0,0,1,1,0,0,1,4,0,0,2
0,0,0,0,0,1,0,1,0,0,1,0,0,0,0,0,1,0,0,2,0,0,0,0,2,0,2,2,1,1,1,0,0,3,1,1,0,0
0,0,0,0,0,0,0,1,0,0,0,0,0,0,0,0,0,0,0,0,0,0,0,0,0,0,0,0,0,0,1,0,0,0,0,0,0,0
0,0,1,0,0,2,2,0,0,0,3,0,0,0,0,0,0,0,0,1,0,2,0,1,0,3,0,1,0,0,0,0,0,3,0,0,0,0
