1,0,0,0,0,0,0,0,0,0,0,0,0,0,0,0,0,0,0,0,0,0,0,0,0,0,0,0,0,0,0,0,0,0,0,0,0,0
1,9,6,12,0,0,0,0,0,2,0,1,0,0,0,0,0,2,0,0,0,0,0,0,1,0,0,0,0,1,0,0,0,0,0,0,0,0
0,4,6,5,0,7,1,0,0,0,0,0,1,0,0,0,1,0,0,1,0,0,0,0,0,0,0,0,0,0,0,0,0,0,0,0,0,0
0,15,11,131,35,54,22,5,0,2,7,5,2,2,0,2,2,0,1,2,1,5,0,0,3,1,3,3,0,2,2,0,0,2,0,0,0,0
0,4,2,44,17,11,7,3,0,4,9,8,3,1,2,0,2,3,1,1,0,4,0,0,4,2,2,3,0,2,1,0,0,0,0,1,0,0
0,12,21,52,16,155,100,6,10,0,3,1,7,4,2,4,4,8,3,3,0,0,0,3,2,0,9,0,0,2,3,0,1,1,0,0,0,0
0,4,4,26,17,75,45,9,5,1,4,2,13,0,2,4,10,3,4,3,0,2,0,3,2,1,6,4,2,2,0,0,0,2,0,1,0,0
1,1,0,2,3,8,8,1,0,0,2,3,5,0,0,0,2,0,6,3,0,1,0,1,4,1,6,0,1,2,0,0,0,1,0,0,0,0
0,0,0,1,0,9,6,0,0,0,0,2,1,0,0,0,2,0,0,3,0,1,0,0,1,0,2,0,0,1,0,0,0,0,0,0,0,0
0,3,1,3,3,1,0,0,1,1,2,0,0,2,0,0,1,0,0,3,1,0,0,3,2,1,0,0,1,0,0,0,0,0,0,0,0,0
0,1,1,1,8,1,9,2,0,5,5,10,3,1,3,0,0,3,0,9,2,5,1,3,3,1,6,1,1,0,0,0,0,0,1,2,0,0
0,1,0,3,6,9,6,0,1,0,6,1,0,2,6,1,0,8,1,2,1,6,0,2,2,4,3,0,3,2,1,1,0,0,1,0,0,0
0,0,2,2,3,9,12,3,0,0,2,0,1,1,0,2,0,4,7,1,0,6,1,0,2,0,8,0,0,1,0,0,0,1,1,3,0,1
0,0,0,0,2,4,6,0,0,3,2,7,2,0,0,0,4,6,0,2,3,11,1,2,4,2,11,0,2,0,0,0,1,0,0,0,0,1
0,0,0,0,2,0,0,2,0,0,0,0,0,1,0,0,2,1,1,0,0,3,0,0,0,0,2,0,0,0,0,0,0,0,0,0,0,0
0,0,0,3,0,2,4,0,0,0,2,2,4,0,0,0,0,0,0,0,0,0,0,0,0,0,2,0,0,0,2,0,0,1,0,0,0,0
0,0,0,2,2,1,8,6,1,0,2,2,3,3,0,1,2,2,7,0,3,5,0,1,0,1,6,2,0,2,0,0,1,0,0,0,0,0
0,0,0,2,1,5,11,5,4,0,3,1,6,0,1,0,0,4,2,1,2,9,1,1,6,3,13,0,1,7,0,0,0,0,0,0,0,0
0,0,0,2,2,0,4,1,1,1,2,1,2,1,0,0,4,5,2,1,3,5,1,5,3,3,8,2,2,2,0,0,2,0,0,0,0,0
0,1,0,2,6,0,0,2,0,2,7,5,2,3,0,2,0,3,0,6,2,2,0,1,10,0,3,0,2,1,2,0,0,1,0,0,0,0
0,0,0,1,0,0,4,2,1,0,1,2,0,3,0,0,0,1,1,1,0,4,0,2,3,1,0,0,1,1,0,1,0,1,0,2,0,0
2,0,0,4,2,5,6,1,0,0,4,4,0,2,2,2,4,6,3,1,2,0,2,1,12,0,7,5,0,7,0,3,1,1,0,0,0,0
0,0,0,1,1,0,0,2,0,0,0,0,0,0,0,0,2,1,0,0,0,0,0,0,3,0,2,0,0,1,0,0,0,2,0,0,0,0
0,0,0,1,0,0,1,0,0,0,1,0,0,2,0,1,0,4,3,0,0,3,0,0,2,1,4,2,1,1,0,0,0,0,0,0,0,0
1,1,0,7,5,1,3,0,0,3,6,4,2,5,0,1,1,8,5,20,6,13,0,4,38,2,21,14,5,19,1,0,0,4,3,0,0,1
0,0,0,0,0,1,0,1,0,0,1,0,0,1,0,1,0,1,0,2,0,2,1,0,8,2,3,0,1,1,0,0,0,1,0,1,0,0
0,2,2,5,2,5,11,3,3,3,1,3,7,4,1,1,5,20,3,6,7,13,1,4,19,6,26,23,9,30,1,0,0,5,2,0,0,0
0,1,0,1,2,0,2,0,1,2,0,1,3,1,1,0,0,2,2,3,0,3,2,0,19,1,7,14,3,16,1,0,0,9,2,0,0,1
0,0,0,4,2,3,0,0,0,3,1,1,0,0,0,0,2,3,0,1,0,1,0,0,10,0,3,5,5,10,0,0,0,2,0,0,0,0
0,0,0,2,3,2,0,0,1,0,1,1,5,2,0,2,0,6,4,0,1,4,1,0,19,0,26,8,11,33,1,2,2,5,0,0,0,0
0,0,0,0,0,1,1,0,0,0,0,0,3,1,0,0,0,0,1,0,0,2,1,0,2,1,1,0,1,5,3,3,0,0,0,0,0,0
0,0,0,0,0,2,0,0,0,0,0,0,2,2,0,0,0,1,0,0,0,0,0,0,0,0,1,1,0,2,0,0,0,0,0,2,0,0
0,0,0,1,0,1,0,0,0,0,0,0,0,0,0,0,0,0,0,1,0,0,0,0,1,0,2,2,0,1,0,2,0,0,1,0,0,0
0,0,0,0,1,0,3,1,1,2,1,4,1,0,2,0,0,2,0,1,0,1,0,1,3,1,4,2,3,5,2,0,1,3,1,1,0,1
0,0,0,0,0,0,0,0,0,0,0,1,0,0,0,0,0,2,0,2,0,0,0,0,1,0,0,2,1,7,0,0,0,3,0,0,0,0
0,0,0,0,1,0,0,0,0,2,3,0,1,0,0,0,0,0,0,1,0,0,0,0,1,0,0,0,1,0,0,0,0,2,3,0,0,0
0,0,0,0,0,1,0,0,0,0,0,0,0,0,0,0,0,0,0,0,0,0,0,1,0,0,0,0,0,1,0,0,0,0,0,0,0,0
0,0,0,0,0,0,0,0,0,0,2,2,0,0,0,0,2,0,1,1,0,0,0,0,0,0,1,0,0,1,0,0,0,2,1,0,0,0
