0,1,0,1,0,0,0,0,0,0,0,0,0,0,0,0,0,0,0,0,0,0,0,0,0,0,0,0,0,0,0,0,0,0,0,0,0,0
0,4,7,5,4,4,0,1,0,0,0,0,0,0,0,1,0,0,0,0,0,0,0,0,0,0,0,0,0,0,0,0,0,0,0,0,0,0
0,4,8,1,0,1,0,0,0,0,0,0,0,0,0,0,1,0,0,0,0,0,0,0,0,0,0,0,0,1,0,0,0,0,0,0,0,0
5,19,9,101,37,40,18,6,1,4,6,6,0,9,0,0,1,0,3,2,0,1,0,1,2,0,1,2,0,3,0,0,0,0,0,1,0,0
0,6,0,38,8,18,9,2,1,1,9,6,1,0,1,3,0,3,2,6,2,1,0,0,4,1,2,0,1,5,0,0,0,0,0,0,0,0
2,5,15,45,6,112,63,10,5,1,2,2,1,1,0,1,5,4,6,1,0,2,0,1,5,2,6,1,4,0,0,0,0,0,0,0,0,0
1,2,4,25,15,88,39,4,6,1,3,12,7,4,1,3,15,7,10,3,1,5,0,0,5,2,10,3,4,7,3,2,1,1,0,0,0,2
0,0,0,7,1,16,16,0,2,1,2,1,5,2,0,3,8,2,2,1,1,1,0,1,0,0,1,2,0,1,0,0,0,0,0,1,0,0
0,0,1,5,0,7,4,1,0,0,1,0,1,2,0,0,2,1,0,0,1,1,0,0,0,0,0,0,0,2,0,0,0,0,0,0,0,0
0,2,0,2,3,2,1,0,1,0,2,1,0,1,0,0,0,0,0,7,1,3,0,0,1,0,1,0,0,4,0,0,0,0,1,0,0,0
0,4,0,7,9,5,11,2,1,0,6,8,2,3,0,0,3,3,1,12,7,15,4,0,5,1,3,2,1,2,0,0,0,0,0,0,0,1
1,1,0,7,10,5,9,7,1,3,4,5,1,5,2,4,6,3,4,7,3,11,3,0,5,3,7,4,1,1,0,0,1,2,1,0,0,2
0,0,0,3,3,13,12,0,1,0,3,4,6,2,0,1,8,4,6,0,0,3,0,0,2,0,11,0,0,2,0,0,0,0,1,0,0,1
0,0,1,2,3,2,8,3,0,0,1,2,1,0,0,0,0,3,0,0,0,4,0,1,8,3,1,0,0,2,0,0,1,6,1,1,0,0
0,0,0,0,0,2,0,0,0,0,2,0,0,0,0,1,0,0,0,1,0,0,0,0,1,0,2,2,0,0,0,0,0,0,0,0,0,0
0,0,0,3,1,4,10,1,0,0,0,1,0,2,0,1,1,0,1,0,0,3,0,0,0,0,3,0,0,0,0,1,1,3,2,0,0,0
0,0,2,1,1,4,13,5,1,0,1,1,1,2,0,0,3,4,10,1,0,1,0,3,3,0,3,4,2,0,0,0,3,2,0,0,0,0
0,0,0,2,3,1,9,5,1,2,3,5,2,0,0,2,1,1,4,5,0,11,0,3,2,0,11,1,0,3,0,0,0,0,0,1,0,0
0,0,0,4,2,3,6,1,0,0,1,3,0,3,0,2,8,6,6,4,1,4,0,1,1,0,5,8,1,8,0,0,0,1,0,0,0,0
1,1,0,2,3,3,5,4,0,6,7,8,3,6,0,0,3,5,2,4,3,2,1,3,9,4,8,4,0,7,0,2,1,1,0,0,0,2
1,0,0,0,2,3,0,0,0,3,5,4,1,0,0,1,1,3,0,1,3,1,0,1,1,0,3,1,0,1,0,0,1,0,0,0,0,0
0,0,0,3,3,0,4,1,0,1,4,6,2,5,0,0,2,10,0,5,2,2,0,1,7,3,6,7,2,4,4,0,1,0,1,0,0,0
0,0,0,0,0,0,1,2,0,0,2,1,0,0,0,0,0,0,1,0,0,2,0,0,0,0,1,0,6,1,0,0,0,0,0,0,0,0
0,0,0,4,0,0,1,0,2,1,1,0,0,1,0,0,0,5,0,0,1,1,0,1,0,0,3,2,1,1,0,0,0,1,0,0,0,0
0,2,0,7,3,6,6,1,0,5,6,1,1,2,2,2,3,5,2,19,2,12,3,2,26,12,20,21,8,18,1,3,1,7,2,3,0,1
0,0,0,1,0,3,0,2,0,0,1,1,1,1,0,0,0,0,2,3,1,6,0,0,4,2,1,1,0,1,0,0,0,2,2,0,0,0
0,0,0,3,5,13,13,1,0,0,2,5,4,4,1,2,2,20,13,7,5,12,2,1,20,5,22,11,12,34,2,2,0,6,0,1,0,0
0,0,0,0,2,0,0,0,0,1,4,1,0,0,0,0,4,2,1,2,0,1,2,2,29,5,11,14,5,10,1,0,1,5,2,0,0,1
0,0,0,1,0,2,1,0,0,0,0,1,0,2,0,1,2,2,0,4,0,0,0,0,4,1,4,10,1,5,0,0,1,5,1,0,0,0
0,0,0,0,0,2,5,0,0,0,2,1,1,1,0,2,2,6,4,3,1,2,1,1,12,1,17,19,4,23,2,1,0,5,1,0,1,1
0,0,0,0,3,2,1,0,0,0,1,0,0,0,0,0,1,1,1,0,0,0,0,0,0,0,3,0,2,6,1,0,1,1,0,3,0,1
0,0,0,1,0,4,2,0,0,0,0,0,0,2,0,0,1,0,1,1,0,0,0,0,0,1,3,0,0,0,0,0,0,0,0,1,0,0
0,0,0,1,2,0,0,0,0,0,0,1,0,0,0,0,0,0,0,1,2,1,0,0,1,0,6,0,0,1,1,0,1,0,0,1,0,0
0,1,0,0,0,2,2,0,1,0,0,4,0,0,0,0,1,1,6,5,0,1,0,1,9,1,11,5,1,6,1,0,0,1,2,0,0,3
0,0,0,0,0,1,0,1,0,0,0,0,0,0,0,0,0,0,0,1,0,0,0,0,0,0,1,2,0,1,0,0,0,3,0,0,0,2
0,0,0,0,0,1,0,0,0,0,0,0,0,0,1,0,0,1,0,1,0,1,0,0,1,0,0,3,0,0,0,0,1,2,0,3,1,0
0,0,0,0,0,0,0,0,0,0,1,1,0,0,0,0,0,0,0,0,0,0,0,0,0,0,0,1,0,0,0,0,0,0,0,0,0,1
1,0,0,0,0,0,0,0,0,0,1,0,0,0,0,1,4,0,0,4,0,1,0,0,1,0,2,0,0,5,0,0,0,0,1,0,0,0
