0,1,0,0,0,1,0,0,0,0,0,0,0,0,0,0,0,0,0,0,0,0,0,0,0,0,0,0,0,0,0,0,0,0,0,0,0,0
0,5,1,8,2,1,0,0,0,0,0,1,0,0,0,0,0,0,4,2,0,0,0,0,0,0,0,0,0,0,0,0,0,0,0,0,0,2
0,1,4,1,0,5,0,0,0,0,0,0,0,0,0,0,0,1,0,0,0,0,0,0,0,0,0,0,0,0,0,0,0,0,0,0,0,0
0,26,7,110,33,37,11,1,5,5,7,4,2,6,0,0,0,1,2,1,0,0,0,0,6,0,1,3,2,0,0,0,0,0,0,1,0,0
0,2,1,27,4,7,11,6,1,2,6,11,1,6,1,0,2,3,1,4,3,0,0,0,2,4,0,0,0,2,0,0,0,4,0,0,0,1
1,3,5,41,12,128,64,5,4,0,4,7,11,2,0,2,8,0,5,0,1,2,0,2,9,0,9,2,7,6,0,0,1,0,0,0,0,0
0,2,4,27,10,95,42,11,2,1,6,10,13,5,3,1,7,5,10,3,1,3,3,4,3,0,5,2,3,2,0,0,0,1,0,0,0,0
0,0,1,6,3,10,9,0,0,1,0,4,5,0,0,3,4,0,4,0,0,1,0,1,0,3,9,2,1,1,0,0,1,0,2,0,0,0
2,0,0,0,1,11,12,0,0,0,0,2,1,0,0,2,5,1,3,0,0,2,0,0,0,0,1,0,0,2,0,0,0,0,0,0,0,0
0,0,1,6,2,3,2,0,0,1,3,2,0,0,0,0,0,0,0,2,0,3,2,1,1,5,0,1,1,3,1,0,0,0,0,0,0,1
1,1,0,8,9,7,12,3,1,2,6,8,4,0,2,4,1,1,0,8,0,9,1,3,13,1,2,3,0,2,0,1,0,1,0,2,0,1
2,1,2,7,17,8,8,3,0,2,6,1,1,0,2,0,4,0,5,2,3,4,3,5,7,3,11,1,0,0,0,0,0,3,0,0,0,0
0,0,0,5,2,13,17,0,1,0,0,2,3,1,0,0,4,4,4,2,1,8,0,2,8,0,6,1,2,5,1,1,1,3,0,0,0,0
0,0,0,2,2,4,10,5,1,0,0,1,2,0,2,1,3,1,6,2,1,6,0,0,4,1,8,2,1,6,0,0,2,0,0,0,0,0
0,0,0,0,4,1,1,0,0,0,0,0,1,0,0,0,0,0,0,0,0,3,0,0,1,0,2,0,0,0,0,0,0,0,0,0,0,0
0,0,0,3,2,9,1,3,0,0,0,1,0,1,2,1,0,0,0,1,0,1,2,0,0,0,2,0,0,0,0,0,0,0,0,0,0,0
0,1,0,4,1,20,10,6,0,0,6,2,3,3,0,0,2,3,4,2,4,5,0,0,1,2,6,0,0,5,0,1,0,0,0,0,0,0
0,0,2,4,8,7,11,1,3,2,2,5,5,4,0,0,2,3,3,5,3,13,0,1,2,3,16,1,0,7,1,0,1,2,0,1,0,0
0,0,1,3,0,5,8,1,0,0,0,0,2,1,0,0,8,2,3,1,2,5,1,0,7,0,8,3,0,13,0,0,0,0,0,2,0,0
0,0,0,4,5,2,4,0,0,2,10,4,1,2,0,1,3,7,4,9,0,5,3,5,13,3,6,13,0,2,0,0,0,0,0,1,0,4
0,0,0,0,2,3,5,2,2,2,1,2,0,0,0,0,0,1,0,0,0,4,0,0,3,0,3,2,0,1,0,0,0,2,0,0,0,0
1,1,0,0,0,0,4,0,1,0,3,10,5,8,2,4,4,7,5,5,0,4,1,2,14,1,4,5,1,0,0,1,0,2,3,0,0,0
0,0,0,0,0,3,1,0,0,0,0,2,0,0,0,0,0,0,3,0,0,5,0,0,1,0,2,2,0,0,0,0,0,1,0,0,0,0
0,1,0,0,0,0,2,0,1,0,2,0,0,0,0,0,0,0,1,2,0,0,0,0,1,0,3,1,1,1,3,0,0,0,0,0,0,0
0,2,0,4,4,1,4,0,2,4,6,5,0,7,0,1,3,7,1,23,8,6,0,1,27,8,19,10,4,15,0,1,1,4,0,0,0,0
0,0,0,0,0,4,1,0,0,1,0,3,0,2,0,0,0,1,3,3,0,2,1,0,4,1,2,2,0,1,2,0,0,1,2,0,0,0
0,0,1,7,2,12,2,2,0,1,1,4,6,2,0,3,4,14,6,8,6,22,1,2,17,0,49,10,7,19,0,0,0,10,1,0,0,2
0,0,0,3,2,1,3,1,0,1,2,2,0,4,0,1,0,2,1,2,1,0,2,0,13,5,12,8,0,15,1,0,0,3,1,0,0,0
0,0,0,2,2,0,1,0,0,0,0,1,0,0,0,1,0,3,1,5,0,2,0,0,5,0,3,5,9,7,3,0,0,3,0,1,0,0
0,0,0,0,2,3,6,2,0,3,2,1,0,3,1,0,2,3,4,2,0,2,0,0,8,5,12,27,1,16,2,1,0,10,1,1,0,1
0,1,1,0,0,0,0,0,0,0,0,0,0,0,0,0,0,0,3,2,0,0,0,0,2,0,2,2,0,0,0,0,1,0,0,0,0,0
0,0,0,2,0,2,3,0,0,0,0,2,0,1,0,2,0,0,1,0,0,4,0,0,2,0,0,0,0,5,1,0,0,1,1,0,0,2
0,0,0,0,0,1,1,0,1,0,0,0,1,0,0,0,0,0,0,3,0,0,0,0,2,0,3,4,1,1,0,0,0,1,1,0,0,0
0,2,0,0,3,0,1,0,0,0,1,0,0,2,0,0,0,1,0,3,0,3,0,0,7,5,5,4,4,8,2,0,2,1,1,2,1,1
0,0,0,2,0,0,0,1,0,1,1,1,0,0,0,0,0,0,0,0,0,3,0,0,1,1,2,1,1,0,1,0,0,2,0,0,0,0
0,0,0,0,0,1,1,0,0,0,0,0,0,1,0,0,2,0,1,3,0,2,0,0,3,0,1,3,0,1,1,0,0,0,0,0,0,0
0,0,0,0,0,0,0,0,0,0,0,0,0,0,0,0,0,0,0,1,0,0,0,0,1,0,0,1,0,0,0,0,0,0,0,0,0,0
0,0,0,1,1,0,0,0,0,0,2,0,0,2,0,0,1,3,0,1,0,2,0,0,2,0,1,0,2,2,2,0,0,1,1,2,0,0
