0,2,0,1,0,0,0,0,0,0,0,0,0,0,0,0,0,0,0,0,0,0,0,0,0,0,1,0,0,0,0,0,0,0,0,0,0,0
3,7,3,13,3,3,0,0,0,0,0,1,1,0,0,0,0,0,0,1,0,0,0,0,0,0,0,0,0,2,0,0,0,3,0,0,0,0
0,3,3,1,0,3,2,0,0,0,0,0,0,0,0,0,0,0,0,0,0,0,0,0,0,0,0,0,0,0,0,0,0,0,0,0,0,0
4,26,13,111,32,40,24,1,1,0,8,5,1,2,2,0,2,0,1,2,3,1,0,0,2,3,8,0,0,0,2,0,0,0,2,0,0,0
4,4,1,36,19,11,11,2,2,4,7,7,1,1,4,2,3,0,2,8,1,3,1,0,3,0,3,2,0,2,2,0,0,0,0,0,0,0
1,7,14,41,10,132,73,5,2,0,6,3,10,2,1,0,3,5,6,3,0,0,0,2,4,0,9,4,2,3,0,0,0,1,0,0,0,0
0,3,5,28,24,75,56,13,8,3,8,4,7,1,3,4,13,11,8,5,1,5,1,0,6,1,12,4,3,3,0,2,1,1,1,0,1,0
2,0,0,4,6,20,10,0,0,1,1,5,5,1,0,4,12,2,2,2,0,0,1,0,1,0,7,0,1,5,0,0,0,2,0,1,0,0
0,0,0,5,1,12,12,0,0,0,0,1,2,0,0,0,4,0,3,0,2,0,1,0,0,0,3,0,0,1,1,0,0,0,0,0,0,0
0,0,0,0,2,2,0,0,1,1,1,3,0,1,0,3,1,3,0,1,2,3,0,0,8,4,0,0,0,0,0,0,0,1,0,0,0,0
0,2,0,9,4,4,5,1,3,3,2,5,1,1,0,2,4,5,3,12,2,6,2,0,3,0,4,2,1,0,0,1,0,0,0,0,0,1
0,1,0,13,11,10,14,5,1,0,5,4,1,6,2,6,2,8,2,4,1,7,2,0,8,1,3,5,2,10,0,0,0,0,0,0,0,0
0,0,1,11,1,9,22,4,0,0,0,3,2,4,0,5,3,3,5,0,1,6,0,0,5,1,12,1,2,5,0,0,1,1,0,0,0,0
0,0,0,5,1,4,4,3,3,1,2,2,5,1,2,1,3,4,1,5,4,4,0,1,13,0,1,2,1,2,0,2,0,0,0,0,0,0
0,0,1,1,0,2,1,0,1,0,1,0,0,0,0,0,0,0,0,1,0,1,0,0,1,0,4,0,0,0,2,0,0,2,0,1,0,0
0,0,1,6,0,7,7,1,0,0,1,2,2,0,0,0,0,0,1,2,0,2,0,0,1,0,2,0,0,1,0,0,0,0,0,0,0,0
0,1,1,4,4,11,19,2,2,0,4,5,2,4,0,0,3,2,2,0,0,8,2,0,5,1,9,4,0,3,1,1,0,1,0,0,0,0
0,0,0,3,0,3,10,2,2,2,0,10,4,0,0,0,5,3,8,2,0,4,3,1,4,5,10,4,2,4,0,0,0,2,0,0,0,0
0,0,0,1,7,12,10,1,4,0,1,3,2,3,1,1,3,1,5,3,1,4,0,0,7,2,6,4,1,16,1,0,0,0,0,0,0,0
0,0,0,5,5,7,2,2,0,2,8,11,5,8,0,2,4,8,3,12,1,1,0,2,16,5,9,4,1,2,1,0,1,3,0,2,0,1
0,0,0,3,0,0,0,0,0,1,2,1,2,0,0,1,1,1,0,4,0,3,0,0,4,0,4,5,0,1,0,0,0,0,0,0,0,0
0,0,0,2,1,0,4,2,0,1,4,8,2,6,2,0,6,6,0,5,0,6,0,0,5,0,3,4,1,5,1,0,1,4,2,0,0,0
0,0,0,0,0,1,4,0,0,0,2,3,1,0,0,0,2,1,0,0,0,0,0,0,0,0,2,3,0,1,0,0,0,0,0,0,0,0
0,0,0,3,0,0,1,1,0,1,1,1,1,0,0,0,0,1,2,0,1,1,0,0,1,1,6,1,0,1,0,0,1,0,0,0,0,0
0,0,0,8,3,2,3,1,4,5,7,7,2,3,2,0,4,7,5,30,0,18,1,1,30,10,18,16,13,13,2,2,0,3,1,2,0,1
0,0,0,2,2,2,0,0,0,0,0,1,0,2,0,0,0,0,1,0,0,1,0,0,9,0,4,8,2,4,0,0,0,1,0,0,0,0
0,0,0,6,2,17,8,2,4,0,5,1,5,2,2,0,10,26,10,3,4,13,0,1,34,2,27,28,12,33,0,3,1,11,1,1,0,0
0,0,0,1,0,7,1,0,0,1,2,1,0,4,0,0,0,7,0,6,0,3,0,2,13,2,7,4,8,16,2,3,1,4,2,2,0,0
0,0,0,2,1,0,0,0,1,1,1,0,0,1,0,0,0,3,0,1,0,4,0,2,10,1,4,7,8,4,0,0,0,1,1,0,0,0
0,0,0,0,0,3,2,0,0,0,3,3,0,4,0,0,0,6,3,2,0,8,1,0,8,2,16,14,8,37,5,0,0,9,4,3,0,0
0,0,0,0,2,0,0,0,0,0,0,0,6,0,0,0,1,0,1,0,0,0,0,2,1,0,0,2,0,3,1,0,0,1,0,0,0,0
0,0,0,0,0,0,1,1,0,1,0,0,0,0,2,0,2,6,0,0,0,0,0,0,0,2,0,0,0,1,1,0,0,0,0,0,0,0
0,0,0,0,1,1,2,0,0,0,0,0,2,0,0,1,3,3,1,1,1,1,0,0,1,1,0,0,2,4,1,0,0,0,0,0,0,0
1,0,0,2,0,1,0,0,0,0,0,0,0,0,0,0,1,1,2,1,4,0,0,0,12,2,0,5,3,4,7,1,0,2,1,0,0,4
0,0,0,1,0,0,1,0,0,1,0,4,0,1,0,0,0,0,0,0,0,1,0,0,2,0,4,4,1,2,0,0,0,2,0,0,0,0
0,0,0,0,0,0,0,0,0,0,0,3,0,0,0,0,0,0,0,0,0,1,0,0,4,0,0,1,1,3,0,0,0,0,0,2,0,0
0,0,0,0,0,0,0,0,0,0,1,1,0,0,0,0,0,2,0,1,0,0,0,0,0,0,0,0,0,0,0,0,0,1,0,0,0,0
0,0,0,0,1,0,1,0,0,0,1,0,0,1,0,1,0,1,0,0,0,0,0,0,0,1,1,1,0,2,2,0,0,1,0,1,0,0
