2,0,2,2,0,0,0,0,0,0,0,0,0,0,0,0,0,0,0,0,0,0,0,0,1,0,0,0,0,0,0,0,0,0,0,0,0,0
1,2,3,26,7,5,0,0,0,0,0,0,0,0,0,0,0,0,0,3,0,0,0,0,1,0,0,0,0,0,0,0,0,0,0,0,0,0
1,6,5,1,1,4,1,0,0,0,0,0,0,0,0,0,0,0,0,0,0,0,0,0,2,0,0,0,0,0,0,0,0,0,0,0,0,0
2,22,2,126,47,47,29,0,4,3,11,5,2,1,1,0,2,0,1,3,2,2,0,1,2,0,1,0,0,3,0,0,0,1,0,0,3,0
1,3,3,45,23,27,16,5,6,2,7,6,0,1,2,1,0,0,0,7,4,4,0,0,11,1,0,1,0,0,0,0,0,0,0,0,0,0
2,4,11,57,16,152,60,8,4,0,2,9,10,5,3,2,3,3,3,2,3,1,1,4,6,0,5,6,2,8,0,0,0,0,0,1,0,0
0,0,6,27,12,117,53,9,5,0,4,13,17,2,2,8,12,5,10,2,3,8,1,3,1,0,11,1,4,8,0,0,2,2,0,1,0,0
0,0,0,11,4,11,17,0,0,4,3,2,3,1,0,4,8,3,6,2,0,5,1,1,1,0,7,1,1,3,0,0,0,2,0,2,0,0
0,0,2,3,1,7,10,0,3,0,0,1,0,0,0,1,4,3,1,1,0,1,0,0,1,0,2,0,1,0,0,0,0,0,0,0,0,0
0,1,1,2,3,0,0,0,0,0,3,0,0,1,0,0,0,0,0,5,2,3,0,0,2,1,1,0,0,3,0,0,3,0,1,0,0,0
0,3,1,8,9,3,3,0,1,6,7,4,0,3,0,1,6,1,1,7,0,3,1,1,6,1,1,2,1,0,1,0,0,0,0,0,0,1
0,0,1,19,17,7,18,1,0,2,7,5,0,4,0,6,5,7,3,4,3,21,0,0,11,1,6,3,0,3,0,0,0,1,0,0,0,0
0,0,0,4,3,21,17,1,1,1,3,3,4,1,1,1,1,3,7,0,0,6,0,3,2,0,5,1,0,4,0,2,4,0,1,0,0,0
0,0,0,6,4,2,7,4,0,2,1,0,3,2,0,1,1,0,2,3,2,10,1,3,4,0,4,2,1,2,1,0,0,0,0,0,0,2
0,2,0,1,0,1,0,0,1,0,1,0,0,0,0,2,2,0,0,0,0,0,0,0,2,0,3,1,1,0,0,0,0,0,0,0,0,0
0,0,0,3,1,4,3,0,0,0,0,2,1,0,0,3,0,3,2,0,0,7,0,0,2,0,1,2,0,4,0,0,0,0,0,0,0,0
2,0,1,5,4,12,27,4,0,2,0,7,2,1,0,4,3,3,5,6,3,2,1,2,1,2,10,2,5,0,0,0,0,2,0,0,0,1
2,0,0,1,4,8,16,1,4,0,2,4,5,0,0,1,2,5,2,5,9,9,0,3,3,6,20,5,0,6,0,0,1,0,0,1,0,0
0,1,1,1,2,3,8,4,0,0,4,5,0,2,0,3,1,5,4,0,1,4,1,0,7,0,6,1,1,5,1,0,2,0,0,1,0,0
0,2,0,5,5,7,1,2,0,1,12,6,2,4,1,5,2,9,4,13,2,6,1,2,13,2,6,5,2,0,0,0,0,1,0,0,0,2
0,0,0,0,1,0,1,0,0,0,4,1,0,0,1,0,2,0,0,3,0,2,0,0,2,0,1,2,0,3,2,0,0,2,0,0,0,0
0,1,1,1,7,7,6,2,0,5,1,11,0,3,4,6,3,7,3,3,1,6,0,1,6,0,20,3,4,6,0,0,0,2,0,1,0,0
0,0,1,0,0,1,1,1,0,0,0,1,0,2,0,0,0,0,0,1,0,1,0,0,0,0,2,2,0,1,0,0,0,0,0,0,0,0
0,0,3,0,0,0,1,0,1,0,1,0,0,0,0,0,0,3,0,0,0,0,0,0,3,0,5,1,0,0,0,0,0,1,0,0,0,0
0,3,0,11,6,6,3,1,1,2,6,0,1,2,1,0,1,5,3,27,2,18,6,7,33,13,27,18,11,9,2,0,0,10,1,0,0,0
0,0,0,2,1,0,4,0,0,0,3,4,0,1,1,0,3,3,3,3,0,1,1,0,4,2,3,3,3,5,2,0,0,0,0,0,0,1
0,0,2,3,8,12,11,1,2,1,11,5,4,9,0,3,6,33,12,5,4,16,2,8,34,5,26,15,4,21,1,1,0,4,0,0,0,1
0,1,0,1,6,1,1,0,0,0,5,1,2,1,0,0,0,3,6,7,2,6,2,4,16,0,20,15,5,15,2,0,0,3,2,2,0,1
0,0,0,0,0,1,2,0,0,3,0,2,0,1,0,0,0,2,0,0,0,0,3,0,11,0,2,13,1,10,0,0,0,4,1,0,0,0
0,0,0,1,2,3,4,4,0,1,1,2,2,0,0,1,3,8,8,5,1,7,1,2,23,1,26,17,7,44,9,3,0,4,1,3,0,1
0,0,0,0,2,2,1,0,1,0,0,1,1,0,0,0,3,0,0,0,0,1,0,0,2,0,1,0,2,3,1,0,0,0,0,0,0,0
0,0,0,1,0,1,0,1,0,0,0,1,0,3,0,0,0,1,0,2,0,0,0,1,1,0,3,2,0,3,0,0,2,1,0,1,0,2
0,0,0,0,4,1,1,0,0,0,1,0,0,0,0,0,2,0,0,1,1,1,0,1,0,0,2,1,0,0,1,0,0,0,0,0,0,0
0,0,0,0,3,0,2,0,0,0,2,2,0,0,1,0,1,1,1,2,2,4,1,0,8,1,4,10,1,7,2,2,0,6,3,0,0,1
0,0,0,0,1,0,0,0,0,0,0,0,0,0,0,0,1,1,1,1,0,0,0,0,1,1,0,0,1,2,0,0,0,2,0,1,0,3
0,0,0,1,2,1,0,0,0,0,0,1,0,0,0,0,0,4,0,1,2,0,0,0,2,0,3,1,0,0,0,0,1,4,1,0,1,0
0,0,0,0,1,0,0,0,0,0,0,1,0,0,0,1,0,0,0,1,0,0,0,0,2,0,0,0,0,1,0,0,0,0,0,0,0,0
0,0,0,0,0,0,0,0,1,0,0,2,0,1,0,0,1,0,0,1,0,0,0,0,3,1,0,1,0,7,0,0,0,0,0,0,0,0
