0,0,0,0,0,0,0,0,0,0,0,0,0,0,0,0,0,0,0,0,0,0,0,0,0,0,0,0,0,0,0,0,0,0,0,0,0,0
4,12,6,13,6,11,1,0,0,0,3,0,0,0,0,0,0,0,0,1,0,0,0,0,1,1,0,0,0,0,0,0,0,0,0,0,0,0
0,2,6,1,0,5,1,0,0,0,1,0,1,0,0,0,0,0,0,0,0,0,0,0,0,0,0,0,0,0,0,0,0,0,0,0,0,0
4,43,5,135,35,51,19,6,3,1,20,10,2,4,2,1,0,1,1,3,1,3,2,0,5,1,8,4,1,2,1,0,0,0,0,1,0,0
0,2,5,61,16,23,18,4,3,3,14,11,0,8,0,1,1,3,0,6,2,1,1,0,5,1,3,1,0,5,0,2,0,1,1,0,0,0
1,11,15,65,16,126,86,5,8,0,2,4,9,2,2,4,13,2,1,2,1,1,0,3,6,0,7,3,0,2,0,0,0,0,0,0,0,2
0,2,6,20,11,109,52,2,8,1,9,16,10,2,1,8,9,10,10,1,2,7,3,0,4,1,6,1,3,8,1,4,0,2,0,0,0,0
0,1,0,6,6,6,10,0,1,0,3,11,3,1,2,1,16,5,3,0,0,4,0,0,2,0,5,4,1,1,0,0,1,2,0,1,0,0
0,0,1,2,2,18,18,0,1,1,2,0,1,0,0,0,2,2,0,1,1,0,0,0,1,0,5,1,0,2,0,0,0,1,0,0,0,0
0,1,0,2,8,0,1,3,0,0,1,3,0,1,0,0,0,0,0,2,3,2,0,0,3,0,1,0,0,1,0,0,0,0,0,0,0,0
1,1,4,15,11,1,7,1,0,4,5,3,1,1,0,1,1,0,2,3,4,4,0,3,7,0,4,0,0,4,0,0,0,2,0,0,0,0
0,2,1,17,23,6,15,4,4,0,4,2,8,3,0,2,5,3,2,1,0,13,1,0,7,1,6,3,7,4,0,2,1,2,0,0,0,0
0,0,0,4,3,17,17,0,2,4,0,8,5,6,0,1,10,5,9,3,0,2,2,0,1,0,6,3,1,3,0,0,1,0,0,0,0,2
0,0,1,5,5,3,1,1,1,2,3,8,1,1,0,1,1,8,2,4,0,5,0,3,3,0,3,7,0,7,0,0,0,1,0,1,0,0
0,0,0,0,2,1,0,0,0,0,0,0,0,1,0,0,0,0,0,0,0,2,0,0,0,1,1,0,0,1,0,0,0,1,0,0,0,0
0,0,0,0,0,3,6,2,0,0,1,0,2,2,0,1,0,1,2,2,1,4,0,0,1,0,3,1,1,0,0,0,1,0,0,0,0,0
0,1,2,9,7,20,21,0,4,0,4,6,2,6,1,5,0,6,6,2,3,8,1,3,11,2,18,3,1,9,1,0,0,4,0,1,0,2
0,0,0,4,1,10,7,2,6,1,6,1,9,2,0,2,5,2,1,3,0,11,2,3,5,0,14,6,0,10,1,0,1,2,0,0,0,1
0,1,0,6,8,4,6,0,4,2,0,2,2,2,0,1,5,7,4,2,1,4,0,1,9,4,13,4,0,6,0,0,0,1,0,0,0,0
0,2,0,3,7,3,1,1,0,4,11,6,1,2,0,0,4,8,2,10,1,3,2,1,13,4,5,5,0,6,0,0,0,1,0,0,0,1
0,2,0,4,3,0,3,0,0,0,1,5,0,0,0,2,1,3,0,1,0,3,0,0,0,1,5,1,0,0,0,0,0,2,0,0,0,0
0,1,0,2,3,2,2,3,0,2,7,11,3,4,0,2,2,10,1,2,5,4,1,1,14,1,10,2,2,6,0,0,0,0,0,0,0,2
0,0,1,0,2,1,0,0,0,0,2,1,0,0,0,1,0,1,0,1,0,0,0,0,1,0,2,0,2,0,0,0,0,0,0,0,0,0
0,0,0,0,0,1,3,0,1,3,0,3,0,2,0,0,1,2,1,1,2,0,0,3,1,0,3,0,2,1,2,0,0,0,0,0,0,0
0,0,0,11,6,5,12,0,1,2,12,2,3,5,1,2,2,12,5,23,5,20,0,2,31,5,26,26,6,20,2,1,0,8,0,1,0,0
0,0,1,4,6,1,0,0,0,0,3,3,0,2,0,0,0,2,0,1,0,5,1,1,12,0,6,9,0,1,0,0,0,6,0,1,0,0
0,1,0,5,9,12,10,2,1,0,4,3,2,4,0,5,6,27,23,7,1,24,6,5,26,9,27,20,18,30,2,2,1,5,2,2,0,0
0,0,0,1,1,0,4,0,0,0,3,8,0,4,0,0,1,6,3,9,0,1,2,1,19,6,18,16,3,21,0,1,0,13,2,3,0,1
0,0,0,0,0,1,1,1,0,2,2,3,2,0,0,0,1,0,0,0,0,0,0,0,3,1,2,16,0,8,1,0,0,2,0,0,0,0
0,0,0,1,2,3,2,1,0,0,4,1,1,2,0,1,2,6,3,3,0,2,0,0,8,1,37,14,6,41,5,1,2,1,2,4,0,1
0,0,1,0,1,1,3,0,0,2,2,0,0,1,0,0,0,0,0,3,0,0,0,0,0,0,4,1,0,4,1,0,0,1,0,0,0,0
0,0,0,1,0,3,1,0,0,0,1,0,0,0,0,0,0,2,0,2,0,0,0,0,0,0,2,0,0,1,1,0,0,2,0,2,0,4
0,0,0,1,0,2,1,0,0,0,0,1,2,2,0,1,1,1,1,1,1,0,0,0,1,0,1,1,0,4,0,0,1,4,0,1,0,0
0,0,0,0,1,2,0,2,0,0,0,0,0,0,0,0,3,3,1,2,1,1,0,0,3,0,7,13,3,12,1,0,0,3,3,3,0,2
0,0,0,0,0,0,0,0,0,0,0,1,1,0,0,0,0,0,0,1,0,0,0,0,1,0,2,2,1,1,1,0,0,4,0,0,0,0
0,0,0,1,0,0,0,0,1,0,0,2,0,1,0,0,0,0,0,3,0,0,2,0,2,0,2,3,3,4,0,0,3,4,2,0,0,3
0,0,0,0,0,1,0,0,0,0,0,1,0,0,0,0,0,0,1,0,0,0,0,0,1,0,0,0,0,3,0,0,0,0,0,0,0,0
0,0,0,0,0,1,1,0,0,0,2,0,0,0,0,0,0,0,0,1,0,1,0,0,1,1,0,0,0,0,0,0,0,4,0,3,0,0
