3,0,0,0,0,0,0,0,0,0,0,0,0,0,0,0,0,0,0,0,0,0,0,0,0,0,0,0,0,0,0,0,0,0,0,0,0,0
0,18,10,31,3,4,1,1,0,0,0,4,0,0,0,0,1,2,0,0,0,0,0,0,0,0,0,0,1,0,0,0,0,0,0,0,0,0
0,4,12,1,0,11,0,0,0,0,0,2,1,0,0,0,0,0,0,0,0,0,0,1,0,0,0,0,0,0,0,0,0,0,0,0,0,0
9,30,10,136,37,59,18,1,3,6,12,10,4,9,0,4,4,3,0,8,1,1,0,2,2,0,6,1,3,2,0,0,0,0,1,0,0,0
2,12,2,60,11,25,11,5,5,1,13,8,7,7,0,1,7,2,2,9,3,2,0,1,5,4,3,1,2,2,0,0,0,1,0,0,0,0
0,14,24,71,22,150,93,12,15,1,2,5,7,6,5,5,6,3,7,1,0,2,0,6,4,0,11,4,2,9,2,0,3,1,3,0,0,0
0,0,5,36,34,97,47,8,4,1,9,13,18,5,1,2,14,11,6,2,4,7,2,2,5,1,13,2,5,3,0,0,0,0,0,2,0,0
0,0,0,7,3,14,13,0,1,0,1,3,3,4,0,6,5,0,6,2,0,9,0,4,4,1,4,3,2,2,0,0,0,1,0,0,0,0
0,0,3,1,4,12,18,2,1,0,0,3,1,0,0,1,2,2,4,0,0,1,0,0,0,0,0,2,0,1,0,0,0,0,0,0,0,0
0,2,0,4,2,3,0,0,0,0,0,0,0,0,2,2,2,1,1,1,1,3,0,1,2,0,0,0,0,0,0,0,0,2,0,0,0,0
0,0,0,11,20,4,2,1,0,1,13,6,3,1,0,2,3,2,4,15,2,5,2,1,10,4,3,4,6,8,0,0,0,1,0,0,0,1
0,5,1,18,6,18,9,2,5,1,11,3,5,2,1,0,5,18,12,4,4,8,0,0,7,3,5,6,2,3,0,1,0,0,1,0,0,0
0,0,0,9,11,24,22,3,2,0,4,3,2,6,0,4,1,1,8,1,2,2,0,3,2,0,13,3,3,9,0,0,0,1,0,0,0,0
0,1,0,6,3,7,14,2,3,1,2,3,0,1,0,1,2,3,5,8,4,3,2,1,4,1,10,7,6,1,0,0,0,3,0,0,0,0
0,0,0,0,0,1,0,0,0,0,4,1,1,0,0,0,1,0,0,0,0,0,0,0,0,0,3,0,0,0,0,2,0,0,0,0,0,0
0,0,0,3,2,10,8,6,1,1,3,3,2,1,0,1,0,2,0,2,0,1,0,0,0,0,0,1,0,3,0,0,0,0,0,1,0,0
0,1,4,6,2,20,18,1,6,0,8,10,2,4,0,0,6,5,13,0,1,11,2,2,9,2,11,4,1,11,0,0,1,4,0,0,0,3
0,3,2,6,8,12,21,5,7,1,1,5,3,4,0,2,2,4,5,9,2,4,0,4,10,2,28,2,2,9,2,0,0,2,1,0,0,0
1,0,0,0,8,8,16,1,1,2,3,2,1,0,0,0,4,6,3,1,2,4,1,0,6,1,12,8,4,12,2,0,1,0,0,0,0,0
0,0,0,6,8,4,4,2,1,4,8,10,4,4,0,0,3,6,4,7,10,2,0,3,8,0,4,6,0,8,0,2,0,3,0,2,0,3
0,1,2,1,4,0,1,0,0,3,1,2,0,0,0,1,1,2,0,1,0,1,0,0,2,1,5,0,0,2,0,0,0,0,0,0,0,0
0,4,1,5,0,8,7,2,0,1,5,15,4,1,0,0,4,6,4,4,1,2,0,0,10,0,18,1,4,11,0,2,3,1,0,0,0,1
0,0,0,1,0,1,0,1,0,0,0,1,0,1,0,0,0,0,0,0,2,0,0,0,1,0,6,0,2,0,0,0,0,0,0,0,0,0
0,0,0,0,0,2,1,1,0,0,1,5,0,1,0,0,1,4,0,0,0,0,0,1,0,0,12,1,0,0,0,0,1,0,0,0,0,0
0,2,0,6,7,5,7,1,3,4,8,6,3,1,0,1,7,7,6,28,3,11,2,0,30,10,28,22,5,17,5,0,3,4,3,1,0,1
0,0,0,5,2,5,0,0,0,1,2,0,1,2,0,0,0,6,0,1,1,1,1,2,5,0,8,5,0,4,1,1,1,1,0,0,0,2
3,1,3,8,7,17,8,3,7,2,7,4,5,6,1,0,4,17,18,9,8,17,4,5,19,4,29,18,15,39,5,3,4,8,2,4,0,2
1,1,1,5,4,7,0,2,2,0,3,3,2,4,0,0,0,12,1,15,2,3,0,0,25,2,16,19,6,18,2,0,0,8,5,6,0,0
0,0,0,4,1,0,0,0,1,0,1,2,0,0,0,0,0,2,2,1,0,4,0,0,10,0,3,5,3,8,1,0,0,1,0,2,0,1
0,0,0,5,0,8,2,0,2,1,4,3,0,4,0,0,7,2,8,3,0,2,1,2,21,8,29,18,9,41,2,3,0,10,4,2,0,0
0,0,0,0,2,4,0,1,0,0,1,0,0,1,0,0,0,0,1,1,0,0,0,0,0,2,0,0,0,3,3,2,5,1,2,3,0,10
0,0,0,0,0,3,0,0,2,0,0,0,0,0,0,0,0,5,0,0,0,0,0,0,0,0,1,0,0,4,0,0,0,2,0,0,0,1
0,0,0,1,1,5,3,0,0,0,0,1,3,0,0,0,1,0,1,0,0,1,0,1,0,0,2,3,1,3,0,0,0,0,0,1,0,0
0,0,0,3,5,1,0,3,0,1,2,7,2,0,0,0,0,3,0,1,0,4,0,2,3,1,5,7,3,10,2,0,3,4,0,4,0,0
0,0,0,0,0,0,1,0,0,0,0,0,0,0,0,0,0,0,0,1,0,0,0,0,3,2,0,4,0,3,0,0,1,6,0,1,0,0
0,0,0,0,0,1,0,0,0,0,2,1,2,0,0,0,0,2,0,1,0,4,0,0,5,0,3,4,0,2,0,0,0,2,0,0,0,1
0,0,0,0,0,0,0,0,0,0,0,0,0,0,0,0,0,1,0,0,0,2,1,0,0,0,0,3,0,0,0,1,0,0,0,0,0,0
0,0,0,0,0,1,1,0,0,0,3,2,0,0,0,0,1,1,0,2,0,1,0,0,1,0,1,0,2,4,0,0,1,3,1,0,0,0
