4,0,0,0,0,0,0,0,0,0,0,0,0,0,0,0,0,0,0,0,0,0,0,0,0,0,0,0,0,0,0,0,0,0,0,0,0,0
5,7,3,18,0,5,6,0,0,1,1,1,2,0,0,3,0,1,0,0,0,0,0,0,2,0,0,0,0,1,0,0,0,0,0,0,0,0
0,5,15,5,0,7,1,0,0,1,1,0,0,0,0,0,0,0,0,0,0,0,0,0,0,0,1,0,0,0,0,0,0,0,0,0,0,0
7,31,11,155,52,52,31,7,8,2,12,9,3,3,0,1,2,0,1,1,4,4,1,0,0,0,8,2,0,0,0,0,0,0,1,0,0,0
0,13,0,57,21,19,10,8,6,0,9,13,2,7,0,2,6,1,1,4,2,4,0,2,5,2,10,5,1,1,0,0,0,1,0,0,0,0
1,6,19,72,29,140,60,9,5,0,3,10,6,6,0,9,7,1,6,2,0,1,2,3,2,0,10,2,3,4,0,0,1,0,0,1,0,0
1,1,3,30,25,110,55,4,5,2,4,11,18,4,3,10,5,13,3,4,1,7,1,4,13,4,22,4,1,7,0,0,0,1,0,1,0,0
0,0,1,9,10,18,14,0,0,1,2,3,2,3,0,5,13,6,4,2,0,0,0,0,7,3,5,5,3,4,0,1,0,1,0,1,0,0
0,2,0,2,2,15,14,0,0,1,0,2,0,0,0,0,3,2,2,0,0,1,0,0,0,1,0,0,1,1,0,0,0,2,0,0,0,0
0,0,1,10,13,2,1,3,0,0,1,5,0,0,0,0,0,0,1,2,0,2,0,2,2,0,0,1,0,1,0,0,0,1,0,1,0,0
0,1,1,11,10,12,5,0,6,3,6,3,0,4,3,1,0,9,0,6,1,7,0,1,8,2,8,4,1,4,0,0,0,4,0,0,0,0
0,0,0,23,16,16,9,2,0,4,10,3,2,9,0,2,4,10,4,8,4,8,3,4,11,4,8,9,6,9,1,0,0,8,0,1,0,0
0,3,2,5,9,16,25,0,3,0,3,6,3,2,0,0,3,9,6,3,0,2,1,7,5,0,20,3,4,8,1,0,0,1,0,0,0,0
0,0,0,4,13,7,7,4,6,1,2,1,1,0,0,1,2,2,4,3,2,4,3,2,4,1,2,3,0,2,0,0,1,4,0,0,0,1
0,0,0,0,1,0,0,0,0,2,0,1,1,0,0,0,3,0,0,0,0,0,0,0,0,0,2,0,0,1,0,0,0,0,0,0,0,0
0,0,1,6,0,9,7,0,2,0,2,1,3,1,0,0,0,0,2,0,3,1,0,1,1,2,1,0,1,5,1,0,1,2,0,0,0,0
0,0,3,6,6,18,24,4,5,2,3,3,9,4,0,0,2,3,5,2,5,3,1,3,4,0,31,4,2,3,0,0,0,1,0,0,0,1
0,0,0,7,2,8,10,7,2,0,4,9,5,3,1,0,3,1,4,2,0,6,2,1,5,6,25,6,4,10,1,0,3,3,1,0,0,1
3,1,0,1,8,10,14,3,3,0,4,9,5,3,1,2,4,5,1,2,1,4,1,0,4,1,14,2,2,10,1,0,3,0,0,0,0,0
0,1,2,4,5,5,3,1,0,3,9,3,3,4,1,2,2,7,1,17,2,4,0,4,14,6,4,11,4,4,1,0,1,3,0,1,0,0
0,0,0,4,5,1,0,4,1,0,1,2,3,1,0,0,2,1,1,1,0,1,0,0,0,0,2,1,0,4,0,0,0,1,0,0,0,0
0,0,0,1,3,1,5,5,3,1,8,11,7,2,0,2,3,14,11,5,2,3,1,3,11,0,12,8,4,13,1,0,0,1,3,1,0,1
0,0,0,0,0,0,0,0,1,1,0,0,0,0,1,0,1,1,1,2,0,1,0,0,0,0,4,1,0,1,0,0,0,0,0,0,0,0
0,1,0,2,1,8,1,0,0,2,3,0,0,3,0,1,2,4,3,2,1,0,0,0,2,2,6,2,2,1,0,0,0,2,0,0,0,0
0,0,2,6,2,3,8,0,1,3,21,7,0,5,1,0,1,8,1,26,4,6,2,6,23,5,41,31,8,25,3,0,1,13,0,0,0,1
0,0,0,1,1,3,3,0,0,1,3,1,1,1,0,0,0,5,1,2,2,0,0,0,2,2,4,5,0,5,0,0,0,2,1,0,0,1
2,0,0,8,11,5,12,6,3,2,3,8,2,5,0,4,9,41,8,7,1,12,3,5,31,9,37,24,12,32,4,2,4,9,0,1,0,6
0,0,1,2,0,2,3,1,0,0,3,3,0,2,0,0,3,3,1,2,1,4,2,2,21,2,16,21,12,30,1,0,0,8,3,2,0,0
0,0,0,2,1,1,0,0,0,0,0,0,0,0,0,0,0,1,0,0,0,3,0,0,5,0,3,8,0,5,1,0,0,2,1,0,0,0
1,0,0,2,1,4,6,1,1,0,3,1,2,1,0,2,4,7,7,7,0,2,0,4,18,1,26,21,8,51,9,2,9,5,1,4,0,3
0,1,0,1,0,0,4,0,0,0,0,0,0,0,0,0,0,1,0,1,0,0,0,0,0,0,3,4,0,7,2,0,3,0,2,6,1,2
0,0,0,0,0,0,1,0,0,0,0,0,1,1,0,1,2,3,2,2,0,2,0,0,4,0,1,4,1,5,0,0,2,1,0,1,0,1
0,0,0,1,0,4,0,0,1,0,2,0,0,0,0,1,0,0,0,0,0,0,1,0,0,0,2,2,0,3,1,1,0,1,3,3,0,2
0,0,0,0,0,1,0,2,0,0,3,3,1,1,0,0,0,2,0,0,1,4,0,2,5,2,9,13,5,6,0,0,3,2,0,4,0,2
0,0,0,0,1,0,1,0,0,0,0,0,0,0,0,0,0,2,0,1,1,0,0,0,1,0,2,7,2,4,0,1,0,4,0,0,0,0
0,0,0,2,0,0,0,0,0,0,2,2,1,0,0,2,0,0,0,1,0,0,0,0,4,2,2,3,1,1,0,0,1,2,0,2,0,0
0,0,0,0,0,0,0,0,0,0,0,0,0,1,0,0,0,0,0,0,0,0,0,0,2,0,0,0,0,0,0,0,0,0,0,0,0,0
0,0,0,0,0,0,0,0,1,0,0,0,0,0,0,0,2,0,1,1,0,1,0,0,3,0,1,0,0,4,0,1,0,1,0,2,0,0
