1,0,1,2,2,0,0,0,0,0,0,0,0,0,0,0,0,0,0,0,0,0,0,0,0,0,0,0,0,1,0,0,0,0,0,2,0,0
1,10,3,10,1,2,2,0,0,0,0,1,0,0,0,1,0,0,0,0,0,0,0,0,1,0,0,0,0,3,0,0,0,0,0,0,0,0
3,3,12,8,2,9,0,0,0,1,0,1,0,0,0,0,1,0,0,0,0,0,0,0,0,0,0,0,0,1,0,0,0,0,0,0,0,0
7,50,17,172,30,49,27,1,0,0,10,15,1,3,2,3,2,1,0,5,0,2,0,0,8,0,5,4,4,2,0,0,0,1,0,0,0,0
1,4,5,58,15,23,24,3,2,4,12,16,2,4,0,6,0,1,3,6,5,9,4,2,6,1,3,3,2,7,2,0,0,1,0,0,0,0
1,1,19,72,22,145,87,3,7,2,6,2,6,7,0,1,1,7,0,2,1,4,1,0,6,2,16,2,1,6,1,0,0,2,0,1,0,0
0,3,4,25,21,113,73,6,9,1,7,6,7,9,0,8,19,8,20,2,3,6,3,2,12,0,17,6,6,8,0,0,0,1,1,0,0,0
1,2,0,12,1,16,24,0,0,0,3,1,1,2,0,2,15,5,2,2,2,1,2,1,4,0,7,2,0,3,0,0,0,2,0,0,1,0
0,0,4,2,3,16,16,0,4,0,0,3,2,1,0,1,0,0,0,0,0,1,0,1,0,0,1,0,0,0,0,0,0,0,1,0,0,0
0,0,0,4,10,2,1,0,0,2,4,0,0,0,0,0,0,2,0,2,2,1,0,0,2,1,2,1,0,1,0,0,0,0,0,2,0,0
0,0,0,15,18,13,7,2,2,1,7,5,2,3,0,0,3,2,3,8,3,11,2,2,11,7,0,6,3,0,0,1,0,0,0,0,0,0
2,2,0,20,19,19,16,5,4,2,10,2,7,9,0,6,6,4,6,12,0,9,3,1,4,1,7,3,5,9,0,0,0,5,2,2,0,0
0,1,2,19,5,27,26,1,1,1,4,8,2,5,0,2,9,5,4,0,0,4,4,3,8,1,7,2,1,7,1,1,0,1,1,0,0,1
0,0,0,14,7,7,15,2,2,1,9,1,4,3,0,2,6,0,4,5,2,14,0,4,2,0,6,10,1,3,1,0,0,1,2,0,0,1
0,0,0,2,0,0,0,0,0,0,1,1,1,1,0,0,0,0,0,1,0,0,1,2,2,0,0,0,0,1,0,0,0,2,0,0,0,0
0,0,0,0,4,6,6,2,0,1,2,0,3,2,0,1,1,0,4,0,0,2,1,0,2,0,5,1,0,2,0,0,0,0,0,0,0,0
0,2,1,6,7,14,15,4,5,4,6,10,3,1,0,3,3,5,4,5,5,8,0,5,5,4,34,6,2,10,0,0,1,0,0,2,0,3
1,1,2,9,6,7,12,0,4,0,5,10,11,1,0,2,5,5,9,7,4,13,3,4,7,4,26,11,2,15,0,1,0,1,0,0,0,1
0,0,2,3,2,12,5,1,6,0,1,1,8,4,0,0,3,5,5,5,0,3,0,3,7,6,23,6,1,7,0,0,0,6,0,2,0,0
0,0,0,6,9,3,1,0,2,3,7,4,1,1,0,0,5,4,4,6,2,7,3,1,13,3,1,1,2,7,0,0,3,2,0,0,0,2
0,0,0,4,3,1,2,0,0,0,3,5,0,1,0,0,0,0,1,3,0,4,0,0,12,3,2,6,0,3,1,0,0,0,0,0,0,0
0,0,1,2,2,7,6,3,0,2,5,4,1,9,0,0,4,6,2,1,0,3,1,2,8,2,18,8,3,5,1,0,0,3,0,0,0,0
0,0,0,0,0,0,0,2,0,0,0,3,2,1,0,0,0,0,0,0,2,1,0,0,1,0,2,1,0,1,0,0,0,0,0,0,0,0
0,0,0,0,2,3,1,1,1,0,2,5,1,1,0,0,1,0,2,3,2,1,0,1,2,1,4,5,0,1,1,0,0,3,0,0,0,0
0,0,0,10,6,4,4,1,1,9,9,3,0,1,2,5,3,12,10,17,9,6,0,7,46,9,22,23,9,28,1,0,0,15,2,2,0,0
0,1,0,2,2,0,3,1,0,1,2,2,0,2,0,0,0,6,4,1,0,0,0,0,7,3,8,4,2,5,0,0,0,6,1,1,0,0
0,1,0,1,3,20,15,4,1,1,3,6,4,3,2,5,13,25,21,9,4,14,1,8,27,11,42,19,14,41,1,3,2,1,5,2,1,0
1,0,0,2,5,4,3,1,0,0,7,2,2,3,0,0,1,5,0,8,0,4,1,1,24,5,16,25,6,25,1,0,0,10,2,2,0,0
0,0,0,0,0,0,1,0,0,0,3,0,0,1,0,1,1,5,0,2,0,0,3,3,4,1,5,8,2,17,0,1,1,4,3,0,0,0
0,0,0,3,1,4,2,0,2,1,2,5,1,5,0,4,1,5,5,6,3,8,1,2,14,5,26,28,8,48,2,1,1,3,1,0,0,4
0,0,0,0,1,0,0,0,0,0,1,1,0,0,0,0,2,2,0,0,0,2,0,0,0,0,5,4,0,5,2,2,1,2,2,1,0,0
0,0,0,0,2,3,4,0,0,0,0,0,0,2,0,0,1,0,0,0,0,0,2,0,1,0,5,0,1,7,0,0,0,1,0,0,0,0
0,0,0,0,1,2,1,0,0,0,0,0,1,2,0,0,0,1,0,1,2,2,2,0,1,0,2,0,2,12,3,0,1,2,1,1,0,1
0,0,0,0,0,2,1,0,1,0,1,0,0,3,0,0,5,0,3,2,1,2,1,0,11,1,8,20,4,10,6,6,1,6,1,3,0,1
0,0,0,0,0,1,0,0,0,2,0,0,0,0,0,0,0,0,0,0,0,1,0,0,1,2,3,6,3,2,0,0,0,4,0,1,0,0
0,0,0,1,0,0,1,1,0,0,1,0,0,0,0,0,1,2,0,2,0,0,0,0,1,0,3,7,2,0,0,0,3,2,1,3,0,2
0,0,0,0,1,0,0,0,0,0,1,0,0,0,0,0,0,0,0,0,0,0,0,0,0,0,0,2,0,1,0,0,0,0,0,0,0,0
0,0,0,0,1,2,0,0,0,0,0,2,0,1,0,0,1,0,0,3,0,1,0,0,0,2,0,1,0,5,1,0,0,2,0,0,0,0
