6.62555555556
2.19142857143
1.88617647059
1.67579676674
1.62483471074
1.74240825688
1.63303703704
1.73896
1.49472727273
1.56404761905
1.59547445255
1.690625
1.69777777778
1.69886178862
1.66444444444
1.52711111111
1.71803278689
1.75108108108
1.74819672131
1.69135135135
1.62653846154
1.61243243243
1.14941176471
1.64837837838
1.58296819788
1.64457142857
1.49399408284
1.81833333333
1.63407407407
1.70311557789
2.57709677419
4.53939393939
3.49282051282
1.86784946237
2.34041666667
2.67551724138
3.14142857143
3.9064
