1,0,0,0,0,0,0,0,0,0,0,0,0,0,0,0,0,0,1,0,0,0,0,0,0,0,0,0,0,0,0,0,0,0,0,0,0,0
1,7,6,32,4,1,1,0,0,0,1,0,0,0,0,1,0,0,0,2,0,0,0,0,0,0,1,0,0,2,0,0,0,0,0,0,0,0
3,7,8,0,0,6,3,0,0,0,0,0,0,0,0,0,0,0,0,0,0,0,0,0,0,0,0,0,0,0,0,0,0,0,0,0,0,0
7,58,11,111,58,60,21,2,2,0,21,9,1,5,1,3,1,2,2,3,1,0,0,0,2,0,4,3,1,3,0,0,0,0,0,1,0,0
2,6,1,76,23,22,16,2,2,7,18,7,7,2,2,9,5,2,3,6,9,7,0,0,3,2,6,6,0,2,1,0,0,1,0,2,0,0
0,5,15,74,32,148,78,17,2,1,7,8,6,9,0,3,10,5,8,3,0,4,0,0,3,0,5,5,0,6,1,0,1,0,0,2,0,0
1,9,3,36,24,109,77,15,13,0,4,8,11,3,3,3,15,3,5,2,5,5,0,2,7,3,10,7,2,3,0,1,0,1,0,1,0,0
0,4,1,8,10,17,17,0,1,1,2,5,7,3,0,10,14,8,5,2,4,5,1,0,7,4,18,1,2,6,0,0,0,4,0,2,0,3
0,0,0,5,3,15,13,1,1,0,0,1,3,1,0,4,0,3,2,1,0,0,0,0,0,1,1,2,0,0,0,0,0,0,0,0,0,0
0,3,0,12,11,3,3,0,0,0,3,1,1,2,0,0,1,4,2,2,0,2,0,0,1,0,0,0,0,2,0,0,0,0,1,0,0,0
0,2,1,13,11,10,2,0,0,4,4,3,2,4,0,3,2,2,2,13,0,8,1,0,15,2,5,3,1,7,1,0,0,5,0,2,0,0
0,1,5,16,27,14,22,1,1,3,13,3,5,9,0,7,6,12,5,5,6,12,3,5,6,2,9,15,2,6,0,0,1,2,0,1,0,1
2,1,1,11,8,26,21,2,3,0,6,6,2,3,0,3,8,4,13,3,0,4,0,3,4,0,14,3,0,9,3,1,1,2,0,1,0,0
1,0,0,9,4,8,11,2,0,0,2,4,4,0,0,1,1,1,1,3,2,9,2,0,6,1,2,7,0,7,0,0,0,2,0,4,0,0
0,0,0,3,2,2,1,0,0,0,0,0,0,0,0,0,0,1,0,0,0,1,0,0,1,0,2,0,0,0,0,0,0,0,0,0,0,0
0,0,0,2,4,7,10,0,1,0,1,4,3,1,0,1,2,2,0,1,1,5,2,1,5,3,2,1,0,1,1,0,1,2,0,0,0,0
0,2,1,6,10,17,23,3,5,0,7,3,11,5,0,0,0,6,12,2,3,7,1,4,1,3,21,9,0,17,0,6,1,2,0,0,0,0
0,1,0,7,2,8,22,1,4,3,9,6,10,4,1,0,3,4,6,2,4,9,0,10,6,0,25,11,3,11,1,0,1,2,0,2,0,0
0,0,0,3,4,15,14,5,8,3,10,1,9,2,1,0,6,4,6,2,1,4,2,4,11,2,19,10,2,8,0,0,1,2,0,0,0,0
4,0,2,0,5,8,5,3,0,4,12,16,2,6,0,0,3,16,3,13,3,2,2,6,14,0,11,14,2,3,1,1,0,4,0,0,0,0
0,0,0,2,1,1,2,0,0,2,2,2,1,0,0,0,2,0,2,1,0,0,0,1,1,1,2,4,1,1,0,0,0,0,0,0,0,1
0,0,0,1,4,5,7,0,0,1,16,4,2,3,1,4,6,11,7,3,2,4,1,0,12,4,12,8,1,5,0,0,1,4,0,0,0,0
0,0,0,1,1,1,2,0,0,1,1,0,0,0,0,1,0,1,1,0,0,0,0,0,3,0,3,0,0,4,0,0,0,0,0,0,0,0
0,1,0,1,1,1,1,1,0,0,2,1,3,4,0,0,4,3,1,3,0,1,0,1,5,0,6,8,0,10,1,0,0,3,0,0,0,1
0,1,0,13,5,5,8,0,2,8,16,9,0,5,1,2,3,20,3,25,4,12,1,2,30,3,45,46,10,33,0,0,7,10,1,3,0,0
0,0,1,2,2,1,2,4,1,0,5,3,0,4,0,1,4,2,3,1,1,1,0,1,6,2,7,8,1,5,0,0,0,3,0,0,0,3
0,0,1,9,7,13,6,0,5,1,7,6,8,12,0,7,7,22,22,9,1,18,2,2,42,7,35,27,11,46,3,2,0,7,1,1,0,0
0,1,0,6,2,4,4,0,0,1,7,1,0,2,0,3,0,2,7,13,0,1,2,0,18,2,16,21,12,31,2,0,0,9,3,6,0,4
0,0,0,1,0,1,1,0,0,0,1,0,2,0,1,0,0,2,1,0,0,4,0,0,7,4,6,5,0,13,1,0,0,5,1,0,0,0
0,0,2,8,0,1,5,0,0,0,2,1,0,1,1,1,2,7,6,4,1,2,1,4,24,3,27,31,8,52,6,3,0,7,1,2,0,6
0,0,0,0,2,1,1,1,0,0,0,0,0,0,0,0,0,0,0,0,0,1,0,0,0,0,0,0,1,3,0,1,2,1,1,1,0,3
0,0,0,0,0,0,2,0,1,2,0,1,1,1,0,0,0,1,0,0,0,0,0,0,1,0,2,0,0,9,1,0,3,1,1,1,0,1
0,0,0,1,0,4,1,0,0,0,1,1,0,0,0,0,1,3,0,0,0,0,0,0,2,0,2,4,2,6,1,0,0,3,0,0,0,3
0,1,0,0,0,0,1,0,0,0,3,1,1,6,0,0,1,6,5,6,0,1,0,1,14,0,13,20,2,14,3,1,6,4,2,5,0,0
0,1,0,0,0,0,0,0,0,0,2,1,1,0,0,2,0,0,0,0,0,0,1,0,3,0,0,4,1,2,0,0,2,2,0,9,0,2
0,0,0,0,0,0,0,0,0,0,0,0,0,0,0,0,0,0,3,4,1,0,0,0,1,0,1,4,0,1,2,0,0,4,3,1,0,0
0,0,0,0,1,3,0,0,0,0,0,0,0,0,0,0,0,0,0,0,0,0,0,0,1,0,1,2,0,1,0,0,0,0,0,0,0,0
0,0,0,2,0,0,1,2,0,1,5,0,0,2,0,2,0,0,0,2,0,0,0,0,0,0,0,2,0,2,0,0,0,3,3,0,0,3
