0,0,0,1,0,0,0,0,0,0,0,0,0,0,0,0,0,0,0,0,0,0,0,0,0,0,0,0,0,0,0,0,0,0,0,0,0,0
1,12,6,20,6,9,1,0,0,0,3,2,1,1,0,0,2,1,0,0,0,0,0,0,0,0,0,0,0,0,0,0,0,0,0,0,0,0
1,1,5,1,0,4,3,0,0,0,0,1,0,0,0,0,0,0,0,0,0,0,0,0,0,0,0,0,0,0,0,0,0,0,0,0,0,0
11,58,16,173,49,63,30,4,0,2,12,10,3,5,0,2,4,0,0,4,2,1,0,0,6,1,2,2,0,4,0,0,0,1,0,0,0,0
3,19,8,126,21,24,12,8,1,7,12,8,0,3,0,5,3,3,0,10,5,6,1,1,6,0,4,4,1,0,0,0,0,3,1,1,0,1
0,10,13,75,16,124,68,6,5,0,5,5,8,7,1,3,10,3,4,3,0,5,0,0,5,0,11,2,0,17,0,0,0,2,0,1,0,1
1,2,11,24,19,97,69,9,6,2,7,14,12,4,0,2,30,8,8,6,3,4,0,1,8,1,15,6,3,6,1,0,1,4,0,0,0,0
0,1,3,10,6,26,22,2,0,2,7,6,6,4,0,2,6,5,8,5,0,0,1,1,14,0,10,2,2,5,1,1,0,2,1,1,0,0
0,0,0,1,4,17,20,4,3,0,0,4,3,1,0,0,5,2,1,0,0,0,0,1,0,0,2,0,2,4,0,0,0,2,0,0,0,0
0,0,0,12,4,1,0,0,0,0,0,4,0,0,0,0,1,0,0,6,1,2,0,0,7,0,2,1,0,3,0,0,1,1,0,1,0,0
1,6,3,43,22,4,9,0,1,2,6,10,2,5,0,7,1,2,1,6,2,7,0,1,2,1,7,9,1,4,0,0,0,1,0,3,0,0
0,4,0,25,20,20,18,4,4,0,1,2,2,6,0,1,4,5,7,3,7,15,5,1,7,4,9,5,3,11,2,0,1,2,2,0,0,0
0,0,3,10,8,29,20,7,5,4,2,3,8,5,0,4,5,12,11,2,3,3,1,2,2,2,9,3,1,4,0,1,3,2,0,0,0,0
0,1,2,11,8,8,10,2,0,1,0,0,3,0,2,1,2,3,0,3,2,9,2,2,4,2,12,1,3,6,0,0,1,3,0,0,0,0
0,0,0,4,1,1,1,0,0,0,0,0,0,0,0,0,0,0,1,0,0,0,0,0,0,0,3,0,0,0,0,0,0,0,0,1,0,0
0,0,5,4,1,5,9,0,1,0,4,0,6,1,0,1,2,1,2,0,1,1,0,3,4,2,14,0,3,5,0,0,0,1,0,0,0,0
0,0,1,4,16,31,33,1,8,0,6,13,8,7,0,2,4,7,12,6,1,7,1,4,6,1,20,4,6,11,0,1,0,2,1,0,0,0
0,1,0,12,3,14,17,0,2,0,7,4,7,3,1,1,3,4,6,4,1,8,2,9,13,0,14,0,2,22,1,0,0,7,1,0,0,0
0,0,0,9,4,2,9,0,0,0,10,0,4,5,0,1,2,15,5,1,5,6,0,2,6,1,19,8,3,14,1,0,0,2,0,0,0,0
0,1,2,9,5,4,3,0,1,8,17,11,3,1,0,0,6,5,3,12,0,6,1,1,19,8,4,10,3,9,1,0,2,0,0,2,0,3
0,0,0,5,7,6,4,0,0,0,5,1,0,0,1,1,0,0,1,0,0,6,0,0,1,0,3,3,0,0,0,0,0,0,0,0,0,0
0,0,2,6,4,2,7,5,0,2,12,2,9,4,0,4,2,16,6,7,5,0,1,4,11,1,12,9,3,12,0,0,2,1,0,0,0,0
0,0,0,0,0,1,1,0,0,0,3,1,2,2,0,0,1,2,0,0,1,2,0,0,0,1,8,1,3,1,0,0,0,1,0,0,0,0
0,0,0,0,4,1,3,1,0,0,1,0,1,2,0,0,5,3,7,2,1,3,0,0,2,1,6,2,3,4,0,0,0,0,0,0,0,0
0,0,4,15,15,3,11,2,2,6,9,9,1,6,0,2,3,11,10,28,5,11,5,3,43,9,34,39,11,23,3,0,2,6,0,8,0,0
0,0,0,2,5,2,1,0,0,1,4,4,1,3,0,0,0,8,3,5,4,2,0,0,5,0,7,4,3,6,0,0,0,0,5,1,0,0
1,0,0,6,5,19,13,3,1,0,7,6,5,7,0,0,11,19,23,13,5,12,0,3,22,2,55,47,17,52,0,4,0,12,3,3,0,0
0,0,0,5,7,8,3,0,2,3,4,1,1,5,0,0,1,2,2,3,2,1,1,1,30,6,25,21,16,37,2,2,0,8,1,2,0,1
0,0,0,2,2,0,2,1,1,2,2,1,1,0,1,0,1,3,0,1,0,3,0,1,7,0,10,3,2,15,2,0,0,5,0,3,0,0
0,0,0,1,6,8,1,0,3,2,2,2,2,10,0,1,7,3,4,2,1,8,0,5,24,2,30,28,7,50,4,7,5,9,6,5,0,2
0,0,0,3,0,1,3,0,0,0,0,1,0,1,0,0,0,1,0,0,1,3,0,0,1,0,0,1,0,4,1,1,1,6,0,1,0,3
0,0,0,0,0,0,4,1,0,0,1,0,1,0,0,0,0,1,0,0,0,0,0,0,1,0,0,1,0,4,5,0,0,5,0,1,0,1
0,0,0,2,0,9,5,0,0,0,5,0,3,0,0,0,1,0,4,3,0,0,0,0,1,0,3,3,0,9,2,0,0,3,1,2,0,2
0,0,0,2,2,1,2,0,0,3,3,0,0,2,0,0,5,0,0,8,0,4,0,0,6,1,2,18,4,25,1,2,1,8,0,5,0,0
0,0,0,0,0,0,0,0,1,1,0,0,0,2,0,0,0,0,3,0,0,0,0,0,5,1,2,5,4,6,3,0,0,2,0,4,0,0
0,0,0,0,0,0,0,0,0,0,6,0,0,0,0,0,0,0,0,1,0,1,0,0,0,2,1,5,0,7,1,0,3,3,0,0,0,0
0,0,0,0,0,1,0,0,0,0,4,2,0,0,0,0,0,1,0,0,0,0,0,0,1,0,0,0,0,0,0,0,0,4,0,0,0,0
0,1,0,0,4,0,2,0,0,0,2,0,1,1,0,0,0,1,1,3,0,0,1,1,2,2,2,3,0,2,1,1,0,5,5,0,0,0
