1,1,0,4,2,2,1,0,0,0,0,0,0,0,0,0,0,0,0,0,0,0,0,0,0,0,0,0,0,0,0,0,0,0,0,0,0,0
3,19,4,21,6,9,3,0,0,0,0,0,0,0,0,0,0,3,0,2,0,0,0,0,0,0,0,2,0,0,0,0,1,0,0,0,0,0
0,5,6,5,0,12,1,0,0,0,0,2,0,0,0,0,0,0,1,0,0,0,0,0,0,0,0,0,0,0,0,0,0,0,0,0,0,0
20,90,8,184,35,62,19,4,0,1,12,8,0,5,0,1,1,2,2,4,0,2,1,0,3,4,5,0,1,5,0,0,0,5,1,0,0,0
3,23,8,122,29,27,15,0,0,3,12,5,1,4,0,5,1,3,1,7,1,1,2,0,5,0,3,3,1,1,1,0,0,2,1,0,0,1
1,9,14,59,14,119,89,11,15,2,3,6,10,6,1,5,9,2,1,1,2,3,0,1,6,4,7,3,3,14,1,0,0,2,0,0,0,0
0,1,5,31,28,93,53,4,11,2,3,9,21,6,0,7,7,13,3,0,4,14,3,0,1,2,9,8,2,5,0,2,0,1,0,0,0,0
0,2,2,6,5,25,18,1,1,0,4,5,3,4,1,7,7,5,4,2,4,0,0,6,6,0,13,1,4,5,0,0,0,2,1,0,0,0
0,0,0,2,3,15,14,0,1,0,2,0,1,0,1,0,3,2,1,0,0,0,0,0,0,0,4,1,1,2,0,0,0,1,0,1,0,0
0,2,0,4,2,1,3,0,0,1,5,0,0,0,0,1,1,1,0,2,1,3,0,0,4,0,3,8,0,2,1,0,0,1,0,1,0,0
2,11,2,51,31,4,13,1,2,0,11,4,4,1,0,1,2,4,5,10,2,10,0,0,5,0,5,11,1,1,0,0,2,5,0,2,0,0
0,6,0,35,19,16,22,2,7,3,2,5,6,2,0,3,6,5,0,2,2,12,4,3,8,5,7,4,4,8,0,0,4,1,0,2,0,1
0,2,3,15,7,35,27,0,0,1,4,2,2,5,0,0,8,9,9,3,1,2,0,2,4,2,23,3,4,11,0,0,2,0,0,1,0,0
1,1,0,20,8,10,2,2,2,0,3,6,3,3,0,0,7,1,4,2,0,7,1,2,4,2,13,1,1,5,0,0,0,1,0,0,0,0
0,0,0,0,0,0,2,0,0,0,0,0,0,0,0,2,0,0,0,0,0,0,0,0,0,0,1,0,0,2,0,0,0,0,0,0,0,0
0,0,0,3,4,12,4,2,2,1,4,1,6,0,0,0,0,1,0,3,0,6,1,0,1,0,9,3,0,1,0,0,0,2,0,0,0,0
1,0,0,15,11,40,19,4,4,1,0,5,8,3,1,3,4,4,4,7,2,10,2,0,5,2,18,3,0,13,0,1,2,5,0,2,0,0
1,3,1,6,8,14,17,1,5,0,8,4,9,5,0,2,7,1,1,5,1,5,1,5,9,7,19,4,3,18,1,0,1,4,0,1,0,0
0,0,0,2,4,8,11,0,2,0,5,0,5,3,0,0,5,9,1,3,1,2,2,1,5,0,28,10,2,16,0,0,0,1,0,1,0,0
0,2,2,13,7,4,8,1,0,9,16,4,4,4,0,2,9,11,3,9,4,4,2,0,10,2,13,3,5,9,1,0,0,3,1,1,0,1
0,3,0,2,9,2,5,0,0,0,7,3,1,1,0,2,2,2,0,4,0,1,0,0,3,4,1,4,0,4,1,0,0,2,0,0,0,0
1,0,1,2,6,8,8,3,3,0,5,9,4,2,2,0,5,11,4,1,2,5,0,0,15,5,18,10,4,10,2,0,0,3,2,1,0,1
0,0,0,0,1,5,1,2,0,0,3,3,3,2,0,0,0,0,4,1,0,0,1,0,4,0,12,0,0,0,0,0,0,0,0,0,0,0
0,0,0,2,2,5,4,1,5,0,4,2,0,1,0,0,0,5,5,4,0,4,0,0,5,0,9,5,0,4,0,0,0,2,0,0,0,0
0,3,0,14,14,4,7,1,1,4,16,8,2,5,3,1,1,18,10,17,6,15,2,4,38,9,40,37,13,27,2,0,2,16,1,3,0,1
0,0,0,3,5,2,2,1,0,1,3,0,2,3,0,1,0,4,4,1,1,1,0,2,5,0,11,4,0,9,1,0,0,1,0,0,0,0
2,0,0,5,7,29,10,1,3,0,6,1,8,9,0,3,6,36,18,14,4,11,1,6,26,2,52,46,8,68,5,2,0,10,0,7,0,2
1,1,0,8,4,1,1,0,1,0,7,6,0,5,0,0,0,16,6,4,0,4,0,2,21,11,21,28,6,32,1,1,0,12,5,1,1,3
0,1,0,0,2,1,6,0,1,0,4,1,1,1,0,0,0,0,0,1,0,0,0,0,6,1,7,8,0,14,0,0,0,2,1,0,0,0
0,0,0,2,4,5,4,1,0,0,8,1,1,6,0,0,1,3,7,3,1,10,2,0,29,3,46,43,12,52,2,0,1,13,5,3,0,2
0,0,0,1,0,0,1,0,0,0,2,1,1,1,0,0,0,1,0,0,1,3,0,0,1,0,0,2,0,5,4,2,3,1,0,1,0,0
0,0,0,0,0,0,0,0,0,0,0,0,0,0,0,0,0,1,0,0,0,0,1,0,1,0,0,6,0,8,2,0,2,2,0,5,0,5
0,0,0,2,1,0,2,0,0,1,0,1,3,0,0,0,1,3,3,2,0,0,0,0,0,0,3,2,1,5,0,3,1,2,3,0,0,1
0,0,0,4,2,1,0,0,0,2,8,2,0,5,0,0,1,3,1,4,0,7,3,2,10,4,13,17,5,17,0,0,2,4,1,5,0,0
0,2,0,0,0,0,1,0,2,0,0,0,0,0,0,0,0,3,0,1,0,0,0,0,4,0,0,6,1,10,0,0,0,3,0,1,0,0
0,0,0,1,0,0,0,0,0,1,4,1,0,0,0,0,0,3,0,0,0,0,0,0,1,0,2,4,0,5,0,0,0,4,0,1,0,1
0,0,0,0,0,0,0,0,0,0,1,2,0,1,0,0,0,0,0,0,1,0,0,0,3,0,0,0,1,3,0,0,1,0,0,0,0,1
0,2,0,0,0,0,1,0,0,0,1,0,0,0,0,0,0,0,0,0,0,0,1,0,2,0,0,4,0,4,0,0,0,4,1,0,0,0
