0,3,1,2,0,0,0,0,0,0,0,0,0,0,0,0,0,0,0,0,0,0,0,0,0,0,0,0,0,0,0,0,0,0,0,0,0,0
2,10,7,9,0,2,0,0,0,0,0,0,0,0,0,0,0,0,0,0,0,0,0,0,0,0,1,0,0,0,0,0,0,1,0,0,0,0
3,3,6,0,0,7,2,0,0,0,0,0,0,0,0,0,0,0,0,0,0,0,0,0,0,1,0,0,0,0,0,0,0,0,0,0,0,0
28,109,6,158,52,67,22,3,4,4,15,12,9,4,0,3,3,2,0,3,5,1,0,1,2,1,1,2,1,0,0,0,1,1,2,3,0,0
4,25,8,102,21,18,20,5,1,2,19,9,4,9,0,4,1,0,4,7,0,4,0,6,5,2,6,6,2,1,0,0,0,0,0,0,0,1
3,6,13,62,18,110,63,11,10,0,8,12,13,3,0,4,11,6,2,3,3,5,2,0,5,2,11,9,1,7,0,0,0,1,0,0,0,0
1,4,5,41,27,111,68,7,5,0,6,9,14,7,0,0,12,10,10,1,1,3,1,1,7,3,16,3,1,12,2,4,2,2,0,4,0,0
1,0,1,8,5,22,11,1,1,0,2,2,4,1,0,4,8,9,8,2,2,4,0,1,4,0,10,3,2,14,0,1,0,1,0,0,0,2
4,0,0,3,0,12,17,0,4,0,1,2,5,2,0,0,2,2,3,0,0,0,0,0,0,0,1,0,1,3,0,0,0,0,0,0,0,0
0,1,1,9,7,1,0,0,1,1,4,2,0,1,0,0,3,2,0,3,1,0,1,2,2,2,3,2,3,0,0,0,0,0,1,0,0,0
0,3,2,45,31,11,3,4,2,3,18,6,8,2,0,2,8,10,4,11,3,10,0,0,15,2,11,11,1,4,0,0,0,1,0,0,0,0
0,5,1,22,23,21,7,5,3,1,14,2,0,4,0,3,7,9,7,1,5,9,0,0,8,1,5,6,4,3,0,0,0,4,1,1,1,0
0,0,2,15,6,25,30,3,5,1,3,3,7,0,0,3,4,6,9,0,5,2,3,2,4,1,26,2,2,4,0,0,2,2,1,0,0,0
0,2,0,4,10,14,3,1,0,0,8,3,3,0,0,2,6,0,4,4,2,1,0,1,4,2,2,3,1,5,0,0,0,4,0,0,0,0
0,0,0,0,0,1,1,0,1,0,1,0,0,0,0,0,1,0,0,0,0,1,0,1,0,0,0,0,0,0,0,0,0,0,0,0,0,0
0,0,0,5,1,7,8,4,6,0,0,0,2,1,0,1,1,1,0,1,1,2,0,0,3,0,7,2,1,5,0,0,0,2,0,0,0,0
0,2,0,11,10,19,30,4,2,2,8,7,1,2,0,0,7,7,7,5,2,3,3,7,7,0,21,4,0,8,0,0,1,2,0,1,0,0
0,0,0,3,12,16,18,3,9,3,9,4,7,2,1,1,7,3,10,3,2,6,1,4,4,1,25,10,1,10,3,0,0,5,2,0,0,0
0,0,0,1,0,12,16,4,2,0,4,6,10,1,3,0,3,7,3,0,3,6,1,5,8,2,13,5,1,12,0,0,1,1,0,0,0,0
2,1,0,8,4,5,7,0,3,7,30,5,1,7,0,1,4,11,4,15,7,0,0,2,18,2,3,9,2,11,0,0,0,1,0,1,0,3
1,3,0,7,5,1,0,0,2,0,0,4,0,1,1,1,1,2,0,1,0,2,3,2,0,0,1,3,0,2,0,0,0,0,0,0,0,0
0,0,1,8,1,6,10,1,0,5,11,10,0,7,0,0,5,12,4,7,2,2,2,3,8,0,8,8,3,8,3,1,1,6,0,4,0,0
0,0,1,0,0,3,0,1,1,3,1,1,2,0,0,2,0,4,2,1,0,0,1,0,1,0,5,1,0,1,0,0,0,0,0,0,0,0
0,0,2,2,0,4,2,0,2,0,0,0,0,3,0,1,2,6,0,1,0,1,0,1,0,2,13,5,1,2,0,0,0,1,0,0,0,0
0,2,3,11,4,3,6,4,2,8,16,2,2,8,0,0,0,9,7,21,5,9,3,7,35,6,29,35,11,31,3,1,2,18,3,2,0,1
0,0,1,5,5,4,3,0,0,0,6,1,1,5,0,0,1,5,1,1,2,1,2,0,5,2,5,12,3,11,0,1,0,2,1,0,0,0
0,1,2,12,8,20,14,4,10,3,7,5,5,3,0,3,12,21,25,8,0,16,8,4,32,1,48,21,21,61,4,1,2,14,1,1,0,0
0,0,0,5,8,0,5,0,2,1,8,2,0,2,0,1,1,2,2,10,3,2,1,1,33,5,14,20,8,30,2,0,1,17,0,1,0,0
0,0,0,0,2,4,1,0,0,0,6,3,0,0,0,1,0,4,3,4,0,4,0,0,16,1,2,12,2,19,1,0,1,3,1,0,0,2
0,0,0,3,2,7,2,0,2,2,1,3,6,1,0,0,2,7,12,5,2,9,0,1,22,4,53,32,6,74,3,3,4,7,2,2,0,0
1,2,0,1,1,3,2,0,0,0,4,0,0,0,0,0,3,0,2,0,0,0,0,0,2,0,0,3,1,8,4,0,2,2,1,2,0,1
0,0,0,1,1,0,2,0,0,0,1,1,0,0,0,0,0,1,0,1,0,3,0,0,2,1,5,1,1,9,0,0,1,0,6,0,0,1
0,0,0,1,0,5,4,0,0,0,0,0,1,0,0,0,0,4,3,0,0,1,0,0,3,0,5,4,4,7,2,0,0,0,0,3,0,0
0,0,0,1,2,3,2,0,0,1,1,0,1,1,0,0,4,4,3,3,1,1,0,0,9,2,7,9,6,11,0,2,3,3,8,3,0,0
0,0,0,0,0,0,1,0,0,0,1,0,0,0,0,0,0,2,0,0,0,0,0,0,4,3,1,2,2,4,0,3,0,5,1,1,0,1
0,0,0,1,0,0,0,0,0,0,2,0,0,0,1,0,1,3,0,5,0,0,0,0,3,0,3,5,5,7,3,0,4,2,0,2,0,2
0,0,0,0,1,0,0,0,0,0,0,1,0,0,0,0,0,0,0,0,0,0,0,0,1,0,0,2,0,0,0,0,0,0,0,0,0,0
0,0,0,0,1,0,1,0,1,0,0,3,0,1,0,0,1,0,0,1,0,0,0,1,0,0,0,2,1,4,0,1,2,5,0,1,0,1
