2.73125
2.14820895522
2.05722222222
1.75674747475
1.79380090498
1.8288772846
1.69447761194
1.68672727273
1.56527272727
2.1329787234
1.81715736041
1.80081395349
1.8218452381
1.63857142857
1.725
1.64208333333
1.76111702128
1.78336448598
1.69985507246
1.94340740741
2.0025
1.75322580645
1.93909090909
1.89710526316
1.79702064897
1.89507042254
1.70703504043
1.59352331606
1.67336956522
1.57619607843
2.77636363636
3.6475
3.36266666667
2.05016949153
3.15217391304
3.36914893617
3.64428571429
4.19277777778
