3,1,2,1,0,1,0,0,0,0,0,0,0,0,0,0,0,0,0,0,0,0,0,0,0,0,0,0,0,0,0,0,0,0,0,0,0,0
2,16,12,15,4,8,2,1,0,0,1,0,0,0,0,0,0,0,0,0,2,0,0,0,0,0,0,0,0,0,0,0,0,0,0,0,0,0
0,4,4,1,1,3,0,0,0,0,0,0,0,0,0,0,0,0,0,0,0,0,0,0,0,0,0,0,0,1,0,0,0,0,0,0,0,0
22,71,11,149,64,73,23,1,3,1,19,6,3,6,0,2,3,3,2,2,1,2,0,3,3,1,0,6,2,2,2,0,0,1,0,0,0,0
1,13,5,57,33,26,15,1,1,4,17,5,5,2,0,5,0,4,2,14,4,3,0,2,8,0,3,5,1,3,1,0,0,0,0,0,0,0
1,5,10,51,20,119,62,4,5,0,3,11,15,6,0,1,5,2,4,3,2,2,5,1,5,0,7,5,2,6,2,0,0,3,1,3,0,0
0,8,5,42,37,96,70,11,12,0,10,5,10,7,0,1,20,11,4,2,3,6,2,3,6,2,17,2,1,10,2,0,0,2,0,1,0,0
2,0,0,11,1,23,22,0,0,0,5,4,4,5,0,9,8,5,7,2,1,1,2,1,13,2,15,4,1,0,2,1,1,0,0,0,0,0
0,0,0,2,0,23,11,1,2,0,0,3,1,0,0,0,1,0,2,0,2,1,1,0,2,1,3,0,0,1,0,0,0,0,0,0,0,0
0,0,1,7,6,3,3,1,0,1,1,0,0,2,0,0,3,1,1,3,0,1,0,0,6,0,1,1,0,3,0,0,0,1,0,2,0,0
0,2,1,42,23,15,12,1,0,8,13,3,4,1,0,1,3,1,0,9,3,8,0,0,13,2,7,9,1,5,2,1,0,2,0,0,0,0
0,1,0,31,18,16,32,1,4,6,13,2,7,9,0,3,8,3,3,2,5,7,2,3,17,5,13,17,3,11,1,2,1,1,0,0,0,0
1,2,2,13,10,24,27,1,5,0,3,4,6,0,0,1,5,1,2,5,1,2,0,6,2,0,17,6,3,6,1,0,1,1,1,2,0,0
0,2,0,5,12,12,8,2,1,1,8,6,4,3,1,1,7,4,12,9,0,8,1,2,6,4,5,2,0,8,0,0,0,2,0,0,0,0
0,0,0,1,0,0,2,0,0,0,1,0,0,0,0,0,0,0,3,0,0,0,0,0,0,0,4,0,0,0,0,0,0,0,0,0,0,0
0,1,0,2,0,12,9,2,2,0,0,1,3,0,0,0,0,1,5,1,1,0,0,1,3,0,2,0,3,0,1,0,0,0,0,0,0,0
0,4,1,3,2,27,23,5,9,0,3,10,4,7,1,0,4,3,11,0,2,9,2,1,7,1,22,9,1,6,0,1,3,1,1,0,0,1
0,2,0,2,6,23,22,2,6,1,8,13,4,2,0,3,2,4,3,2,3,10,0,9,7,3,35,11,6,20,2,0,3,8,1,1,0,1
0,3,1,5,4,12,6,4,3,2,2,3,3,1,0,0,7,8,1,2,1,9,1,2,17,0,12,6,5,22,0,0,0,2,0,0,0,0
1,3,0,4,7,1,3,2,1,9,14,3,2,5,0,0,1,5,0,11,2,3,3,0,17,0,8,10,2,10,2,0,2,4,1,1,0,0
0,2,1,10,7,1,2,0,0,1,4,2,0,1,0,2,0,0,1,0,2,1,0,0,3,0,3,5,3,5,0,0,0,1,0,0,0,0
1,1,0,4,4,10,5,0,1,1,9,8,2,3,0,1,3,15,3,3,1,4,2,0,6,0,15,5,5,7,2,1,0,2,0,0,0,1
0,0,0,5,5,2,1,0,0,1,0,0,1,1,0,0,0,0,0,0,0,0,3,0,4,1,1,2,4,0,2,0,0,2,0,0,0,0
0,0,0,2,3,2,0,0,0,0,5,2,1,2,0,2,0,1,1,2,0,1,0,1,1,0,5,2,0,3,0,0,1,0,1,0,0,0
1,1,0,13,16,10,12,1,1,4,20,9,3,10,0,0,9,13,9,19,4,7,6,6,42,7,26,35,11,30,0,0,0,9,4,5,0,0
0,0,1,6,5,7,1,0,0,1,9,0,2,7,1,0,0,2,4,0,0,3,0,0,5,0,7,8,1,3,0,0,1,1,1,0,0,0
0,0,2,9,7,17,11,3,0,0,14,8,14,5,2,2,8,33,15,9,5,14,1,2,25,8,25,27,5,68,3,1,1,13,1,3,0,0
0,0,0,5,1,3,5,0,3,0,2,1,1,1,0,2,0,1,0,9,4,6,2,2,27,2,22,26,13,40,0,0,1,18,3,2,0,3
0,0,0,2,6,1,3,0,1,2,0,1,0,0,0,0,2,1,0,4,2,4,0,0,8,2,11,12,4,15,0,2,0,5,0,0,0,0
0,1,1,6,5,1,7,0,1,1,11,1,1,1,0,0,1,7,9,2,0,5,0,1,24,6,35,34,10,62,2,0,0,18,3,1,0,3
0,0,0,1,0,1,1,0,0,0,0,0,1,0,0,0,2,0,3,2,0,2,0,0,2,1,1,4,0,8,0,0,3,2,0,0,0,2
0,0,0,0,1,1,1,0,0,0,0,0,0,0,0,1,0,5,0,0,0,1,0,0,1,0,5,0,0,5,5,0,0,4,0,0,0,0
0,0,0,5,0,3,1,0,4,0,1,0,2,5,0,0,2,2,4,0,0,0,0,1,3,0,2,4,3,15,0,0,0,4,0,5,2,2
0,0,0,3,1,6,1,0,1,1,7,1,0,0,0,0,0,2,1,1,0,2,0,1,12,2,3,20,7,31,2,0,1,4,1,6,0,1
0,0,1,1,0,3,1,0,0,1,0,0,0,0,1,0,0,0,0,2,1,1,0,0,2,0,1,1,0,2,1,0,0,3,0,0,0,2
0,0,0,1,2,2,0,0,0,0,3,0,3,1,0,0,0,0,2,3,0,0,0,4,2,1,6,5,0,1,1,0,0,5,2,0,0,2
0,0,0,0,0,0,0,0,0,0,0,0,0,0,0,0,0,3,0,0,1,0,0,0,0,2,0,1,0,0,0,0,0,0,0,0,0,0
0,0,0,1,0,1,1,0,0,0,0,1,0,0,0,0,1,0,2,1,0,0,0,0,1,0,0,2,0,2,1,1,0,2,1,1,0,0
