2,2,0,2,0,0,0,0,0,0,0,0,0,0,0,0,0,0,0,0,0,0,0,0,0,0,0,0,0,0,0,0,0,0,0,0,0,0
0,9,4,28,1,4,0,0,0,2,1,1,0,0,0,0,0,2,0,0,0,0,0,0,0,0,3,1,0,1,0,0,0,0,0,0,0,0
0,3,10,2,2,7,3,0,0,0,2,0,0,1,0,0,0,0,0,0,0,0,0,0,0,0,1,0,0,0,0,0,0,0,0,0,0,0
13,49,10,151,44,59,30,6,0,0,14,7,0,1,0,2,3,2,0,4,1,2,0,0,5,0,3,4,0,3,0,0,0,1,0,0,0,0
2,3,6,69,20,32,18,6,1,4,2,11,1,0,0,3,0,5,1,8,2,4,1,1,5,2,3,2,1,0,0,0,0,3,0,2,0,1
1,2,9,52,13,157,66,8,7,3,5,7,3,3,3,0,7,6,8,0,1,4,3,1,5,0,3,8,2,15,0,0,0,1,0,0,0,0
0,3,1,40,23,113,75,12,16,0,9,10,13,1,1,1,12,8,12,1,3,8,0,2,18,1,24,7,5,11,0,0,0,2,0,0,0,0
0,0,2,7,12,25,16,3,1,1,3,3,3,2,0,3,11,1,11,6,8,5,1,2,2,0,10,2,0,4,0,1,1,0,0,1,0,0
0,1,0,3,3,11,15,0,2,0,0,2,0,0,0,0,3,0,3,1,0,4,0,2,5,0,3,0,0,3,0,0,0,0,0,0,0,0
0,1,1,6,4,3,0,0,0,2,6,1,0,0,0,0,2,0,0,0,2,0,0,1,6,0,4,3,0,2,1,0,0,2,0,0,0,0
0,7,0,26,17,12,4,1,5,1,20,6,0,2,0,7,4,0,5,6,1,5,2,3,11,2,12,5,1,9,0,0,0,2,0,0,0,0
0,2,1,18,16,20,21,3,3,2,12,3,1,4,2,5,7,9,10,3,1,8,0,2,9,0,12,10,3,11,0,1,2,3,0,3,0,0
0,1,0,8,9,26,33,2,2,0,4,8,3,5,0,3,8,5,16,3,3,3,4,1,4,1,17,3,5,11,0,0,2,3,0,0,0,1
1,1,1,15,13,10,5,4,0,3,4,3,3,1,0,2,1,4,9,3,1,4,0,1,13,1,5,7,4,5,0,0,0,0,0,1,0,0
0,0,0,0,1,1,0,0,1,0,1,1,0,0,0,0,1,0,2,0,0,0,0,0,0,0,0,2,0,0,0,0,0,0,0,0,0,0
0,0,0,1,5,2,6,1,1,0,1,4,0,1,0,2,1,1,2,0,3,0,2,1,4,0,6,5,0,1,0,0,0,1,0,2,0,0
0,1,1,9,7,26,24,2,7,1,13,5,5,4,0,1,0,4,10,5,4,6,0,3,4,2,15,4,5,13,0,1,0,0,0,2,0,0
0,1,5,6,3,20,12,2,2,1,10,8,8,1,0,2,5,1,10,5,6,8,3,3,12,3,33,9,6,18,2,1,1,3,2,2,0,0
0,0,0,7,3,12,11,0,6,0,7,2,6,5,0,1,5,4,5,4,0,6,1,4,5,2,18,9,3,12,2,1,1,0,0,0,0,0
2,4,0,9,8,10,1,0,2,6,15,4,1,4,0,1,4,5,3,6,1,6,1,2,23,1,13,6,0,10,1,0,0,4,0,2,0,0
0,0,0,2,10,0,1,0,0,0,8,5,1,0,3,0,1,2,4,2,2,4,0,0,3,2,5,1,2,3,0,0,0,0,0,0,0,0
0,1,0,6,3,9,9,3,2,0,17,4,2,4,0,0,7,5,5,2,0,6,1,0,20,1,22,12,8,12,0,0,0,1,0,0,0,1
0,0,0,3,0,0,2,2,0,0,2,2,0,1,0,0,0,3,0,1,0,2,2,1,9,0,8,2,2,1,0,0,0,0,0,0,0,0
0,0,0,0,1,2,2,0,0,1,2,2,0,2,0,0,1,0,3,2,0,2,0,2,4,0,5,2,0,2,0,1,0,0,0,0,0,0
2,0,0,8,5,12,11,0,1,3,6,11,1,7,0,0,4,11,8,17,6,6,1,2,40,11,38,40,10,28,2,1,0,12,3,2,0,4
0,0,3,0,0,1,1,1,0,3,3,2,0,2,3,0,1,6,2,4,1,1,1,1,14,1,6,2,3,6,0,0,0,0,0,0,0,0
1,0,1,7,7,24,18,2,3,5,5,4,7,4,0,4,12,30,16,9,3,16,0,4,28,3,61,34,19,77,6,0,4,9,0,1,0,5
0,0,1,4,2,2,2,1,0,7,1,0,0,0,1,1,2,2,4,9,0,2,3,1,28,6,24,27,12,56,3,1,0,14,1,4,0,1
1,0,0,0,0,4,0,0,0,0,5,2,0,0,0,0,0,3,0,2,0,0,1,0,5,1,5,18,2,29,5,1,0,0,1,2,0,0
1,1,2,4,3,4,6,0,1,0,2,3,4,2,0,1,1,3,9,6,1,4,0,3,18,13,48,37,13,81,4,0,6,13,5,2,0,2
0,0,0,0,1,0,3,0,0,0,1,0,0,0,0,0,0,0,0,1,0,0,0,0,0,0,0,1,2,9,1,1,0,2,0,1,2,0
0,0,0,0,0,2,2,1,0,0,0,0,0,3,0,0,0,4,0,0,2,1,0,0,1,0,0,2,0,9,0,0,3,0,0,0,0,0
0,0,0,2,1,5,1,0,1,0,0,1,0,0,0,0,1,2,1,2,0,1,0,0,3,0,3,3,0,5,0,0,2,1,0,3,0,2
0,0,0,4,3,3,2,0,0,0,1,2,0,0,0,0,1,4,1,2,0,1,0,0,11,1,13,13,6,14,3,1,1,5,2,3,0,3
0,2,0,0,0,2,1,0,0,0,0,0,0,2,0,0,0,0,1,0,0,2,0,1,1,0,2,3,3,9,0,0,1,4,1,0,0,0
0,0,0,0,1,0,0,0,0,2,0,0,6,0,0,0,0,2,0,0,0,0,1,0,11,0,1,4,1,2,2,0,1,2,0,0,0,0
0,0,0,0,0,0,0,0,1,1,0,0,0,1,0,0,0,0,1,0,2,0,0,0,0,0,1,0,0,2,0,0,0,2,0,0,0,0
0,0,0,1,0,1,0,0,0,3,0,0,0,1,0,0,0,0,0,1,0,1,0,0,1,0,0,2,0,5,2,0,2,0,0,0,0,1
