5,0,0,1,0,0,0,0,0,0,0,0,0,0,0,0,0,0,0,0,0,0,0,0,0,0,0,0,0,0,0,0,0,0,0,0,0,0
1,12,10,14,5,2,2,0,0,0,0,0,0,0,0,0,1,0,0,3,0,0,0,0,1,0,0,1,0,0,0,0,0,0,0,0,0,0
0,2,12,3,0,7,3,0,0,0,0,0,0,0,0,0,0,1,0,0,0,0,0,0,0,0,0,0,0,0,0,0,0,0,0,0,0,0
11,37,15,164,46,61,22,3,0,1,9,7,4,4,0,2,1,2,2,5,2,1,1,0,2,0,2,1,1,1,0,0,1,1,0,0,0,0
2,4,2,54,24,26,19,3,3,3,5,8,4,2,0,7,0,2,1,11,3,5,3,1,7,0,6,6,4,8,0,1,0,0,1,1,0,0
0,7,12,35,17,141,79,3,5,1,9,4,7,4,0,4,8,7,4,3,3,6,1,3,8,2,9,3,1,3,0,0,1,0,0,0,0,0
2,3,2,46,16,119,70,12,6,2,12,9,19,2,0,0,12,11,11,1,0,3,2,1,11,1,16,3,2,18,2,1,1,2,1,1,0,0
0,1,1,11,9,21,15,0,2,2,5,4,6,0,0,0,9,2,4,3,3,2,0,1,3,0,7,4,2,7,0,4,0,0,1,1,0,0
0,0,0,1,8,15,13,0,2,0,0,1,2,0,0,0,2,1,1,0,0,0,0,0,1,1,5,1,0,6,0,0,0,1,0,0,0,0
0,1,0,8,4,3,2,0,0,0,3,3,2,3,0,0,0,0,1,3,1,2,2,0,1,2,4,1,2,1,0,0,0,1,0,0,0,0
1,1,0,10,19,5,5,4,0,4,8,3,2,0,2,4,4,3,7,7,3,6,0,0,8,0,9,12,0,10,0,0,0,3,0,1,0,0
0,1,0,25,17,28,28,4,3,3,9,3,4,8,0,10,11,7,4,7,7,13,1,1,7,0,17,8,6,8,0,0,1,5,1,1,0,0
0,3,3,13,9,23,35,0,3,1,7,7,0,1,0,1,11,13,6,0,5,3,4,0,6,4,19,6,3,12,0,0,0,2,0,0,0,0
2,1,0,13,12,18,14,0,0,1,7,1,3,2,0,1,4,1,4,8,7,8,3,0,6,3,8,3,0,7,0,0,0,2,1,2,0,0
0,0,0,1,0,0,5,0,0,0,1,0,0,0,0,0,0,2,0,0,2,0,0,0,0,0,0,1,0,2,0,0,0,0,0,0,0,0
0,0,0,5,6,8,10,3,3,0,0,2,3,0,0,0,0,1,7,0,2,2,0,0,4,0,6,5,1,6,0,1,0,1,2,1,0,0
0,0,0,5,7,24,19,2,5,2,10,2,4,9,1,1,2,4,8,1,2,4,1,3,2,3,14,9,2,14,1,2,0,0,0,0,0,0
0,0,0,13,1,18,26,2,7,0,10,1,5,7,0,1,5,5,5,6,5,7,0,3,11,1,27,10,6,17,1,0,0,1,1,5,0,0
0,0,4,1,5,9,10,3,4,1,6,1,5,1,0,1,5,5,3,7,9,8,0,2,5,1,23,8,0,15,0,0,1,0,0,0,0,0
0,1,1,7,8,11,8,0,0,10,11,3,4,3,0,0,9,10,3,5,6,1,1,2,12,0,12,7,1,4,0,0,0,1,0,1,0,0
0,0,0,4,6,3,2,0,0,2,9,5,0,0,1,1,1,1,3,3,0,3,0,0,4,0,1,6,0,4,0,0,0,0,0,0,0,1
0,0,1,5,6,13,11,2,1,3,8,8,6,1,0,0,2,4,9,3,6,3,0,1,16,1,13,7,2,7,0,0,0,2,1,2,0,0
0,0,0,2,0,6,0,0,0,0,3,2,0,1,0,0,0,1,3,2,0,1,0,0,4,0,9,0,0,0,0,0,0,0,0,0,0,0
1,0,0,0,1,4,0,0,0,0,5,1,0,3,0,1,2,4,4,2,1,0,0,1,4,0,5,4,4,4,0,0,0,2,0,0,0,0
0,0,0,11,8,14,5,0,1,6,17,6,1,1,0,1,3,16,10,25,6,9,2,8,36,4,47,34,8,37,1,0,3,9,5,3,0,0
1,0,0,1,3,1,2,0,0,0,5,2,0,0,0,0,1,1,4,1,3,0,0,0,6,0,9,6,2,12,0,0,0,2,0,0,0,0
0,0,12,6,10,17,19,1,1,0,8,4,4,3,0,4,10,20,27,8,6,18,2,5,24,4,51,49,14,48,2,2,0,6,1,1,0,0
0,0,0,1,7,3,3,0,5,1,3,0,1,7,0,0,3,6,5,8,3,2,0,1,24,3,25,21,7,35,5,1,0,11,6,3,0,0
0,0,0,1,1,2,0,0,2,0,1,1,1,0,0,0,0,0,4,1,0,2,1,0,10,2,1,11,1,20,4,0,1,2,1,0,0,0
0,0,0,6,5,6,17,1,0,1,7,2,5,1,0,1,3,4,3,3,0,4,0,3,27,8,25,30,12,65,3,3,0,23,2,2,0,4
0,0,0,0,0,1,2,0,1,0,5,1,0,0,0,0,1,0,2,0,0,0,0,0,1,0,4,7,1,9,0,1,0,1,2,4,0,0
0,0,2,1,0,2,1,0,0,0,0,2,0,0,0,0,3,1,0,0,0,0,0,0,0,0,3,1,0,7,0,2,0,3,0,0,0,1
0,0,0,0,0,3,1,0,1,0,1,3,1,0,0,0,2,3,1,0,0,1,0,1,2,1,2,4,1,1,0,0,0,1,0,1,2,1
0,0,0,2,1,3,2,2,0,0,2,5,0,2,0,0,0,7,8,6,1,3,0,3,9,5,6,20,3,17,1,4,0,5,2,8,0,1
0,0,0,2,3,1,1,0,0,0,3,0,0,0,0,0,0,0,2,2,0,1,0,0,5,0,1,2,3,2,1,0,0,2,0,1,0,3
2,0,0,6,2,2,1,0,0,0,0,2,0,0,1,1,0,0,3,3,0,0,0,0,1,0,2,4,1,1,0,2,1,4,0,3,0,1
0,0,0,0,1,0,0,0,0,0,0,0,0,0,0,0,0,0,0,0,1,1,0,0,2,0,0,0,0,2,0,0,0,0,0,0,0,0
0,0,1,0,0,0,2,0,0,0,3,0,0,0,0,0,1,0,0,0,0,1,0,0,3,0,1,4,1,3,0,0,2,1,3,0,0,1
