1,2,0,1,0,0,0,0,0,0,0,0,0,0,0,0,0,0,0,0,0,0,0,0,0,0,0,0,0,0,0,0,0,0,0,0,0,0
0,14,7,20,1,2,0,0,0,0,2,0,0,0,0,0,0,0,0,1,0,0,0,0,0,1,0,0,0,0,0,0,0,0,0,0,0,0
1,3,5,2,0,3,4,0,0,0,0,0,0,0,0,0,0,0,0,0,0,0,0,0,0,0,1,0,0,0,0,0,0,0,0,1,0,0
5,24,8,124,61,54,13,2,1,5,7,13,2,3,1,2,3,4,0,5,1,2,0,0,3,0,4,2,5,6,0,0,0,0,0,0,0,0
3,3,2,50,22,12,14,5,2,4,10,9,3,4,0,2,0,1,1,6,5,0,0,0,5,1,3,2,1,2,0,0,0,2,0,0,0,2
2,2,13,66,18,115,66,3,5,0,18,3,4,0,0,2,5,3,3,0,1,3,0,3,3,2,11,9,0,6,0,0,0,0,0,0,0,0
1,11,11,32,25,113,63,4,7,1,9,7,12,4,0,3,13,11,5,2,5,3,0,3,4,1,16,6,2,17,0,0,0,0,1,1,0,0
0,1,2,10,6,19,12,0,2,1,7,0,7,1,0,2,5,0,14,3,1,5,3,0,4,0,7,7,1,11,0,0,0,0,0,1,0,0
0,0,0,0,3,13,7,1,4,0,0,1,3,0,0,0,4,0,1,0,2,0,2,0,2,0,3,2,0,3,0,0,0,0,0,0,0,0
0,1,1,11,6,1,5,0,0,3,5,2,1,1,0,0,0,3,0,3,1,3,0,0,4,1,1,0,2,4,0,0,0,0,1,0,0,0
0,0,3,16,22,15,15,9,1,5,4,6,4,5,1,7,1,8,6,20,1,11,1,4,11,3,7,3,1,6,0,1,0,4,0,0,0,0
0,0,0,30,13,24,26,3,1,6,11,4,3,9,2,9,6,4,9,4,8,19,6,4,11,1,6,20,9,10,0,1,1,3,1,0,0,0
0,3,0,15,14,22,20,3,2,0,6,4,2,3,0,0,8,7,15,4,0,6,0,3,5,0,11,7,5,7,0,0,0,5,1,0,0,1
0,0,3,7,15,13,10,3,6,2,5,1,2,1,0,1,1,10,7,2,6,6,3,1,5,0,5,5,3,15,2,0,3,6,0,1,0,0
0,0,0,1,1,1,1,0,0,0,2,0,0,0,0,0,0,0,2,2,2,0,1,0,1,1,1,0,1,0,0,1,0,1,0,0,0,0
0,0,0,2,6,9,11,1,1,0,1,1,0,0,0,3,0,3,7,2,1,4,0,2,7,1,3,2,0,5,0,0,0,0,0,1,0,0
0,1,5,16,12,15,27,2,5,1,9,6,2,3,0,0,3,3,5,5,2,8,3,0,8,2,24,10,2,18,1,0,0,2,1,1,0,0
0,0,4,6,6,24,21,3,0,0,7,2,9,1,0,0,8,1,12,2,1,6,1,3,10,4,29,9,2,29,1,2,0,3,0,1,0,2
0,4,0,0,5,9,12,0,2,0,1,2,1,1,0,0,1,2,7,4,1,9,0,1,12,1,21,9,2,16,0,0,3,0,0,2,0,0
0,1,0,13,8,5,6,1,1,4,15,4,6,1,1,3,2,5,3,6,6,4,0,2,16,2,5,6,1,8,0,0,3,5,0,1,0,1
0,0,0,8,6,3,0,1,0,4,3,4,1,0,0,2,0,3,1,4,0,3,1,2,10,0,1,4,0,1,0,0,0,1,0,0,0,0
2,0,0,6,8,14,11,4,0,4,12,7,1,4,0,0,5,9,11,4,10,2,0,3,17,0,23,6,3,11,0,1,0,6,0,0,0,1
0,1,0,1,0,0,4,0,0,0,2,1,0,1,0,0,3,0,0,0,0,1,0,0,1,0,6,2,2,2,0,0,0,0,0,0,0,0
0,0,0,4,3,7,1,0,0,0,2,4,0,1,0,0,0,1,0,0,1,2,0,1,3,0,7,0,8,4,0,0,0,2,0,0,0,0
3,2,0,11,8,8,9,0,3,8,18,8,5,3,0,1,2,10,4,14,5,10,2,1,39,6,41,46,15,43,0,1,1,18,3,5,0,0
0,0,0,4,4,5,0,0,0,2,4,1,0,1,0,2,1,6,2,0,1,4,0,0,2,0,7,17,2,14,0,0,0,1,0,0,0,0
1,5,2,10,11,16,18,4,5,1,10,3,8,3,0,0,3,24,20,8,3,22,1,5,42,11,36,38,15,77,2,1,5,5,5,2,0,0
1,0,0,3,4,4,7,1,1,1,10,2,1,2,0,0,3,10,2,11,3,2,0,0,31,6,20,42,7,38,0,0,0,7,1,1,0,1
0,0,0,0,0,4,3,0,0,0,2,1,2,2,0,0,1,0,0,0,3,1,0,1,16,0,6,19,1,15,0,1,0,2,0,1,0,0
0,1,0,4,6,6,6,0,4,2,8,1,4,9,0,1,4,7,6,5,6,11,3,3,28,6,28,29,6,72,7,1,1,7,6,0,1,4
0,0,0,0,0,1,0,0,0,0,2,0,0,0,0,0,0,0,0,2,0,0,0,0,4,0,1,1,1,4,0,0,1,4,2,0,1,0
0,0,0,0,0,5,0,0,0,0,0,0,0,0,0,0,1,4,0,0,0,0,0,0,0,0,0,4,2,6,2,0,0,1,0,1,0,1
1,2,0,0,1,0,2,0,0,0,0,0,2,2,0,0,0,6,0,1,0,0,0,0,4,0,6,3,2,9,0,0,0,4,0,0,1,3
0,0,0,2,5,3,0,1,0,0,1,4,1,0,0,3,0,3,1,1,0,1,4,1,5,0,6,15,4,29,3,0,0,3,0,6,0,0
0,1,0,0,1,0,0,0,0,2,1,0,0,0,0,0,0,0,0,0,0,0,0,0,3,1,2,3,0,4,1,0,0,0,2,2,0,0
0,0,0,1,0,4,2,0,0,0,2,0,1,1,0,0,0,0,1,1,0,0,0,0,5,0,2,5,3,4,0,0,2,2,2,5,0,0
0,0,0,0,0,0,0,0,0,3,0,0,0,0,0,0,0,0,0,0,0,0,0,0,0,0,0,3,0,0,0,0,0,0,0,0,0,0
0,0,0,0,1,0,1,0,0,0,1,0,1,0,0,0,0,0,1,2,0,0,0,0,0,0,0,6,0,4,0,0,1,0,0,2,0,0
