4.124
1.61854166667
2.09380952381
1.73398416887
1.65944751381
1.69366233766
1.69171284635
1.93904761905
1.61395833333
2.00839285714
1.73139423077
1.74378787879
1.8770718232
1.84028571429
1.8335
1.63028985507
1.93922680412
1.87101941748
1.86867768595
1.88684210526
1.41913793103
1.70274193548
1.42916666667
1.84693877551
1.75745714286
1.76382352941
1.80311881188
1.78466666667
1.60272727273
1.8681884058
2.50052631579
3.29826086957
3.93680851064
2.21663716814
2.42413793103
3.1120754717
2.875
3.26631578947
