1,1,0,0,0,1,0,0,0,0,0,0,0,0,0,0,0,0,0,0,0,0,0,0,0,0,0,0,0,0,0,0,0,0,0,0,0,0
3,11,9,14,1,0,3,0,0,0,0,0,0,0,0,0,0,0,0,0,0,0,0,0,0,0,0,2,0,0,0,0,0,2,0,0,0,0
2,5,8,3,0,5,0,0,0,0,0,0,0,0,0,0,0,0,0,0,0,0,0,0,0,0,0,0,0,0,0,0,0,0,0,0,0,0
6,29,9,134,54,39,18,0,0,1,10,9,2,1,0,3,1,0,2,2,4,6,0,0,5,0,5,4,2,5,0,0,0,1,0,0,0,0
2,5,1,54,17,14,11,3,2,5,24,4,5,2,0,0,4,2,1,10,5,1,1,1,7,3,14,5,1,5,0,0,0,1,0,0,0,1
0,4,15,45,28,111,71,9,6,0,13,13,14,6,0,0,3,2,2,5,1,4,1,1,5,0,11,8,2,6,2,0,0,1,0,0,0,0
1,1,2,23,22,92,66,11,6,2,8,8,24,8,0,2,17,6,7,0,2,5,3,0,7,3,21,9,2,5,1,0,0,8,1,1,0,0
0,0,1,11,8,14,15,0,2,1,6,1,7,13,1,1,4,9,3,2,1,6,0,0,6,1,8,2,1,6,0,0,0,1,1,3,0,0
0,0,2,3,4,15,7,0,0,0,1,1,0,1,0,0,1,2,0,2,0,1,0,0,1,0,4,1,0,0,1,0,0,0,0,0,0,0
0,1,1,2,12,4,5,0,0,0,3,1,0,4,0,0,1,0,1,4,0,1,0,1,5,0,2,1,0,2,0,0,1,0,0,0,0,1
1,5,0,14,19,13,7,0,3,1,4,2,4,3,1,4,6,0,3,3,3,4,2,1,15,0,11,10,4,4,0,0,0,1,0,0,0,4
1,1,3,20,14,14,28,1,6,3,15,5,3,3,0,7,10,6,5,5,5,7,5,3,14,0,7,19,9,16,0,0,0,9,1,1,0,2
3,1,2,17,7,28,25,0,0,3,8,6,1,3,0,0,4,9,19,2,2,6,1,1,8,2,17,2,5,10,0,0,1,2,0,1,0,0
0,0,3,10,11,17,14,1,5,1,9,8,1,2,1,2,3,5,5,4,3,6,4,2,7,0,5,1,0,10,0,0,0,2,0,2,0,2
0,1,0,0,0,1,1,0,0,0,0,0,2,0,0,0,2,3,0,0,1,0,0,0,0,0,4,0,0,0,0,0,0,0,0,0,0,0
0,0,0,8,4,6,8,2,2,0,2,3,5,0,0,0,0,1,1,1,1,14,1,1,3,1,11,3,0,8,4,0,0,0,0,0,0,0
0,2,5,12,5,19,24,4,6,2,16,6,11,5,1,3,3,4,10,6,1,4,0,0,7,2,17,9,2,12,0,0,0,2,2,0,0,0
0,0,0,6,5,19,16,1,5,2,4,3,12,4,0,0,3,2,9,6,6,13,0,3,17,2,28,13,1,12,0,0,2,4,0,1,0,1
0,1,1,7,4,19,20,0,5,1,3,3,8,2,0,0,7,9,1,3,1,5,0,0,12,2,26,7,2,16,0,1,1,0,0,0,0,0
0,1,0,9,9,8,7,1,0,4,20,8,2,5,2,0,9,3,7,19,7,7,0,1,23,2,14,9,4,12,0,0,0,5,1,0,2,0
0,1,1,2,0,1,1,0,1,1,7,1,1,0,0,0,4,3,1,4,0,1,0,2,7,1,3,5,1,5,0,0,0,0,0,0,0,1
0,0,0,7,9,7,13,1,2,1,12,6,3,3,1,1,1,12,0,2,3,10,1,0,6,6,12,13,5,12,1,3,0,0,0,0,0,0
1,0,0,2,0,3,3,0,0,0,0,1,0,0,0,0,1,0,2,0,1,0,0,0,0,2,10,0,3,5,0,0,0,0,0,0,0,0
0,0,1,1,0,2,3,0,1,0,9,0,1,0,0,0,3,5,1,2,3,0,0,1,6,0,13,5,4,4,0,0,0,2,0,0,0,0
0,1,0,6,11,7,13,0,5,9,24,2,5,4,0,0,3,6,11,21,8,11,1,1,33,12,46,48,15,23,3,0,2,16,5,2,0,0
0,0,0,4,1,4,1,1,0,0,6,2,0,2,0,0,2,3,2,2,3,1,1,0,11,1,12,10,3,12,0,1,0,0,0,0,0,0
0,3,0,9,12,20,18,4,3,0,7,6,14,5,0,1,12,16,11,8,6,13,3,1,25,3,44,30,11,58,1,4,1,8,2,0,0,3
0,0,0,4,1,1,0,0,3,5,14,1,2,3,0,1,2,5,1,5,2,3,0,0,29,12,14,38,15,21,4,0,2,16,5,1,0,0
0,0,0,2,2,1,1,0,2,0,0,3,0,1,0,1,0,1,0,1,1,5,0,1,10,1,4,16,0,23,4,2,0,3,1,1,0,1
0,0,2,10,5,2,7,0,2,0,11,3,5,3,0,0,5,4,6,0,0,8,0,0,17,5,28,45,10,88,5,3,1,6,2,1,0,2
0,0,1,0,0,2,3,1,0,3,2,0,0,0,0,0,0,0,0,1,0,1,0,0,1,0,1,4,2,6,2,2,1,3,1,0,0,4
0,0,0,0,0,0,0,0,0,0,0,0,0,2,0,0,0,0,1,0,0,0,0,0,1,0,3,2,1,5,1,0,1,2,1,3,0,0
0,0,0,2,0,10,0,0,0,0,0,1,0,0,0,0,1,1,0,1,0,1,0,0,1,0,2,2,1,9,0,0,0,4,1,0,0,1
0,0,0,5,0,3,2,1,0,0,1,0,1,1,0,0,1,0,1,2,1,2,0,0,10,2,5,19,2,15,2,2,2,6,5,1,0,3
0,0,0,1,1,0,0,0,0,0,2,0,2,0,0,0,0,0,1,2,0,1,0,0,7,1,1,4,0,10,0,0,1,2,0,0,0,2
0,0,0,0,4,0,0,0,0,2,2,0,3,0,0,0,0,1,1,2,1,0,0,0,4,0,1,5,2,7,0,0,0,3,0,0,0,1
0,0,0,0,1,0,0,0,0,0,0,1,0,0,0,0,2,0,0,0,0,0,0,0,1,0,0,0,0,0,0,0,0,0,0,0,0,1
0,0,0,0,0,0,0,0,0,0,0,0,0,0,0,1,0,0,0,0,0,1,0,0,3,0,0,1,2,1,0,0,2,2,1,0,0,4
