6.16
2.70333333333
1.66866666667
1.81356568365
1.91829896907
1.75788161994
1.84464285714
1.96951219512
1.86867924528
2.22226415094
1.7518556701
1.74175213675
1.93572864322
1.83098765432
2.63705882353
1.84406976744
1.6625308642
1.63222222222
1.63299212598
1.81945736434
1.62926470588
1.69616352201
2.06096774194
1.60981132075
1.65728395062
1.6806097561
1.57167553191
1.8467699115
1.96978494624
1.68994100295
2.78647058824
3.06411764706
3.96111111111
2.21716535433
1.77131578947
3.42191489362
2.015
2.83931034483
