0,0,0,1,0,0,0,0,0,0,0,0,0,0,0,0,0,0,0,0,0,0,0,0,1,0,0,0,0,0,0,0,0,0,0,0,0,0
0,6,1,7,3,0,2,0,0,0,0,0,3,0,0,0,0,0,0,0,1,0,0,0,1,0,0,0,0,2,0,0,0,0,0,0,0,0
0,0,5,2,0,4,1,0,1,0,0,0,0,0,0,0,0,0,1,0,0,0,0,0,0,0,0,0,0,0,0,0,0,0,0,0,0,0
11,25,10,145,37,54,17,1,4,2,16,2,3,0,1,0,7,0,0,4,2,2,2,0,7,0,5,3,0,12,1,0,0,1,0,2,0,1
2,3,2,45,25,22,12,6,2,2,8,8,3,2,1,1,3,3,2,4,2,3,0,2,7,0,6,7,6,9,0,0,0,1,1,0,0,0
1,7,13,39,14,105,50,4,10,1,7,7,12,5,0,0,8,8,2,1,3,0,2,0,1,2,13,1,1,9,1,0,2,0,0,0,0,0
2,2,6,24,23,103,45,11,7,0,5,7,10,5,0,3,7,9,5,1,4,10,0,0,3,1,20,3,3,13,1,0,1,0,3,0,0,1
0,1,4,8,5,25,19,0,0,3,2,1,4,1,0,2,4,5,5,0,1,2,0,0,8,0,8,4,2,2,0,0,2,2,1,0,0,0
1,1,0,0,0,7,13,1,1,0,3,2,1,0,1,0,2,1,5,0,1,0,0,0,1,0,5,0,0,3,0,0,0,3,0,0,0,0
0,1,1,10,8,3,0,2,0,1,3,0,1,0,0,0,0,0,0,2,3,0,0,0,2,0,5,10,0,1,0,0,0,0,1,0,0,0
0,1,1,19,13,11,10,3,2,2,18,8,0,3,1,5,7,4,4,11,2,10,0,0,17,0,13,11,0,8,1,0,0,8,1,3,0,0
0,4,1,15,21,23,18,0,2,3,6,4,7,9,1,8,1,9,9,15,8,11,3,1,15,1,11,8,3,8,1,0,2,4,2,1,0,0
1,6,2,5,10,30,36,2,1,0,5,1,2,6,1,1,6,2,14,4,7,4,2,4,7,1,15,6,0,20,5,1,0,1,0,0,0,0
0,0,1,14,13,14,9,0,3,0,2,4,6,5,0,2,3,2,6,13,1,2,0,2,16,1,15,8,3,12,2,1,0,3,2,0,0,0
2,0,0,2,1,1,1,0,1,1,0,1,0,0,0,0,0,0,0,0,0,1,0,1,2,1,0,0,1,0,0,1,0,1,0,0,0,0
0,0,0,11,2,3,7,1,0,0,7,1,2,0,0,0,2,2,3,3,2,4,0,2,5,0,7,5,2,5,0,0,0,1,0,0,0,0
2,0,1,3,6,6,31,1,4,4,8,2,6,4,1,0,4,2,12,5,4,6,2,3,1,2,21,7,5,7,0,0,1,2,0,1,0,0
0,0,0,8,9,10,15,0,2,3,12,8,8,4,0,1,4,2,8,4,2,10,3,3,5,4,22,12,6,16,2,0,0,1,0,0,0,0
0,1,0,5,1,7,7,2,1,1,4,1,6,0,0,0,6,7,3,7,1,10,0,3,7,0,14,9,4,14,0,0,0,2,0,0,0,1
2,0,0,5,5,10,5,0,2,5,8,6,0,1,0,0,0,5,3,10,2,3,0,0,20,5,8,14,1,8,0,0,0,1,0,0,0,2
1,0,0,3,6,3,1,0,0,1,5,4,1,1,0,0,2,4,3,5,1,4,1,2,5,0,4,4,0,2,0,0,0,1,0,0,0,0
1,0,0,5,9,9,6,0,1,4,10,4,6,0,1,0,4,8,2,5,1,6,0,3,17,4,10,9,7,9,2,0,0,5,1,1,0,1
0,0,0,1,2,2,5,0,0,0,1,0,0,0,0,0,0,1,0,0,0,0,0,0,3,0,4,3,0,2,1,0,3,0,0,0,0,0
0,0,0,0,0,7,3,1,0,0,1,2,8,0,0,0,1,3,0,5,0,1,0,0,4,1,5,4,3,1,0,0,0,1,0,0,0,0
0,0,1,11,11,11,12,1,1,8,10,3,5,3,0,2,2,10,11,17,12,16,1,3,49,4,31,37,17,26,4,0,1,15,2,5,0,2
0,1,0,2,4,2,1,0,0,0,7,2,2,3,0,0,1,1,0,1,1,2,0,0,9,1,7,9,2,10,0,0,0,2,0,0,0,0
0,0,1,11,4,8,11,2,4,5,5,4,4,8,0,1,6,15,10,13,8,15,1,7,23,6,49,35,16,72,7,0,0,19,0,0,0,5
0,3,0,2,0,7,5,0,1,0,6,0,6,1,0,2,7,7,1,8,5,2,1,0,29,7,19,38,4,43,3,0,3,6,5,0,0,7
1,0,1,1,3,3,4,0,0,1,4,1,0,0,0,0,1,0,4,2,2,2,0,2,5,0,11,11,1,21,1,1,0,8,0,1,0,0
1,0,0,7,4,10,7,0,0,4,6,1,3,2,0,0,0,5,2,12,3,8,3,1,17,2,54,47,12,95,7,3,1,15,3,1,0,0
0,0,0,4,0,0,0,0,0,0,0,0,1,0,0,0,1,0,2,2,0,1,0,0,1,0,4,3,4,9,2,1,1,0,4,0,0,0
0,0,0,0,0,2,0,0,0,0,0,1,1,0,0,0,0,2,0,0,0,0,0,0,4,0,0,1,3,4,2,1,0,2,0,0,0,0
0,0,0,1,0,1,0,1,0,1,0,2,0,0,0,0,6,0,0,2,0,0,1,0,8,0,2,3,2,2,0,0,0,1,1,1,0,2
0,0,0,1,1,2,2,1,1,2,2,0,0,3,0,0,1,5,4,2,0,3,0,3,3,2,9,18,7,22,2,1,4,6,1,4,0,0
0,0,0,0,0,0,0,0,0,2,0,0,0,0,0,0,0,0,1,1,0,1,0,0,3,0,2,4,4,6,2,1,1,3,0,1,0,0
0,0,0,4,0,3,1,0,0,0,2,1,0,0,0,0,0,1,2,2,0,0,0,0,3,3,2,5,0,6,1,0,0,4,2,2,0,3
0,0,0,0,0,0,0,0,0,0,0,0,0,0,0,0,0,0,0,0,0,0,0,0,1,0,0,0,0,0,0,0,0,1,0,0,0,0
0,0,0,1,0,2,2,0,0,0,0,0,0,0,0,0,0,0,0,1,1,1,0,0,1,0,0,6,4,3,0,0,0,4,1,0,0,1
