0,0,0,0,1,0,0,0,0,0,0,0,0,0,0,0,0,0,0,0,0,0,0,0,0,0,0,0,0,0,0,0,0,0,0,0,0,0
0,8,2,15,0,5,1,0,0,0,1,0,0,0,0,0,0,0,2,2,0,0,0,0,0,0,0,0,0,0,0,0,0,0,0,0,0,0
0,1,3,1,0,1,0,0,0,0,0,0,0,0,0,0,0,0,0,0,0,0,0,0,0,0,0,0,0,0,0,0,0,0,0,0,0,0
6,19,8,108,34,56,15,3,2,0,5,1,1,3,0,3,3,0,1,2,3,2,1,0,5,1,5,4,2,5,0,0,2,0,0,0,0,0
2,2,2,41,14,17,15,2,2,1,8,7,3,0,1,2,1,2,1,2,6,1,0,1,4,2,4,8,2,5,0,0,0,0,0,2,0,0
1,4,15,59,10,119,59,6,17,0,2,3,9,3,0,0,7,4,4,2,0,6,1,0,5,2,16,3,1,9,2,0,0,2,3,2,0,0
3,3,6,38,14,78,61,1,15,2,4,4,13,0,0,0,4,4,7,2,2,6,1,0,4,1,8,1,3,9,0,0,0,1,3,2,0,0
0,0,1,8,8,17,11,0,2,2,5,3,1,3,0,4,10,6,6,1,1,0,0,3,0,2,16,8,6,7,0,0,4,0,1,0,0,0
0,0,2,2,0,14,6,1,2,0,3,0,1,0,0,0,0,0,2,0,1,0,0,0,0,0,4,2,0,1,1,0,1,0,0,0,0,0
2,2,0,10,2,3,1,1,1,0,7,1,1,0,0,2,0,1,0,1,0,1,1,0,7,0,0,7,0,1,0,0,0,2,0,0,0,0
1,0,1,24,11,5,3,2,2,4,5,11,4,1,0,3,1,1,8,11,4,2,0,1,4,3,19,9,3,9,1,0,1,3,3,0,0,0
0,1,1,26,17,29,21,3,4,3,12,4,6,4,0,4,9,3,8,9,7,12,0,2,19,7,13,13,1,17,1,0,4,2,0,2,0,1
1,0,0,6,8,18,25,1,5,1,9,5,2,2,0,1,3,7,12,4,0,3,3,1,4,1,18,7,7,13,0,3,0,0,0,0,0,0
0,6,2,11,6,7,11,3,1,0,6,5,5,1,0,2,5,7,1,7,0,8,2,0,4,0,9,2,2,8,1,0,0,1,2,4,0,0
0,0,0,0,0,9,0,0,0,0,1,0,1,0,0,0,0,1,2,0,0,0,0,1,0,1,5,0,1,1,0,0,0,1,0,0,0,0
0,1,0,3,2,10,8,1,2,0,3,4,2,0,0,1,1,2,2,0,0,2,3,1,5,0,5,3,1,5,0,0,0,3,0,3,0,0
0,1,0,9,6,20,16,3,5,1,8,4,7,9,0,0,2,1,8,2,3,5,0,0,8,1,26,4,4,6,0,0,0,0,1,0,0,2
0,0,2,7,4,19,18,2,6,3,2,3,10,1,0,0,1,7,7,5,3,11,0,5,8,5,27,10,0,15,1,3,1,1,0,0,0,1
0,0,2,3,3,11,5,1,3,0,4,1,5,2,0,2,5,9,6,1,0,4,0,1,5,1,11,5,7,12,0,0,0,2,0,0,0,0
1,7,0,6,4,6,7,1,1,5,10,2,0,0,1,1,1,3,2,6,4,8,1,1,9,0,8,11,1,5,2,0,1,3,0,1,0,0
0,0,0,6,7,5,3,0,0,0,6,3,3,3,0,0,0,1,6,3,0,6,2,0,9,2,5,1,0,6,0,1,0,0,0,1,0,1
0,1,0,6,3,9,5,2,2,0,12,4,3,4,0,0,1,7,9,7,5,4,0,0,15,4,16,7,0,3,0,1,0,0,0,0,0,0
0,0,0,0,2,2,0,0,3,0,1,0,0,3,0,0,0,0,4,3,0,2,0,2,2,2,0,4,0,1,2,0,2,1,0,1,0,0
0,0,1,1,1,3,0,0,0,1,4,0,2,0,1,0,0,1,3,2,2,0,0,3,1,1,4,3,1,6,0,0,0,2,1,0,0,1
0,7,5,17,6,8,9,0,8,4,12,4,2,1,0,0,2,6,14,18,7,10,1,2,31,11,27,36,15,42,3,0,2,6,2,5,0,4
1,1,1,1,5,1,2,0,0,0,4,0,1,0,0,0,0,1,2,2,1,3,0,0,4,0,7,15,3,5,0,0,0,6,1,0,0,0
2,5,1,11,4,19,18,4,3,2,4,5,10,1,0,3,6,26,11,8,6,18,1,3,35,10,50,26,11,77,6,0,1,8,1,3,0,2
0,4,2,14,3,9,2,1,1,4,3,1,0,1,0,0,0,2,4,6,4,3,1,2,29,4,14,44,19,32,0,0,0,10,2,3,0,3
0,0,0,4,1,1,1,0,0,0,2,0,1,1,0,0,0,3,3,2,0,2,2,0,9,1,9,7,1,24,2,0,0,5,1,0,0,0
1,1,3,4,5,12,6,0,0,1,3,0,8,3,0,0,1,5,11,6,1,4,1,2,25,7,38,38,19,84,3,3,5,14,4,1,0,2
0,0,0,0,0,0,1,0,0,0,0,2,0,0,0,0,0,0,0,0,0,0,0,0,2,0,1,0,0,8,0,0,3,0,0,2,0,2
0,0,0,0,0,3,2,0,0,0,0,1,0,0,0,0,0,0,0,0,0,0,0,0,0,0,0,2,1,6,0,0,0,0,0,0,0,0
0,0,0,1,0,0,1,0,0,0,0,0,0,0,0,1,0,1,1,1,1,1,0,0,4,1,1,5,0,1,0,0,0,8,1,1,0,0
0,1,0,6,0,3,2,0,0,0,4,0,0,0,0,0,1,2,3,6,0,0,0,2,8,2,3,10,2,17,3,1,0,6,2,2,0,2
0,0,0,0,0,2,0,0,0,0,0,0,0,0,0,0,0,0,1,1,0,0,0,3,6,1,1,6,4,7,0,0,2,0,0,4,0,2
0,0,0,3,2,0,0,0,0,0,1,0,0,1,0,0,0,0,2,2,0,0,0,0,2,1,2,3,0,10,0,1,1,4,1,1,0,1
0,0,0,0,0,0,0,0,0,0,0,0,0,0,0,0,0,0,0,0,0,0,0,0,0,0,0,0,0,1,0,0,0,0,1,0,0,0
1,0,0,1,1,1,0,0,0,2,0,2,0,0,0,0,0,2,0,0,0,1,1,0,1,0,0,1,1,6,2,0,0,2,0,4,0,0
