1,2,0,0,0,1,0,2,0,0,0,0,0,0,0,0,0,0,0,0,0,0,0,0,0,0,0,0,0,0,0,0,0,0,0,0,0,0
0,3,4,5,0,1,0,0,0,0,1,1,1,0,0,0,0,0,0,0,0,0,0,0,1,0,0,0,0,2,0,0,3,0,0,0,0,0
1,1,1,0,0,2,0,0,0,1,1,0,0,1,0,0,0,0,0,0,0,0,0,0,0,1,0,0,0,2,0,0,0,0,0,0,0,0
8,18,7,80,21,40,9,2,1,2,9,8,2,1,0,4,3,1,2,2,1,4,0,0,5,0,3,5,3,4,0,0,0,0,0,1,0,0
0,8,0,35,12,16,13,0,1,1,14,6,4,2,0,3,1,2,0,6,5,4,0,1,15,0,11,3,0,7,1,0,0,4,0,0,0,2
5,2,8,44,9,92,47,1,9,2,2,3,5,7,0,1,5,4,4,1,3,6,1,3,5,0,16,3,3,6,1,0,0,1,0,2,0,0
1,4,8,30,13,108,35,1,4,2,1,13,16,1,0,2,1,10,5,2,2,6,0,1,7,3,10,5,6,10,1,0,1,0,1,5,0,0
0,4,2,9,5,12,8,0,1,0,2,1,0,1,0,3,10,4,3,2,4,3,1,0,2,1,6,2,1,4,2,0,0,0,1,0,0,1
0,0,1,2,5,15,4,1,0,0,1,1,3,0,1,0,1,0,1,0,0,0,0,0,2,1,2,2,0,3,0,0,1,0,1,0,0,0
1,0,0,8,3,1,1,1,0,3,1,2,0,1,0,0,0,0,3,0,0,0,0,0,4,0,0,2,0,1,0,0,0,0,0,0,0,0
0,3,2,19,12,9,5,2,2,3,13,3,2,4,0,2,4,0,3,4,4,11,0,1,13,3,9,5,5,9,3,0,0,2,0,0,0,0
1,2,3,39,23,30,16,3,2,2,4,4,2,5,1,6,5,10,10,11,8,9,2,2,6,4,21,18,3,3,1,1,2,6,0,3,0,0
0,0,6,18,3,28,15,0,0,5,9,5,3,3,0,0,5,11,21,0,0,11,0,0,10,2,20,7,3,20,4,1,1,1,0,2,0,2
3,5,0,15,8,12,7,0,2,1,7,7,3,0,0,4,5,5,6,5,0,9,3,2,11,0,8,5,1,9,3,0,2,6,1,0,0,2
0,0,0,6,3,2,0,1,0,0,1,1,0,0,0,0,0,0,1,3,0,2,1,0,0,0,5,0,0,0,1,0,0,0,0,1,0,0
0,0,0,4,0,12,10,0,1,0,6,2,3,1,0,1,2,0,3,5,4,9,2,1,1,6,4,1,2,3,0,0,1,0,0,0,0,1
0,0,0,15,2,24,12,5,2,0,5,4,3,4,0,1,2,1,4,6,3,12,2,4,8,0,16,3,4,16,0,0,0,0,1,0,0,0
3,1,0,12,2,16,14,3,5,0,4,2,4,4,0,3,2,2,7,9,3,27,3,3,7,6,27,5,3,10,0,0,1,2,1,2,0,1
0,0,2,3,5,4,20,1,0,0,5,1,4,4,0,0,3,6,8,1,1,7,1,1,4,0,18,5,4,8,1,0,0,1,0,1,0,0
1,1,0,16,5,10,13,0,5,3,18,16,2,7,0,0,4,13,5,19,3,1,0,1,7,1,12,4,4,8,2,1,1,2,1,1,0,2
0,0,1,2,1,1,1,0,0,1,6,1,0,0,0,1,3,3,5,3,0,2,0,2,3,0,3,1,0,2,0,0,0,1,0,0,0,0
0,0,1,9,7,12,5,1,0,4,4,5,3,1,0,2,3,14,5,6,2,4,0,2,8,3,14,13,3,14,1,0,2,2,0,1,0,0
1,0,1,2,2,1,8,0,2,0,2,0,0,2,0,0,0,0,0,2,3,1,0,0,3,0,6,4,0,1,0,0,1,0,0,0,0,0
0,1,2,3,2,2,0,1,1,0,2,0,1,1,0,0,5,6,3,0,2,1,0,1,3,0,4,7,2,7,1,0,1,1,0,1,0,0
2,4,1,18,8,9,12,1,5,4,11,5,0,2,1,4,4,12,5,25,5,7,1,2,26,4,36,40,9,26,2,3,0,6,0,3,0,0
0,0,0,3,0,3,1,0,2,0,0,0,0,0,0,0,1,7,5,5,1,2,0,0,6,1,6,4,6,5,0,2,0,2,0,4,0,0
0,4,0,13,7,21,20,2,8,5,3,5,9,4,2,4,6,30,22,13,12,26,2,6,31,6,49,35,8,76,9,2,4,6,6,1,0,1
0,1,1,9,3,9,2,0,0,1,4,2,0,5,0,0,4,5,9,6,1,2,2,1,24,2,15,17,10,29,3,1,1,4,5,2,0,1
0,0,2,1,0,0,3,1,0,2,0,1,0,0,0,0,3,0,5,2,1,1,0,0,2,0,7,8,0,23,0,0,1,4,0,1,0,0
2,0,0,13,10,15,14,0,3,2,2,4,1,8,0,0,2,7,9,7,1,4,2,3,18,4,41,33,15,77,8,4,1,15,6,5,0,3
0,0,0,2,1,2,0,0,0,0,0,0,0,0,0,0,0,0,0,0,0,0,0,0,2,0,4,6,1,4,3,0,2,6,2,0,0,0
1,0,0,0,0,1,0,0,0,0,2,0,0,0,0,0,1,4,0,0,1,1,0,0,0,0,2,0,0,8,0,0,0,0,0,1,0,1
0,0,0,1,1,3,4,0,0,1,5,1,2,0,0,0,1,0,3,1,0,0,0,0,3,0,3,4,1,6,1,1,0,2,3,4,0,0
1,0,2,1,0,8,11,1,0,2,6,0,2,0,0,0,0,4,1,2,3,0,2,0,6,1,10,9,5,21,1,3,0,5,9,8,0,6
0,0,0,4,1,0,1,1,0,0,0,0,0,0,0,0,0,0,0,1,0,1,0,0,3,0,4,6,0,11,0,1,0,2,0,0,0,3
0,0,1,1,4,0,3,0,0,0,0,0,0,0,0,0,0,0,2,4,0,0,0,0,5,0,0,6,3,8,0,1,0,2,1,0,0,0
0,0,0,0,0,0,0,0,0,0,0,0,0,0,0,0,0,0,1,0,0,0,0,0,1,0,1,1,0,0,0,0,0,0,0,0,0,0
1,0,0,0,0,2,0,0,0,0,0,1,0,0,0,0,1,1,2,0,0,2,0,0,2,0,2,0,0,9,0,0,0,0,0,2,0,0
