0,0,0,0,0,0,0,0,0,0,0,0,0,0,0,0,0,0,0,1,0,0,0,0,0,0,0,0,0,0,0,0,0,0,0,0,0,0
1,3,3,8,1,0,0,0,0,1,0,0,0,0,0,0,0,0,0,0,0,0,0,0,0,0,0,0,2,0,2,0,0,0,0,0,0,0
0,3,5,3,0,0,0,0,0,0,0,0,0,0,0,0,0,0,0,0,0,0,0,0,0,0,0,0,0,0,0,0,0,0,0,0,0,0
10,26,4,93,21,40,16,4,1,5,2,4,0,0,0,1,1,0,3,2,2,0,0,0,2,0,2,0,1,2,0,0,1,0,0,0,0,0
3,9,0,46,10,22,19,5,3,10,5,1,2,6,0,1,1,11,10,9,3,2,0,2,4,1,2,6,1,4,0,1,0,3,0,0,0,0
3,7,11,24,8,81,44,5,4,0,2,2,8,1,0,0,5,2,1,1,1,2,0,1,1,0,7,3,2,9,2,1,1,2,0,0,0,0
0,0,6,23,14,62,47,4,7,1,2,6,13,1,0,0,8,5,6,2,1,8,0,1,7,0,15,5,0,10,0,0,0,2,0,0,0,1
2,0,1,9,3,11,17,2,1,2,0,3,2,0,0,3,1,1,2,1,2,6,3,0,2,0,13,7,3,5,1,0,0,0,1,0,0,0
1,3,0,0,0,12,8,0,0,0,0,2,1,1,0,3,2,3,4,0,0,0,1,0,0,0,1,2,0,0,0,0,0,1,0,0,0,0
0,2,0,6,6,1,2,0,0,1,3,0,0,0,0,0,2,0,0,1,0,0,0,0,1,0,0,3,0,2,0,0,0,1,0,0,0,0
6,2,1,22,7,13,9,3,0,1,7,11,4,1,0,5,11,6,2,10,2,13,1,1,11,1,4,8,1,8,1,0,0,0,0,2,0,2
2,5,3,26,10,28,25,7,2,2,11,0,3,7,0,7,6,10,5,5,7,10,2,3,16,4,21,14,5,5,1,1,1,2,2,2,0,1
0,1,3,17,12,37,21,0,2,0,5,5,0,3,0,0,3,2,11,5,2,10,1,0,7,0,20,6,2,11,1,3,3,2,1,1,0,1
2,3,0,18,5,14,6,2,1,0,2,2,4,1,0,0,5,0,2,6,1,20,1,5,6,0,10,8,1,13,1,0,0,1,0,1,0,0
0,0,0,0,5,1,1,1,0,0,3,0,0,0,1,0,1,0,1,1,0,4,1,0,0,0,3,4,0,4,1,0,0,1,0,1,0,0
0,2,1,4,6,6,2,0,1,2,2,0,2,0,0,0,1,2,3,0,6,6,0,0,1,1,6,2,0,6,0,0,0,0,0,1,0,0
0,3,3,16,2,29,24,3,5,3,9,4,3,2,0,0,1,4,7,4,1,13,1,0,5,3,12,6,5,16,0,0,0,0,2,0,0,0
2,1,0,6,8,24,20,1,1,5,6,9,4,1,0,4,4,3,6,8,1,11,1,2,3,4,15,3,5,21,4,3,1,6,0,0,0,0
0,3,0,11,1,13,15,0,0,0,0,3,4,1,0,0,2,5,7,3,7,3,0,1,2,0,9,4,2,12,0,1,1,0,0,1,0,0
5,1,0,7,4,7,0,0,2,2,17,2,0,3,0,0,3,10,6,7,4,0,0,2,6,0,4,3,3,6,0,0,0,0,1,1,0,0
1,0,0,6,1,5,2,0,1,1,1,2,1,4,0,0,2,0,0,1,2,4,2,0,3,0,1,1,1,5,0,1,0,1,0,0,0,0
1,1,2,2,0,10,2,0,1,3,5,3,1,0,0,0,0,6,14,10,2,1,0,1,7,0,9,6,4,9,0,0,0,2,0,1,0,0
0,2,0,3,1,5,1,0,0,0,5,0,0,0,0,0,3,0,2,1,0,1,0,2,3,0,3,4,4,2,0,1,2,0,0,0,0,0
0,0,1,5,3,11,0,0,1,0,1,1,0,2,1,0,4,1,2,1,1,0,0,0,5,0,2,2,0,5,0,4,0,1,0,0,0,0
3,0,3,15,10,9,4,0,5,7,12,9,0,9,0,0,2,10,8,23,5,9,2,4,28,6,25,36,8,30,0,1,0,17,5,2,0,1
0,0,1,3,3,2,3,0,0,1,6,0,2,1,2,1,2,2,3,2,1,0,0,0,7,3,2,6,1,7,0,0,0,2,1,2,0,0
3,2,2,13,5,14,24,2,0,3,7,12,11,1,0,2,13,24,21,7,9,16,1,2,30,4,27,24,8,58,0,0,1,6,2,2,0,2
0,3,1,7,4,9,13,0,0,5,3,5,1,0,0,0,6,8,1,16,9,7,2,2,31,3,13,30,0,32,4,3,0,10,1,1,0,1
0,0,1,3,0,2,3,0,1,1,1,2,2,0,0,0,1,0,4,0,1,0,0,1,11,0,7,12,7,30,0,0,2,3,0,1,0,2
0,2,1,14,4,13,13,0,2,2,8,5,3,0,0,0,9,13,11,9,5,12,5,2,16,5,36,29,5,92,8,3,1,17,5,3,0,6
0,1,0,5,1,2,3,0,0,1,1,0,0,0,0,0,0,0,0,3,0,0,0,0,0,0,2,0,2,2,0,0,0,2,0,2,0,0
1,1,0,1,0,5,0,0,2,0,0,0,0,0,0,0,0,1,0,0,0,0,0,0,0,0,0,3,0,4,0,0,0,1,1,1,0,0
0,0,0,1,1,3,0,0,1,0,2,0,3,0,0,0,0,3,1,1,0,0,0,1,3,0,0,2,1,5,0,0,0,1,0,1,0,0
0,0,0,1,2,5,2,0,0,1,1,2,2,1,0,0,2,8,2,2,1,8,0,0,6,0,8,14,3,13,2,1,0,8,4,5,0,6
0,0,1,1,0,1,0,0,0,0,3,0,0,0,0,0,0,2,1,2,0,2,0,0,1,0,1,1,0,4,0,0,0,2,0,1,0,0
0,0,1,4,1,2,0,0,0,0,2,0,1,0,0,0,0,2,0,3,0,0,0,0,1,0,2,4,2,0,2,1,1,1,1,0,0,0
0,0,0,0,0,1,0,0,0,0,0,0,0,0,0,0,0,0,0,0,0,0,0,0,0,0,0,2,0,1,0,0,0,0,0,0,0,0
0,1,0,0,1,1,0,0,0,0,0,0,0,0,0,0,3,1,0,3,0,0,0,0,0,0,2,2,0,6,0,0,1,4,1,0,0,0
