0,0,0,0,1,0,0,0,0,0,0,0,0,0,0,0,0,0,0,0,0,0,0,0,0,0,0,0,0,0,0,0,0,0,0,0,0,0
0,7,5,13,1,1,2,0,0,2,0,0,1,0,0,0,0,0,0,0,0,0,0,0,0,0,0,1,3,0,0,0,0,0,0,0,0,0
0,2,4,0,0,2,1,0,0,0,0,0,0,0,0,0,0,0,0,0,0,0,0,0,0,0,0,0,0,0,0,0,0,0,0,0,0,0
11,21,10,73,15,27,9,4,1,5,8,6,2,2,1,0,3,1,4,4,0,5,0,0,5,0,4,2,0,6,1,0,0,0,0,0,0,0
5,1,2,43,8,19,15,4,1,0,12,6,2,2,0,1,4,9,2,5,2,1,0,1,3,2,6,3,6,3,0,0,1,2,0,0,0,1
0,16,12,35,8,60,51,3,1,2,2,5,3,3,0,0,6,4,1,2,1,2,1,2,6,0,7,5,1,1,0,0,0,1,0,0,0,0
0,6,2,24,7,74,33,1,7,0,12,2,10,3,0,0,11,5,3,3,3,7,0,1,9,4,18,9,3,8,1,2,0,1,0,2,0,0
1,0,1,8,2,9,8,0,2,1,3,2,2,4,0,1,3,4,2,0,0,4,1,1,4,0,12,2,1,9,0,0,3,0,0,0,0,0
0,0,0,5,5,11,10,0,0,0,1,3,3,0,0,0,1,2,2,0,2,0,0,0,2,0,1,2,1,1,0,0,1,0,0,0,0,0
0,2,0,2,4,2,0,0,1,2,1,0,0,1,0,1,1,1,0,2,2,2,0,0,3,0,0,0,2,2,2,0,1,0,0,0,0,0
8,5,1,24,13,17,11,1,0,3,13,4,4,3,0,1,7,7,3,8,2,12,4,1,22,1,12,10,7,8,2,2,1,9,2,3,0,0
0,0,0,28,13,14,19,0,3,7,4,4,6,3,0,6,5,7,4,2,7,17,2,3,9,4,13,13,6,8,3,1,2,6,0,4,0,2
2,1,0,14,4,21,29,0,1,1,2,3,2,2,2,3,2,2,10,1,1,9,0,0,8,3,25,11,5,11,1,0,1,2,3,0,0,1
0,2,4,15,5,13,7,2,3,1,0,3,6,1,0,5,3,5,1,4,6,6,0,2,6,3,20,11,5,3,1,0,2,4,1,0,0,0
0,0,0,1,3,0,1,3,0,0,0,0,0,0,0,0,0,3,0,0,0,2,0,0,0,0,4,0,1,6,0,0,0,0,0,0,0,0
0,3,0,2,1,10,6,1,4,1,2,0,0,0,1,0,0,0,2,1,4,1,0,2,1,0,3,6,1,5,0,0,0,0,0,2,0,0
0,0,2,13,4,23,20,2,7,1,5,8,7,0,0,0,1,9,11,0,6,6,2,1,4,0,20,5,3,13,4,1,1,2,1,1,0,0
5,1,1,10,5,10,10,2,6,5,3,0,2,3,0,2,3,2,5,5,2,8,0,1,5,2,13,10,8,18,2,1,0,1,1,0,0,0
0,0,0,4,4,7,10,0,1,2,6,4,3,1,0,0,6,0,6,3,2,5,0,0,3,2,27,7,1,20,1,0,2,2,1,0,0,0
1,0,0,6,8,2,8,0,0,8,6,3,1,1,0,2,0,3,3,5,3,0,0,3,11,0,7,10,3,3,0,2,0,0,0,0,0,2
0,1,1,4,0,3,1,2,0,1,2,2,4,5,0,0,0,2,2,2,0,1,1,0,4,3,2,2,2,1,0,0,0,0,0,1,0,1
0,0,2,5,2,5,3,0,0,2,7,3,6,5,0,0,2,2,4,1,0,6,0,0,10,0,9,7,1,13,1,0,0,1,0,0,0,0
0,0,0,1,1,1,4,0,0,0,0,1,0,0,0,0,0,3,2,0,1,0,0,0,3,0,4,4,1,4,0,2,0,0,0,0,0,0
1,0,1,3,2,4,1,0,0,1,0,0,2,0,0,0,1,8,2,3,4,1,0,2,1,0,10,2,4,2,1,0,0,0,0,3,0,0
2,6,0,18,6,16,9,0,2,4,12,1,4,2,1,0,0,10,7,21,12,13,3,6,31,10,32,23,6,33,5,0,1,14,3,6,0,0
2,0,3,7,3,3,5,0,3,0,3,0,1,2,0,1,1,5,2,4,5,1,1,0,4,0,7,6,6,5,0,0,0,0,0,2,0,0
1,3,0,17,6,23,18,2,4,0,6,4,6,4,0,2,10,31,25,15,3,22,1,3,14,4,31,13,4,48,6,1,2,5,0,1,0,2
2,2,1,16,3,15,8,0,2,0,5,4,3,3,0,0,1,6,9,10,1,5,0,4,12,9,29,22,1,34,0,1,0,12,3,3,0,1
0,0,0,2,0,4,9,0,2,5,4,1,1,0,0,0,1,2,4,1,4,2,1,0,5,2,15,7,3,20,1,0,0,6,0,0,0,0
0,2,0,6,4,19,4,0,3,2,5,2,4,0,0,2,3,14,6,6,2,11,0,4,15,4,43,21,10,80,9,13,5,10,1,2,0,1
0,0,0,0,0,1,1,0,0,0,0,2,1,1,0,0,0,0,0,0,0,0,0,0,4,0,0,2,1,8,0,0,0,1,1,2,2,0
0,0,1,1,1,3,0,0,0,1,1,0,0,0,0,0,0,2,3,0,0,0,0,0,4,0,6,1,1,5,1,0,1,1,0,0,1,1
0,0,1,2,1,0,2,0,0,0,0,0,0,0,0,0,2,1,5,1,0,1,0,0,2,0,7,0,0,10,1,0,0,0,0,2,1,0
2,0,0,5,3,6,6,1,0,0,0,0,2,0,0,0,0,6,1,2,0,5,0,0,6,3,7,16,0,22,4,2,2,8,1,5,0,3
0,0,2,1,0,1,0,0,0,0,5,0,0,0,0,0,0,0,1,0,2,0,0,0,5,0,0,6,1,3,1,0,0,3,0,0,0,1
0,0,0,4,1,3,1,0,0,0,0,0,0,0,0,0,0,5,0,0,2,1,0,0,5,0,1,7,2,3,2,0,0,2,0,0,1,2
0,0,0,0,0,0,2,0,0,0,1,0,0,0,0,0,0,0,0,0,0,0,0,0,2,1,0,0,1,0,3,0,0,0,0,0,0,0
0,0,0,0,3,1,0,0,0,0,1,0,0,0,0,0,1,0,0,1,1,0,0,0,1,0,0,2,0,2,1,0,2,3,0,0,0,0
