5,0,0,2,1,0,0,0,0,0,0,0,0,0,0,0,0,0,0,0,0,0,0,0,0,0,0,0,0,0,0,0,0,0,0,0,0,0
1,4,2,9,1,1,1,0,0,0,1,2,0,0,0,0,0,0,0,0,0,0,0,0,0,0,0,0,0,0,0,0,0,0,0,0,0,0
0,9,4,1,0,8,0,0,0,0,0,0,0,0,0,0,0,0,0,0,0,0,0,0,0,0,0,0,0,1,0,0,0,0,0,0,0,1
11,15,7,79,19,26,11,1,0,1,8,3,1,3,0,0,2,0,1,4,3,0,1,2,8,2,5,0,2,3,0,1,0,1,0,0,0,0
2,6,2,43,10,26,18,6,4,4,7,6,3,0,2,2,4,9,2,8,3,2,0,0,12,0,2,1,3,11,0,0,1,2,0,3,0,0
3,3,13,40,8,67,39,2,10,1,5,4,3,3,0,0,1,0,2,2,0,1,0,0,3,0,11,1,0,7,1,0,0,2,0,0,0,0
1,5,3,30,7,53,35,1,10,0,2,5,6,1,0,0,10,11,8,3,1,7,0,2,2,0,14,4,1,9,0,2,2,2,0,0,0,1
2,0,3,9,6,20,5,0,5,0,2,5,2,1,0,1,10,6,3,1,6,1,0,0,8,0,11,6,1,7,0,0,0,0,0,2,0,0
1,0,1,2,0,14,8,0,1,0,2,2,1,1,1,0,4,3,4,0,1,3,2,4,0,0,3,1,0,0,0,0,1,0,0,0,0,0
0,0,4,6,3,1,1,0,0,0,4,0,0,1,0,2,0,0,1,2,4,0,0,3,2,2,1,2,1,3,0,0,0,2,0,0,0,0
4,4,2,32,13,15,7,0,5,8,11,4,2,1,0,5,8,6,5,9,3,6,3,1,14,2,11,11,1,10,2,2,0,1,2,0,0,5
1,1,3,27,17,24,16,5,3,3,12,3,3,1,0,3,6,8,9,4,7,10,1,5,8,2,11,9,7,11,1,2,0,0,2,3,0,0
1,0,4,13,11,20,22,2,2,0,7,3,4,2,0,1,4,5,8,5,3,7,2,3,13,2,24,6,6,16,1,1,0,4,3,0,0,0
3,1,0,14,7,8,12,0,4,3,4,2,0,2,0,1,0,9,4,6,3,12,1,2,1,1,12,3,5,7,1,0,0,2,3,0,0,2
0,0,0,1,1,0,2,0,0,0,0,0,1,0,0,0,0,2,2,2,1,0,0,0,0,0,1,0,0,1,2,2,0,0,0,0,1,0
0,0,1,2,1,12,2,0,1,3,0,3,4,0,0,0,2,0,1,7,3,4,0,0,5,0,10,1,2,6,0,0,0,0,1,0,0,0
0,1,3,8,2,21,10,0,2,2,4,5,3,2,0,1,3,4,12,4,4,6,1,2,6,2,12,5,6,15,0,3,1,0,0,1,0,0
0,3,0,10,8,25,9,1,2,0,4,1,7,3,0,0,4,1,4,4,3,5,0,1,9,2,24,4,4,7,0,1,1,0,1,0,0,1
1,3,1,1,2,12,6,1,6,1,2,3,2,0,1,0,1,5,2,1,2,3,0,1,10,0,13,10,1,14,0,1,0,3,0,0,0,0
0,3,0,12,4,11,6,0,0,4,24,11,4,0,0,1,8,12,3,9,0,3,0,1,8,3,15,3,5,7,1,0,1,1,0,1,0,1
0,0,1,6,4,4,3,0,1,0,4,0,0,2,0,0,1,5,1,5,0,4,0,0,3,4,8,1,1,3,0,0,0,0,0,0,0,0
0,0,2,8,3,20,4,4,1,2,6,4,1,3,0,0,2,10,2,3,0,0,0,0,6,2,13,6,1,7,0,0,0,2,0,0,0,0
0,1,1,0,1,2,2,0,0,0,0,1,1,0,0,0,1,2,0,0,0,0,0,0,1,0,5,0,0,1,0,0,0,0,0,1,0,0
0,0,0,0,0,2,6,0,0,1,1,1,1,1,0,0,4,11,1,6,1,0,1,0,7,0,9,2,0,3,0,0,0,0,0,0,0,0
7,4,1,24,5,10,11,0,3,6,17,1,3,1,0,1,4,18,12,22,6,6,0,1,18,7,31,25,6,24,1,0,1,5,3,3,0,1
0,1,0,4,0,3,0,0,0,1,0,0,0,2,0,0,0,2,2,8,1,0,0,0,2,2,6,4,6,11,0,0,0,3,0,0,0,0
1,5,1,13,5,25,18,0,6,3,7,6,5,7,0,0,4,20,15,11,6,14,1,8,28,4,35,32,9,55,1,1,3,16,1,1,0,0
0,1,2,6,4,4,1,0,0,3,8,6,0,2,0,0,2,7,3,4,7,10,1,1,24,8,26,13,10,26,2,0,1,14,2,8,0,1
0,0,1,4,1,6,5,1,0,0,1,1,1,0,0,0,5,3,2,0,1,3,0,0,8,0,7,10,1,11,1,0,2,3,2,6,0,5
1,2,0,12,8,19,12,0,3,6,7,2,8,4,1,2,4,12,14,11,2,5,5,0,22,2,36,42,24,60,0,6,0,10,1,5,0,5
0,0,1,0,0,1,0,0,2,0,0,0,0,0,0,0,0,0,0,0,0,0,0,0,3,0,1,1,0,2,1,0,1,1,0,0,0,0
1,0,1,1,0,1,2,0,0,1,0,0,0,3,0,0,0,2,4,0,0,3,0,0,1,0,0,2,0,2,4,1,0,2,0,0,0,0
0,0,0,2,0,5,1,0,2,0,0,0,0,0,0,0,1,3,2,0,0,0,0,0,2,1,2,0,1,8,1,1,0,3,1,0,0,0
3,1,0,1,1,6,8,0,0,3,6,3,2,0,0,0,3,1,0,6,0,5,1,1,22,0,5,13,2,18,5,0,1,6,2,9,0,4
0,0,0,0,1,4,0,0,0,0,1,0,0,0,0,0,0,0,2,1,0,1,0,2,2,1,2,6,0,3,1,1,0,3,1,0,0,0
0,0,0,3,1,1,2,0,1,0,0,0,0,0,2,0,0,1,0,0,1,0,0,0,3,0,1,1,2,3,0,2,0,1,0,0,0,0
0,0,0,0,0,0,0,0,0,0,0,0,0,0,0,0,0,0,0,0,0,0,0,0,0,0,0,0,0,0,2,0,0,0,0,0,0,0
0,0,0,3,1,1,2,0,0,0,1,0,1,0,0,0,0,1,0,2,0,0,0,0,1,0,2,1,0,2,1,0,1,0,0,0,0,0
