1,0,0,0,0,0,0,0,0,0,0,0,0,0,0,0,0,0,0,0,0,0,0,0,0,0,0,0,0,0,0,0,0,0,0,0,0,0
1,15,5,4,1,6,0,0,0,0,0,2,0,0,0,0,1,0,0,0,1,0,0,0,3,0,1,1,0,2,0,0,0,0,0,0,0,0
0,1,6,0,0,4,0,0,0,0,0,0,1,0,0,0,0,0,0,0,0,0,0,0,0,1,0,0,0,0,0,0,0,0,0,0,0,0
7,10,11,89,24,29,19,1,1,5,8,4,1,1,0,0,1,2,2,0,0,0,0,0,2,0,5,1,1,4,0,0,0,2,0,0,0,0
0,2,0,37,13,23,10,2,3,2,9,12,4,4,0,0,9,2,4,5,1,3,1,2,3,0,11,4,4,8,1,0,0,0,2,1,0,0
4,4,9,35,8,75,37,5,7,1,4,5,5,3,0,2,9,3,11,2,4,5,2,2,4,1,1,7,3,11,0,0,1,0,0,0,0,0
2,11,2,22,7,54,53,6,3,0,3,3,9,1,0,1,10,5,6,4,9,6,0,2,6,4,19,7,1,16,1,0,1,0,1,2,0,0
0,1,0,11,8,25,10,0,1,0,3,1,3,0,0,4,6,8,5,1,2,2,0,2,1,2,9,6,0,8,0,2,0,0,1,4,0,0
0,0,0,6,0,9,9,0,1,1,0,0,2,0,0,0,4,1,4,1,0,0,0,1,3,0,3,0,0,1,0,0,0,0,1,0,0,0
0,2,0,6,6,0,0,0,1,0,3,1,2,1,0,0,0,0,0,3,2,0,0,0,1,0,2,4,2,1,0,0,0,0,0,0,0,0
0,6,0,15,13,10,10,0,0,1,3,9,2,2,0,0,6,7,0,15,0,11,1,1,9,2,7,7,1,4,1,0,1,3,0,0,0,2
0,4,0,35,13,33,15,1,6,4,14,4,5,2,0,4,6,9,11,6,6,6,2,3,6,4,28,13,4,9,3,3,0,3,1,2,0,0
0,2,2,19,8,40,27,2,1,2,10,4,5,1,0,0,14,5,7,1,4,2,3,0,12,0,11,6,2,10,0,0,2,3,5,2,0,1
5,2,1,21,5,12,12,2,4,3,2,3,3,0,0,1,3,6,10,5,1,6,1,4,7,2,19,5,0,15,0,0,0,1,0,0,0,0
0,0,0,0,0,0,0,0,0,0,1,0,0,0,0,1,1,1,0,0,1,0,0,0,0,1,1,2,0,3,0,0,2,0,0,0,0,0
1,0,0,4,3,2,6,1,3,0,2,2,2,0,0,0,0,1,1,1,1,4,0,3,0,0,12,5,4,6,2,0,0,0,1,0,0,0
1,0,2,14,9,31,21,0,2,3,3,7,2,4,0,1,1,1,18,6,3,6,1,0,7,1,21,2,1,12,0,1,1,1,0,3,0,1
4,2,1,13,6,23,9,0,6,3,5,1,8,2,0,1,5,2,10,6,0,13,0,2,5,2,23,7,7,19,1,0,5,1,6,0,0,0
0,4,0,2,2,12,5,0,2,1,1,6,6,0,0,0,6,4,3,4,2,2,0,4,4,4,14,3,2,4,0,0,1,1,1,2,0,0
5,0,2,5,2,8,7,1,2,2,12,4,0,4,0,2,5,7,9,10,7,4,1,1,21,0,10,11,1,16,0,0,0,5,0,1,0,1
2,1,0,10,4,3,7,0,3,1,4,2,0,0,0,0,1,1,2,2,0,1,0,0,6,0,2,2,0,6,0,0,1,1,0,0,0,2
3,1,0,5,4,16,7,0,5,0,7,2,3,0,0,0,1,11,2,5,1,1,1,3,6,0,3,7,1,6,1,0,5,8,0,1,0,1
0,0,0,0,1,7,0,0,0,1,3,2,3,0,0,1,0,2,0,4,0,1,0,0,3,0,6,0,1,5,0,0,0,0,0,0,0,0
1,0,0,1,0,3,1,0,1,2,0,0,2,1,0,0,4,2,5,1,2,0,0,1,2,0,6,3,0,4,0,0,0,2,0,0,0,1
2,2,0,27,8,9,9,0,4,7,8,12,5,0,0,0,12,9,13,15,6,5,2,2,23,1,31,30,7,31,0,2,0,6,2,0,0,3
0,0,0,6,1,4,7,0,0,2,0,3,0,0,0,0,0,5,2,1,1,1,1,1,2,0,5,4,2,4,3,0,0,0,0,1,0,0
1,1,1,17,7,31,12,1,5,1,12,3,11,7,0,2,6,31,19,6,5,11,1,2,37,11,36,26,9,47,0,0,5,1,4,6,0,2
0,0,2,8,7,13,5,2,1,1,4,1,0,2,0,1,3,9,6,8,2,3,1,4,21,7,33,15,10,41,6,2,2,11,3,0,0,1
0,2,0,10,0,4,6,0,1,2,0,1,1,0,0,1,0,4,2,2,1,1,0,0,9,1,9,13,3,13,2,0,0,2,5,4,0,2
2,0,6,13,3,10,12,1,1,4,5,2,2,1,0,0,9,15,18,5,7,6,1,3,26,4,24,31,9,76,3,12,1,11,5,2,0,7
0,0,1,0,0,2,0,0,0,0,0,0,2,0,0,0,0,2,2,0,0,0,0,0,3,0,1,3,0,4,3,0,1,2,1,1,0,0
0,0,0,0,0,4,3,0,1,1,0,0,0,0,0,0,0,0,1,1,0,1,0,0,0,0,8,1,1,8,2,0,0,0,0,0,0,0
0,0,0,1,1,2,2,0,1,1,0,0,0,1,0,0,2,2,2,1,2,0,0,0,0,0,3,3,1,6,0,1,0,4,0,2,0,0
0,2,0,5,4,5,0,0,0,1,0,1,3,0,0,1,1,4,5,10,2,0,0,0,16,1,10,5,2,15,2,1,3,7,0,6,0,5
0,0,0,3,0,1,0,0,0,1,1,1,1,0,0,0,0,0,1,0,0,0,0,0,0,0,1,1,2,6,2,0,0,2,2,1,0,0
0,0,0,2,0,2,2,0,0,0,1,1,0,0,0,0,1,2,0,2,0,0,0,0,4,0,3,2,1,1,2,0,1,2,0,0,0,0
0,0,0,0,0,0,0,0,0,0,0,0,0,0,0,2,0,0,0,0,0,0,0,0,0,0,0,0,0,0,0,0,0,0,0,0,0,0
1,0,0,0,0,0,3,0,0,0,1,1,0,0,0,0,0,1,3,0,0,1,0,0,2,0,2,1,0,0,0,1,1,2,1,0,0,0
