2,0,0,0,0,0,0,0,0,0,0,0,0,0,0,0,0,0,0,0,0,0,0,0,0,0,0,0,0,0,0,0,0,0,0,0,0,0
2,4,2,14,0,2,0,0,0,0,1,0,0,0,0,0,1,0,0,0,0,0,0,0,0,0,0,0,0,0,0,0,0,0,0,0,0,0
1,1,3,0,1,0,1,0,0,0,0,1,0,0,0,0,0,0,0,0,0,0,0,0,0,0,0,1,0,0,0,0,0,0,0,0,0,0
4,27,14,66,30,25,7,1,5,4,4,5,5,2,0,1,2,0,1,3,5,4,0,1,2,0,1,0,1,2,1,1,0,1,0,0,0,0
6,5,5,43,8,31,19,0,4,7,17,10,1,2,0,3,1,2,7,7,4,5,1,0,8,2,4,4,1,3,1,0,1,3,1,0,0,1
6,11,17,39,19,74,29,3,11,0,2,4,5,0,0,3,4,0,7,0,0,1,0,3,3,1,7,3,1,4,3,0,0,1,0,0,0,1
2,3,3,30,5,62,50,2,7,0,4,3,3,1,1,4,9,5,6,0,5,3,0,0,6,0,15,3,1,3,0,3,0,1,0,4,0,0
0,0,0,6,9,15,8,0,1,0,3,3,4,2,0,2,1,0,6,1,4,3,0,0,2,1,6,4,1,7,0,0,2,2,0,0,0,0
3,0,0,5,4,12,7,0,0,0,0,0,1,0,0,0,1,2,0,0,2,0,3,0,5,0,8,1,0,2,0,0,0,0,0,0,0,0
1,2,0,5,2,3,2,0,0,0,3,0,2,1,0,1,0,0,2,1,0,1,0,0,2,1,0,4,0,0,0,0,0,0,1,0,0,0
2,8,4,20,6,7,11,0,1,4,11,3,2,0,0,3,7,8,12,18,2,7,2,1,8,1,8,7,5,11,2,0,2,4,0,1,0,0
2,1,1,30,14,15,23,1,3,9,9,1,4,7,0,3,6,9,9,9,3,14,3,0,9,3,18,10,9,13,2,0,2,2,0,0,0,1
4,1,5,17,9,37,14,1,3,2,6,2,5,6,0,1,5,6,14,3,0,1,1,2,21,3,25,10,6,14,0,1,2,1,1,1,0,0
1,0,0,10,9,11,11,0,1,1,5,4,5,0,0,1,0,3,6,6,4,10,0,2,3,3,9,6,3,6,0,0,0,1,1,2,0,0
0,0,0,1,1,2,1,0,0,0,0,0,2,1,0,0,0,0,0,0,1,1,1,1,3,0,3,1,0,1,0,0,0,1,0,0,0,0
0,2,0,2,1,7,5,0,0,0,1,5,2,0,0,0,0,0,4,2,1,3,0,0,6,0,4,2,0,1,1,0,0,0,0,2,0,0
0,5,4,11,5,23,11,3,1,3,5,4,1,0,0,0,1,3,24,6,4,14,3,1,9,1,26,3,8,14,3,0,2,3,0,1,0,0
0,1,0,13,6,22,16,3,3,1,6,5,2,1,0,0,3,1,3,9,5,21,0,4,4,5,26,9,3,14,1,0,0,5,0,1,0,0
0,1,1,3,2,5,4,0,1,1,5,4,1,0,0,0,2,4,0,1,0,6,0,3,10,2,13,4,3,9,0,0,0,0,0,3,0,2
0,3,2,14,7,10,9,1,1,0,19,4,2,5,0,2,8,13,2,15,4,4,1,0,7,1,11,5,2,8,1,0,2,4,2,2,0,1
0,1,0,6,3,4,2,0,0,3,4,1,0,0,0,0,2,1,3,5,0,0,1,1,3,0,3,1,2,6,0,0,1,3,0,1,0,1
1,1,3,11,8,20,18,2,3,1,7,3,2,4,0,2,11,9,15,4,4,2,1,2,6,0,17,9,1,5,0,0,1,2,2,3,0,1
1,0,0,2,1,3,0,1,0,0,0,1,0,1,0,0,3,2,1,0,0,0,0,0,3,0,2,3,1,1,0,0,0,1,1,2,0,0
0,0,0,1,1,2,4,0,1,0,0,3,1,0,0,0,4,2,2,2,0,0,0,1,4,0,7,4,2,6,0,1,1,0,0,0,0,0
5,5,5,15,10,9,11,0,0,10,9,10,1,2,0,0,6,11,12,17,2,10,2,2,28,8,33,15,4,31,3,0,4,7,2,3,0,0
0,2,0,2,8,2,3,0,1,2,2,4,1,0,0,0,0,2,5,1,1,1,0,0,1,0,1,8,0,11,0,0,0,2,0,0,0,0
0,5,2,17,7,23,14,3,6,2,5,7,4,5,1,1,10,23,19,5,8,9,0,7,20,1,35,26,13,53,7,1,9,8,1,3,0,4
1,1,0,12,4,14,12,0,0,3,8,5,0,2,0,0,8,11,5,6,1,6,4,0,28,10,29,17,1,28,3,1,0,17,2,5,0,3
0,0,0,3,3,3,4,1,0,0,0,0,0,1,0,0,1,2,1,0,0,7,2,1,4,0,13,7,0,15,1,0,4,8,2,1,0,2
2,4,0,5,7,11,9,0,3,0,7,2,4,7,0,1,10,10,12,8,1,7,2,1,21,0,39,31,17,75,11,6,2,7,4,1,0,5
2,1,3,1,2,0,0,0,0,0,4,0,0,1,0,0,0,1,0,0,1,1,0,0,0,0,1,1,0,12,2,0,0,0,0,0,0,0
1,0,0,0,0,0,1,0,0,0,0,0,0,0,0,0,0,0,1,0,0,0,0,0,3,1,4,4,0,4,0,0,0,1,1,0,0,0
0,1,0,2,2,0,0,0,0,0,0,0,0,0,0,0,1,1,2,0,0,0,0,0,2,0,1,4,0,10,0,0,1,0,0,1,0,0
1,0,0,7,4,8,3,1,0,0,3,1,1,4,0,0,0,0,0,7,0,1,0,1,7,0,8,18,4,13,4,6,0,5,1,4,0,13
0,0,1,3,2,1,0,0,0,0,0,0,1,0,0,0,0,1,0,2,0,0,0,0,2,0,2,2,1,5,2,0,2,5,1,1,0,0
0,0,0,2,3,1,0,0,2,0,0,0,0,0,0,0,0,3,0,0,0,0,0,0,1,1,3,0,0,3,1,1,3,0,0,1,0,0
0,0,0,0,0,0,0,0,0,0,0,0,0,0,0,0,0,0,0,0,0,1,0,0,0,0,3,0,0,0,0,0,0,0,0,0,0,0
0,0,0,2,0,2,0,0,0,0,0,0,0,0,0,0,0,1,2,0,0,1,0,0,1,0,0,6,0,0,0,0,0,3,0,0,0,2
