0,0,0,0,0,0,0,0,0,0,0,0,0,0,0,0,0,0,0,0,0,0,0,0,0,0,0,0,0,0,0,0,0,0,0,0,0,0
1,4,7,8,2,3,2,0,0,0,0,0,0,0,0,0,0,0,0,0,1,0,0,0,0,0,0,0,1,0,0,0,0,0,0,0,0,0
0,0,0,1,0,2,0,0,0,0,1,2,0,0,0,0,0,0,0,0,0,0,0,1,0,0,0,0,0,1,0,0,0,0,0,0,0,0
12,25,11,59,20,40,17,0,2,1,4,4,0,1,0,0,1,0,3,1,0,0,2,3,2,0,3,1,0,2,0,0,0,0,0,0,0,0
0,10,4,43,13,28,12,4,2,4,7,9,1,1,2,1,5,2,4,5,3,6,0,0,8,1,1,5,1,3,4,0,0,5,1,1,0,2
1,9,19,34,9,64,37,2,5,0,4,6,8,2,0,2,3,6,0,0,2,5,0,1,3,2,2,1,0,4,0,0,0,0,0,0,0,0
2,5,7,24,13,43,31,2,6,2,1,10,8,2,0,1,9,6,4,2,1,7,1,2,11,0,8,9,5,14,1,1,1,5,1,0,0,1
0,0,0,7,7,14,9,0,0,0,3,1,4,1,0,3,3,1,12,3,1,4,1,0,6,2,7,3,4,2,0,1,1,2,0,0,0,0
0,1,0,2,3,4,6,0,3,0,1,0,1,0,0,1,3,1,1,0,1,5,0,0,2,0,0,0,0,2,0,0,0,0,0,1,0,0
0,0,0,7,4,5,0,0,1,2,1,0,0,3,0,1,0,1,2,2,5,2,0,0,2,1,5,0,1,0,0,0,0,0,0,0,0,0
3,2,3,26,14,26,9,4,1,4,6,3,5,8,0,8,3,9,8,8,3,10,2,0,13,6,9,14,2,7,2,2,1,1,5,2,0,0
4,2,0,18,12,29,10,1,7,2,7,1,0,1,0,9,4,7,11,3,1,6,0,0,15,1,27,11,5,10,2,2,0,2,2,0,0,4
0,4,3,12,6,32,29,2,2,1,9,4,3,1,2,2,3,6,17,6,2,4,0,2,7,3,26,3,1,10,0,6,0,3,0,5,0,2
1,1,2,14,1,22,10,0,3,1,4,2,1,2,1,1,0,5,3,8,3,4,1,0,7,2,9,4,0,5,2,0,1,2,5,3,0,0
0,0,0,1,0,0,0,0,0,0,0,0,0,0,0,0,0,2,0,0,0,0,3,1,2,0,0,0,0,1,0,0,0,0,0,0,0,0
0,3,2,2,3,14,9,0,2,2,1,0,1,0,0,0,2,2,2,1,0,2,0,1,5,1,2,9,4,7,0,1,0,2,3,1,0,0
0,3,0,9,5,24,4,3,7,2,5,5,3,1,0,0,1,8,10,1,9,7,0,2,6,1,20,8,0,16,0,0,1,4,0,0,0,0
2,2,3,7,4,26,23,0,5,1,10,6,3,0,0,0,3,0,3,2,3,5,0,2,6,4,28,5,3,18,0,1,2,2,0,1,0,0
1,0,0,3,3,13,10,0,2,1,5,3,4,1,0,0,4,5,2,0,0,1,0,0,11,0,15,2,3,12,3,0,0,0,1,2,1,0
1,6,1,7,7,4,7,1,0,3,3,9,0,1,1,0,6,6,6,6,2,1,0,3,6,1,8,1,0,13,0,1,1,1,1,0,0,0
1,0,0,4,2,0,5,1,0,0,2,2,0,1,0,0,0,2,4,0,2,5,0,3,4,0,2,2,0,2,3,0,0,2,0,0,0,0
0,1,0,3,4,15,5,2,3,0,4,5,3,5,0,0,9,9,5,4,1,2,0,0,3,1,24,6,0,4,0,1,4,0,2,0,0,0
0,1,0,1,0,3,1,0,0,2,1,0,0,0,0,0,1,2,0,1,0,1,0,0,2,0,6,1,0,3,0,0,0,1,0,4,0,0
0,1,0,0,3,2,2,0,0,0,6,1,0,1,0,0,1,3,0,2,1,1,0,1,1,0,6,2,1,4,0,0,0,0,2,0,0,0
5,0,2,13,11,12,15,0,2,3,20,8,4,5,2,1,1,9,10,18,5,4,3,5,16,9,30,22,3,14,4,3,2,6,8,6,0,5
0,1,0,3,1,8,4,1,0,0,1,1,1,1,0,0,2,1,1,2,3,7,0,0,6,0,4,5,1,5,0,0,0,0,0,1,0,1
2,2,3,14,5,27,13,0,5,1,8,7,5,2,1,2,17,17,12,8,3,16,1,3,22,11,39,24,5,56,4,2,1,15,4,2,0,1
5,0,3,8,4,6,5,1,0,3,4,6,3,1,0,1,5,5,4,11,7,8,1,2,22,8,21,20,8,43,5,4,0,12,3,2,0,2
0,1,0,1,4,6,2,0,3,0,2,3,2,0,0,0,0,5,5,3,0,4,0,0,3,2,9,8,4,15,3,0,4,1,3,0,0,3
0,9,4,7,13,22,11,0,5,4,5,3,3,2,0,0,9,10,9,4,4,9,0,1,28,7,44,28,15,73,13,3,4,8,4,2,0,2
1,1,0,1,1,4,0,0,1,0,0,0,0,0,0,0,1,1,0,0,0,0,0,0,0,0,0,0,0,2,0,0,1,0,0,1,0,0
0,1,0,0,0,0,1,0,1,0,0,1,0,0,0,0,2,1,0,0,0,0,0,0,0,0,0,0,0,3,0,0,0,0,0,0,0,0
1,1,0,3,0,0,5,0,0,0,0,0,1,0,0,0,2,3,3,3,0,0,0,0,4,0,1,5,0,10,0,0,0,1,0,3,0,2
0,0,3,6,4,2,7,0,0,0,2,0,4,2,0,1,1,1,5,4,1,4,0,0,9,1,11,11,3,19,2,0,1,2,4,1,0,4
0,1,0,1,3,0,1,0,0,0,0,0,2,0,0,0,0,1,0,0,0,1,0,0,8,0,1,1,0,3,0,1,0,0,0,1,0,0
0,0,0,3,1,0,1,0,0,0,2,2,0,0,0,0,5,0,3,0,0,0,0,0,2,0,3,1,1,1,1,0,1,2,0,1,0,1
0,0,0,0,0,2,0,0,0,0,0,0,0,0,0,0,0,0,0,0,0,0,0,0,0,0,0,0,0,0,0,0,0,0,0,1,0,0
1,0,1,2,0,3,0,0,0,0,0,2,1,1,0,0,0,0,1,0,0,0,0,0,3,0,1,0,0,4,0,1,0,0,0,1,0,0
