1,3,0,0,0,0,0,0,0,0,0,0,0,0,0,0,0,0,0,0,0,0,0,0,0,0,0,0,0,0,0,0,0,0,0,0,0,0
2,10,3,10,2,4,2,0,0,0,0,0,1,0,0,0,0,0,1,3,0,0,0,0,0,0,0,0,0,3,0,0,0,0,0,0,0,0
1,1,1,0,1,0,0,0,0,0,0,0,0,0,0,0,0,0,0,0,0,0,0,0,2,0,1,0,0,0,0,0,0,0,0,0,0,0
6,17,7,44,18,31,16,0,1,0,5,5,1,0,0,3,0,1,0,2,0,2,0,2,8,1,1,3,0,4,1,0,0,1,0,0,0,0
1,7,3,31,11,11,13,0,3,3,6,6,7,4,0,3,6,1,4,8,7,2,0,1,6,1,9,5,0,3,0,0,0,0,1,0,0,1
2,6,12,51,7,70,39,6,6,0,0,3,3,1,0,0,6,2,1,2,0,3,0,1,7,0,3,7,0,7,0,0,0,3,0,0,0,0
1,4,3,15,7,63,26,2,4,0,1,10,6,0,0,1,7,8,5,0,3,6,0,2,3,0,7,0,7,5,1,0,3,1,0,0,0,2
0,0,1,4,5,9,16,0,3,2,6,4,3,2,0,0,12,4,7,5,0,4,1,0,2,3,7,3,2,10,0,0,2,2,0,0,0,0
0,1,2,2,0,9,2,0,2,0,1,0,4,0,0,0,3,0,3,0,0,3,0,0,4,0,4,0,0,5,0,0,0,0,0,0,0,0
0,1,0,6,3,0,2,0,0,1,3,0,0,0,0,0,0,1,1,2,1,0,0,0,3,1,2,1,3,3,0,0,0,1,0,0,2,0
4,7,1,23,15,12,11,0,2,2,9,13,2,2,0,0,7,5,7,13,8,4,0,2,24,1,5,15,0,7,1,1,1,1,0,1,0,3
0,8,2,21,14,27,15,1,5,7,2,2,7,0,0,4,8,9,8,7,2,4,0,2,3,0,21,13,3,8,3,1,0,4,0,0,0,2
0,1,3,7,5,32,19,0,2,2,8,1,2,1,1,0,5,7,24,3,2,2,1,1,13,0,32,12,4,10,1,4,1,2,0,3,0,0
1,2,2,8,3,11,11,1,3,1,2,3,2,3,0,0,4,10,5,1,2,6,1,0,3,1,6,6,0,4,0,1,0,3,0,0,0,0
0,0,0,0,0,0,1,0,0,0,0,0,0,0,0,0,1,0,0,0,0,1,0,1,0,0,3,0,3,1,0,0,0,1,0,0,0,0
0,2,0,4,4,4,4,0,0,0,0,0,2,0,0,0,3,3,6,2,2,4,0,1,6,0,6,2,0,6,0,0,0,0,0,1,0,1
0,4,3,11,5,24,13,1,6,7,6,9,1,3,0,1,3,3,24,6,5,4,0,1,4,1,10,7,6,16,2,4,3,3,1,2,0,1
0,2,1,7,5,10,7,1,2,1,3,3,2,2,0,0,3,3,6,1,1,7,0,1,6,0,20,5,6,11,1,1,3,3,1,0,0,0
1,0,1,3,1,16,12,1,3,1,4,0,4,0,0,1,14,4,7,4,6,5,1,1,2,1,14,2,3,10,2,0,0,1,0,0,0,0
2,4,0,7,7,7,2,0,0,3,4,0,2,0,0,0,3,8,3,2,3,5,1,0,5,0,3,2,0,3,0,0,2,3,1,0,0,0
1,0,1,3,0,2,4,0,1,0,2,0,2,2,0,0,1,1,4,4,0,1,0,1,8,1,3,0,0,4,1,0,0,3,0,1,0,1
0,2,0,7,3,14,10,0,2,3,8,1,5,3,3,2,2,7,3,1,4,3,0,1,6,1,6,9,0,7,2,2,0,5,0,1,0,3
0,0,0,2,2,8,3,0,1,0,1,2,0,0,0,0,2,0,0,0,0,3,0,0,0,0,4,3,2,1,0,0,0,1,0,0,0,0
0,0,1,2,1,8,0,0,0,1,0,1,1,2,0,2,2,4,0,0,1,1,0,3,1,2,2,1,1,5,0,0,0,0,0,0,0,1
0,5,3,21,3,17,5,1,4,3,12,0,6,3,0,1,3,6,6,18,6,8,3,1,19,2,22,24,6,25,1,2,2,2,2,2,0,1
1,0,0,3,3,5,4,0,0,1,2,0,0,0,0,0,8,1,9,5,7,3,0,1,5,1,3,8,1,9,0,0,0,0,0,0,0,1
0,6,7,17,6,26,16,3,5,1,11,6,6,7,0,1,12,16,30,12,11,14,2,0,29,5,37,18,10,69,6,3,8,12,1,3,0,2
1,1,2,15,4,12,8,2,2,2,2,0,1,1,0,0,3,7,1,7,6,5,0,1,21,1,16,25,6,37,8,2,2,11,4,1,0,0
0,0,1,2,1,6,0,0,0,3,0,3,0,0,0,0,1,4,5,0,0,0,1,0,2,3,9,3,0,13,0,0,3,0,2,2,0,0
2,1,0,12,3,21,10,0,1,5,13,5,6,2,3,0,8,19,21,0,8,9,1,3,24,3,39,37,18,68,6,5,6,16,6,3,2,7
0,0,0,0,0,4,2,0,0,0,0,0,0,0,0,0,0,2,3,0,0,0,0,0,1,0,5,1,0,7,1,0,0,1,0,4,0,1
0,0,0,0,1,0,0,0,0,0,0,0,0,1,0,0,0,1,3,0,0,0,0,0,2,0,1,2,0,8,0,0,0,0,0,0,0,0
3,1,0,0,1,0,1,0,0,0,1,0,1,0,0,3,0,1,3,2,1,0,0,0,3,0,3,0,0,7,0,1,0,2,0,1,1,2
0,0,0,7,2,3,5,0,0,0,6,1,2,2,0,0,0,0,5,3,2,5,0,0,6,1,5,9,7,20,1,8,1,3,2,6,0,6
0,0,0,0,0,3,0,0,0,0,1,0,0,0,0,0,0,0,0,2,3,1,0,0,3,0,2,1,0,7,0,0,2,2,0,2,0,1
0,0,0,3,1,2,2,0,1,2,2,0,1,0,0,0,1,0,2,1,0,0,0,0,3,0,1,6,0,0,0,5,0,0,1,1,0,2
0,0,0,0,0,0,0,0,0,0,0,0,0,0,0,0,0,0,0,0,0,0,0,0,0,0,1,1,0,0,0,0,0,0,0,0,0,0
0,0,0,3,0,0,1,0,0,0,3,0,0,0,0,0,1,0,0,0,2,0,0,0,2,0,4,1,2,2,0,0,0,0,1,0,0,0
