1,2,0,0,0,0,0,0,0,0,0,0,0,0,0,0,0,0,0,0,0,0,0,0,0,0,0,0,0,0,0,0,0,0,0,0,0,0
2,6,4,5,1,1,0,1,0,0,0,0,0,0,0,0,0,0,0,1,0,0,0,0,0,0,1,0,0,3,0,0,0,0,0,0,0,0
0,3,0,0,0,1,1,0,0,0,0,0,0,0,0,0,0,0,0,0,0,0,0,0,0,0,0,0,0,0,0,0,0,0,0,0,0,0
11,18,5,72,20,28,9,1,1,0,7,3,2,0,0,1,1,3,2,6,1,1,1,1,7,0,3,2,1,3,0,0,0,5,1,0,0,0
0,9,3,34,17,10,10,1,6,1,1,5,1,1,0,2,4,6,2,0,3,5,0,1,6,0,5,1,2,1,0,0,3,0,2,0,0,0
3,2,14,45,7,68,44,2,5,0,1,0,7,2,0,1,7,9,4,0,0,6,2,0,9,2,15,0,2,8,1,0,2,5,2,1,0,0
2,2,10,17,6,62,34,4,9,1,2,6,5,0,0,1,13,4,6,3,3,4,0,3,2,1,12,4,1,7,0,0,0,0,3,0,0,0
0,3,1,9,6,11,18,0,0,1,3,6,2,2,0,3,3,1,1,1,0,3,0,1,2,2,7,5,1,5,0,0,0,2,0,1,0,0
0,0,0,4,2,5,7,0,2,0,0,1,0,3,0,0,1,0,0,2,0,1,4,0,0,0,3,1,1,2,0,0,0,0,0,0,0,0
2,1,0,5,0,5,2,0,0,0,5,3,0,0,0,1,0,2,0,3,1,3,0,0,5,0,1,1,2,0,0,0,0,3,1,0,0,0
5,7,2,36,22,13,6,0,3,6,1,3,3,0,0,6,5,8,7,7,2,11,0,1,8,0,13,3,0,8,2,0,2,4,0,4,0,3
2,5,3,31,9,25,13,2,4,2,5,5,6,4,0,2,7,5,4,6,5,9,1,3,13,1,24,9,6,10,3,0,3,1,0,0,0,2
0,1,4,9,11,37,27,0,0,2,14,3,1,4,0,1,4,3,20,7,0,4,3,4,9,0,19,4,4,14,5,2,3,1,1,2,0,0
0,1,3,19,13,5,11,3,6,4,3,7,1,0,0,4,5,6,5,6,3,7,0,1,7,0,15,7,2,8,0,2,0,4,0,3,0,1
0,0,1,2,1,0,1,0,2,0,0,0,0,0,0,0,0,0,1,3,0,0,1,0,1,0,2,0,0,1,0,0,0,0,1,0,0,0
0,0,0,4,2,11,6,2,0,1,4,1,2,1,0,1,1,1,4,5,2,2,0,1,5,1,13,3,2,1,3,0,0,0,0,1,0,0
0,6,0,17,6,27,10,0,3,3,3,5,3,7,0,1,4,6,8,3,3,3,0,2,11,1,24,5,0,10,1,1,0,2,2,0,0,1
1,2,1,8,2,11,9,0,0,0,4,3,6,0,0,0,6,1,5,2,3,5,0,1,12,1,22,12,3,14,1,0,1,3,0,3,0,0
0,0,1,4,5,9,15,0,3,1,1,0,4,3,0,1,4,9,5,3,4,2,0,1,10,0,15,11,1,6,1,0,0,0,1,1,0,0
1,3,3,4,12,4,6,0,0,5,6,3,2,0,0,0,0,5,4,1,0,5,1,0,5,0,7,4,1,2,0,0,0,0,0,0,0,2
0,1,0,5,1,11,2,0,0,0,2,1,1,0,0,0,5,3,0,3,0,5,0,1,4,1,2,1,0,3,0,0,0,0,0,0,0,0
4,1,0,2,4,6,4,1,1,2,3,6,2,4,0,0,3,4,7,3,4,7,1,0,14,0,8,4,3,7,2,0,1,1,0,1,0,0
0,0,0,2,0,3,4,0,1,0,0,1,0,0,0,0,0,1,0,0,0,0,0,0,1,0,4,2,0,0,0,0,0,1,0,0,0,0
0,0,1,0,2,1,1,1,1,0,6,0,1,2,0,1,1,5,4,2,1,2,0,1,4,3,5,0,1,2,0,0,0,0,0,0,0,1
5,3,5,25,16,14,13,0,2,5,12,2,0,3,0,1,8,8,10,18,3,2,1,3,21,4,19,18,7,19,2,2,0,3,6,2,0,1
0,1,0,3,2,3,1,0,0,0,3,2,2,0,0,0,0,2,2,2,1,0,0,0,2,0,2,5,1,4,0,0,0,1,0,1,0,0
1,4,10,14,5,28,11,0,6,1,3,7,10,2,0,5,9,25,25,11,1,10,1,6,19,6,37,25,10,61,2,3,3,11,3,2,0,3
1,2,2,19,4,3,10,1,1,2,12,4,1,2,0,0,6,7,12,8,1,6,5,1,32,6,26,17,8,32,5,1,1,15,2,7,0,1
0,0,0,3,3,1,8,0,0,0,2,3,0,1,0,1,2,1,3,1,4,1,0,0,12,3,7,5,7,15,0,3,4,2,1,0,0,2
1,3,2,21,5,14,12,1,2,2,5,4,4,1,0,0,5,16,13,10,7,11,0,0,29,7,61,40,14,72,12,3,5,25,4,6,0,4
0,0,0,0,0,1,2,0,0,0,0,0,0,0,0,0,0,1,3,0,2,0,0,0,2,0,2,1,0,6,1,1,2,0,0,1,0,0
2,0,0,1,0,2,1,0,0,0,0,0,0,0,0,0,0,0,0,0,0,0,0,0,3,0,0,2,0,3,0,1,0,0,0,0,1,0
0,1,0,0,1,5,0,0,0,0,1,0,0,0,0,0,0,4,1,1,0,0,0,0,6,0,3,4,0,8,0,0,0,0,1,2,0,0
0,0,0,2,1,7,4,0,1,2,1,2,2,3,0,0,7,4,6,0,2,0,2,0,7,0,5,11,1,16,4,1,5,6,1,0,0,0
0,2,0,0,0,3,0,2,0,0,0,0,0,0,0,0,1,0,0,0,1,0,0,0,1,0,1,1,2,4,2,2,0,3,0,1,0,0
0,0,0,2,2,4,0,0,0,1,0,0,1,1,0,0,0,5,1,0,0,0,0,0,2,0,3,1,0,1,0,3,2,1,0,3,0,1
0,0,0,0,0,1,0,0,0,0,0,0,0,0,0,0,0,0,0,1,0,0,0,0,0,0,0,0,0,2,2,0,0,0,0,0,0,0
1,0,0,3,0,1,0,0,0,0,0,0,0,1,0,0,0,0,0,0,0,0,0,0,1,0,1,0,0,1,0,0,0,0,0,0,0,1
