2.9325
1.97023255814
2.568125
2.208
1.98154545455
2.11209016393
1.79094117647
1.94853658537
1.3924137931
2.28529411765
2.22106280193
1.97634361233
2.02113744076
1.98530201342
2.43533333333
1.824
1.89725274725
2.2193220339
2.12843373494
2.09703703704
2.28767857143
2.23307086614
2.09666666667
1.99428571429
2.06785407725
2.27282608696
1.89878787879
2.19965065502
2.01578947368
2.2635890411
2.00954545455
3.87909090909
4.36459459459
3.14140350877
3.23344827586
3.31911764706
2.63333333333
5.70954545455
