2,0,0,1,0,0,0,0,0,1,0,0,0,0,0,0,0,0,0,0,0,0,0,0,0,0,0,0,0,0,0,0,0,0,0,0,0,0
2,10,4,19,0,2,1,0,0,0,1,0,0,0,0,0,0,0,1,0,0,0,0,0,0,1,0,0,0,0,0,0,0,0,0,0,0,0
0,1,4,0,1,5,3,0,0,0,1,0,0,0,0,0,0,0,0,0,2,0,0,0,0,0,0,0,0,0,0,0,0,0,0,0,0,0
10,26,3,48,19,29,4,0,0,3,4,7,4,1,0,0,3,3,6,1,7,0,0,1,9,0,3,0,0,5,0,0,0,3,0,0,0,0
2,5,1,42,12,31,24,5,4,9,3,3,5,0,0,5,12,5,2,8,3,4,0,2,4,0,10,11,3,3,0,0,0,2,0,4,0,0
4,2,16,33,2,56,35,2,5,0,6,6,7,0,0,0,5,2,7,6,2,6,0,1,2,0,19,3,0,7,0,0,2,1,0,0,0,0
1,0,3,21,7,44,23,3,5,0,0,3,15,0,0,1,5,0,5,1,1,2,0,0,3,0,11,0,0,9,1,0,1,1,0,1,0,0
0,2,2,3,2,17,7,0,3,3,5,0,0,1,0,4,2,0,2,4,1,4,0,0,10,0,7,2,0,2,1,0,0,0,0,2,0,1
0,0,1,0,0,14,7,0,3,0,1,0,1,0,0,0,1,2,2,0,0,0,0,0,0,0,0,0,0,0,0,0,0,0,0,0,0,0
4,2,0,9,2,1,1,0,0,0,3,1,0,1,0,0,0,0,0,3,2,1,0,0,0,0,1,0,1,0,0,0,0,0,0,1,0,0
3,7,1,27,15,14,6,5,1,1,9,0,2,5,1,1,9,1,8,11,2,16,0,1,17,1,12,7,1,9,1,1,5,3,4,1,0,4
2,0,3,25,16,15,11,0,5,4,12,1,5,5,0,11,7,3,11,8,6,13,0,1,10,1,10,7,2,11,0,0,3,7,0,3,0,0
1,0,7,7,2,38,30,0,2,5,9,3,0,2,0,3,4,7,10,6,4,2,0,1,11,2,11,5,5,18,1,0,2,1,3,0,0,0
0,1,0,18,4,18,13,0,2,1,4,5,2,0,0,3,4,6,4,2,2,11,3,4,6,1,8,9,4,9,0,2,0,2,0,1,0,0
1,0,0,1,0,1,1,0,1,0,0,1,0,0,1,0,0,0,1,0,1,0,0,0,0,0,1,0,1,0,0,0,2,0,0,0,0,0
0,2,0,1,3,9,9,1,0,0,2,1,2,0,0,1,1,5,5,1,1,3,1,1,10,0,3,6,1,4,1,0,0,0,0,1,0,0
1,0,2,10,4,28,15,1,2,4,7,3,3,3,0,1,4,2,18,3,5,2,2,5,3,2,18,8,2,16,1,1,1,2,0,0,0,1
1,2,1,3,8,13,12,0,9,2,2,0,6,3,0,0,4,1,7,7,4,3,2,1,3,2,19,10,2,21,2,2,3,3,2,2,0,1
0,4,1,2,0,7,11,0,2,0,1,1,4,1,0,0,3,1,6,1,0,5,0,1,6,0,13,2,0,7,0,0,3,1,0,0,0,1
0,4,1,4,1,6,3,0,0,0,4,7,0,2,0,3,3,4,5,4,0,1,0,0,5,0,5,4,0,5,0,1,0,1,0,1,0,1
1,0,0,4,2,9,5,0,1,0,3,1,2,0,0,0,1,2,2,4,1,3,0,1,3,1,5,1,0,8,0,1,0,0,0,0,0,0
4,3,1,11,0,11,3,0,1,6,8,8,4,2,0,0,1,7,2,6,0,8,0,0,11,0,4,4,3,12,1,0,0,2,2,1,0,2
0,0,0,2,0,0,0,0,0,0,1,1,0,0,0,0,1,0,1,0,0,0,0,0,0,1,6,0,0,0,0,1,0,2,0,0,0,0
0,0,1,0,1,4,0,0,2,0,2,1,0,0,0,0,6,0,1,0,0,0,0,0,3,1,4,1,0,3,0,1,0,2,0,0,0,0
4,1,0,12,9,4,5,1,1,4,12,12,4,2,0,0,7,12,8,13,6,6,3,0,21,8,16,24,4,22,2,2,1,5,1,2,0,1
0,0,1,5,0,5,5,0,2,2,4,1,0,1,0,0,0,0,3,3,0,0,0,2,1,0,3,3,3,3,1,0,0,3,0,1,0,0
5,2,4,14,5,24,16,0,3,4,11,6,15,3,0,0,16,16,19,9,3,16,0,2,27,5,31,15,9,46,4,3,0,10,2,0,0,2
2,4,1,8,8,17,10,1,1,1,9,4,0,4,0,0,6,7,9,3,1,2,4,2,25,6,19,20,6,19,1,2,4,13,4,3,0,3
0,0,0,5,1,4,3,0,0,2,2,2,0,2,0,0,0,3,6,4,3,3,0,5,7,1,6,13,0,15,1,3,5,2,1,0,0,1
4,0,3,12,7,16,15,0,1,6,7,6,7,2,0,2,6,11,22,7,7,4,2,2,24,4,33,24,10,64,8,9,9,9,4,3,1,4
0,0,0,0,0,4,0,0,0,0,0,0,0,0,2,0,0,0,0,0,0,0,2,0,0,0,0,4,3,8,2,0,0,1,2,0,0,1
0,0,0,0,0,2,0,1,0,0,0,2,0,0,0,0,2,3,0,0,0,0,0,0,1,0,0,2,0,5,0,0,0,0,0,0,2,0
1,0,0,0,0,5,7,0,0,0,1,0,2,1,0,0,0,2,3,2,1,0,0,0,5,0,0,2,0,4,0,0,2,1,1,1,0,0
1,3,1,4,6,3,4,1,1,4,6,2,0,1,0,2,1,3,3,2,3,1,1,0,9,3,12,10,2,12,4,1,5,1,3,1,0,5
0,0,0,4,0,2,0,0,1,2,0,0,0,0,0,0,0,2,0,1,0,0,0,0,3,1,3,1,2,3,0,0,0,3,1,2,0,0
0,0,0,0,1,1,0,0,0,0,1,0,1,0,0,0,0,1,0,0,0,1,0,0,5,0,4,3,1,3,2,1,1,2,0,0,0,0
0,0,0,2,0,0,0,0,0,0,0,0,0,0,0,0,0,0,0,0,0,0,0,0,0,0,0,0,0,0,0,0,0,1,0,0,0,0
0,0,1,3,0,0,1,0,0,0,1,0,0,0,0,0,0,1,0,0,2,1,0,0,0,0,2,1,0,4,1,0,0,0,2,0,0,0
