3,1,0,0,0,0,0,0,0,0,0,0,0,0,0,0,0,0,0,0,0,0,0,0,0,0,0,0,0,0,0,0,0,0,0,0,0,0
0,11,2,8,1,3,0,0,0,0,0,0,0,0,0,0,0,0,0,0,0,0,0,0,0,0,0,0,0,1,0,0,0,0,0,0,0,0
0,1,3,0,1,4,0,0,0,0,0,1,0,0,0,0,0,0,0,0,0,0,0,0,0,0,0,0,1,0,0,0,0,0,0,0,0,0
2,16,11,63,24,28,12,1,3,1,6,5,1,1,0,1,2,1,1,3,0,0,0,0,5,1,5,1,4,3,1,1,0,1,1,0,0,0
2,5,3,55,12,82,58,3,7,1,11,3,7,4,1,5,11,13,5,15,1,7,0,2,12,0,16,4,7,10,0,3,0,3,0,3,0,2
3,7,11,29,12,46,40,1,6,1,3,11,0,1,0,0,8,2,5,2,0,1,0,1,3,2,16,4,0,5,0,0,0,0,0,1,0,1
0,1,11,18,3,51,27,3,9,1,3,4,5,1,0,1,5,7,4,4,3,6,2,0,5,0,21,1,1,9,0,0,0,0,0,0,0,2
0,0,0,4,0,20,11,0,2,0,1,1,2,0,0,2,2,4,2,0,1,0,0,1,1,3,5,1,2,3,0,0,1,1,0,1,0,0
0,0,3,2,0,8,3,0,3,0,3,0,0,0,0,0,4,0,1,1,0,0,0,0,2,0,1,1,1,0,0,0,0,0,0,0,0,0
0,4,0,1,6,1,2,0,0,0,0,3,0,0,0,0,1,1,0,3,2,0,0,0,3,0,2,1,0,2,0,0,0,0,0,1,0,0
5,4,2,30,10,18,8,5,0,0,5,7,7,2,0,4,6,9,5,13,0,4,0,1,20,5,5,16,0,8,2,1,1,5,1,0,0,3
3,3,4,28,17,13,5,0,1,4,3,3,7,1,0,5,10,10,2,7,9,10,0,1,6,0,14,7,2,17,2,1,0,4,0,6,0,2
1,0,3,11,2,25,12,4,7,1,1,0,1,0,0,1,6,11,18,6,6,5,0,2,10,0,16,8,5,14,0,3,3,2,3,0,0,0
0,4,1,13,3,10,16,3,3,1,4,0,3,1,0,3,4,5,2,5,2,6,0,2,4,4,12,8,4,6,0,1,1,0,4,3,0,1
0,0,0,0,1,1,3,0,1,0,1,2,0,0,0,0,1,0,1,2,0,1,0,0,0,0,0,0,0,1,0,0,0,0,0,0,0,0
0,1,2,7,3,17,4,0,1,1,0,0,1,0,0,3,3,0,7,0,0,1,3,0,3,0,14,1,3,6,1,0,0,0,0,1,0,0
0,2,0,8,6,28,15,1,1,4,11,10,3,2,0,2,4,3,9,3,1,1,1,0,10,0,21,3,3,6,3,1,0,0,0,1,0,0
0,6,0,6,5,10,9,2,7,1,3,5,3,0,0,0,3,1,10,2,6,4,2,3,2,1,17,13,2,10,1,0,3,3,0,0,0,1
2,1,0,1,2,20,4,0,2,0,6,3,0,2,0,0,3,4,9,5,2,6,0,0,6,1,15,2,2,9,2,0,0,1,1,0,0,0
0,2,0,6,2,1,7,0,0,2,2,2,0,0,0,0,1,4,4,9,2,0,1,4,5,0,5,4,2,3,0,0,4,0,1,0,0,2
1,2,0,1,0,1,3,0,0,2,5,1,1,0,0,0,1,0,1,3,0,0,0,0,5,0,4,1,0,5,0,0,0,0,0,0,0,0
0,3,3,4,1,20,3,0,2,2,5,5,1,0,0,0,1,4,6,2,2,1,0,1,6,0,6,4,0,8,0,0,0,0,0,0,0,0
0,1,0,2,0,3,4,0,0,0,0,0,0,1,0,0,2,1,1,0,0,0,1,0,3,0,0,0,0,1,0,0,0,0,0,0,0,0
0,1,0,2,0,4,1,0,0,0,0,0,0,1,0,0,1,1,0,5,0,0,0,0,1,0,8,4,2,1,0,0,0,0,0,0,0,3
1,7,4,30,3,15,12,2,0,6,7,13,5,4,0,2,9,13,7,11,4,10,2,1,23,4,11,29,5,20,2,0,3,4,1,0,0,1
0,0,2,3,3,4,1,0,0,0,3,0,4,1,0,0,1,5,0,0,1,6,0,2,4,0,5,4,2,8,0,2,3,1,0,0,0,0
3,4,1,10,3,35,23,0,5,5,7,4,4,3,0,1,16,20,14,8,9,9,2,3,28,12,33,32,10,51,2,1,3,8,5,2,0,2
1,3,1,7,11,17,3,3,0,5,11,6,4,4,0,0,4,8,3,8,3,2,0,3,19,4,19,12,3,39,6,2,5,4,2,7,0,4
1,1,0,6,2,7,7,0,0,0,7,1,1,0,0,0,0,2,1,0,0,0,0,0,8,1,9,6,3,17,0,0,1,1,0,0,0,3
0,2,5,18,3,15,10,3,2,0,9,6,7,8,1,4,8,9,10,7,9,10,0,3,29,15,37,32,11,71,8,6,4,17,6,2,0,5
0,0,0,3,0,1,1,0,0,0,0,0,0,0,0,0,0,1,1,0,0,2,0,0,0,0,2,3,0,6,0,0,2,0,4,1,0,0
0,0,0,0,0,1,0,0,0,0,0,2,0,0,0,0,1,0,1,1,0,0,0,0,1,0,0,0,0,0,0,0,0,1,1,0,0,4
0,0,1,0,0,2,1,0,0,0,0,1,2,0,0,0,2,1,5,0,0,1,0,0,1,0,2,1,0,6,0,0,0,1,0,0,0,1
0,0,0,9,4,7,6,0,5,0,3,0,0,2,0,0,3,7,2,4,1,0,0,0,9,3,6,18,3,14,7,2,5,6,5,1,0,4
0,2,0,4,0,0,7,0,0,1,0,1,0,0,0,0,0,0,0,1,0,0,0,0,1,0,2,2,0,4,0,0,0,0,1,0,0,1
0,0,0,0,1,0,1,0,0,0,1,1,0,0,0,0,0,3,4,0,0,0,0,0,1,0,5,1,1,0,0,0,4,8,0,0,0,1
0,0,0,0,0,1,1,0,0,0,0,0,0,0,0,0,0,0,0,0,0,0,0,0,0,0,0,1,0,1,0,0,0,0,0,0,0,0
0,1,0,0,1,1,1,0,0,1,0,0,0,0,0,0,0,0,0,1,2,1,0,0,2,0,1,1,0,3,1,0,0,0,0,0,0,1
