1.35666666667
1.64689655172
2.34
1.86801801802
2.22212765957
2.06410788382
1.86255
1.76210526316
2.20515151515
2.25212121212
2.22235576923
2.29916230366
2.13816753927
2.15348484848
1.41894736842
2.1787654321
1.77676829268
1.82126865672
1.87827586207
1.88342105263
1.9943902439
2.22647727273
2.17473684211
2.02714285714
2.30369811321
1.90555555556
1.9757027027
2.36625550661
2.4526744186
2.22947780679
2.34615384615
3.06411764706
4.45516129032
2.83514925373
4.37038461538
3.80392857143
3.8825
4.11631578947
