3,0,1,0,0,1,0,0,0,0,0,0,0,0,0,0,0,0,0,0,0,0,0,0,0,0,0,0,0,0,0,0,0,0,0,0,0,0
1,7,3,4,2,4,0,0,0,0,3,0,1,0,0,0,0,0,0,0,0,0,0,0,0,0,0,4,0,1,0,0,0,0,0,0,0,0
0,1,3,2,0,0,0,0,0,0,0,1,1,1,0,0,0,0,0,0,1,0,0,0,0,0,0,0,2,0,0,0,0,0,0,0,0,0
10,13,2,45,11,19,15,0,3,0,8,4,0,0,0,2,4,4,5,4,0,1,3,0,4,0,7,5,0,4,2,0,0,1,0,0,0,0
4,9,1,52,8,30,30,0,1,4,7,8,6,3,0,5,4,1,1,4,4,2,0,2,9,0,3,7,0,6,0,1,0,2,0,0,0,1
5,1,10,22,3,46,27,0,6,2,5,2,8,0,0,0,3,1,1,6,2,2,1,3,2,0,8,2,4,6,0,0,3,1,0,0,0,0
2,2,3,18,12,49,33,2,4,4,6,5,13,3,0,0,4,3,6,0,1,6,0,0,2,1,8,4,5,9,2,0,1,2,0,1,0,0
0,2,0,3,0,8,14,0,0,2,4,5,0,0,0,2,6,1,3,0,3,0,2,1,4,1,7,1,0,10,0,1,0,0,0,0,0,1
0,0,1,2,3,6,5,0,0,1,2,2,1,0,0,0,2,0,2,0,0,0,0,0,1,0,3,2,0,3,0,0,0,0,0,0,0,0
1,1,2,6,2,0,0,0,0,2,2,2,0,0,0,0,1,1,0,0,2,1,0,0,1,0,0,0,0,0,1,0,0,0,0,0,0,0
2,2,1,26,13,19,8,2,4,5,2,5,7,0,0,6,5,3,5,8,1,3,1,9,15,0,11,14,2,14,1,1,2,4,0,1,0,0
2,2,0,13,12,17,21,2,2,1,4,2,5,2,0,5,2,3,8,2,3,9,1,5,5,1,15,5,2,12,0,0,1,0,4,2,0,0
0,1,0,12,5,22,10,0,1,5,3,5,1,0,3,2,5,4,14,2,1,3,2,4,8,1,16,5,9,20,9,0,2,4,3,0,0,3
0,3,5,5,6,19,10,0,4,0,3,2,2,2,0,2,5,2,7,3,0,9,0,3,6,2,10,5,3,6,0,1,0,6,0,0,0,0
0,0,0,1,1,2,3,0,0,0,0,0,0,0,0,1,0,2,0,0,0,1,1,0,1,0,0,1,0,0,0,0,0,0,2,0,0,0
0,0,0,3,3,6,6,0,0,1,1,1,1,2,0,0,2,2,2,0,2,0,2,1,3,1,5,3,0,9,2,1,1,0,0,1,0,3
2,4,6,5,3,16,4,0,2,1,14,3,6,2,0,0,3,5,6,3,3,6,1,4,5,0,20,1,2,10,3,0,2,2,1,1,0,1
0,6,1,3,2,13,11,1,0,2,7,1,4,1,1,0,1,3,7,2,4,3,2,2,4,3,20,9,0,12,0,3,0,0,1,0,0,0
0,0,0,7,6,13,9,4,2,3,1,0,6,0,0,0,2,1,1,5,0,1,0,1,0,2,8,1,1,17,0,0,1,4,0,1,0,0
1,3,0,11,6,14,3,1,0,5,6,3,3,2,0,0,2,6,2,2,2,0,0,0,5,0,8,4,1,7,0,0,2,1,0,3,0,0
3,3,1,3,1,3,0,0,0,3,6,2,0,0,0,0,1,6,3,2,0,0,0,1,1,0,4,2,0,0,0,0,0,0,0,2,0,0
1,1,2,5,3,10,4,0,0,2,7,16,3,0,0,0,2,7,2,3,2,1,1,0,3,0,10,3,3,4,0,1,0,1,0,0,0,1
1,0,0,5,0,0,2,0,0,0,1,2,0,1,0,0,0,0,2,0,0,0,0,0,3,0,4,1,3,4,0,0,0,1,0,0,0,0
0,2,0,1,0,1,3,0,0,0,4,0,0,3,0,0,0,2,0,5,0,1,0,1,3,0,4,3,1,6,1,0,0,2,1,0,0,2
1,5,1,21,7,12,13,2,2,2,20,3,4,2,0,0,2,8,6,15,3,6,1,3,21,4,23,16,9,26,2,0,1,6,1,1,0,3
0,3,2,0,3,9,4,0,4,0,3,2,1,0,0,0,2,1,3,0,2,1,0,0,4,1,6,3,0,6,0,0,0,1,1,0,0,0
7,1,4,16,8,23,23,0,8,0,14,8,7,1,0,1,12,16,25,6,3,8,5,8,14,2,33,27,12,50,3,4,0,2,6,3,0,3
0,4,0,8,6,10,10,0,2,0,6,4,3,3,0,2,4,7,4,18,0,5,0,2,27,7,12,17,10,29,5,4,2,9,7,1,1,8
0,0,0,2,0,1,7,1,0,0,2,0,1,5,0,0,0,7,6,6,0,3,0,0,4,0,4,9,1,6,0,2,0,2,1,0,0,1
3,2,1,16,12,27,13,2,0,3,8,6,8,4,0,3,12,10,18,12,0,6,2,4,27,7,44,36,13,68,5,9,3,14,3,2,0,5
0,0,1,4,0,0,0,0,0,0,0,0,0,0,0,0,0,2,0,1,0,0,0,0,0,1,4,0,0,8,2,0,0,0,0,1,0,2
0,0,1,0,0,0,0,0,0,1,0,0,0,0,0,0,0,3,1,0,0,0,0,0,0,0,1,0,0,3,1,0,0,1,0,1,0,0
0,3,0,1,0,5,1,0,0,0,1,0,0,0,0,1,1,1,1,0,0,0,0,0,0,0,4,3,0,7,0,0,0,0,0,2,1,1
2,2,2,8,6,7,5,0,0,4,4,1,0,0,0,0,3,3,3,4,1,1,0,1,8,4,6,13,3,11,5,5,4,6,1,5,0,3
0,0,0,0,0,2,1,0,0,0,1,0,2,0,0,0,0,1,1,0,1,1,1,0,3,0,4,2,0,3,0,1,0,0,0,1,0,4
0,0,0,1,0,2,0,0,0,0,0,2,0,2,0,0,0,0,3,0,0,0,0,1,2,1,0,0,0,4,0,1,0,1,0,0,0,1
0,0,0,1,2,0,0,0,0,0,0,0,0,0,0,0,0,0,0,0,0,0,0,0,2,0,0,0,0,0,0,0,0,0,0,0,0,0
0,0,0,1,0,2,2,0,0,1,1,0,0,0,0,0,0,1,0,0,0,0,0,0,1,0,0,1,0,4,0,0,0,2,1,0,0,1
