0,0,1,0,0,0,0,0,0,0,0,0,0,0,0,0,0,0,1,0,0,0,0,0,0,0,0,0,0,0,0,0,0,0,0,0,0,0
3,4,6,8,0,3,0,0,0,1,1,0,0,0,0,1,0,0,0,0,0,0,0,0,1,0,0,0,0,0,0,0,0,0,0,0,0,0
0,3,6,2,0,1,0,0,0,0,0,0,0,0,0,0,0,0,0,0,0,0,0,0,0,0,0,0,0,0,0,0,0,0,0,0,0,0
1,17,8,53,7,23,14,1,0,2,6,8,0,2,0,0,0,0,1,2,2,1,0,0,2,3,9,1,1,0,0,0,0,3,2,0,0,0
4,3,2,20,6,13,17,2,2,0,4,9,2,1,0,0,4,1,3,3,2,0,0,0,3,0,4,3,3,10,0,0,1,1,0,0,0,0
1,3,16,34,4,55,26,0,1,1,7,2,5,2,0,0,4,1,7,1,2,2,0,0,4,1,11,1,1,12,0,1,0,0,0,0,0,1
1,1,1,19,9,38,22,3,1,2,1,6,6,3,0,1,1,6,3,1,1,0,3,2,1,0,4,8,2,5,0,0,1,0,0,0,0,0
0,0,0,2,1,17,6,0,0,0,4,0,7,0,0,1,3,1,3,0,0,3,1,2,1,0,7,1,1,4,0,0,0,0,0,0,0,1
0,0,0,8,1,10,6,0,1,0,0,0,0,0,0,0,0,0,2,0,0,0,0,0,2,1,4,1,0,1,0,0,0,0,0,0,0,0
0,4,2,5,8,0,1,0,0,3,1,1,0,0,0,0,1,0,0,0,1,0,0,0,1,0,1,1,0,0,0,0,0,0,0,0,0,0
2,6,3,24,11,18,8,1,4,5,5,4,7,3,1,3,3,7,4,15,6,10,6,0,13,3,9,6,4,7,0,1,0,2,1,1,0,1
1,0,2,18,10,26,6,0,0,5,9,3,9,5,0,1,3,10,7,8,3,2,3,2,4,1,18,8,4,7,3,2,1,2,0,1,0,3
4,0,2,7,7,31,25,2,0,2,12,7,1,0,0,0,7,8,2,0,0,5,0,1,7,3,17,10,0,15,2,1,0,3,0,3,0,1
6,2,0,18,12,17,10,2,1,5,4,3,2,0,0,1,4,1,9,3,1,7,3,0,13,2,8,9,3,8,0,2,1,2,0,0,0,1
0,1,0,1,0,1,3,0,1,2,0,0,1,2,0,2,0,0,0,3,0,2,0,0,2,0,3,2,0,0,0,0,1,0,0,1,0,0
0,0,2,8,0,10,7,0,0,0,1,0,3,0,0,0,0,3,6,2,0,3,0,0,2,0,12,4,1,5,1,0,0,0,1,0,0,0
2,2,1,9,1,18,13,1,1,1,2,7,1,4,0,0,2,5,16,5,1,4,0,0,7,0,11,8,5,7,0,6,2,2,1,0,0,0
0,3,1,10,5,7,10,2,3,0,5,1,5,3,0,0,0,2,2,0,0,3,0,2,6,0,16,7,2,13,2,0,1,2,0,1,0,0
0,0,1,3,2,12,4,4,0,0,1,0,5,0,0,0,3,7,3,2,3,1,2,0,6,0,11,2,1,10,0,2,2,0,0,0,0,0
0,1,1,4,4,3,2,0,0,1,7,0,1,1,0,0,3,1,3,7,2,4,0,3,6,0,7,4,1,1,0,1,1,2,0,1,0,0
1,2,0,6,0,3,1,0,0,5,5,3,1,0,1,0,0,1,2,2,3,3,0,1,2,0,3,2,1,4,0,0,1,0,0,0,0,1
2,0,4,4,3,8,11,1,1,3,2,4,1,1,0,1,5,3,4,8,0,3,0,1,11,2,4,3,4,2,0,1,0,1,0,0,0,0
0,2,0,1,0,3,0,1,0,0,1,0,2,0,0,0,1,0,0,0,0,0,0,1,0,0,1,1,0,1,2,1,0,0,0,0,0,0
0,0,0,1,4,1,3,0,1,1,3,3,1,1,0,0,2,5,1,1,1,1,0,1,0,0,4,3,3,5,3,2,0,0,0,0,0,0
1,4,3,17,6,11,7,2,2,9,15,5,4,0,0,0,4,6,6,17,7,8,0,1,20,2,16,17,3,27,4,1,0,9,0,1,0,3
1,0,0,1,2,2,2,0,2,0,2,0,0,0,0,0,4,1,3,0,1,2,0,0,2,0,0,3,5,3,1,0,0,1,0,1,0,0
2,0,4,18,9,23,17,0,4,6,9,2,11,7,1,0,7,13,16,9,2,17,0,3,28,4,32,15,10,35,2,3,0,9,3,2,2,3
2,2,5,6,9,18,8,0,0,3,4,5,0,3,2,0,3,9,5,7,5,1,1,0,26,2,23,20,5,33,0,2,3,14,4,3,0,2
0,0,0,4,2,7,1,0,0,3,1,2,0,0,0,1,2,2,1,1,0,3,0,1,5,3,6,9,2,13,2,0,1,2,1,2,0,1
0,3,1,13,4,17,15,2,7,3,6,7,3,4,0,2,7,11,11,9,6,10,0,0,23,7,37,38,12,75,7,8,3,16,2,6,0,1
0,0,0,0,1,1,0,0,0,0,0,0,0,0,0,0,0,1,0,0,0,1,0,0,3,0,1,1,2,10,0,1,0,0,0,1,0,0
0,0,0,0,1,2,0,0,0,0,0,0,0,0,0,0,2,0,0,1,0,0,0,0,0,0,1,3,0,2,0,0,3,0,0,0,0,0
0,0,0,1,0,5,1,0,0,0,0,0,0,0,0,0,1,0,5,1,0,0,0,0,1,0,1,0,0,1,0,1,3,0,0,0,0,2
1,0,3,4,5,8,5,0,1,0,2,2,1,0,0,2,0,3,4,2,2,0,0,1,9,1,6,3,2,9,2,2,1,10,0,2,0,8
0,0,0,8,2,1,0,1,0,0,2,2,0,0,0,0,0,2,2,3,0,1,0,2,5,0,4,4,0,4,0,0,0,0,0,3,0,1
0,0,0,4,1,1,0,0,0,0,1,0,0,0,0,0,2,0,2,3,0,0,0,0,2,0,0,1,4,4,0,0,1,1,0,0,0,1
0,0,0,0,0,0,0,0,0,0,0,0,0,0,0,0,1,2,0,0,0,0,0,0,0,0,0,0,0,0,0,0,0,0,0,0,0,0
0,0,0,0,0,1,0,0,0,0,0,0,1,0,0,0,0,0,0,0,0,2,0,0,0,0,2,0,2,1,0,0,0,1,0,1,0,3
