4,0,4,0,1,0,0,0,0,0,0,0,0,0,0,0,0,0,0,0,0,0,0,0,0,0,0,0,0,0,0,0,0,0,0,0,0,0
3,4,9,6,2,1,0,0,0,2,1,1,0,1,0,0,0,0,0,0,0,0,0,0,2,0,0,0,0,0,0,0,0,0,0,0,0,0
2,3,8,0,0,2,1,0,0,0,0,0,0,0,0,0,0,0,0,0,0,0,0,0,0,0,1,0,0,0,0,0,0,0,0,0,0,0
6,12,6,54,4,32,14,0,2,1,7,6,2,0,0,0,4,0,1,3,2,1,1,0,6,1,6,2,0,1,0,0,1,0,0,0,0,0
3,5,4,19,7,12,6,0,1,0,16,4,2,3,0,0,1,5,7,2,5,2,2,1,2,0,4,4,3,5,0,0,0,1,1,0,0,0
6,7,6,22,3,37,30,0,5,0,1,3,6,0,1,0,5,2,2,0,2,2,0,0,2,0,3,0,6,12,0,0,2,1,0,0,0,0
3,0,2,9,9,41,24,2,5,2,3,4,4,1,0,2,7,4,6,3,2,4,0,1,2,0,8,1,1,4,0,0,0,0,3,0,1,0
0,0,1,10,3,16,9,0,1,0,6,1,6,1,0,2,3,4,2,0,2,2,2,0,5,1,8,2,0,1,0,0,1,3,0,0,0,0
0,2,0,1,0,10,2,0,0,0,2,1,0,0,0,0,3,0,0,0,0,0,0,0,2,0,3,1,2,3,0,0,0,0,0,0,0,0
2,2,0,6,3,3,1,0,0,1,3,0,0,0,0,0,1,1,2,8,2,0,0,0,3,0,0,1,0,2,0,0,0,1,0,0,0,1
3,12,2,29,15,38,23,3,4,5,11,3,8,0,0,2,2,4,12,11,4,14,9,6,23,1,11,9,2,11,0,4,3,2,2,4,0,3
2,1,0,15,14,22,20,1,4,4,15,4,3,7,0,10,6,3,10,3,1,10,0,0,4,2,18,14,4,11,0,2,0,0,5,0,0,4
2,5,1,10,3,22,14,2,0,2,8,4,1,0,0,0,4,6,7,0,1,3,0,0,12,3,13,6,1,13,1,0,1,5,1,0,0,2
0,0,1,10,6,17,9,1,3,4,2,7,8,0,0,1,3,5,10,8,1,9,0,0,4,1,18,9,3,18,3,0,0,0,1,1,0,1
0,1,0,4,1,6,3,0,0,0,1,0,1,2,0,0,0,1,1,1,1,0,1,0,2,0,3,0,0,0,0,2,2,0,0,0,0,0
0,0,3,2,2,5,1,0,1,0,0,1,2,0,0,1,1,2,3,2,2,1,0,0,1,0,7,4,0,4,0,0,0,1,0,0,0,0
4,3,3,2,5,20,8,1,5,0,9,3,1,3,0,0,5,8,11,0,3,4,0,1,8,0,10,3,0,10,0,0,0,0,0,2,0,3
0,3,2,8,4,10,7,0,3,1,3,7,1,2,0,0,2,0,2,3,3,5,0,0,6,0,10,6,1,8,1,0,0,1,1,2,0,0
0,0,0,3,2,11,3,4,0,0,1,1,4,0,0,1,6,4,0,6,2,7,0,0,2,1,11,3,1,10,0,2,0,1,0,1,0,0
0,3,0,6,6,5,2,0,0,3,7,2,0,0,0,0,2,0,1,2,0,1,0,1,11,0,4,2,1,2,0,0,0,0,0,1,0,1
0,0,1,6,5,6,4,0,1,2,4,7,4,0,2,3,0,5,6,2,0,4,0,3,9,2,2,2,0,2,0,0,1,2,0,2,0,0
1,1,6,4,1,11,3,0,0,4,6,3,2,0,0,0,3,3,2,2,1,2,0,2,14,0,14,1,2,5,0,1,1,4,0,3,0,1
0,0,0,3,0,3,4,0,0,0,0,0,0,0,0,0,0,0,0,2,0,0,0,0,0,0,2,1,0,1,0,0,1,0,1,0,0,2
0,0,0,0,0,5,1,0,0,2,0,2,0,1,0,0,3,1,1,2,4,0,0,0,6,0,3,0,3,3,0,0,0,0,0,0,0,0
0,3,3,7,3,16,6,5,4,9,9,4,3,10,0,1,2,5,12,20,6,6,1,2,21,4,12,17,4,26,1,1,1,4,3,2,0,2
0,0,0,5,2,6,4,0,0,0,3,0,1,0,0,0,4,1,2,2,1,3,0,1,5,0,7,4,2,11,1,0,0,0,1,1,0,1
2,2,2,9,10,23,17,2,10,5,10,5,2,4,1,1,9,25,21,8,8,6,2,2,25,4,34,15,7,49,6,2,2,13,2,0,0,0
4,6,1,18,12,14,11,3,1,2,8,6,9,2,1,1,6,11,9,6,6,3,2,0,25,9,18,15,7,26,7,5,5,16,5,3,0,9
0,0,0,3,1,1,2,0,2,0,2,2,2,0,1,3,3,1,3,3,1,2,0,5,9,1,5,4,1,7,0,2,1,1,0,0,0,0
1,3,4,11,9,21,13,3,4,0,7,5,8,2,0,2,4,12,15,7,2,6,1,2,29,3,48,49,13,56,15,5,10,18,0,3,0,2
0,3,0,0,0,2,0,1,0,0,0,0,0,0,0,0,1,0,0,0,0,0,0,0,3,0,4,2,1,3,1,0,0,1,3,1,0,0
0,0,0,1,0,2,0,0,1,0,0,0,0,0,0,0,0,0,2,0,0,0,0,0,1,0,1,0,0,6,0,0,1,1,0,1,0,0
1,0,1,3,1,1,0,0,0,0,1,1,2,0,0,0,0,1,0,1,0,1,0,0,2,0,4,0,0,3,0,0,0,0,2,0,0,0
4,0,1,6,2,5,0,3,2,3,3,2,1,1,1,0,2,5,8,2,2,3,0,1,9,2,7,6,2,12,2,5,5,3,0,3,0,0
0,0,0,1,0,0,0,0,0,0,0,0,1,1,0,0,0,0,1,4,1,1,0,0,0,1,1,3,3,4,0,0,0,0,0,1,0,0
0,0,0,2,2,0,0,0,0,0,0,0,0,0,0,0,0,0,0,2,0,1,0,0,4,0,1,1,0,2,1,1,2,0,0,0,0,0
0,1,0,0,0,0,0,0,0,0,0,0,0,0,0,0,0,0,0,0,0,0,0,0,1,0,0,0,0,0,0,0,0,0,0,0,0,0
0,1,0,1,0,0,0,0,0,0,0,0,0,0,0,1,0,0,0,1,0,0,0,0,1,0,10,0,1,7,0,0,0,0,0,0,0,3
