1,3,0,1,0,0,0,0,0,0,0,0,0,0,0,0,0,0,0,0,0,0,0,0,0,0,0,0,0,0,0,0,0,0,0,0,0,0
0,6,7,4,0,4,1,0,0,0,0,0,0,0,0,0,0,0,0,0,0,1,0,0,0,0,1,0,0,0,0,0,0,0,0,0,0,0
1,0,3,0,1,1,0,0,0,0,0,1,0,0,0,0,1,0,0,0,0,0,0,0,0,0,1,0,0,0,0,0,0,0,0,0,0,0
10,15,4,39,5,24,10,0,0,1,2,3,1,0,0,0,3,2,2,2,4,0,0,0,6,2,1,3,1,2,1,0,0,0,0,0,0,0
3,6,2,29,8,33,38,3,5,1,19,9,4,8,0,1,6,5,6,4,2,3,3,0,7,0,13,6,4,16,0,1,1,8,0,0,0,1
4,7,6,19,2,26,18,0,2,0,2,3,4,0,0,2,6,1,7,0,1,2,1,3,2,0,10,2,1,10,0,0,0,1,0,0,0,0
0,2,4,9,4,34,20,1,3,1,0,4,14,0,0,1,9,3,3,3,0,1,0,1,5,1,14,3,5,7,0,1,3,3,1,0,0,0
0,1,0,6,0,11,7,1,2,0,3,2,0,0,0,2,1,2,1,0,0,0,0,1,1,0,3,1,1,2,0,1,0,2,2,0,0,0
0,2,1,1,1,7,1,0,1,0,0,1,2,0,0,0,0,3,4,0,0,1,0,2,0,0,2,0,0,0,0,2,0,0,0,0,0,0
2,2,0,5,2,0,2,0,0,1,6,0,2,0,0,0,1,0,0,6,0,1,0,1,1,0,1,5,0,2,0,0,0,0,0,0,0,0
8,4,2,20,8,17,12,6,1,3,8,9,3,2,0,6,2,10,7,9,3,9,1,2,9,1,11,12,1,8,0,0,0,3,2,0,0,0
1,0,0,12,0,20,6,0,4,0,5,5,3,3,0,4,4,11,7,2,2,9,0,0,10,1,2,6,1,9,1,3,0,3,1,0,0,6
0,6,0,21,5,20,9,0,1,0,5,1,2,0,0,1,4,6,4,5,0,0,0,2,7,0,14,4,4,9,1,2,0,1,2,1,0,0
0,1,0,12,4,19,7,0,2,2,3,1,6,0,0,1,4,5,3,4,2,2,0,1,5,2,18,3,3,8,2,0,3,2,4,2,0,1
0,0,0,1,0,3,0,0,0,0,0,0,0,0,0,0,2,1,0,0,0,2,0,0,0,0,2,5,0,3,0,0,0,0,0,0,0,0
0,0,0,5,5,6,5,0,0,1,0,4,1,0,0,0,1,0,3,4,2,2,1,1,2,1,4,1,2,3,0,0,0,0,0,0,0,1
1,0,2,3,1,13,9,0,1,1,2,5,2,2,0,0,4,5,8,0,1,3,3,1,3,3,15,3,3,12,1,0,0,0,0,5,0,0
0,0,1,5,5,14,10,0,4,0,4,1,5,1,0,0,1,2,10,6,2,4,0,4,2,1,9,5,6,10,2,0,0,0,0,1,0,0
0,2,0,1,1,5,3,0,4,1,4,1,1,0,0,0,2,11,1,3,0,3,0,0,2,0,8,0,2,4,1,0,0,0,0,0,0,0
3,5,1,6,3,10,4,1,0,2,6,12,5,2,0,1,1,8,6,1,0,4,0,0,5,0,1,5,4,2,1,1,0,0,1,2,0,1
0,2,1,4,5,8,5,0,0,3,2,4,0,0,1,1,3,8,0,5,0,2,1,0,6,1,4,3,0,2,0,2,0,2,1,3,0,1
0,1,0,2,1,10,4,0,3,3,4,9,0,1,0,0,3,4,5,3,1,1,0,0,8,1,16,4,2,2,0,1,1,1,0,0,0,0
1,0,0,0,1,2,4,0,0,1,1,0,1,0,0,1,3,2,1,0,0,0,1,0,0,0,3,0,1,5,0,0,0,0,0,0,0,0
0,0,0,0,0,1,5,0,0,0,5,0,4,0,0,0,0,2,0,0,0,0,0,0,0,0,6,1,0,4,0,0,1,0,0,1,0,0
2,4,2,18,3,10,4,1,1,2,11,7,4,3,1,1,4,6,6,8,6,6,0,2,12,9,14,13,8,24,3,1,1,12,4,2,0,0
0,0,1,4,2,3,1,0,1,0,7,0,0,0,0,0,0,0,2,2,0,2,0,0,4,2,8,2,1,2,0,2,0,0,0,1,0,0
0,3,5,13,2,15,18,0,5,3,17,3,6,3,0,2,21,10,19,4,5,6,0,5,23,5,21,20,7,43,2,2,1,8,1,0,0,3
0,0,3,18,5,10,6,1,0,4,2,2,2,5,0,0,6,7,9,8,4,2,0,4,21,6,16,15,2,40,1,3,0,15,2,3,0,1
0,2,0,1,5,2,3,0,0,1,1,4,1,0,0,0,1,0,0,4,0,0,0,0,4,1,3,10,1,17,0,0,1,0,1,0,0,0
0,2,2,11,7,23,13,0,2,5,13,6,6,3,0,2,5,10,8,5,3,10,0,3,24,4,23,33,9,61,9,7,4,11,2,0,0,8
0,0,1,0,0,1,0,0,0,0,0,0,0,0,0,0,2,1,1,0,0,1,0,0,0,0,0,1,2,7,2,0,0,1,0,0,0,0
0,2,0,0,0,3,1,0,0,0,1,0,0,0,0,0,2,2,1,0,0,0,0,0,1,0,1,1,0,3,0,0,0,0,0,0,0,0
0,0,0,1,1,3,3,0,0,0,0,0,0,0,0,0,2,0,1,3,0,0,0,0,2,0,3,3,1,4,0,0,0,0,0,0,0,0
4,1,4,8,3,3,8,3,1,2,6,0,1,0,0,0,2,3,0,4,4,1,0,0,8,1,5,11,3,14,2,0,0,2,0,2,0,3
0,2,0,0,3,0,0,0,0,1,1,0,0,0,0,0,0,2,0,1,0,0,0,0,2,0,3,0,2,6,0,0,0,0,1,0,0,6
0,0,0,0,0,0,1,0,0,1,0,0,0,0,0,0,0,0,0,0,0,0,1,0,2,0,0,4,2,4,0,0,3,0,0,0,0,3
0,0,0,0,0,0,0,0,0,0,0,0,0,0,0,0,0,0,0,0,0,0,0,0,0,0,0,0,0,0,0,0,0,0,0,0,0,0
0,0,0,1,0,1,0,0,0,0,0,0,0,0,0,0,0,0,0,0,1,0,0,1,0,0,3,0,0,2,0,0,0,1,0,0,0,0
