2,2,0,0,0,2,0,0,0,0,1,0,0,0,0,0,0,0,0,0,0,0,0,0,0,0,0,0,0,0,0,0,0,0,0,0,0,0
1,11,5,10,0,0,0,0,0,0,0,0,0,0,0,0,0,0,0,0,0,0,0,0,0,0,0,1,0,3,0,0,0,0,0,0,0,0
1,0,0,2,0,0,0,0,0,0,0,0,0,0,0,0,0,0,0,0,0,0,0,0,0,0,1,0,0,0,0,0,0,0,0,0,0,0
3,16,2,28,7,22,9,1,2,3,5,3,0,0,0,0,0,2,2,0,5,3,0,0,5,1,3,1,0,1,0,0,0,1,0,0,0,0
4,10,2,30,8,16,17,0,3,1,12,9,2,4,0,2,3,4,4,1,3,2,0,2,1,0,5,6,5,6,0,0,0,1,0,0,0,1
3,3,16,18,5,27,18,2,1,1,4,0,3,1,0,0,2,4,1,0,1,1,0,1,2,0,5,0,0,2,0,0,2,0,0,0,0,0
1,3,4,9,5,35,20,1,4,2,8,5,5,0,0,2,8,2,0,0,0,2,0,2,1,0,2,1,6,5,0,0,1,1,0,2,0,0
0,0,0,2,0,7,2,1,0,0,0,3,3,2,0,4,0,1,0,1,3,1,0,2,1,2,2,1,3,1,1,2,0,0,0,0,0,0
0,0,3,2,1,10,4,0,1,0,0,2,1,0,0,0,4,0,0,0,2,0,0,0,1,0,0,4,0,4,0,0,0,0,0,0,0,0
2,6,0,4,2,4,1,0,0,0,2,0,0,0,0,0,0,0,0,2,1,1,0,0,2,0,0,2,0,0,0,0,0,0,0,0,0,0
4,4,4,21,14,15,4,1,1,7,3,5,1,1,0,1,8,2,9,5,7,4,2,1,10,2,17,6,0,12,5,0,3,4,0,3,0,3
3,1,0,24,7,11,14,2,4,0,11,1,3,3,0,4,6,8,8,4,1,9,0,0,10,3,15,1,2,14,3,0,0,3,1,0,1,2
1,7,0,6,1,13,10,0,1,0,5,1,5,0,0,0,3,4,11,1,1,1,0,1,6,0,17,5,0,10,0,0,0,2,0,2,0,0
2,1,1,6,8,9,4,2,1,1,2,2,11,0,0,2,8,4,10,2,2,2,0,1,6,1,10,3,4,4,2,0,0,1,0,1,0,3
1,0,0,2,0,0,3,0,0,0,0,0,0,0,0,0,1,3,1,0,0,1,1,1,0,0,1,1,0,3,0,0,0,0,0,0,0,0
1,0,0,2,0,3,1,0,2,0,4,0,1,0,0,0,1,0,6,0,0,0,0,1,2,1,0,1,1,4,0,0,2,2,0,0,0,4
0,1,3,6,4,21,3,0,4,0,3,1,0,0,0,0,1,1,8,4,2,2,2,2,3,1,14,2,1,7,0,1,3,0,0,0,0,0
0,3,1,4,3,12,2,0,2,2,5,2,4,2,1,0,4,5,10,3,5,2,0,0,1,2,12,3,0,12,2,0,0,0,0,0,0,1
0,1,3,1,0,12,10,0,0,1,0,0,1,0,0,0,6,2,1,2,1,1,0,0,3,0,15,1,4,11,0,0,1,2,0,0,0,1
0,0,1,2,2,4,1,1,0,0,2,4,2,1,0,2,3,5,1,1,1,2,3,1,4,0,4,5,3,1,1,0,0,1,0,0,0,2
1,1,1,7,0,7,0,0,0,2,1,0,2,0,0,0,5,1,3,3,0,8,1,0,1,2,2,5,1,1,1,0,0,0,0,0,0,0
1,0,1,0,0,6,4,0,0,0,1,4,0,0,0,0,0,4,6,5,4,2,1,1,6,0,3,1,0,12,0,0,0,0,0,0,1,0
0,0,0,0,0,0,3,1,0,0,0,2,0,0,0,0,0,1,2,0,0,0,0,0,2,0,4,0,1,1,0,0,0,0,0,0,0,0
0,2,1,1,1,7,3,0,0,0,1,6,1,0,0,0,0,1,1,3,0,0,1,0,2,0,3,0,3,4,1,0,0,0,0,0,0,0
2,2,2,5,3,8,14,0,0,4,5,6,5,5,0,0,2,3,7,8,2,9,0,0,10,6,8,15,4,21,1,1,1,6,1,1,0,2
2,2,0,3,2,5,3,0,0,3,1,0,0,4,0,0,5,5,1,2,0,0,0,0,6,0,7,2,1,4,1,0,0,1,2,1,0,0
5,1,4,13,7,17,17,4,3,3,9,4,1,3,0,0,2,8,10,4,5,2,2,0,19,4,33,13,5,15,6,5,3,3,0,2,0,2
1,5,3,17,3,16,6,0,0,1,16,10,2,1,0,0,1,9,7,3,2,3,3,3,16,7,23,17,7,30,3,1,2,13,7,2,0,4
0,0,2,5,3,5,2,0,0,2,2,0,1,0,0,0,1,4,1,5,0,0,0,0,2,0,6,2,4,21,1,0,2,5,1,0,0,3
2,1,3,14,4,20,21,2,1,3,8,10,3,1,0,1,8,6,13,4,3,11,4,2,26,6,35,30,5,76,4,5,7,11,2,1,0,4
0,0,0,3,3,2,1,0,0,0,0,0,1,0,0,0,0,1,2,0,0,0,1,0,0,0,2,0,0,2,0,0,0,0,0,1,0,0
0,0,0,0,0,0,2,0,0,0,0,0,0,0,0,0,2,0,0,0,0,2,0,0,2,0,0,0,0,2,0,0,1,4,2,0,0,0
0,1,0,2,1,0,0,0,0,0,1,0,0,0,0,0,0,0,0,0,0,0,0,1,5,0,2,1,0,4,0,0,0,1,1,2,0,0
0,0,1,5,4,3,3,0,0,2,1,2,2,0,0,0,0,2,2,1,0,0,0,0,3,0,6,8,1,17,5,3,0,6,2,1,0,1
0,1,0,0,0,2,1,0,0,0,0,0,0,0,0,0,0,0,1,0,0,0,0,0,2,0,1,1,0,2,0,2,0,1,0,1,0,0
0,0,0,1,0,1,1,0,0,0,0,2,0,0,0,0,0,0,1,1,0,0,0,0,1,0,1,1,0,2,0,0,0,0,0,2,0,0
0,0,0,0,0,0,0,0,0,0,0,0,0,0,0,0,0,0,0,0,0,1,0,0,0,0,0,0,0,0,0,0,0,0,0,1,0,0
0,0,0,1,0,0,1,0,0,0,0,0,0,0,0,0,0,0,0,0,0,0,0,0,1,0,1,6,0,1,0,0,0,1,0,0,0,0
