2,2,0,1,0,1,0,0,0,0,0,0,0,0,0,0,0,0,0,0,0,0,0,0,0,0,0,0,0,0,0,0,0,0,0,0,0,0
4,8,2,2,0,2,1,0,0,0,2,0,0,0,0,0,0,0,0,0,0,0,0,0,0,2,2,0,0,0,0,0,0,0,0,0,0,0
0,1,5,2,0,3,1,0,0,1,0,0,0,0,0,0,0,0,0,0,0,1,0,0,0,0,2,0,3,0,0,0,0,0,0,0,0,0
8,10,7,25,3,20,11,0,0,1,5,10,0,5,0,1,0,1,1,2,0,2,0,0,4,0,0,5,2,0,1,0,0,1,0,0,0,1
1,6,1,11,6,11,7,0,0,1,6,2,0,1,0,5,8,0,4,0,1,4,1,2,3,0,4,4,0,5,0,0,0,0,2,1,0,0
6,6,6,15,3,42,8,1,0,1,3,2,3,0,1,0,1,1,4,0,2,1,0,0,6,1,1,0,0,1,0,1,0,0,0,0,0,1
2,0,6,9,4,19,12,1,2,8,1,1,3,0,0,0,1,1,1,1,4,0,0,2,6,1,4,2,0,6,0,0,1,0,0,0,0,0
0,0,1,2,0,8,2,0,4,1,1,2,3,0,0,0,1,1,1,2,1,0,0,0,1,1,3,4,1,1,0,1,0,0,0,0,0,0
0,1,1,1,2,4,1,0,0,0,2,2,0,0,0,0,0,0,5,1,0,0,0,1,0,0,3,0,0,3,0,2,0,0,0,0,0,0
2,1,0,1,2,0,0,0,0,3,2,2,0,1,0,0,0,0,0,0,0,1,0,0,3,0,1,1,0,1,0,0,1,0,0,0,0,0
9,8,0,15,5,7,5,1,0,1,8,3,2,6,1,2,8,7,2,5,4,9,4,0,16,0,9,8,0,8,2,0,0,3,3,0,0,4
1,2,1,11,8,8,5,1,4,2,7,2,3,1,0,5,1,8,1,1,3,4,0,0,8,1,4,3,3,2,1,0,1,3,2,1,0,3
0,3,3,1,3,10,7,0,5,0,8,1,2,0,0,0,0,5,4,3,3,2,0,2,13,2,6,4,2,11,1,0,1,4,0,0,0,0
2,3,3,4,5,6,7,0,0,5,4,5,4,4,0,2,6,1,2,5,0,7,0,3,5,0,10,2,1,5,0,0,1,1,0,1,0,0
0,0,0,1,0,2,0,0,0,0,0,0,1,0,0,0,0,0,0,0,0,0,0,0,0,0,3,0,2,2,1,0,0,0,0,0,0,0
0,0,0,0,3,2,3,0,0,1,3,0,2,0,0,0,2,2,3,1,0,0,0,0,0,0,0,0,3,1,0,1,0,0,0,0,0,1
2,0,4,5,0,9,4,0,0,1,4,3,2,4,0,1,4,1,1,2,0,4,0,1,3,2,6,4,1,3,0,0,0,0,0,0,0,0
0,4,2,4,0,14,5,0,5,2,5,2,5,0,0,1,0,1,5,5,1,7,1,1,1,0,14,1,4,4,2,0,3,0,0,0,0,0
0,1,0,2,0,6,1,0,1,0,0,0,0,0,0,0,4,1,2,1,1,0,0,0,1,1,7,3,0,6,0,0,0,0,0,0,0,2
1,1,0,5,5,8,3,0,0,1,3,1,4,0,0,1,1,3,3,4,1,1,0,1,5,1,3,1,0,6,0,0,0,0,0,0,0,0
1,0,2,4,1,2,2,0,1,1,4,1,0,3,0,0,1,0,5,3,1,1,0,0,3,0,7,1,0,1,0,0,0,0,0,1,0,0
1,3,2,2,1,6,3,0,0,0,1,1,0,0,0,0,0,2,5,3,0,0,0,0,7,0,6,1,0,2,0,0,0,0,0,0,0,0
0,0,0,0,0,1,2,0,0,1,0,1,0,2,0,0,0,0,1,0,1,0,0,0,1,0,3,0,0,2,0,0,0,0,0,0,0,0
0,0,0,0,0,0,2,0,1,0,3,0,0,0,0,0,0,2,1,1,0,0,0,0,3,0,2,3,0,4,0,0,0,2,0,0,0,0
1,3,1,13,0,11,2,0,4,4,8,5,1,4,1,0,2,6,9,11,7,3,1,0,18,0,10,11,3,14,3,1,1,7,1,1,0,4
0,5,2,1,1,2,1,0,0,0,2,2,0,0,0,0,0,1,1,1,0,1,0,0,2,0,3,0,2,12,0,0,0,1,0,0,0,0
2,2,1,7,3,15,16,0,3,0,7,6,0,1,0,0,7,2,11,4,2,5,0,3,16,3,22,6,2,38,2,2,4,1,1,0,0,5
1,6,1,13,4,7,11,0,2,5,6,11,2,2,0,1,1,2,6,13,5,1,0,1,33,1,18,13,5,32,1,0,3,16,0,2,0,4
0,0,2,0,1,2,1,0,0,0,2,0,1,1,0,0,0,4,1,0,2,2,2,0,4,1,6,1,3,8,7,2,2,1,0,0,0,1
5,1,6,11,7,16,8,0,2,3,7,5,3,0,0,3,8,7,9,6,0,8,0,0,29,7,45,17,3,49,5,7,2,10,2,0,0,6
0,1,0,0,1,0,0,0,0,0,0,0,0,0,0,0,0,5,0,0,0,0,0,0,0,0,0,0,0,2,0,0,1,0,1,0,0,1
0,0,1,0,2,0,1,0,0,0,0,0,0,0,0,0,1,1,1,0,0,0,0,0,0,0,0,0,0,0,0,0,0,2,0,0,0,0
0,0,0,1,0,5,0,0,0,0,0,0,0,0,0,0,1,2,1,1,0,0,0,2,1,0,4,0,2,2,0,1,1,0,1,0,0,0
0,1,2,7,6,2,3,1,0,1,3,0,4,0,0,0,2,3,2,1,0,1,0,3,11,0,7,6,1,17,2,4,0,2,1,3,0,1
0,3,0,2,0,0,0,0,1,0,0,0,1,0,0,0,0,1,1,0,0,0,0,0,2,0,0,2,2,2,0,0,0,0,0,0,0,1
0,0,0,2,0,1,1,0,0,0,0,0,0,0,0,0,0,0,1,1,0,0,0,0,0,1,1,1,0,0,0,0,0,2,1,0,0,0
0,0,0,0,0,0,0,0,0,0,0,0,0,0,0,0,0,0,0,0,0,0,0,0,0,0,0,0,0,0,0,0,0,0,0,0,0,0
0,0,0,0,0,6,0,0,0,0,0,0,0,0,0,0,0,0,0,1,0,0,0,0,0,0,0,2,0,1,0,1,0,0,0,0,0,0
