4,0,0,0,0,0,0,0,0,0,0,0,0,0,0,0,0,0,0,0,0,0,0,0,0,0,0,0,0,0,0,0,0,0,0,0,0,0
1,5,1,3,2,1,0,0,0,0,1,0,0,0,0,0,0,0,0,1,0,0,0,0,0,0,0,0,0,0,0,0,0,0,0,0,0,0
0,0,6,0,0,3,2,0,0,0,0,1,0,0,0,0,0,0,0,0,1,0,0,0,0,0,0,0,0,0,0,0,0,0,0,0,0,0
5,12,5,25,14,13,7,0,0,1,8,0,0,3,0,1,0,0,1,0,0,0,0,0,0,0,2,1,0,2,0,0,2,1,0,0,0,0
0,3,2,22,7,20,11,0,1,1,3,1,1,0,0,0,3,2,2,2,3,1,0,1,5,0,7,2,0,4,0,1,2,0,1,0,0,0
1,6,8,4,3,17,9,2,2,0,0,2,3,2,1,0,3,2,0,0,2,2,0,0,2,0,2,0,0,3,1,1,0,1,0,0,0,0
0,4,2,7,2,13,15,0,2,2,1,1,4,0,0,0,4,3,0,1,3,0,0,1,0,0,4,3,1,9,1,1,0,0,0,0,0,0
0,0,0,5,4,3,7,1,1,0,0,1,0,1,0,1,1,2,2,0,1,0,0,0,0,0,1,2,0,1,0,0,0,0,0,0,0,0
0,0,0,3,1,2,1,0,0,0,1,1,0,0,0,0,1,0,1,0,0,1,0,0,0,0,1,0,0,4,0,0,0,0,0,0,0,0
0,0,0,4,2,0,1,0,0,0,0,0,2,1,0,0,0,1,2,2,0,0,0,0,1,0,0,0,0,3,3,0,0,0,0,1,0,0
7,7,1,20,5,8,7,1,0,2,4,2,0,1,0,3,1,4,2,6,2,13,1,3,10,1,6,4,2,8,0,1,0,0,0,1,0,0
1,1,2,11,12,17,7,2,1,3,7,2,1,3,0,4,2,9,4,6,1,4,1,0,8,1,5,2,3,6,3,2,0,0,1,0,0,0
0,1,0,3,3,9,4,0,1,0,2,3,3,0,0,0,1,1,3,3,1,1,1,4,3,2,10,3,0,2,0,0,1,0,0,0,0,0
4,1,1,4,2,9,0,2,0,1,4,6,2,1,0,1,1,4,3,4,1,2,0,3,2,1,1,0,0,1,0,0,5,6,1,1,0,0
0,1,1,1,2,0,0,0,0,0,1,1,0,0,0,0,0,0,0,0,0,0,0,0,2,0,1,0,0,1,0,0,0,1,0,2,0,0
0,0,0,1,3,5,1,0,0,1,7,2,0,2,0,0,0,2,3,0,1,1,0,1,1,0,7,0,1,1,0,0,1,0,0,0,0,0
1,0,2,5,2,6,6,0,1,0,3,2,0,0,0,1,1,1,1,3,0,3,0,6,4,0,9,1,1,6,0,2,2,1,1,0,0,0
0,1,0,5,1,8,5,0,1,0,1,1,0,0,1,0,2,4,4,3,0,4,0,0,1,1,4,2,0,9,0,3,5,1,0,0,0,0
0,4,3,1,1,3,4,0,4,0,3,0,1,0,0,0,3,1,1,0,0,3,0,2,1,0,6,0,0,3,1,0,3,0,0,0,0,0
2,2,2,5,2,0,1,0,0,1,4,1,0,1,0,0,0,3,2,11,3,3,0,1,11,0,7,3,0,2,0,0,0,0,0,0,0,0
0,1,1,5,0,4,0,0,1,0,3,1,0,0,0,1,2,2,0,2,0,4,2,0,2,0,2,0,0,5,0,0,0,0,0,2,0,0
1,1,1,5,3,7,6,0,0,1,5,6,0,0,0,0,0,5,2,5,5,0,1,0,3,0,6,0,0,5,0,0,0,4,1,1,0,0
3,3,0,0,0,1,0,0,0,0,0,0,0,0,0,0,3,0,1,0,1,2,0,0,0,0,1,2,0,1,0,0,0,2,0,0,0,0
1,0,0,0,1,2,3,0,0,0,4,0,0,0,0,0,1,2,0,1,0,0,0,0,7,1,4,1,0,3,0,0,0,0,0,0,0,0
8,5,3,9,3,3,1,0,4,5,7,4,2,1,0,0,1,0,5,10,5,2,0,2,19,8,18,5,5,17,0,1,1,3,1,1,0,6
0,0,1,0,0,5,0,0,0,0,3,1,0,1,0,0,0,0,0,2,0,0,0,0,1,0,1,1,1,10,0,0,0,0,0,0,0,0
1,4,5,4,4,16,9,0,1,5,8,2,2,3,0,0,8,9,7,5,5,6,2,0,12,2,12,18,2,20,2,1,1,8,0,1,0,0
2,5,1,10,8,13,5,3,3,1,6,0,3,3,0,1,2,9,9,16,6,6,1,0,17,6,17,12,8,32,4,0,5,17,1,1,0,2
0,0,0,1,2,2,0,0,1,0,3,4,0,0,0,0,1,0,2,0,3,2,0,1,2,0,7,2,0,12,0,2,0,3,1,2,0,0
3,1,4,8,10,17,7,0,1,0,8,5,8,1,0,0,2,5,16,14,3,5,0,0,25,5,45,22,5,41,4,4,5,9,4,3,0,5
0,2,0,0,0,1,0,0,0,0,0,0,0,0,0,0,0,0,0,0,1,0,0,0,0,0,0,0,0,2,0,0,0,0,0,0,0,0
0,0,1,0,0,1,0,0,0,0,0,0,0,0,0,0,0,0,1,0,0,0,0,0,3,0,1,0,0,0,2,0,0,0,0,0,0,0
0,0,0,2,0,1,1,0,0,0,1,0,0,0,0,0,0,0,1,0,0,0,0,0,0,0,0,0,1,0,0,0,1,1,0,0,1,0
0,0,1,6,0,4,2,0,0,3,3,1,0,0,0,0,3,1,3,3,1,0,0,0,9,0,9,5,0,8,3,3,2,3,5,0,0,0
0,0,0,1,0,0,0,0,0,0,0,0,0,0,0,0,0,0,0,0,0,1,0,0,4,0,1,1,0,3,2,0,0,0,0,0,0,0
0,0,0,1,0,0,0,0,0,2,1,0,0,0,0,0,0,0,1,0,0,0,0,0,0,0,2,0,2,1,1,0,0,0,0,0,0,0
0,0,0,0,0,0,0,0,0,0,0,0,0,0,0,0,0,0,0,0,0,0,0,0,0,0,0,0,0,0,0,0,0,0,0,0,0,0
0,0,2,1,0,1,0,0,0,0,0,0,0,0,0,0,0,0,0,0,1,0,0,0,0,2,0,0,0,0,0,2,0,0,0,0,0,0
