1,0,2,0,0,0,0,0,0,0,0,0,0,0,0,0,0,0,0,0,0,0,0,0,0,0,0,0,0,0,0,0,0,0,0,0,0,0
0,7,7,4,4,0,0,0,0,0,0,0,0,0,0,0,0,0,0,0,1,0,0,0,1,0,0,0,0,0,1,0,0,0,0,0,0,0
0,1,3,2,0,6,0,0,0,0,0,0,0,0,0,0,2,0,0,0,1,0,0,0,0,0,0,0,0,0,0,0,0,0,0,0,0,0
3,5,3,21,4,13,5,0,2,2,5,0,1,1,0,0,0,0,1,0,3,1,0,0,6,0,4,0,0,2,0,0,0,0,0,0,0,1
3,4,1,12,5,5,7,0,0,0,2,3,0,0,0,2,3,0,0,6,1,2,0,0,1,2,5,2,0,1,0,0,0,3,0,0,0,3
2,0,8,5,2,19,10,0,0,0,1,0,2,2,0,0,2,1,0,0,0,0,0,0,1,0,3,2,5,2,0,0,0,1,0,0,0,0
0,2,4,8,5,11,8,2,3,0,3,0,7,1,1,0,3,2,3,0,2,0,0,1,1,0,6,0,0,5,0,0,1,1,0,0,0,1
0,0,1,1,1,5,3,0,0,1,0,0,0,0,0,0,1,1,0,3,0,2,0,2,3,2,3,2,0,0,0,0,0,2,0,1,0,0
0,0,0,2,1,7,4,1,1,1,0,3,0,0,0,0,2,3,0,0,2,0,0,0,1,0,0,0,0,3,0,0,0,0,0,0,0,0
0,2,3,1,1,5,0,0,0,1,1,3,0,0,0,0,0,0,1,3,2,0,0,0,1,0,3,0,0,0,0,0,0,0,0,1,0,0
5,5,3,18,17,10,3,0,0,1,4,2,3,0,0,0,8,1,3,12,4,7,0,2,11,0,6,1,1,8,1,0,0,0,0,1,0,0
1,4,2,6,2,10,11,0,0,4,4,3,4,3,0,1,6,5,2,2,0,5,2,3,3,1,8,3,2,1,2,0,1,2,0,3,0,0
3,0,3,3,0,12,7,0,1,0,1,4,1,1,0,0,0,3,3,1,1,2,0,0,4,0,4,4,0,5,3,0,0,0,0,0,0,0
3,0,0,10,1,3,4,1,2,3,5,2,1,0,0,0,4,4,1,1,2,1,0,0,2,0,5,5,0,5,0,0,0,1,1,0,0,0
0,0,0,0,1,1,0,0,0,0,0,0,0,0,0,0,0,0,3,1,0,1,0,0,0,0,1,0,0,1,0,0,3,0,0,0,0,0
0,1,0,1,2,1,0,0,0,0,2,0,2,0,0,3,0,0,2,4,2,1,0,0,1,2,4,0,0,1,0,0,0,1,1,0,0,0
0,0,0,5,3,13,12,0,3,0,2,2,0,1,0,0,0,2,5,0,0,2,1,0,2,0,2,2,0,2,4,0,1,0,0,1,0,0
2,0,4,3,3,9,4,0,0,3,6,3,4,2,0,0,4,0,3,3,0,4,0,1,5,1,7,5,1,6,0,0,2,2,0,0,0,2
0,0,0,0,2,3,3,0,0,3,1,1,0,0,0,0,4,2,3,4,3,0,0,0,3,0,5,4,0,3,0,0,0,0,0,0,0,0
3,3,0,2,2,10,2,0,0,0,2,2,0,0,0,0,1,2,0,2,2,0,0,0,1,0,1,5,0,4,0,0,0,0,0,1,0,0
0,2,1,1,2,3,1,0,1,0,2,3,1,2,0,1,3,0,1,2,3,2,0,1,4,0,7,2,0,4,0,0,0,0,0,0,0,0
0,3,0,0,1,5,1,0,0,0,4,2,2,3,0,0,0,5,2,0,0,0,0,1,1,0,8,2,0,2,0,0,0,2,0,0,0,0
0,3,0,2,2,1,0,0,0,0,0,0,0,0,0,0,2,1,0,0,0,2,0,0,0,0,3,2,0,0,0,0,0,0,0,0,0,0
0,0,2,0,1,2,0,0,1,1,4,2,3,1,0,0,3,1,0,1,1,1,0,1,3,0,2,1,2,5,0,0,0,0,1,0,0,0
1,8,0,11,7,11,4,2,1,3,5,3,1,0,0,0,1,2,5,4,7,1,1,2,8,1,14,16,3,19,0,0,0,2,3,1,0,1
0,0,0,2,1,0,2,0,0,2,2,0,0,0,0,1,0,0,1,0,0,1,0,1,2,0,1,3,1,4,0,1,0,0,0,0,0,0
2,0,2,8,6,7,3,0,2,2,6,7,2,0,0,0,7,7,17,5,1,5,2,0,18,2,26,7,2,24,0,0,3,2,2,3,0,0
1,2,0,11,4,6,6,0,0,3,3,3,3,1,1,0,3,1,6,4,0,2,0,0,19,2,11,11,4,35,0,0,1,11,2,2,0,2
0,0,0,1,0,5,0,0,0,0,2,5,1,0,0,0,0,0,0,0,2,1,0,0,3,0,5,5,1,9,0,1,0,0,1,2,0,0
3,7,1,13,4,6,15,0,1,1,6,8,3,4,0,3,4,6,10,2,4,6,0,5,19,2,31,15,3,56,4,3,4,21,6,4,0,5
0,0,0,0,0,0,0,0,0,0,2,0,0,0,0,0,0,0,1,0,0,0,0,0,5,1,2,0,0,3,2,2,0,3,0,0,0,1
1,2,0,0,0,1,2,1,0,0,1,0,0,0,0,0,0,0,0,0,0,0,0,0,4,0,2,0,1,1,0,0,1,0,0,0,0,0
0,1,0,0,1,0,2,0,0,1,0,0,0,0,0,0,0,0,1,1,0,0,0,0,2,0,1,0,0,2,0,0,0,4,0,0,0,0
0,6,0,0,1,3,2,0,2,0,2,0,0,1,0,0,0,0,4,1,0,1,0,0,8,1,14,7,2,16,2,2,3,6,1,0,0,3
0,0,0,5,2,1,0,0,1,0,0,0,0,0,0,0,0,0,1,0,0,3,0,0,4,0,3,2,0,0,0,0,0,1,0,0,0,0
0,1,0,0,1,0,0,0,0,0,0,0,1,0,0,0,0,1,0,0,0,0,0,0,0,0,2,0,2,0,1,0,0,0,0,0,0,0
0,0,0,0,0,0,0,0,0,0,0,0,0,0,0,0,0,0,0,0,0,0,0,0,0,0,0,0,0,0,0,0,0,0,0,0,0,0
0,0,0,0,0,0,0,0,0,2,0,0,0,2,0,0,0,0,0,0,0,0,0,0,1,0,2,0,0,3,0,0,0,1,0,0,0,1
