2,0,0,0,0,0,0,0,0,0,0,0,0,0,0,0,0,0,0,0,0,0,0,0,0,0,0,0,0,1,0,0,0,0,0,0,0,0
7,9,1,1,0,2,0,0,0,0,0,0,0,0,1,0,0,0,0,0,0,0,0,0,0,0,0,0,0,0,0,0,0,0,0,0,0,0
0,4,8,0,0,2,0,0,0,0,0,0,0,0,0,0,0,0,0,0,0,0,0,0,1,0,0,0,0,0,0,0,0,0,0,0,0,0
6,2,4,29,6,15,4,0,0,1,5,0,1,0,0,0,0,0,0,2,2,1,0,0,2,0,0,4,0,3,0,0,0,0,0,0,0,0
2,4,1,10,3,5,3,1,1,3,4,3,1,1,1,0,2,0,2,4,3,1,1,0,0,0,2,3,1,4,0,0,0,0,0,1,1,0
0,3,7,8,1,17,7,1,1,0,2,0,2,0,0,0,4,2,1,2,0,0,1,0,2,0,4,2,1,3,0,2,0,0,0,0,0,0
0,2,7,6,0,22,6,1,2,2,5,0,1,0,1,0,2,3,5,0,2,1,0,0,1,1,3,2,0,4,0,0,0,1,0,0,0,0
0,2,1,3,0,2,2,0,0,0,2,2,0,0,0,1,1,0,0,0,1,0,0,0,1,0,2,1,0,2,0,0,0,0,0,0,0,0
2,2,0,1,1,2,1,0,2,0,1,1,0,0,0,0,0,0,0,0,0,0,0,0,1,0,3,0,0,0,2,0,0,0,0,0,0,0
2,0,0,2,0,1,0,0,0,0,0,0,0,0,0,0,0,0,1,3,0,0,0,0,2,0,0,2,0,1,0,0,0,0,0,0,0,0
1,6,3,9,11,9,5,0,2,7,5,2,9,0,0,0,4,2,0,6,1,3,1,2,8,0,7,3,5,5,3,2,0,1,1,0,0,0
2,3,2,12,3,15,5,0,3,0,1,0,2,0,0,2,4,7,6,2,7,2,0,2,8,3,2,3,0,3,2,1,2,0,2,1,0,2
1,3,3,11,2,19,6,0,1,0,5,3,1,1,0,2,3,2,3,1,2,3,0,0,3,0,9,7,1,8,0,1,0,1,1,0,0,5
2,3,0,3,5,11,2,0,2,0,1,0,2,2,0,1,3,0,3,0,2,0,0,5,2,1,4,4,0,6,0,1,1,2,0,0,0,2
0,0,0,0,0,3,2,0,0,0,1,0,0,0,0,0,1,0,0,0,0,1,0,0,0,0,1,0,0,2,0,0,0,0,0,0,0,0
0,1,0,1,0,0,4,0,0,0,3,1,0,0,0,0,1,0,2,3,0,1,0,1,2,0,1,0,0,1,1,0,0,0,1,0,0,0
1,2,0,1,2,8,2,0,0,0,0,1,6,4,0,0,1,5,3,0,1,4,0,0,6,0,7,1,0,3,0,0,0,0,0,0,0,0
0,0,1,3,7,6,6,0,1,0,2,2,0,3,0,2,3,2,3,4,7,5,0,2,4,0,3,2,0,7,0,0,0,0,0,0,0,0
0,0,0,0,2,4,1,0,0,0,1,0,0,0,0,0,3,2,1,0,0,0,0,1,4,0,4,7,0,4,0,0,0,0,0,0,0,0
0,3,1,0,0,3,3,0,2,2,8,1,0,0,0,0,0,0,0,1,1,0,0,0,6,0,0,0,3,0,2,0,0,0,4,0,0,2
0,1,0,1,4,1,4,0,0,1,1,0,0,0,0,0,0,0,4,3,0,1,0,1,4,0,0,3,0,0,0,0,1,1,0,1,0,0
0,0,1,5,0,1,2,0,0,0,5,2,0,1,0,2,0,4,0,1,0,0,0,3,4,1,5,4,1,5,1,1,0,0,0,0,0,0
0,0,0,2,1,1,0,0,0,0,0,1,0,2,0,0,2,0,1,0,0,3,0,0,0,0,0,0,0,1,0,0,0,0,0,0,0,0
2,0,0,3,1,0,0,0,0,0,1,0,1,0,0,0,0,0,1,4,0,2,0,1,2,0,2,2,0,2,0,0,0,0,0,0,0,0
0,0,0,10,1,7,4,0,0,5,4,1,1,2,0,3,0,1,6,3,3,1,3,0,19,1,18,7,8,11,2,0,1,3,2,0,0,6
0,1,0,1,2,2,3,0,3,0,1,2,0,0,0,0,2,0,0,1,0,0,1,0,6,2,4,1,0,3,0,1,2,0,0,0,0,0
1,2,4,2,0,11,5,1,3,4,2,1,3,3,0,1,4,3,4,2,3,3,3,5,12,1,26,12,3,29,2,0,0,3,1,0,0,4
2,2,3,7,3,5,3,0,0,1,3,1,0,4,0,0,1,2,7,4,3,3,0,0,16,1,15,13,2,33,8,4,2,8,3,4,0,1
1,0,0,2,0,2,1,0,1,0,2,4,0,0,0,0,0,0,0,0,0,0,0,0,1,1,7,3,0,8,0,1,0,2,1,1,0,1
4,6,6,9,1,12,12,0,2,3,3,8,1,2,0,1,4,8,11,4,4,4,2,1,20,4,33,18,3,60,5,1,1,6,4,2,0,1
0,0,0,0,0,1,3,0,0,0,0,0,1,0,0,0,0,0,0,0,0,0,0,0,1,3,0,1,0,0,0,0,0,1,0,0,0,0
1,0,0,0,0,0,1,0,0,0,0,0,0,0,0,0,0,0,0,0,1,0,0,0,0,0,4,2,0,2,0,1,0,0,0,0,0,0
0,0,0,0,0,2,0,0,0,0,0,0,1,0,0,0,0,0,2,2,0,0,0,0,0,0,1,3,0,3,0,0,0,0,0,1,0,1
1,0,1,4,2,6,2,0,0,0,1,0,1,0,0,0,0,0,3,1,1,1,0,1,1,0,2,5,4,9,4,1,2,0,0,0,0,5
0,0,0,1,0,0,2,0,0,1,0,0,0,0,0,0,1,0,0,3,0,0,0,0,1,0,1,0,1,6,2,0,0,0,0,0,0,0
0,0,0,1,0,0,0,0,0,0,0,0,0,0,0,0,0,0,0,0,0,0,0,0,0,2,1,0,0,1,0,0,0,0,1,0,0,1
0,0,0,0,0,0,0,0,0,0,0,0,0,0,0,0,0,0,0,2,0,0,0,0,0,0,0,0,0,0,0,0,0,0,0,0,0,0
0,0,0,0,0,0,0,0,0,0,0,0,0,0,0,0,0,0,0,0,0,0,0,0,1,0,0,0,0,2,0,0,0,0,0,0,0,0
