0,1,0,3,0,0,0,0,0,0,0,0,0,0,0,0,0,0,0,0,0,0,0,0,0,0,0,0,0,0,0,0,0,0,0,0,0,0
2,7,4,3,0,2,0,0,0,0,2,0,0,0,0,0,0,0,0,0,0,0,0,0,0,0,1,0,0,0,0,0,0,0,0,0,0,0
1,5,3,0,0,1,2,0,0,0,0,0,1,0,0,0,0,0,0,0,0,0,0,0,0,0,0,0,0,1,0,0,0,0,0,0,0,0
1,13,7,77,21,24,17,5,4,4,5,7,4,7,0,2,0,0,0,4,2,2,1,1,5,0,3,2,0,4,0,0,0,0,0,0,0,0
0,2,1,35,16,10,15,3,5,8,6,15,4,10,0,2,0,4,4,2,1,1,1,4,1,0,3,3,0,0,1,0,0,2,0,0,0,0
3,8,10,39,6,107,70,16,3,1,5,12,9,8,0,5,3,5,4,2,2,3,1,0,0,3,5,0,0,3,2,0,4,0,2,0,0,0
0,2,6,20,20,56,60,16,3,0,4,9,22,6,1,3,15,11,11,3,2,4,0,0,8,1,6,1,1,1,0,0,1,0,0,0,1,0
0,1,0,10,7,8,19,1,3,0,1,6,2,5,0,5,3,2,3,4,0,2,1,2,3,3,6,3,0,2,0,0,0,1,1,0,0,0
0,0,0,2,1,5,14,2,2,0,3,1,0,0,1,0,0,4,0,0,0,1,0,0,3,0,1,0,0,1,0,0,0,0,0,0,0,0
0,3,0,4,5,1,0,1,0,2,0,2,0,0,0,1,2,1,2,1,1,0,0,0,0,1,2,1,0,2,0,0,0,2,0,0,0,1
0,0,0,8,10,0,3,2,0,3,4,4,3,3,0,2,2,5,0,10,1,2,1,3,1,2,1,2,2,1,0,1,0,0,0,0,0,0
0,0,0,3,11,9,7,2,0,4,10,5,5,7,3,2,2,7,0,7,4,9,3,3,3,7,12,2,1,4,0,0,0,4,3,1,1,1
0,0,0,1,0,10,12,5,3,0,7,6,2,8,0,5,2,11,5,0,1,0,0,1,4,3,8,3,2,5,0,0,1,1,0,0,0,1
0,2,0,0,2,1,5,5,0,11,4,5,5,3,0,6,6,4,1,3,4,4,1,2,5,0,3,5,0,7,1,0,2,3,2,0,1,0
0,0,0,0,1,1,2,0,0,1,0,0,0,0,0,0,0,3,1,2,0,6,1,1,1,0,2,0,0,0,1,0,0,0,0,1,0,0
0,0,0,3,4,5,6,3,1,5,4,3,1,1,0,0,0,6,3,0,1,9,0,0,0,0,1,1,0,3,1,0,0,1,0,0,0,0
1,0,0,4,0,9,9,7,6,0,5,6,7,3,3,2,3,4,4,1,2,8,0,5,0,2,5,0,1,1,0,0,5,3,1,0,0,2
0,0,0,0,2,2,11,4,1,0,5,4,7,3,1,4,3,3,6,8,1,5,1,6,10,0,14,4,4,4,1,0,0,1,0,1,0,2
0,0,1,0,3,6,8,1,3,6,2,6,3,4,3,1,2,4,1,1,0,6,0,1,2,1,12,2,2,6,3,0,0,0,0,0,0,0
0,0,0,1,3,5,3,1,2,8,12,7,0,4,2,0,0,3,1,13,2,5,0,2,14,1,0,4,0,2,1,2,0,1,0,0,1,1
0,0,0,0,1,1,3,1,0,2,6,3,1,6,0,0,0,1,0,3,0,0,0,5,5,0,1,0,1,2,1,0,0,2,0,0,0,0
0,1,0,0,1,2,4,4,1,4,9,10,5,6,3,3,3,4,6,2,3,2,0,2,9,1,9,4,3,1,1,0,0,1,0,0,0,3
0,0,0,0,0,0,2,2,1,0,0,0,0,2,1,1,1,0,0,0,1,1,2,1,4,0,1,0,1,1,0,0,0,1,0,0,0,0
0,0,0,4,0,2,0,1,0,0,0,0,0,2,0,1,3,4,3,2,1,0,0,0,3,0,9,0,1,1,2,0,1,1,0,0,0,2
0,2,0,4,10,4,4,2,0,2,7,7,1,4,0,1,0,7,8,25,2,3,0,2,36,3,22,20,5,15,4,0,0,5,0,2,0,2
0,0,0,1,1,1,3,0,0,0,5,0,1,5,0,0,1,4,0,1,0,1,0,0,3,0,9,2,1,9,0,2,0,1,0,0,0,0
0,0,0,0,5,5,7,3,3,0,4,7,9,4,1,3,4,27,16,4,2,19,3,3,14,3,48,10,7,32,2,1,0,6,1,0,3,0
0,0,0,1,1,0,2,1,0,2,0,1,2,3,0,1,2,1,3,8,3,1,1,1,25,4,6,11,7,13,2,0,1,6,3,5,1,0
0,0,0,1,1,0,4,1,1,1,0,0,0,5,1,1,0,1,1,1,0,1,0,0,11,2,4,5,4,4,1,1,0,1,0,0,0,0
0,0,0,0,1,4,8,0,0,0,4,3,3,2,0,2,1,13,1,6,0,4,0,2,6,6,18,7,5,36,4,0,1,10,0,2,0,1
0,0,0,0,0,1,0,0,0,0,0,0,0,0,0,0,0,0,1,0,0,0,0,0,3,0,1,0,2,1,0,2,0,3,0,0,0,3
0,0,0,0,0,0,0,0,0,0,0,0,1,0,0,0,0,2,0,0,1,0,0,0,2,0,0,1,2,0,2,0,4,0,0,1,0,0
0,0,0,0,1,1,3,0,0,0,1,0,0,0,0,0,0,3,0,0,0,0,1,0,2,3,2,0,1,0,2,2,5,0,0,0,0,0
0,0,0,2,0,1,1,0,0,0,1,0,0,2,0,2,0,5,0,2,0,3,0,0,11,4,4,5,5,7,0,0,1,3,1,0,0,0
0,0,0,0,0,0,0,0,0,2,3,0,0,0,0,0,1,0,1,0,0,0,0,0,4,0,4,0,2,0,0,0,0,6,1,2,0,0
0,1,0,1,0,0,3,0,0,0,0,0,2,0,0,0,0,1,0,6,0,0,0,1,2,0,4,1,1,2,1,0,2,3,0,1,0,2
0,0,0,0,0,0,0,0,0,0,2,0,0,0,2,0,0,0,0,0,0,0,0,0,2,0,0,0,0,0,0,0,0,1,0,0,0,0
0,0,0,0,0,0,0,0,0,0,3,0,1,0,0,0,3,0,2,0,1,0,1,0,2,0,0,4,0,2,0,2,0,1,0,2,0,0
