0,0,0,0,0,0,0,0,0,0,0,0,0,0,0,0,0,2,0,0,0,0,0,0,0,0,0,0,0,0,0,0,0,0,0,0,0,0
0,4,1,5,1,2,1,0,0,0,0,1,1,0,0,0,0,1,0,1,0,0,0,0,0,0,0,0,0,0,0,0,0,0,0,0,0,0
0,0,3,1,0,4,0,0,0,0,0,0,2,0,0,0,2,0,0,0,0,0,0,0,0,0,0,0,0,0,0,0,0,0,0,0,0,0
1,21,1,68,33,46,27,4,1,0,9,7,8,4,3,1,1,3,3,4,1,2,0,2,1,0,6,0,1,1,0,0,0,0,0,0,0,0
3,7,4,32,16,15,17,0,1,2,6,12,6,3,0,3,6,7,3,7,1,3,0,2,3,1,5,1,0,2,0,0,0,0,0,0,0,3
0,12,12,27,8,93,58,11,5,0,2,12,3,2,0,7,9,4,10,2,0,2,0,2,1,1,5,0,0,2,1,0,0,0,0,0,0,1
0,0,3,14,14,73,46,21,10,0,4,7,23,9,0,8,15,5,6,7,1,8,5,1,6,0,11,0,1,7,0,1,1,1,0,0,0,0
0,0,1,4,6,16,16,0,4,0,2,6,3,2,1,4,7,6,4,3,0,1,0,1,3,1,4,3,1,0,0,0,0,1,0,0,0,0
0,0,0,2,3,7,24,0,1,0,1,0,1,1,0,0,5,2,0,1,0,2,0,1,0,0,0,0,1,1,0,0,0,0,0,1,0,0
0,3,2,6,4,2,2,3,0,3,3,2,1,0,0,0,1,0,2,5,2,0,2,1,0,0,1,0,0,0,0,0,0,2,0,0,0,0
0,0,0,6,3,5,4,4,1,2,4,5,4,2,0,1,3,4,1,8,2,7,1,0,3,2,3,4,0,3,0,0,1,1,0,2,0,0
2,5,0,6,7,5,8,7,1,3,12,1,5,10,2,3,4,8,2,8,2,13,2,2,6,2,13,3,0,2,1,0,0,1,0,3,0,0
0,0,0,6,3,9,13,0,0,0,2,1,6,4,1,1,5,6,3,4,0,4,1,3,1,1,7,2,1,0,3,1,2,2,1,0,0,3
0,0,0,5,0,2,10,0,1,1,3,9,1,1,2,3,2,3,4,2,6,10,0,3,1,1,6,1,1,1,0,0,2,1,0,0,1,3
0,0,0,0,0,2,1,0,0,0,0,0,0,0,0,0,3,0,0,2,0,1,0,0,1,0,0,1,0,0,0,0,0,1,0,0,0,0
0,2,0,0,0,2,8,1,3,2,1,3,1,0,0,0,0,0,1,1,0,3,4,2,1,3,5,1,1,0,0,0,0,0,0,0,0,1
1,0,0,1,3,5,7,3,4,0,2,2,10,4,0,0,2,9,3,0,2,1,1,3,12,3,19,0,0,1,1,1,1,2,1,1,1,0
0,3,0,1,6,6,10,4,4,0,2,20,6,8,0,5,7,3,10,8,0,7,0,5,7,9,19,1,1,8,4,0,5,5,0,1,0,0
0,0,0,8,3,2,5,1,1,0,5,5,8,5,0,0,6,7,8,1,7,6,0,3,7,0,8,0,2,10,0,3,1,2,1,0,0,3
0,0,0,3,3,1,6,3,1,6,8,14,6,8,1,0,4,6,5,11,3,9,3,6,9,3,6,2,0,3,1,1,0,3,0,1,0,3
0,1,0,0,0,0,1,1,0,1,6,0,1,0,0,0,2,3,0,3,0,0,0,1,5,0,1,0,1,1,1,0,0,1,0,0,0,0
1,0,0,0,3,2,4,3,1,5,3,6,0,10,2,5,4,10,3,12,1,2,0,1,7,1,5,4,2,8,0,0,0,1,2,0,0,0
0,0,0,0,0,1,0,0,0,0,0,0,3,1,1,1,0,0,0,1,0,0,2,0,1,0,5,0,0,0,0,0,0,0,0,0,0,0
0,0,0,0,0,2,3,1,0,0,0,2,2,1,0,0,0,6,1,7,0,1,0,0,1,0,4,1,1,4,0,1,0,1,0,0,0,1
0,0,0,2,2,3,9,2,0,4,6,0,1,8,0,0,4,3,9,12,4,8,2,4,30,7,30,13,8,27,1,1,0,3,0,0,0,1
0,0,0,1,2,0,1,1,0,4,6,4,0,4,1,1,0,3,1,2,0,1,0,2,9,1,4,3,0,4,0,1,0,2,1,0,1,0
0,0,0,6,5,7,9,3,3,2,4,15,8,8,0,6,7,26,16,7,4,16,2,3,22,3,21,19,11,20,2,1,2,6,3,3,0,1
0,0,0,0,0,2,4,0,0,1,2,1,5,1,1,2,2,5,2,6,0,3,0,0,20,1,23,11,8,17,0,0,2,10,0,1,0,0
0,0,0,0,0,1,0,0,0,1,1,0,0,0,0,2,0,0,0,1,0,5,0,0,6,2,5,3,2,15,0,1,0,2,0,0,1,0
0,0,0,0,0,3,3,0,0,1,3,0,3,1,0,4,3,6,3,3,2,5,0,2,24,6,23,7,4,25,9,0,3,6,4,3,0,4
0,0,0,0,0,0,1,0,0,0,0,0,5,0,0,0,0,1,0,3,0,1,0,0,2,2,5,0,0,3,2,2,1,2,1,2,0,1
0,0,0,0,0,0,3,0,1,0,0,0,1,1,0,0,1,0,0,3,0,2,0,0,1,1,0,0,0,4,0,0,0,1,0,0,0,0
0,0,0,0,0,2,2,0,0,0,0,0,1,1,0,0,1,1,0,7,0,0,0,1,1,0,2,1,0,2,2,0,0,1,2,1,1,0
0,0,0,0,1,0,2,0,0,1,1,0,2,1,0,0,3,5,2,3,0,1,0,0,8,0,3,8,4,4,4,0,0,6,1,2,0,3
0,0,0,0,0,0,1,0,0,0,2,0,0,0,0,0,2,0,0,0,0,1,0,0,1,0,0,4,0,4,2,0,0,2,0,0,0,0
0,0,0,0,0,0,0,0,0,0,0,0,1,0,0,0,3,1,2,0,0,0,0,0,1,0,3,3,0,3,0,0,1,0,0,0,2,1
0,0,0,0,0,0,0,0,0,1,0,0,0,0,0,0,0,0,0,0,0,0,0,0,0,0,0,1,0,2,1,0,0,0,0,0,0,0
0,0,0,0,1,0,0,0,0,0,0,0,1,1,0,0,0,1,0,1,0,1,1,0,4,1,0,4,4,4,0,1,1,0,0,2,0,0
