0,0,0,0,0,0,0,0,0,0,0,0,0,0,0,0,0,0,0,0,0,0,0,0,0,0,0,0,0,0,0,0,0,0,0,0,0,0
0,11,0,4,1,4,0,1,0,2,1,2,0,0,0,0,0,0,0,0,0,0,0,0,1,0,1,0,0,0,0,0,0,1,0,0,0,0
1,1,4,0,0,6,0,1,0,0,0,0,0,0,0,0,0,0,0,0,0,0,0,0,1,0,1,0,0,0,0,0,0,0,0,0,0,0
7,21,2,68,31,39,18,10,1,0,2,16,0,5,0,1,0,1,4,0,1,0,1,0,4,1,2,5,0,0,3,0,0,1,0,0,0,1
0,1,1,29,23,17,13,6,0,3,4,21,3,4,2,2,1,2,3,2,1,4,0,2,2,1,4,1,5,1,1,0,0,1,3,0,0,0
1,3,10,35,12,79,68,16,5,1,4,11,4,3,1,5,9,7,1,0,0,2,4,0,2,0,4,1,1,0,1,2,0,1,0,0,0,0
0,1,8,15,15,68,74,19,10,2,5,7,15,6,2,7,13,9,5,5,3,8,0,3,10,1,13,3,1,3,7,2,3,0,2,0,0,0
0,0,0,4,4,18,11,1,2,0,5,5,5,3,0,4,8,3,0,0,4,2,2,1,3,2,6,6,0,1,0,1,0,0,1,0,0,0
0,0,0,0,3,14,13,2,0,0,1,1,4,0,1,0,2,3,1,0,0,1,0,0,1,0,1,0,1,1,0,0,0,0,0,0,0,0
0,0,0,4,0,0,0,1,0,3,3,3,0,0,0,0,0,2,0,2,1,1,0,0,3,0,2,3,0,2,0,0,0,1,0,1,0,0
0,0,0,6,8,2,4,2,0,4,5,0,2,2,2,1,5,2,4,5,3,8,2,0,4,1,2,2,0,1,0,0,1,0,0,0,0,0
0,1,0,11,9,9,11,9,0,2,9,5,8,9,2,4,8,12,6,2,1,3,2,6,13,3,10,2,1,3,0,1,1,2,1,4,0,0
0,0,0,5,3,13,20,6,0,2,6,7,3,11,1,1,11,19,4,1,0,6,6,3,1,0,5,0,2,6,0,1,4,1,0,2,0,0
0,1,0,1,4,5,5,1,1,4,4,6,4,0,0,3,6,9,1,6,1,7,0,3,6,3,7,0,1,3,1,0,0,0,1,0,0,1
0,1,0,1,2,0,1,0,0,0,0,0,0,3,0,2,0,0,0,0,3,1,0,0,0,0,1,0,0,0,0,0,0,3,0,0,0,1
0,0,0,2,0,4,10,6,2,0,2,4,2,1,0,3,1,2,1,3,2,4,2,2,0,1,4,1,0,1,1,0,1,2,0,0,0,0
0,0,0,4,2,3,12,5,1,0,4,9,5,5,4,1,2,6,11,2,2,4,1,3,2,0,14,0,2,6,0,0,1,2,1,0,2,0
0,2,0,2,3,6,11,12,4,2,4,19,14,4,2,5,7,3,5,7,1,10,0,2,5,4,10,1,3,5,0,1,0,3,0,4,0,3
0,2,1,1,0,3,6,5,4,2,1,3,5,0,0,2,1,2,8,1,0,6,0,0,2,2,18,5,3,4,0,0,0,0,1,0,0,1
0,0,2,12,8,9,6,2,1,5,12,11,3,9,2,3,8,11,3,18,5,10,3,1,21,3,8,9,1,14,2,0,0,2,2,0,2,5
0,0,0,3,0,0,2,0,0,5,7,1,0,1,0,0,2,3,0,4,2,0,2,0,0,0,1,0,0,2,0,0,0,0,0,0,0,0
0,0,0,1,6,2,10,7,0,4,5,9,5,13,3,7,4,7,6,13,3,3,2,2,14,2,17,5,0,4,3,2,0,2,4,0,0,1
0,0,1,0,0,1,4,3,0,0,1,2,4,1,0,0,3,0,2,1,0,2,0,0,2,0,2,2,0,2,0,0,1,0,0,0,0,0
0,0,0,2,0,0,0,2,0,0,0,0,1,2,0,8,0,2,0,1,2,2,0,3,1,0,2,5,3,5,0,0,0,4,0,2,0,1
0,0,0,3,1,3,4,0,0,4,9,6,3,2,0,0,0,7,18,9,5,16,2,3,38,5,32,24,7,13,2,0,0,8,2,1,0,2
0,0,0,1,1,1,0,1,0,2,1,2,2,2,0,0,0,3,1,0,0,0,0,0,5,0,10,5,1,6,0,0,0,2,0,0,0,0
1,1,0,3,1,5,13,9,1,0,2,10,9,6,2,9,6,12,13,3,1,19,2,4,18,3,48,7,9,33,3,2,0,8,2,1,0,5
0,0,0,0,7,0,2,0,0,0,1,1,2,1,0,0,1,2,3,9,4,5,0,1,18,4,18,8,9,9,4,2,0,7,3,1,1,0
0,0,0,0,1,0,0,0,3,0,1,2,0,0,1,0,0,2,0,0,0,2,0,1,4,3,7,9,3,10,2,0,0,0,1,2,0,0
0,0,1,2,2,4,1,1,0,3,0,2,2,0,0,0,1,6,5,2,3,2,2,4,10,3,26,14,11,39,4,1,1,11,12,0,0,3
0,0,0,0,0,0,2,0,0,0,1,0,0,1,0,0,1,0,0,2,4,2,0,1,5,0,1,2,0,3,4,0,0,1,0,0,0,1
0,0,0,0,0,0,0,0,0,0,0,0,0,2,0,0,1,1,0,0,0,0,0,0,1,0,0,0,0,5,1,0,1,1,0,1,0,2
0,0,0,0,0,0,0,0,0,0,0,0,0,4,0,0,0,2,0,2,0,5,0,0,5,0,3,0,0,6,1,1,2,0,0,4,1,0
0,0,0,0,1,1,0,1,0,5,1,2,1,5,3,2,3,3,0,2,0,4,0,0,7,5,6,10,3,7,1,0,0,7,1,5,0,2
0,0,0,0,0,0,1,0,0,0,0,1,0,1,0,0,3,3,0,2,0,1,0,0,0,0,0,3,1,2,1,1,0,4,0,0,0,0
0,0,0,0,0,0,0,0,0,0,1,2,0,0,0,0,0,4,1,1,0,0,0,0,2,0,1,3,4,2,0,0,0,0,0,2,0,2
0,0,0,0,0,0,1,0,1,0,2,0,0,0,0,0,0,0,0,0,0,0,0,0,1,0,1,0,0,0,0,0,0,2,0,0,2,0
0,0,0,0,0,0,0,0,0,0,0,1,0,2,0,0,0,0,0,0,0,0,0,0,0,0,0,1,0,1,1,1,1,0,2,4,1,0
