2,1,0,0,0,0,0,0,0,0,0,0,0,0,0,0,0,0,2,0,0,0,0,0,0,0,0,0,0,0,0,0,0,0,0,0,0,0
0,6,2,7,2,3,4,0,0,0,0,3,1,0,0,0,0,0,0,0,0,0,0,0,0,0,1,0,0,0,0,0,0,0,0,0,0,0
1,3,2,1,0,0,0,0,0,0,0,0,0,0,0,0,0,0,0,0,0,0,0,0,0,0,0,0,0,0,0,0,0,0,0,0,0,0
2,32,3,70,27,36,21,2,0,3,5,6,0,3,3,0,4,1,5,5,0,0,0,2,1,0,1,2,0,0,1,0,0,0,0,0,0,0
2,0,0,22,16,8,10,8,1,2,1,9,6,4,0,3,0,7,1,3,0,2,0,0,6,0,5,2,0,2,0,0,0,0,0,1,0,1
0,5,8,25,7,110,87,6,4,0,3,7,12,5,0,4,8,4,4,1,0,1,0,0,5,0,5,1,0,2,2,0,0,0,0,0,0,0
1,2,6,17,8,91,55,9,13,0,8,8,20,5,0,4,20,11,6,0,7,5,0,1,6,4,12,0,4,3,0,0,0,3,0,0,0,1
0,0,1,2,4,12,14,1,0,0,5,2,8,9,1,4,9,2,2,0,4,1,3,1,3,0,5,0,0,5,2,0,0,1,0,0,0,0
0,0,0,6,0,12,13,0,3,0,0,2,2,3,1,3,1,1,1,2,0,1,0,0,0,0,1,0,0,2,0,0,0,0,0,0,0,0
0,1,0,3,5,0,2,0,0,3,4,6,0,2,1,0,1,1,1,5,0,1,0,0,11,0,0,6,0,0,1,0,0,1,0,0,0,1
1,0,0,9,9,0,0,0,0,1,11,8,0,0,1,1,2,2,2,4,0,3,2,2,7,2,4,3,0,3,0,0,1,2,0,1,0,1
0,0,0,16,1,7,10,0,4,3,2,4,5,10,2,4,12,17,3,7,4,13,0,2,4,4,6,9,0,0,2,1,1,6,1,1,1,0
0,0,0,4,4,10,25,4,1,1,3,6,8,3,0,7,3,7,10,3,4,3,1,8,5,3,9,1,0,5,0,0,2,1,0,2,0,0
0,0,0,4,4,7,2,4,2,3,1,7,3,0,0,1,6,3,1,2,4,8,0,1,6,1,4,1,0,2,5,0,0,1,1,2,0,0
0,0,0,2,1,2,5,1,0,0,0,4,0,0,0,1,0,1,0,0,0,1,2,1,0,2,1,0,0,0,0,0,0,0,0,1,0,0
0,0,0,3,0,3,3,4,0,1,3,2,2,4,0,0,2,1,3,4,1,1,0,2,2,0,4,0,0,1,0,0,2,3,0,0,0,0
0,2,0,3,6,4,7,6,1,0,1,5,5,3,1,0,4,4,13,1,0,2,0,1,1,0,4,1,4,2,0,2,1,1,1,0,0,0
0,4,0,3,4,5,10,5,6,0,0,6,14,3,2,4,6,3,5,10,3,5,0,4,6,2,12,2,1,1,3,2,0,0,0,0,0,0
0,0,0,4,2,1,8,3,1,0,1,1,6,3,2,1,8,4,5,2,0,6,0,1,3,2,13,3,5,3,0,0,0,4,1,0,0,0
0,0,0,5,3,6,4,3,1,7,22,20,0,6,3,3,10,12,3,25,8,1,3,5,13,2,10,3,3,7,1,0,1,0,2,0,0,6
0,0,0,0,1,1,3,1,0,0,2,1,0,1,1,0,0,1,4,4,0,3,0,2,2,0,0,1,0,0,0,0,0,1,1,0,0,0
0,0,0,0,3,2,7,5,0,3,11,7,2,7,2,3,6,14,6,12,1,7,0,6,10,0,14,9,5,2,3,0,1,1,1,2,0,3
0,0,1,0,0,1,4,2,1,0,0,2,0,1,0,0,3,0,1,5,0,1,1,0,0,0,8,0,0,3,0,1,0,0,0,0,0,0
0,0,0,0,0,2,2,0,0,0,1,2,0,1,0,0,3,2,0,3,0,2,0,1,4,2,6,4,4,1,1,0,0,1,0,1,0,0
0,0,0,2,2,3,3,0,0,2,5,7,5,3,1,3,2,2,1,11,2,17,4,8,39,11,22,29,6,15,3,0,1,7,0,2,0,1
0,2,0,0,0,2,0,0,0,3,2,3,0,1,0,2,0,4,1,2,0,1,0,0,6,0,5,1,2,0,1,0,0,0,0,0,0,0
0,0,0,1,1,9,14,12,2,0,2,6,11,5,0,5,4,31,31,13,2,14,4,5,17,7,40,13,8,34,2,2,0,5,0,1,0,1
0,0,0,1,2,1,0,2,1,3,1,4,0,2,2,1,0,3,1,11,1,1,1,2,26,2,7,9,8,11,1,0,1,3,1,3,0,0
0,0,0,0,0,1,0,6,0,0,0,0,0,1,1,0,2,0,0,0,0,4,0,0,13,6,8,13,1,12,0,1,0,5,1,0,0,0
1,2,0,0,2,1,2,3,1,0,4,3,2,2,1,1,0,7,3,4,3,4,1,1,10,5,23,16,12,32,1,1,2,9,5,2,0,2
0,0,0,0,0,0,0,0,0,0,0,0,0,0,0,0,1,0,0,0,0,0,1,0,3,0,2,0,1,1,2,0,1,2,0,0,0,1
0,0,0,0,0,1,0,2,0,0,0,0,1,0,0,0,1,1,0,0,0,0,0,0,1,0,0,0,0,1,0,0,1,2,1,0,0,0
0,0,0,0,0,0,1,1,0,1,0,0,1,1,0,0,1,1,1,1,0,2,0,1,2,0,1,0,0,2,6,0,0,0,0,0,0,0
0,0,0,1,1,0,3,0,0,3,2,3,1,2,0,0,2,0,2,0,0,2,3,0,14,3,1,14,4,8,3,3,3,6,1,2,0,5
0,0,0,2,0,0,0,0,0,0,1,0,0,1,0,0,0,1,0,1,0,4,0,0,2,0,1,2,1,1,0,0,1,1,0,1,3,0
0,0,0,0,0,1,0,0,0,0,2,1,1,1,0,0,0,0,0,4,1,0,0,1,3,1,1,0,1,0,2,0,0,2,0,0,0,0
0,0,0,0,0,0,0,0,0,0,0,0,0,0,0,0,0,0,0,0,0,0,0,1,0,0,2,0,0,1,0,0,0,0,0,0,0,0
0,0,0,0,0,1,0,0,0,0,1,0,1,0,0,0,2,0,0,1,0,2,0,1,1,0,2,2,0,2,1,0,0,1,0,1,0,3
