2.65166666667
2.15739130435
2.86583333333
1.77815899582
1.74085526316
1.71107594937
1.67801186944
1.41684210526
1.20767857143
2.09473684211
1.58388059701
1.74832167832
1.79393103448
1.46409090909
1.45789473684
1.6514893617
1.44756410256
1.52682926829
1.64918181818
1.73
1.48972972973
1.47517730496
1.68
5.28176470588
1.64194444444
1.31363636364
1.61337398374
1.46560344828
1.72268656716
2.06337278107
2.21421052632
4.83529411765
3.72666666667
2.30065217391
2.29709677419
3.73714285714
4.87
3.23655172414
