0,0,0,0,0,0,0,0,0,0,0,0,0,0,0,0,0,0,0,0,0,0,0,0,0,1,0,0,0,2,0,0,0,0,0,0,0,0
0,2,0,3,4,4,8,0,0,0,0,0,0,0,0,0,0,0,0,0,0,0,0,0,0,0,2,0,0,0,1,0,0,0,0,0,0,0
0,1,2,0,0,4,0,0,0,0,0,0,0,0,0,0,1,0,0,0,1,0,0,0,0,0,0,0,0,1,0,0,0,0,0,0,0,0
0,22,6,86,30,41,17,4,0,3,5,14,1,1,0,1,2,2,2,4,1,0,0,0,2,2,3,1,0,1,0,0,0,0,0,0,0,0
0,3,0,34,10,12,14,4,1,4,6,10,2,2,1,3,0,2,1,5,2,5,3,0,3,1,3,2,0,0,0,0,0,1,0,3,0,0
0,4,11,55,7,125,67,6,7,1,4,7,12,4,0,3,4,3,3,1,4,4,0,2,2,0,5,3,0,2,1,1,0,0,0,0,0,0
0,2,2,28,13,84,61,10,8,0,2,6,21,10,5,9,17,7,6,4,3,12,1,3,2,1,19,6,1,3,0,1,2,1,2,1,0,0
0,2,0,8,5,11,10,2,1,0,3,3,2,2,0,2,8,6,2,2,1,1,4,3,2,3,9,1,1,2,0,0,0,0,0,0,0,0
1,0,2,0,2,16,21,0,4,0,2,0,1,0,0,0,1,3,0,0,0,3,0,2,0,0,4,1,1,2,0,0,0,3,0,0,0,0
0,0,0,1,5,2,0,0,0,4,2,1,2,4,0,0,1,0,4,0,0,3,0,0,5,1,3,3,1,1,0,0,0,1,0,0,0,1
0,0,1,9,4,6,4,1,0,3,2,1,0,6,1,0,4,6,4,4,1,4,1,1,3,3,5,0,2,7,0,0,0,1,1,0,0,3
0,2,0,12,9,5,18,2,3,4,2,4,3,5,2,6,4,8,4,9,0,17,2,6,8,1,7,0,4,3,1,1,0,2,0,0,0,1
0,0,0,3,5,16,23,6,2,1,1,3,7,6,0,4,9,7,6,3,2,6,1,0,1,4,4,0,1,2,2,3,0,0,0,1,0,0
0,2,0,1,6,1,3,3,2,0,2,10,2,0,0,0,3,2,6,5,1,8,0,9,2,0,8,2,1,5,2,0,1,6,0,2,0,2
0,0,0,3,1,0,1,2,0,0,3,0,0,2,1,0,1,0,0,0,0,1,0,1,2,0,3,0,0,1,0,0,0,1,0,0,0,0
0,0,1,0,0,4,9,0,0,0,0,4,4,2,0,0,2,1,3,8,1,5,0,1,2,1,4,1,0,2,1,1,0,0,1,0,0,1
0,0,0,1,3,9,10,6,10,0,1,7,5,1,2,1,2,6,5,4,2,7,3,1,2,0,6,1,1,1,1,0,3,4,1,0,0,0
1,0,1,2,3,9,9,4,1,2,6,17,5,6,2,8,7,2,4,5,3,13,1,6,7,2,13,3,0,3,0,1,0,3,0,0,0,0
1,2,0,4,1,4,8,1,2,0,2,3,8,2,0,3,5,12,6,4,7,3,1,1,4,1,12,6,1,7,1,1,1,2,0,0,0,0
0,0,4,6,8,4,8,1,0,4,12,6,0,6,0,0,4,8,4,13,3,3,4,0,9,2,8,3,2,2,0,0,1,4,0,0,1,4
0,0,0,0,1,4,4,1,0,0,5,4,1,2,0,1,1,1,0,1,0,1,0,2,0,0,0,0,5,2,0,0,0,0,0,0,0,3
0,0,0,2,7,6,4,1,1,5,4,10,3,9,2,3,10,1,6,9,2,2,0,5,10,1,11,5,0,3,0,0,3,2,1,1,0,1
0,0,0,0,0,0,0,3,0,0,1,2,0,0,0,0,0,0,2,7,1,1,0,0,4,0,6,1,0,2,0,0,1,0,0,1,0,1
0,0,0,0,0,4,3,0,0,0,1,1,3,2,2,1,1,3,3,2,2,1,0,2,7,1,6,0,0,2,0,4,0,0,0,1,0,0
0,5,0,4,4,3,10,3,3,5,9,9,0,10,0,0,9,7,6,12,5,11,1,3,30,9,26,12,9,15,0,0,0,5,2,1,0,1
0,0,0,0,0,0,2,1,0,0,1,3,5,0,1,0,0,1,0,3,1,1,0,0,5,0,5,0,3,5,1,0,0,1,0,0,0,0
0,0,0,5,1,9,12,2,0,2,2,13,6,8,1,1,9,14,12,8,2,23,0,2,23,4,37,12,5,27,5,2,0,4,1,4,0,4
0,0,0,0,3,1,4,2,0,1,4,2,0,3,0,1,1,7,0,10,3,3,0,0,19,6,14,15,3,21,3,0,0,11,0,3,0,1
0,1,0,0,0,0,0,3,0,0,0,0,0,0,0,0,0,3,4,2,2,5,0,2,8,0,2,5,4,5,1,0,0,1,0,1,0,0
0,1,0,2,1,4,1,1,3,2,4,5,2,1,0,2,2,5,8,8,1,1,2,4,8,1,15,11,7,32,4,2,0,10,1,2,0,3
0,0,0,0,0,0,0,0,0,0,0,0,0,2,0,0,0,1,1,0,0,2,0,1,5,0,2,2,0,7,1,1,0,1,1,0,0,1
0,0,1,0,1,0,0,0,0,0,0,0,1,0,0,0,0,1,1,0,0,2,0,0,0,0,0,2,0,2,0,3,2,2,0,0,0,0
0,0,0,0,0,0,1,0,0,0,0,3,0,0,0,0,0,3,2,2,1,2,0,0,1,1,2,2,1,2,2,1,0,1,1,1,1,1
0,0,0,0,0,2,1,0,0,1,0,3,1,2,0,2,1,1,0,4,0,4,0,0,10,7,4,6,1,6,7,0,3,4,4,2,0,0
0,0,0,0,2,0,0,0,0,0,0,1,0,0,0,0,0,0,0,0,0,0,0,0,2,0,1,1,5,4,0,0,0,1,0,0,0,2
0,0,0,1,0,0,0,0,0,0,0,2,1,2,0,2,2,5,0,2,0,0,0,0,1,0,2,3,0,0,0,0,1,1,2,1,0,0
0,0,0,0,0,0,0,0,0,0,0,0,0,0,0,0,2,0,0,2,0,2,0,0,0,0,1,0,0,1,1,0,0,0,0,0,0,0
0,0,0,0,0,0,1,0,0,0,1,0,0,0,0,0,0,0,1,3,0,2,0,0,1,0,0,0,3,1,1,0,0,5,0,2,0,0
