0,0,0,0,0,0,0,3,0,0,0,0,0,0,0,0,0,0,0,0,0,0,0,0,0,0,0,0,0,0,0,0,0,0,0,0,0,0
0,8,4,7,1,4,0,0,0,0,0,1,0,0,0,0,0,0,0,2,0,1,0,0,0,0,0,0,0,0,0,0,0,0,0,0,0,0
0,1,1,1,0,3,0,0,0,0,0,0,0,0,0,0,0,0,0,0,0,0,0,0,0,0,2,0,1,0,0,0,0,0,0,0,0,0
4,26,6,94,36,49,21,4,0,2,7,7,2,0,0,1,3,1,6,0,1,2,1,1,2,1,4,0,0,0,0,0,0,1,1,0,0,0
0,2,1,29,25,17,8,11,2,4,9,9,1,1,1,1,8,1,4,8,0,2,0,0,0,3,3,2,0,0,0,0,0,0,0,0,0,0
0,8,14,50,13,103,73,14,8,3,4,8,7,2,3,0,3,4,1,3,0,4,0,1,2,0,4,0,2,2,0,0,1,0,1,0,0,0
1,1,6,20,14,87,74,16,7,0,0,13,17,3,2,1,12,9,4,0,1,6,2,3,6,3,4,2,0,3,1,0,0,3,0,2,0,0
0,1,0,1,3,13,14,0,3,1,1,2,0,2,2,2,4,5,4,0,2,1,1,4,2,0,10,0,4,2,0,0,0,0,1,0,0,0
0,0,0,0,2,19,8,3,5,0,2,0,3,3,0,1,0,0,3,0,0,1,0,0,0,0,1,3,0,1,0,0,0,0,0,1,0,0
0,0,0,1,3,1,2,2,0,0,4,2,0,1,0,0,3,2,1,6,2,2,0,0,4,0,0,0,0,0,0,0,0,0,0,1,0,0
0,0,0,4,3,4,7,4,0,1,4,2,0,6,0,2,3,5,1,3,1,3,0,0,6,0,2,5,0,3,0,0,2,0,0,0,0,0
0,5,0,5,9,11,17,3,2,0,0,19,1,8,3,10,7,16,7,5,2,10,1,7,9,6,10,1,1,4,0,2,2,7,0,2,0,2
0,0,0,6,1,14,14,1,2,1,1,5,5,3,0,2,3,4,10,1,2,4,0,2,3,0,9,2,1,7,1,0,1,0,0,0,0,1
1,2,0,7,4,4,3,4,0,1,1,1,1,3,0,1,2,3,3,7,3,8,0,0,3,1,10,3,1,3,1,0,1,1,1,0,0,0
0,0,2,0,1,0,2,0,0,0,1,0,1,0,0,2,1,0,0,1,0,1,2,0,0,0,4,2,1,0,0,0,0,0,0,0,0,1
1,1,0,1,0,2,13,3,1,0,0,2,2,1,0,1,0,0,0,1,0,5,1,2,2,0,4,0,0,0,0,0,0,1,0,0,0,1
0,0,0,4,2,3,11,3,5,1,5,5,11,2,0,0,2,0,6,1,1,6,2,0,2,1,7,2,1,1,1,1,1,4,0,3,0,1
0,1,0,4,5,3,8,2,4,0,1,7,9,9,2,3,3,3,3,7,2,7,0,1,3,5,13,5,5,4,1,0,1,1,0,8,0,0
0,2,0,0,1,2,10,4,6,1,5,2,8,4,3,2,4,6,10,3,0,3,1,0,5,0,15,0,3,1,3,1,2,1,0,2,0,0
0,3,0,4,7,4,5,4,1,3,8,10,3,7,0,1,3,9,4,13,2,5,0,0,12,1,5,5,3,3,1,0,1,1,0,0,0,1
0,0,0,1,3,0,0,0,0,3,3,4,3,0,0,2,1,1,0,1,0,0,0,0,4,0,2,1,0,0,0,1,0,1,1,4,0,1
0,0,1,4,2,5,7,3,0,1,5,7,6,12,3,5,8,12,8,12,0,6,1,0,7,1,13,9,1,6,2,1,0,3,2,0,0,0
0,0,0,0,0,2,3,0,0,0,0,0,0,1,0,0,0,0,1,3,0,2,1,0,2,0,7,2,0,0,1,0,0,1,0,0,0,0
0,0,2,0,1,0,1,0,0,1,5,1,4,1,2,0,3,4,2,1,1,2,0,1,0,0,5,0,1,0,0,0,0,2,0,0,0,1
0,0,1,4,4,2,10,3,0,8,3,4,6,3,2,0,0,6,8,17,7,10,0,8,22,8,27,11,1,7,1,1,3,7,1,3,0,1
1,0,1,0,0,1,0,2,0,0,3,2,0,1,0,0,0,2,0,1,1,0,1,1,10,0,3,4,3,2,1,0,0,4,0,1,0,0
0,1,0,3,4,10,13,3,3,0,5,12,12,3,1,6,9,19,16,5,1,12,1,2,23,8,38,14,6,28,5,1,0,6,6,1,1,0
1,0,0,2,0,0,4,3,0,1,2,1,0,1,1,0,1,1,2,4,4,6,3,0,25,7,13,14,10,9,0,0,0,15,1,5,0,1
0,0,0,0,2,0,0,0,1,0,2,1,0,2,0,0,3,0,2,0,0,5,0,1,5,2,8,14,2,8,0,0,0,5,3,0,0,0
0,0,0,4,0,2,11,1,2,1,0,0,2,2,0,0,5,5,6,1,2,1,3,1,5,3,15,18,15,27,3,0,2,5,3,1,0,2
0,0,0,0,0,0,0,1,0,0,1,0,0,0,0,0,0,0,0,0,0,2,0,0,2,0,3,1,2,1,3,0,0,1,0,1,0,2
0,0,0,1,0,0,0,0,0,0,0,1,0,0,0,0,1,0,5,0,0,1,0,0,2,0,0,0,0,0,3,0,0,0,0,0,0,1
0,0,0,0,0,0,6,2,0,0,0,1,3,0,0,0,3,2,0,5,0,0,0,0,1,0,4,1,0,0,1,3,0,2,2,1,0,0
0,0,0,2,1,0,4,0,0,0,5,4,0,3,0,0,1,2,0,1,0,2,1,0,9,2,5,15,2,5,3,1,0,8,2,4,0,1
0,0,0,0,0,1,0,0,0,2,0,2,0,0,0,0,2,2,0,1,0,0,0,1,5,0,1,3,0,0,2,0,1,0,0,0,0,0
0,0,0,1,0,0,2,0,0,0,0,3,1,0,0,0,3,1,0,0,0,0,0,0,1,0,6,0,0,0,4,2,0,2,0,0,0,0
0,0,0,0,0,0,0,0,0,0,1,0,0,0,0,0,0,1,0,0,0,1,0,0,0,0,0,0,2,0,0,0,0,0,0,0,0,0
0,0,0,0,1,1,0,0,0,0,2,1,1,2,0,0,1,0,0,1,1,0,0,0,1,0,0,1,2,2,1,0,0,0,0,0,0,0
