2,1,0,2,0,1,0,0,0,0,0,0,0,0,0,0,0,0,0,0,0,0,0,0,0,0,0,0,0,0,0,0,0,0,0,0,0,0
1,6,4,9,0,6,1,1,0,1,0,0,0,0,0,0,0,1,0,0,1,1,0,0,0,0,0,0,0,0,0,0,0,0,0,0,0,0
0,1,3,3,0,8,0,0,0,0,0,0,0,1,0,0,0,0,0,0,0,0,0,0,0,0,0,0,0,0,0,0,0,0,0,0,0,0
0,12,10,98,29,48,24,2,5,0,7,6,5,3,0,0,0,0,3,2,4,2,0,2,5,1,3,0,0,0,0,0,0,2,0,0,0,0
3,5,0,40,11,15,18,3,1,7,0,5,2,6,0,6,3,5,2,9,0,2,0,1,2,0,0,2,0,0,3,0,1,1,0,0,0,0
1,6,18,43,12,126,74,10,2,0,6,7,22,2,1,0,3,6,4,3,1,1,0,1,9,3,1,5,2,1,1,0,2,0,0,0,0,0
0,4,6,17,17,113,76,17,8,1,6,7,7,4,4,5,21,8,3,4,3,10,2,3,2,0,9,3,3,3,1,0,2,0,0,3,0,0
0,0,1,6,5,11,8,1,0,1,1,1,9,6,4,3,7,4,1,1,3,4,0,0,2,0,7,1,0,2,0,0,0,1,0,2,0,2
0,0,0,0,0,16,9,2,1,0,1,3,3,1,2,0,1,1,4,0,2,4,0,0,1,1,0,0,1,0,0,0,0,0,0,0,0,0
0,2,1,1,3,3,2,0,0,1,0,0,0,0,1,0,0,1,1,2,1,0,0,0,4,1,1,1,1,1,0,0,0,0,0,0,0,0
3,0,0,4,7,5,1,3,0,5,3,3,0,3,0,2,0,5,4,6,0,6,1,2,5,1,4,1,0,0,0,0,0,3,0,3,0,3
0,2,0,12,9,15,12,4,3,2,4,3,3,12,0,9,13,6,2,4,3,12,1,3,9,4,11,5,1,4,2,1,1,4,5,1,0,2
0,0,0,4,2,22,18,0,3,0,0,2,3,2,2,6,5,9,6,2,5,5,0,4,3,1,5,5,0,0,0,0,0,2,0,2,0,0
1,1,2,6,1,6,8,0,2,0,1,3,2,4,1,2,6,3,4,5,2,17,2,4,11,0,9,2,0,2,0,0,2,0,0,3,0,1
0,0,0,0,0,0,0,0,0,1,0,0,0,0,0,1,2,1,1,2,0,1,0,1,0,0,5,0,2,2,0,0,0,0,0,0,0,0
0,0,0,1,1,6,7,2,0,0,3,1,2,1,0,0,0,0,0,2,2,0,0,0,1,0,0,2,0,1,0,0,0,0,1,0,0,0
0,0,0,0,2,8,10,4,3,1,4,0,0,4,2,1,5,3,6,4,0,4,1,0,5,1,10,3,0,3,3,0,1,1,0,1,0,0
0,1,0,5,2,7,9,4,2,0,2,6,7,5,0,8,4,8,7,7,1,11,0,2,4,3,13,2,0,7,0,0,1,0,0,0,0,1
0,0,1,3,0,4,7,1,0,0,1,4,2,1,0,1,8,12,7,4,0,5,0,1,7,1,27,4,2,5,0,0,0,0,0,0,0,0
0,1,0,5,8,1,5,3,2,2,15,7,5,6,0,2,1,3,5,16,3,7,1,3,9,7,6,10,3,5,1,0,0,0,4,0,0,1
0,0,0,2,2,1,1,1,0,1,6,5,0,2,0,0,0,1,2,3,1,3,0,1,7,2,2,0,0,0,0,0,1,0,0,0,1,0
0,0,0,4,2,4,6,1,0,4,7,9,1,4,0,4,6,7,7,6,1,4,0,0,12,4,4,2,2,0,2,1,0,1,0,0,0,1
0,0,0,1,0,1,1,1,0,0,4,2,0,0,0,0,4,0,3,2,0,0,0,0,3,0,8,0,0,1,0,0,0,0,0,0,0,0
0,0,1,2,2,1,0,1,2,1,4,1,0,0,0,0,1,2,1,3,1,2,1,3,7,0,7,0,0,3,1,0,0,0,0,0,0,0
0,0,0,6,3,2,2,2,0,1,5,2,4,0,2,3,4,4,4,12,2,3,1,1,41,11,23,14,6,15,0,1,1,5,0,1,0,0
2,0,0,0,2,1,0,0,2,1,4,0,0,3,0,2,1,2,1,9,3,0,2,0,8,2,6,3,1,6,3,0,0,2,0,0,0,0
0,1,0,5,5,9,15,1,5,2,5,9,13,12,1,3,4,14,17,6,1,16,2,4,18,5,38,10,13,41,4,3,0,7,3,2,0,1
0,0,0,0,3,1,1,5,0,0,1,4,0,1,2,0,1,8,2,7,0,6,0,0,26,6,13,20,9,11,0,0,2,12,3,2,0,0
0,0,0,3,1,1,1,0,0,1,1,1,1,2,2,0,0,3,0,3,0,0,0,0,15,2,6,9,3,5,1,0,1,3,3,0,0,1
0,0,1,1,1,2,3,2,0,0,1,8,1,0,2,1,3,13,2,5,2,2,2,1,15,1,25,19,9,36,2,2,0,13,5,0,0,3
0,0,0,0,1,1,0,0,0,0,1,0,0,0,0,0,1,1,0,2,1,0,0,2,0,2,2,3,0,4,4,0,4,0,0,1,0,0
0,0,0,0,1,1,0,0,0,0,0,1,0,1,0,1,0,4,0,0,0,0,0,0,3,0,0,0,0,1,2,0,0,1,0,0,0,2
0,0,0,0,0,3,2,0,0,0,0,3,3,2,0,2,3,1,1,2,0,0,0,0,1,0,0,2,0,1,1,0,0,3,0,0,1,3
0,0,0,1,0,0,0,0,0,1,1,4,1,2,0,1,2,6,2,2,0,1,0,0,10,2,3,5,6,6,4,0,1,6,2,1,1,2
1,0,0,0,0,0,0,0,0,0,0,0,0,2,0,0,1,1,0,1,0,1,0,0,1,0,1,6,0,3,2,0,0,1,0,2,0,0
0,1,0,0,1,1,0,0,0,0,3,0,0,0,0,1,0,0,0,2,2,0,0,0,2,0,2,2,0,1,0,1,0,3,1,3,0,1
3,0,0,0,0,0,0,0,0,0,1,1,0,0,0,0,0,0,0,0,0,0,0,0,1,0,0,0,0,0,0,0,0,0,0,0,0,2
0,0,0,1,1,3,0,0,0,0,2,0,2,2,0,2,0,1,0,0,0,2,0,0,0,0,0,1,0,1,4,0,0,1,0,0,1,1
