0,0,0,0,0,0,0,0,2,0,2,0,0,0,0,0,0,0,0,0,0,0,0,0,0,0,0,0,0,0,0,0,0,0,0,0,0,0
1,5,5,10,2,4,0,0,0,0,0,0,0,0,0,0,0,0,4,0,0,0,0,0,0,0,0,0,0,0,0,0,0,0,0,0,0,0
0,1,8,1,0,2,0,0,0,0,0,0,0,0,0,0,0,0,0,0,0,0,0,0,0,0,0,0,0,0,0,0,0,0,0,0,0,0
2,32,13,125,47,76,31,4,0,1,7,8,8,0,0,0,2,3,2,4,1,3,0,0,2,2,3,1,0,5,0,0,0,1,2,0,0,0
0,4,3,43,20,15,20,4,2,3,2,9,3,8,0,2,1,2,2,2,0,3,3,0,3,0,3,2,0,0,0,0,0,1,1,0,0,0
0,9,14,58,23,152,85,4,3,0,4,11,11,5,2,5,7,1,7,3,2,2,0,2,6,0,6,0,3,6,0,0,0,6,0,0,0,1
2,1,3,26,17,108,56,10,8,1,6,3,13,5,1,1,18,9,3,7,2,5,1,2,5,1,15,2,2,9,0,1,1,0,0,0,0,0
1,0,0,1,4,12,20,0,3,2,0,1,6,7,1,2,4,3,1,3,0,3,0,1,6,1,6,1,1,1,0,0,0,3,0,0,1,0
1,0,0,0,2,13,6,2,2,0,0,0,0,0,0,1,2,0,2,0,0,0,0,0,1,0,1,0,0,0,0,0,0,0,0,0,0,0
0,1,0,2,5,0,1,0,5,2,0,2,1,0,0,0,0,1,3,4,0,0,0,0,4,0,1,2,1,0,0,0,0,1,0,2,0,0
0,0,0,0,7,2,0,0,3,0,5,2,3,2,0,0,6,5,4,6,2,5,0,0,5,1,4,0,3,2,0,0,1,0,0,1,0,2
0,0,1,9,12,13,11,0,2,0,4,5,3,12,1,5,10,12,5,6,5,11,9,3,3,2,8,0,1,2,2,0,4,0,0,2,0,0
0,0,2,6,3,16,17,4,4,4,2,1,3,1,0,1,3,7,1,6,1,8,0,1,2,0,11,2,2,4,0,0,0,0,1,0,0,0
0,0,0,2,6,8,6,2,1,1,1,10,3,0,0,3,1,2,6,6,0,9,0,2,6,0,8,1,1,3,0,1,0,1,0,0,0,1
0,0,0,0,2,4,3,2,0,0,0,1,0,1,0,1,2,5,1,2,1,4,2,1,1,0,1,0,0,0,0,0,0,0,0,0,0,0
0,0,0,1,3,3,6,1,2,0,0,1,0,0,0,2,2,0,0,1,0,4,0,0,1,0,0,0,1,1,0,1,0,0,0,0,0,0
0,0,0,3,6,13,15,1,0,2,3,4,2,2,1,1,1,4,3,4,1,3,0,3,5,2,4,0,0,3,0,2,0,1,1,1,2,0
0,0,0,5,4,7,10,4,4,4,8,7,9,1,0,3,5,5,8,4,4,18,2,3,10,1,17,6,2,1,0,1,0,2,0,1,0,0
0,0,0,2,1,5,12,1,2,2,2,0,6,0,0,3,2,10,9,1,1,11,1,1,6,1,15,3,0,3,0,1,0,1,0,3,0,0
1,0,0,3,7,3,1,2,0,3,6,3,1,4,1,0,5,9,0,12,1,4,0,3,4,1,5,4,5,12,0,0,1,2,0,0,0,3
0,0,0,5,3,0,0,0,1,0,1,2,1,0,0,0,1,3,2,2,0,2,0,1,5,0,4,2,0,0,0,0,0,1,0,0,0,0
0,2,0,2,1,1,5,5,2,1,8,5,7,6,2,5,5,13,8,8,3,3,2,0,5,0,8,4,3,2,1,0,0,3,0,2,0,1
0,0,0,0,0,1,0,0,0,2,2,1,3,0,0,1,0,2,1,0,0,2,1,0,0,1,4,2,0,1,0,0,0,2,0,0,0,0
1,0,0,5,0,5,0,0,0,1,5,4,2,0,0,0,0,7,1,4,1,0,0,0,3,1,7,0,0,4,0,0,0,1,0,0,0,0
0,1,2,7,6,6,13,1,0,2,2,6,0,6,1,1,1,11,8,11,4,19,1,1,34,16,27,24,7,8,2,0,2,11,2,0,0,0
0,0,0,0,2,1,0,0,0,1,1,5,0,3,0,1,0,0,1,1,1,1,0,0,11,0,2,3,0,4,0,0,0,4,0,0,0,0
0,0,0,6,2,12,17,4,6,2,2,6,6,4,0,7,3,19,9,14,2,20,0,0,23,5,29,16,9,20,2,2,1,3,1,2,0,1
0,1,0,4,0,2,1,1,0,2,0,1,2,0,0,1,0,3,4,6,0,11,0,3,17,7,9,10,7,22,3,0,0,11,3,0,0,4
0,0,0,1,2,3,2,0,0,1,1,2,0,0,0,0,0,1,1,0,1,2,1,2,5,0,6,6,1,12,0,0,0,9,2,1,0,0
0,1,0,1,1,3,2,2,0,1,0,3,4,2,0,1,4,8,5,8,0,7,2,6,16,6,17,14,3,21,5,0,5,14,3,0,1,1
0,0,0,2,0,0,0,0,0,0,0,0,0,2,0,0,1,1,1,3,0,2,0,2,2,0,0,0,0,3,2,1,2,1,0,3,0,1
0,0,0,0,0,1,1,0,0,0,0,0,0,0,0,0,0,3,1,0,0,1,0,0,0,0,2,1,1,0,0,0,0,3,1,0,0,0
0,0,0,0,0,0,2,0,0,0,0,2,2,1,0,0,0,4,0,0,0,0,0,1,0,0,1,1,0,2,0,2,1,0,0,1,0,1
0,0,0,3,2,0,1,2,0,0,3,2,1,2,1,0,2,3,0,9,1,3,0,0,1,3,3,6,2,9,0,2,0,9,4,1,1,7
0,0,0,0,0,0,0,0,0,0,0,2,0,0,1,0,0,0,0,1,0,2,0,0,2,0,0,3,3,5,0,0,1,4,0,0,0,0
0,0,0,0,0,0,2,0,1,1,1,0,0,0,1,0,0,3,1,0,0,2,2,0,2,1,1,3,0,1,0,0,1,2,1,0,0,2
0,0,0,0,0,0,0,1,0,0,0,1,0,0,0,0,0,0,0,0,0,1,0,0,1,1,1,0,0,2,0,0,0,0,0,0,0,0
0,0,0,0,0,1,1,0,0,0,0,2,0,0,0,0,1,1,0,0,0,3,0,0,3,0,1,3,0,1,1,0,1,2,1,0,1,1
