1,1,0,0,0,0,0,0,0,0,0,0,0,0,0,0,0,0,0,0,0,0,0,0,0,0,0,0,0,0,0,0,0,0,0,0,0,0
1,3,1,8,1,6,3,1,0,0,0,0,0,0,0,1,0,0,0,0,0,0,0,0,0,0,0,0,0,0,0,0,0,0,0,0,0,0
0,0,6,1,1,1,0,0,0,0,0,0,0,0,0,0,0,0,0,0,0,0,0,0,0,0,0,0,0,0,0,0,0,0,0,0,0,0
2,22,8,97,46,61,20,7,3,1,3,8,5,3,0,0,1,1,1,2,2,2,0,0,8,0,3,0,0,2,0,0,0,1,0,0,0,0
0,4,3,48,16,24,14,11,7,7,7,9,5,10,1,3,2,3,2,5,1,2,1,2,5,1,3,4,0,1,0,0,0,0,0,1,0,0
4,7,12,56,8,135,77,4,9,2,2,5,17,3,0,1,6,6,2,0,5,2,0,1,0,2,4,2,1,3,1,0,1,0,0,0,0,0
0,1,5,22,10,96,57,14,15,2,2,4,22,1,0,1,9,5,0,2,2,6,0,6,0,2,9,1,5,2,1,0,0,2,0,0,0,3
0,0,0,5,1,16,11,0,1,0,2,4,3,1,1,0,12,2,0,1,2,8,0,4,3,0,5,2,0,1,2,0,2,1,0,0,0,0
0,0,0,3,1,12,14,1,1,0,0,0,2,0,0,0,3,2,3,0,0,0,0,0,0,0,2,0,0,0,0,0,0,0,0,0,0,0
0,0,1,7,3,0,4,0,0,1,1,1,0,2,0,0,1,1,0,1,1,0,0,1,2,0,2,0,0,1,1,0,0,0,0,0,0,0
0,3,0,15,8,9,1,0,0,0,4,2,5,3,0,0,2,4,3,6,0,4,0,0,10,1,4,2,1,4,0,0,0,1,0,0,0,0
0,0,0,10,9,11,10,1,1,2,5,3,1,8,1,3,3,5,3,6,4,11,4,5,5,4,3,3,2,1,0,0,0,0,1,4,0,0
0,0,0,6,1,15,25,1,2,0,0,1,5,0,0,2,5,5,8,2,2,7,0,2,1,0,7,1,4,1,0,0,2,0,0,0,0,0
0,1,2,5,6,17,4,0,0,0,1,5,6,2,0,3,5,2,2,3,1,14,1,3,2,1,10,2,4,5,0,1,0,1,0,0,1,1
0,0,0,2,1,0,4,0,0,0,0,0,0,0,0,0,0,3,1,1,2,4,0,2,0,0,0,1,0,0,0,0,0,0,0,0,0,0
2,2,0,0,1,7,5,1,1,0,3,2,0,0,0,0,0,3,0,2,0,5,2,0,0,0,0,0,1,0,0,0,1,1,0,0,0,0
0,2,0,3,1,8,6,5,4,1,0,5,2,5,0,3,3,1,6,0,2,18,0,0,3,1,6,1,0,1,0,0,0,0,0,3,2,0
0,0,0,7,3,5,9,8,3,0,5,6,6,3,1,1,4,3,11,8,7,13,0,4,4,0,18,3,3,8,0,0,2,1,0,0,0,1
0,0,0,1,4,7,4,1,2,0,1,1,4,4,0,3,11,5,4,1,2,2,2,0,4,3,11,3,3,3,0,0,0,3,0,0,0,1
0,2,1,1,15,6,7,2,0,4,4,3,5,3,0,2,3,9,6,9,1,6,3,5,9,3,2,3,2,5,0,0,1,1,1,1,0,2
0,0,0,2,2,0,1,2,0,1,4,2,2,1,3,0,1,1,0,1,0,2,0,2,3,0,2,1,1,2,0,0,0,1,0,1,0,0
0,0,2,3,6,2,2,1,1,0,2,13,2,5,1,2,4,9,1,4,3,6,0,3,9,3,7,1,2,2,3,2,1,1,2,2,0,0
0,0,0,1,0,0,0,0,0,0,1,0,2,0,1,0,2,1,0,4,1,3,1,0,1,0,2,0,2,0,0,0,0,0,0,0,0,0
0,0,0,2,0,2,0,3,0,0,0,0,2,1,0,0,1,0,0,3,2,3,0,4,5,0,5,4,2,4,1,0,0,1,0,1,0,0
0,2,0,0,5,6,6,3,0,1,5,2,5,9,1,1,2,10,5,15,1,6,0,5,51,6,20,22,4,9,0,0,2,8,0,6,0,1
0,0,0,3,1,1,0,0,0,2,0,5,0,1,0,0,0,1,3,3,1,3,0,1,5,0,7,5,2,3,0,0,0,0,1,0,0,0
0,0,1,2,1,13,5,1,2,4,3,7,7,6,1,4,8,16,13,7,5,18,4,7,22,5,29,11,4,40,6,0,5,8,1,0,0,1
0,0,1,1,3,1,1,1,0,4,8,0,2,0,0,0,0,3,2,4,3,2,0,0,16,7,13,10,9,16,4,2,0,5,2,1,0,0
0,0,0,0,0,0,2,0,0,0,0,4,0,1,0,0,0,0,2,3,0,3,0,0,4,1,8,8,2,6,1,0,0,2,2,1,0,0
0,0,0,4,2,4,6,1,0,1,0,4,2,2,0,1,3,5,5,4,0,4,0,1,12,1,28,12,8,32,2,1,3,6,1,1,0,0
0,0,0,1,1,1,0,0,0,0,0,0,1,2,0,0,0,1,1,3,4,0,0,0,1,0,0,1,1,2,1,0,0,2,0,0,0,0
0,0,0,0,3,0,0,0,0,0,0,0,1,0,1,1,1,1,0,0,0,2,0,0,0,1,0,0,1,0,2,0,1,1,1,0,0,1
0,0,0,0,0,2,2,1,0,0,3,0,0,0,0,0,0,2,1,4,0,1,0,1,0,0,0,1,0,5,3,0,0,2,3,0,0,0
1,0,0,0,1,1,0,2,0,1,3,6,1,1,0,0,1,3,5,3,0,2,3,0,4,2,11,8,2,9,1,0,0,7,2,0,0,1
0,0,0,0,0,0,0,0,0,0,0,0,0,2,0,0,1,0,0,3,0,1,0,0,0,0,1,1,1,3,1,1,0,1,0,0,0,0
0,0,0,1,2,0,1,0,0,0,0,0,2,1,0,0,0,1,3,0,0,0,0,0,3,0,1,0,0,1,2,0,0,4,0,0,0,0
0,0,0,0,0,0,0,0,0,0,1,0,0,0,0,0,0,0,0,0,0,1,0,0,0,0,1,0,0,0,0,0,0,0,0,0,0,0
0,0,0,1,0,0,0,0,0,0,1,0,0,0,0,0,1,0,0,0,1,0,0,0,2,0,1,2,0,0,1,0,0,9,0,0,0,0
