2,0,0,0,0,0,0,0,0,0,0,0,0,0,0,0,0,0,0,0,0,0,0,0,0,0,0,0,0,0,0,0,0,0,0,0,0,0
1,5,5,9,3,1,1,0,0,0,0,3,0,0,0,0,0,0,0,0,0,0,0,0,1,0,0,0,0,1,0,0,0,0,0,0,0,0
0,3,4,1,0,1,0,0,0,0,0,0,0,0,0,0,0,0,0,0,0,0,0,0,0,0,0,0,0,0,0,0,0,0,0,0,0,0
0,27,6,76,27,42,14,9,1,3,8,8,2,5,1,0,1,1,1,6,1,0,0,0,3,2,2,1,0,1,0,0,0,0,0,0,0,0
0,4,1,43,9,11,13,0,0,1,4,5,1,1,1,0,1,1,4,1,1,0,1,1,6,0,1,3,0,1,0,0,0,0,0,0,0,0
0,2,14,32,13,128,75,5,7,1,4,8,13,2,1,1,3,1,5,4,0,4,0,0,5,3,6,4,0,3,0,0,0,0,0,0,0,0
0,3,3,22,20,77,76,8,6,4,3,8,14,3,3,1,24,5,5,1,2,4,0,1,6,0,6,1,0,8,0,0,2,1,0,0,1,0
0,0,1,3,2,14,20,0,3,0,1,0,6,4,0,3,7,5,2,2,0,5,1,0,3,0,3,1,0,2,0,0,0,0,0,0,0,0
0,0,2,0,0,21,14,2,0,0,0,2,0,0,0,0,1,0,0,0,0,0,0,0,0,0,0,0,0,1,0,0,0,0,0,0,0,0
0,0,0,0,7,1,0,0,0,0,2,3,0,0,0,0,1,0,0,5,0,1,0,0,2,0,0,1,0,0,0,0,0,1,0,0,0,0
0,1,2,6,6,4,6,0,0,0,5,2,2,1,0,0,0,2,2,7,0,4,0,4,3,2,1,2,0,2,2,0,0,1,0,0,0,2
0,0,0,16,6,9,13,1,2,5,5,7,10,6,1,4,4,13,5,3,3,8,3,3,8,1,5,0,3,3,0,0,1,1,1,0,0,0
0,0,2,4,5,18,23,2,2,0,0,6,2,1,0,3,3,11,1,0,0,5,0,0,2,1,10,2,1,0,2,2,0,0,2,0,0,1
0,0,0,2,3,1,5,2,0,0,1,5,2,1,0,2,1,2,0,1,3,7,1,3,6,3,8,13,2,2,1,0,1,3,1,2,0,2
0,0,0,1,0,0,0,0,0,2,2,2,0,0,0,0,0,0,1,0,2,1,0,0,0,0,0,2,0,0,0,0,0,0,0,1,0,0
0,0,0,1,0,7,8,8,2,0,0,1,2,1,0,1,7,0,5,2,0,0,0,0,1,1,4,2,0,0,2,0,0,0,0,0,0,0
0,1,0,0,0,4,12,4,0,1,3,9,3,3,0,1,1,3,6,7,1,4,1,4,2,1,11,2,1,4,0,0,0,0,1,0,0,0
0,0,0,5,1,4,11,7,2,0,1,14,6,6,1,0,5,1,12,6,1,4,2,1,6,1,15,2,3,2,3,1,0,2,2,0,0,0
0,0,0,4,3,9,9,0,4,0,3,8,2,1,0,2,0,9,11,3,1,10,1,2,4,2,11,2,3,7,0,0,0,1,2,0,0,0
0,2,0,4,2,2,10,1,0,4,10,12,2,10,1,4,2,12,1,3,1,11,6,0,11,5,5,5,2,2,1,2,0,1,0,0,2,0
0,0,2,2,1,0,5,0,0,0,4,4,2,0,0,0,2,3,1,2,2,1,0,1,1,0,6,0,0,1,0,0,2,0,0,0,0,0
0,0,0,1,4,2,2,1,1,1,5,7,2,2,0,3,3,5,6,5,3,9,2,0,17,2,19,1,5,6,0,2,0,2,1,0,0,6
0,0,0,0,0,0,0,1,0,0,0,1,0,3,0,0,2,0,0,0,1,1,0,2,0,0,2,0,0,4,0,0,0,1,0,0,0,0
0,0,0,5,1,4,0,2,0,0,0,2,3,0,1,2,2,4,1,1,1,4,0,1,2,1,1,2,3,2,1,0,1,2,0,0,0,0
0,0,0,3,3,3,6,8,0,1,11,2,3,3,2,4,1,11,8,19,0,10,1,1,20,4,20,11,9,7,0,0,0,9,1,0,0,3
1,0,0,0,1,1,0,0,0,1,2,2,2,4,1,0,2,0,1,2,3,2,1,2,2,0,4,1,0,0,0,0,0,1,0,0,0,0
0,1,1,3,1,8,4,4,3,0,2,2,6,1,1,0,6,13,14,1,4,11,3,2,24,8,23,10,15,40,0,1,0,2,0,3,0,0
0,0,0,0,5,0,6,0,1,0,1,0,0,4,1,0,0,3,1,8,0,0,2,2,9,1,11,4,5,13,1,0,0,8,1,0,0,0
0,1,0,0,0,0,1,0,0,0,0,2,1,0,0,0,0,2,1,3,0,1,1,0,6,0,1,5,3,9,2,0,0,10,0,0,1,0
0,0,0,1,2,5,4,1,0,0,3,1,2,1,3,1,1,6,8,5,0,8,2,2,24,0,19,13,4,35,0,0,0,4,1,1,2,1
0,0,0,0,1,0,0,0,0,0,0,0,0,3,0,0,1,0,2,0,4,2,1,0,3,1,0,2,1,1,0,0,0,0,0,2,0,0
0,0,0,0,0,0,4,0,2,0,0,0,0,2,0,0,1,0,0,0,0,2,0,2,0,0,0,0,0,2,2,0,0,2,0,0,0,0
0,0,0,0,0,1,3,0,0,0,0,4,0,2,0,0,0,3,1,3,0,2,0,0,0,1,1,0,1,3,1,0,0,0,0,1,0,0
0,0,0,2,1,1,2,1,0,1,0,0,1,0,0,1,2,0,2,2,1,2,0,0,11,2,1,4,0,3,1,1,0,1,3,1,1,1
0,0,0,0,1,2,0,0,0,0,0,0,0,1,0,0,2,0,1,1,0,2,0,0,1,0,1,2,1,2,0,1,0,0,0,0,0,0
0,0,0,0,0,0,1,2,0,3,0,0,0,0,0,0,0,0,0,1,0,0,0,0,0,1,4,0,0,3,0,1,2,0,1,2,0,1
0,0,0,0,0,0,0,0,0,0,1,0,0,0,0,0,0,0,0,0,0,0,0,0,1,0,0,0,0,0,0,0,0,0,0,0,0,0
0,0,0,0,0,0,0,0,0,1,0,1,0,1,0,1,0,2,0,1,0,1,0,1,0,0,0,1,0,1,1,0,0,1,2,0,0,0
