0,0,0,0,0,0,0,0,0,0,0,0,0,0,0,0,0,0,0,0,0,0,0,0,0,0,0,0,0,0,0,0,0,0,0,0,0,0
4,4,2,10,1,2,0,0,0,0,0,0,0,0,0,0,0,0,0,2,0,0,0,0,0,0,0,0,0,0,0,0,0,0,0,0,0,0
0,2,9,0,0,2,0,0,0,0,0,0,0,0,0,1,0,0,0,0,0,0,0,0,0,0,0,0,0,0,0,0,0,0,0,0,0,0
2,24,0,104,36,63,27,4,0,2,8,4,0,0,0,0,2,1,2,0,2,2,0,1,6,1,3,0,0,0,0,0,0,0,2,0,0,0
0,6,4,55,9,9,13,4,0,3,3,7,7,3,0,1,2,1,1,7,2,5,1,0,2,1,7,2,0,1,0,0,0,3,0,0,0,0
1,1,7,42,8,115,53,9,11,4,1,9,7,3,1,0,3,3,7,3,2,2,0,1,0,0,5,1,0,6,0,0,0,0,0,0,0,0
0,2,3,36,14,86,56,8,10,0,5,10,16,4,2,1,13,1,8,1,5,6,0,2,7,2,7,2,5,3,0,0,2,0,1,1,0,0
0,2,1,4,3,18,13,1,0,0,2,5,1,7,2,2,5,2,0,1,0,1,0,1,4,2,5,3,0,0,0,0,0,0,0,0,0,0
0,0,1,1,1,3,6,0,0,1,1,0,0,0,0,0,4,2,0,0,0,3,0,0,0,1,2,0,0,2,0,0,0,0,0,0,0,0
0,0,1,7,4,1,0,1,0,2,3,0,0,2,2,0,0,0,0,2,3,1,0,0,5,1,1,1,0,0,0,0,0,0,0,0,0,0
0,0,1,3,10,5,7,5,0,1,1,4,1,1,0,2,1,1,1,6,0,10,0,0,7,1,4,1,2,2,0,0,0,0,3,0,0,1
0,0,0,7,5,7,8,0,3,0,6,6,0,7,0,2,15,4,5,5,3,19,4,0,12,4,6,3,5,1,0,1,0,1,2,2,0,0
0,0,0,0,3,8,15,2,1,0,3,2,2,2,1,2,5,5,4,1,2,7,1,1,4,0,9,0,1,1,0,0,0,1,0,1,0,0
0,0,0,5,1,4,4,3,3,7,1,7,2,8,3,5,4,0,5,6,2,10,0,4,0,1,4,0,1,3,0,0,1,1,0,0,0,0
0,0,0,0,0,0,1,1,0,0,0,1,1,0,0,2,0,0,1,0,1,6,0,1,0,0,2,2,0,0,0,0,0,0,0,0,0,0
0,0,0,1,1,5,4,7,1,1,1,5,1,0,2,0,0,0,0,0,0,3,1,2,0,0,0,0,0,1,0,0,0,1,0,0,0,0
1,0,3,2,3,3,12,1,3,5,1,3,3,0,1,3,2,5,9,1,0,8,1,3,3,0,7,2,0,7,0,0,2,3,0,0,0,0
0,0,1,6,0,6,15,3,3,0,4,7,3,5,0,3,4,5,3,3,1,18,0,2,13,0,15,2,0,3,1,0,0,1,0,0,0,0
0,0,0,0,1,4,7,1,0,2,0,5,4,3,0,3,4,7,5,5,0,6,1,4,9,3,13,2,2,5,0,0,0,1,2,2,0,1
0,0,0,6,5,4,10,3,0,2,9,16,6,3,2,3,8,8,3,13,2,9,0,1,11,3,5,5,2,4,0,0,0,0,0,0,0,2
0,0,0,1,0,0,4,3,0,0,0,0,0,1,0,0,1,1,0,1,0,2,0,0,3,1,3,0,2,2,0,0,0,0,0,3,0,0
0,0,0,1,6,3,5,3,1,1,3,9,3,4,1,4,7,5,6,4,3,5,1,0,9,1,7,8,1,5,0,0,0,5,0,0,0,1
0,0,0,0,0,2,3,3,0,0,0,1,1,0,0,0,4,0,0,1,0,2,0,0,1,0,0,1,0,0,0,0,0,0,0,0,0,0
0,0,0,1,2,0,2,4,0,0,0,3,0,0,0,0,0,4,1,0,0,2,0,1,3,0,3,1,1,0,0,0,0,0,0,0,0,0
0,3,0,5,5,6,2,2,1,3,2,3,2,4,0,1,2,5,6,18,1,8,0,2,41,10,14,14,3,20,0,0,0,14,1,3,0,0
0,0,0,2,2,3,4,1,0,0,3,3,0,0,0,2,1,3,1,4,5,3,1,0,4,0,3,2,2,1,0,0,0,2,0,1,0,2
0,1,0,5,2,10,11,8,2,7,7,7,5,4,1,3,6,14,18,7,3,14,1,4,21,2,31,13,20,19,4,1,3,4,1,4,0,3
0,3,0,2,0,1,1,5,2,0,4,4,0,3,0,0,0,2,3,4,0,6,5,0,15,2,12,4,10,8,4,0,0,3,1,1,1,2
0,0,0,0,0,0,2,3,0,0,0,0,1,1,1,1,1,1,1,3,1,2,0,0,6,0,2,5,5,12,0,1,0,0,3,1,0,0
0,0,0,1,1,3,1,0,2,3,0,3,1,0,0,0,1,5,4,2,1,5,1,0,11,2,20,8,7,25,2,2,1,6,1,1,0,0
0,0,0,0,0,0,2,0,0,0,1,0,3,0,0,0,1,2,2,1,2,1,0,0,0,0,1,2,0,6,2,0,1,0,0,6,0,1
0,0,0,0,0,0,0,0,0,0,0,0,3,0,0,0,0,2,0,1,0,3,0,0,1,0,1,3,3,2,0,0,0,0,0,0,0,0
0,0,0,2,0,0,3,0,0,0,0,0,0,0,0,0,0,0,0,1,2,2,0,0,2,0,0,1,0,4,1,0,5,3,1,0,0,0
0,0,0,0,0,2,0,0,0,1,1,1,5,0,0,2,2,1,4,8,0,1,0,0,6,2,2,3,3,3,2,0,0,3,0,5,0,0
0,1,0,0,0,0,1,0,0,0,0,0,1,0,0,0,0,1,0,2,0,1,0,0,9,0,3,0,1,0,1,0,0,2,1,0,0,0
0,0,0,0,2,1,3,0,0,0,0,0,0,0,0,1,0,3,3,0,0,3,0,0,0,0,0,4,1,2,0,1,1,1,0,0,0,0
0,1,1,0,0,0,0,0,0,0,0,0,0,0,0,0,0,3,0,0,0,1,0,0,0,0,0,0,0,3,0,0,0,0,0,0,0,2
0,0,0,2,0,0,0,0,0,1,2,0,0,0,0,0,0,0,0,0,0,1,0,1,2,0,0,0,0,1,0,0,0,0,0,0,0,0
