0,0,0,0,0,0,0,0,0,0,0,0,0,0,0,0,0,0,0,0,0,0,0,0,0,0,0,0,0,0,0,0,0,0,0,0,0,0
1,13,1,8,2,5,1,0,0,0,1,0,0,0,0,0,0,0,0,0,0,0,0,0,0,0,0,0,0,0,0,0,0,0,0,0,0,0
0,3,4,3,1,1,0,0,0,0,0,0,0,0,0,1,0,0,0,0,0,0,0,0,0,0,0,0,0,0,0,0,0,0,0,0,0,0
1,17,4,94,26,39,23,0,0,1,6,5,0,4,0,5,0,4,0,2,0,2,0,0,4,0,3,0,1,0,0,0,0,1,0,0,0,0
0,1,2,47,22,11,14,4,1,3,6,5,1,2,0,2,0,4,2,1,2,3,1,0,4,0,2,1,0,1,0,0,0,0,0,0,0,0
1,1,17,29,15,110,63,7,9,0,4,5,4,2,0,0,5,5,3,1,1,0,0,0,0,1,1,2,0,6,0,1,2,0,0,0,0,0
0,8,10,12,11,73,54,2,10,0,5,4,11,2,2,5,9,7,0,3,2,7,0,0,6,0,11,5,0,1,0,0,0,0,0,0,0,1
0,1,0,5,4,8,12,1,4,0,4,2,1,1,1,4,3,0,3,0,1,2,0,0,6,1,9,1,0,0,0,0,0,2,0,1,0,0
0,0,2,0,0,7,8,0,0,0,0,2,0,1,0,0,0,1,1,1,0,0,0,0,0,0,3,2,0,2,0,0,0,0,0,0,0,0
0,0,0,4,6,0,1,0,1,3,1,1,3,0,0,1,0,0,0,4,1,2,2,0,2,3,1,2,0,0,0,0,0,1,0,1,0,0
0,0,0,12,10,4,8,1,0,4,4,10,0,0,1,2,1,5,0,5,3,11,0,1,10,1,5,3,0,1,1,0,1,1,1,0,0,0
0,0,0,7,5,8,13,2,4,6,4,1,1,6,1,3,6,6,3,3,4,20,3,2,3,7,5,1,0,0,2,0,1,0,0,0,0,0
0,0,2,2,6,9,12,0,0,1,2,3,1,4,1,4,8,5,3,0,3,4,0,1,3,0,5,3,0,4,0,0,3,0,2,1,0,0
0,1,0,1,1,5,10,0,0,3,0,3,2,2,0,1,2,4,7,6,1,11,2,0,4,3,2,2,5,4,0,0,0,1,1,3,0,0
0,0,0,2,0,3,1,2,0,0,0,0,0,3,0,0,0,2,2,0,0,0,0,2,0,0,5,0,0,1,0,0,0,0,2,0,0,0
0,0,0,2,3,5,2,1,0,0,0,0,4,0,0,0,0,0,2,2,0,1,0,0,4,0,1,0,0,0,0,0,0,1,0,0,0,1
0,1,1,3,1,5,4,3,0,3,5,3,2,0,0,0,2,1,2,1,1,3,2,4,1,0,6,0,1,4,0,2,2,2,0,0,0,2
0,0,0,1,4,5,10,5,7,0,3,4,4,0,1,0,4,3,2,5,0,10,0,1,2,2,15,1,0,0,0,2,0,3,0,0,0,0
0,1,0,3,4,5,7,0,1,3,1,3,2,1,0,0,4,13,3,1,2,5,0,0,5,0,12,4,0,1,0,0,0,1,0,0,0,0
0,0,0,4,4,5,2,1,0,2,12,9,5,4,2,1,1,10,6,8,1,4,0,2,7,2,8,0,1,2,0,1,1,1,0,0,0,0
0,0,0,4,1,1,2,1,1,1,1,0,0,1,1,1,0,1,4,5,1,1,0,0,2,0,0,2,1,1,0,0,1,0,0,0,0,0
0,1,0,3,3,3,3,0,3,1,6,20,0,4,0,5,5,2,1,8,1,0,1,1,5,5,3,3,1,2,1,0,0,0,0,0,0,0
0,0,0,0,0,0,1,0,1,0,2,3,0,0,0,0,0,1,1,0,0,2,0,0,1,0,2,6,0,1,0,0,0,0,0,0,0,0
1,0,0,3,0,0,3,1,0,0,1,0,3,0,0,1,0,6,1,1,0,0,0,0,2,0,5,2,0,1,0,0,1,1,0,0,0,0
0,0,0,4,6,2,3,1,1,4,1,6,5,3,2,1,1,8,4,18,1,10,1,0,23,2,9,14,6,21,1,0,1,11,2,1,0,3
0,0,0,4,0,0,1,0,0,2,3,1,3,1,0,0,0,1,0,3,1,4,0,0,3,0,5,2,2,1,0,0,0,0,0,3,0,0
0,0,0,2,2,6,10,6,1,3,2,2,8,4,0,3,5,19,11,5,3,15,1,8,16,4,35,14,10,24,4,0,0,3,0,3,0,2
0,0,0,0,2,0,1,0,0,1,2,3,2,2,0,0,1,0,1,9,0,1,3,1,23,6,7,9,5,7,0,0,0,3,0,2,0,1
0,0,0,0,1,0,0,0,1,1,1,0,1,5,0,0,1,2,4,0,0,2,0,2,6,0,2,12,5,4,2,0,0,2,0,1,1,0
1,0,0,2,0,4,1,5,1,0,0,1,5,1,1,2,2,3,3,3,0,6,0,1,9,0,22,11,5,35,2,2,0,7,0,4,0,3
0,0,0,0,0,0,0,0,1,0,0,2,1,2,0,0,0,0,0,1,0,6,0,0,2,2,3,0,1,2,1,0,1,0,1,2,0,1
0,0,0,0,0,0,2,0,0,0,0,0,0,0,0,0,0,0,0,0,0,0,0,0,0,1,0,0,0,3,0,0,0,1,1,0,0,0
0,0,0,2,0,0,0,0,0,4,0,0,0,1,0,0,0,3,0,2,2,4,0,0,0,0,2,1,0,3,1,0,0,1,0,0,0,0
0,0,0,1,1,0,0,0,0,2,1,3,1,1,0,0,1,2,0,7,0,0,0,0,4,1,2,6,0,2,2,2,1,4,0,1,0,2
0,0,0,0,0,0,0,0,0,0,2,0,1,0,0,0,1,1,0,3,4,1,0,0,3,1,0,1,2,1,0,4,1,2,2,0,0,0
0,0,0,1,0,0,0,0,0,0,0,0,0,2,1,0,0,2,0,2,0,0,0,0,0,0,0,2,0,2,0,0,0,0,0,0,0,0
0,0,0,0,0,0,0,0,0,0,3,0,0,0,0,0,0,0,0,0,0,0,0,0,0,0,1,0,0,0,0,0,0,1,0,0,0,0
0,0,0,0,0,0,0,0,0,0,1,0,0,0,0,0,0,1,0,3,0,4,0,0,0,2,0,0,0,2,0,0,0,0,0,0,0,0
