0,1,0,2,0,0,0,0,0,0,0,0,0,0,0,0,0,0,0,0,0,0,0,0,0,0,0,0,0,0,0,0,0,0,0,0,0,0
0,4,1,12,1,1,1,0,0,0,1,0,0,0,0,0,0,0,0,0,2,0,0,0,0,0,0,0,2,0,0,0,0,0,0,0,0,0
0,1,2,0,0,4,0,0,0,0,0,0,0,2,1,0,0,0,0,0,0,0,0,0,1,0,0,0,0,0,0,0,0,0,0,0,0,0
0,14,7,121,34,47,16,2,0,5,6,6,0,6,1,0,1,1,3,1,1,1,0,1,2,0,10,0,2,1,1,0,0,0,0,1,0,0
0,2,3,40,13,14,8,3,0,1,5,10,3,2,0,1,0,1,1,4,0,5,0,0,1,0,0,1,0,0,0,0,0,0,1,0,0,0
1,2,14,37,20,130,80,7,7,1,2,3,3,2,0,3,4,6,5,0,0,3,0,0,3,0,0,1,0,4,0,1,0,0,0,0,0,0
1,0,1,23,9,70,28,12,1,3,6,7,8,4,1,1,9,1,2,1,5,3,1,0,1,0,4,4,1,5,1,0,0,1,0,0,0,0
0,1,0,4,5,3,10,1,0,0,1,0,1,3,0,1,3,3,9,1,0,3,0,1,0,2,6,2,1,0,0,0,0,0,1,0,0,0
1,0,0,5,2,11,8,0,1,0,1,0,0,0,0,0,0,0,0,0,0,0,0,0,0,0,4,0,0,0,0,0,0,0,0,0,0,0
0,0,0,7,3,0,4,0,0,0,1,3,0,0,0,2,1,0,0,3,2,3,2,0,2,0,1,1,0,0,1,0,0,0,0,0,0,0
0,1,0,6,10,8,0,1,2,4,3,3,1,0,0,0,1,0,3,1,3,7,2,0,10,0,0,4,0,0,1,0,0,0,0,0,0,0
0,2,0,9,4,6,5,2,2,3,5,2,1,6,2,2,2,6,3,6,2,13,0,0,0,1,5,4,2,0,0,0,0,0,0,0,0,0
0,0,1,3,2,10,14,0,1,0,2,3,2,1,1,2,2,4,8,1,1,2,0,0,2,0,7,1,0,1,2,1,0,2,0,1,0,0
0,0,0,1,4,3,1,2,0,0,2,7,0,1,0,2,6,4,5,3,2,4,0,2,5,2,4,2,0,1,0,0,0,1,0,0,0,0
0,0,0,0,1,1,0,0,0,2,0,0,0,1,1,0,1,0,0,0,1,0,0,0,0,0,6,0,0,0,0,0,0,0,0,0,0,0
0,0,0,1,0,7,4,0,1,0,1,0,2,0,0,0,1,1,1,0,0,3,1,2,0,0,1,1,0,1,0,0,0,0,0,0,0,0
0,2,0,4,2,9,5,1,2,0,2,0,0,4,2,0,0,4,10,1,1,4,0,1,3,0,10,0,0,4,0,0,0,0,0,0,0,0
0,3,0,2,2,11,3,3,0,0,3,3,6,0,1,0,1,0,10,0,0,6,1,0,3,1,20,1,2,1,1,0,0,0,0,0,0,0
0,0,0,4,1,4,9,0,2,1,4,3,7,1,0,0,4,3,0,3,1,4,0,1,3,2,15,2,1,12,1,0,0,1,0,0,0,0
0,2,0,3,3,1,4,1,0,4,9,4,1,4,0,4,3,7,1,8,0,3,1,0,9,1,2,7,1,1,0,0,1,0,0,3,0,0
0,0,0,1,1,0,0,0,0,1,0,0,1,1,0,0,1,0,0,0,2,0,0,0,1,0,0,0,0,0,0,0,0,0,0,0,0,0
0,0,0,1,2,1,6,1,1,0,4,5,1,3,0,1,0,8,9,5,2,4,1,0,8,1,2,4,0,7,0,0,3,0,0,1,0,0
0,1,0,3,0,0,2,1,0,0,0,1,0,0,0,0,0,2,0,0,0,1,0,1,0,0,2,0,0,2,0,0,0,0,0,0,0,0
0,0,0,1,0,0,0,2,0,0,0,0,4,1,0,1,0,2,0,1,0,2,0,2,4,1,4,0,0,1,0,0,1,0,0,0,0,0
1,1,0,5,1,1,4,2,1,1,6,3,1,4,0,0,2,7,3,19,3,5,0,0,34,7,16,21,5,8,1,0,1,5,3,1,0,1
0,1,0,0,1,1,0,0,1,0,1,3,1,0,0,1,0,2,0,4,1,0,0,0,7,0,2,3,0,12,0,0,0,0,0,0,0,0
0,0,0,1,3,7,9,6,0,0,5,2,6,3,2,0,3,21,9,6,1,15,0,5,22,5,22,12,5,24,5,1,2,3,6,3,0,0
0,0,0,1,0,3,1,1,0,0,1,1,1,1,0,0,3,1,4,6,0,2,0,0,18,3,7,6,13,14,0,0,0,8,1,1,0,1
0,0,0,0,4,2,1,0,0,0,1,0,0,4,0,0,2,0,3,1,0,2,0,0,4,0,5,7,3,16,0,0,1,2,0,1,0,2
0,0,0,1,0,2,2,0,2,0,1,2,1,1,0,1,1,8,1,0,1,5,2,0,10,3,20,16,14,30,1,3,2,6,2,0,0,0
0,0,0,0,5,0,0,0,0,0,0,0,0,0,0,0,4,1,0,0,0,0,0,0,0,0,2,0,0,4,0,0,1,3,0,3,0,0
1,0,0,0,0,2,2,0,0,0,0,0,0,1,0,0,0,1,1,0,0,0,0,0,1,0,3,0,0,5,0,1,0,0,0,0,0,0
0,0,0,0,0,0,0,0,0,0,3,0,2,1,0,0,1,0,0,0,0,0,0,2,1,0,1,1,0,3,0,0,1,2,0,1,0,0
0,0,0,0,0,2,1,0,1,1,1,1,0,0,0,0,0,2,2,0,0,0,1,0,4,0,3,6,0,12,1,0,1,3,2,2,0,0
0,0,0,0,0,0,1,0,1,0,1,0,0,2,0,0,4,0,0,2,0,0,0,1,0,2,0,0,1,0,0,0,0,1,0,0,0,1
0,0,0,0,0,0,0,0,0,0,0,0,0,0,0,0,0,1,2,1,0,0,0,0,3,0,1,1,0,2,0,0,0,0,1,0,0,0
0,0,0,0,0,0,0,0,0,0,2,0,0,0,0,0,0,1,0,0,0,1,0,1,1,0,0,0,0,0,0,0,0,0,0,0,0,0
0,0,0,0,1,0,0,0,0,0,0,1,0,0,0,0,0,0,0,0,0,0,0,0,1,0,1,1,1,0,0,0,0,3,0,0,0,0
