5.4
1.77708333333
1.51571428571
1.57416666667
1.48520325203
1.58912912913
1.67062043796
1.52685185185
1.16945945946
1.57255813953
1.80897058824
1.51422018349
1.74243902439
1.70018867925
2.25777777778
1.72615384615
1.53260869565
1.63709677419
1.89440677966
1.80166666667
1.88205128205
1.72594936709
1.27555555556
1.27166666667
1.62975609756
1.34564102564
1.66945378151
1.42570247934
2.06653061224
1.96173913043
2.83315789474
5.17409090909
3.57052631579
2.68228070175
1.29176470588
2.74611111111
2.12
3.17214285714
