0,0,0,1,0,0,0,0,0,0,0,0,0,0,0,0,0,0,0,0,0,0,0,0,0,0,0,0,0,0,0,0,0,0,0,0,0,0
2,9,5,18,6,3,0,0,0,0,2,2,0,0,0,0,0,0,0,0,0,2,0,0,0,1,0,0,0,0,0,0,0,0,0,0,0,0
0,0,3,0,0,3,1,0,0,0,0,0,0,0,0,0,0,0,0,0,0,0,0,0,0,0,0,0,0,0,0,0,0,0,0,0,0,0
3,22,6,131,49,37,23,4,0,2,7,8,0,5,0,2,1,1,1,4,1,4,0,0,3,0,2,1,0,5,0,0,0,2,0,0,0,0
0,3,0,34,5,9,8,1,0,3,10,9,3,5,0,3,4,3,0,5,1,6,2,1,4,2,0,1,0,2,0,0,0,1,0,0,0,0
0,8,8,51,15,94,69,9,5,5,7,3,10,0,0,6,4,0,2,2,0,5,1,0,4,0,3,1,1,5,0,0,0,0,0,1,0,0
1,2,2,25,9,86,46,2,5,0,5,5,10,6,2,5,9,5,2,3,1,3,0,1,5,0,6,1,3,6,5,1,0,0,0,1,0,1
0,1,0,5,0,14,4,0,1,0,0,0,5,0,0,7,1,2,2,2,0,1,2,0,3,0,0,0,0,0,0,0,0,0,0,0,0,0
0,0,0,1,1,11,12,0,0,0,0,1,3,0,0,0,2,0,4,0,0,3,0,0,0,0,1,0,0,0,0,0,0,0,0,2,0,0
0,1,0,2,6,2,4,1,0,5,1,4,0,4,0,0,1,0,0,2,0,0,0,2,1,1,0,0,0,2,0,0,0,1,0,0,0,0
0,3,1,7,6,7,1,3,0,2,2,2,4,3,0,2,0,4,1,6,1,6,0,1,7,0,2,2,1,3,0,0,1,0,0,0,0,1
0,0,1,14,7,12,6,1,1,1,4,2,5,7,0,3,5,2,0,4,1,14,0,4,1,2,1,0,2,1,0,0,4,2,0,0,0,0
0,1,0,3,5,14,23,1,0,0,2,2,1,0,0,0,4,8,1,0,1,1,3,2,5,0,5,0,0,1,1,0,1,0,2,0,0,0
1,0,0,2,5,2,8,0,0,2,0,1,3,0,0,0,0,0,1,3,5,5,0,1,5,1,4,0,3,2,0,0,0,0,1,0,0,0
0,0,0,0,0,0,1,0,0,0,0,2,0,0,1,0,1,0,0,1,0,0,0,0,0,0,2,0,0,1,0,0,0,0,0,0,0,0
0,0,0,0,0,4,8,1,0,0,0,0,1,0,0,0,1,0,0,0,1,0,0,0,3,2,1,0,0,1,0,1,0,0,0,0,0,0
0,1,0,1,2,8,5,3,3,0,4,5,3,2,0,0,3,2,15,2,1,2,0,2,4,0,12,1,0,5,1,0,0,0,0,1,0,0
0,0,0,2,1,1,10,2,1,0,5,1,7,3,0,0,4,2,8,3,0,7,2,0,6,3,7,3,4,10,3,0,0,2,0,0,1,0
0,2,0,0,0,2,5,1,0,0,3,1,0,3,0,0,3,2,1,0,1,4,0,0,2,1,9,3,0,5,2,0,2,0,0,0,0,1
0,1,0,4,4,4,7,0,0,1,5,4,0,2,0,0,0,5,0,6,4,4,2,1,4,0,7,9,1,8,1,0,0,1,0,4,0,0
0,0,1,0,0,3,1,0,0,1,1,6,1,2,0,0,1,0,3,2,0,0,0,0,8,1,4,0,0,1,0,0,0,0,0,0,0,0
0,8,0,1,1,3,3,2,0,0,5,1,2,3,0,4,5,5,1,0,0,2,0,0,4,0,9,7,3,4,1,1,0,0,0,0,0,0
0,0,0,0,3,0,0,1,1,0,0,0,1,0,0,0,0,0,1,0,0,1,0,0,0,0,1,0,2,0,0,0,0,0,0,0,0,0
0,0,0,2,0,1,0,2,1,0,0,0,0,1,1,1,0,4,0,0,0,2,0,0,1,0,5,0,0,0,0,0,0,0,1,0,0,0
0,0,0,3,7,6,3,0,0,3,10,4,2,2,1,0,0,5,4,24,0,12,0,3,27,5,15,10,2,11,3,1,0,7,1,0,0,0
0,0,0,0,1,3,0,0,0,0,1,2,0,1,0,0,1,4,2,2,0,1,0,0,4,0,4,4,0,1,2,0,0,0,0,0,0,0
0,1,5,3,3,6,16,0,4,0,2,6,0,6,2,1,4,20,14,4,3,16,1,6,19,5,31,21,14,23,2,0,1,12,5,2,0,0
0,0,0,0,2,0,3,1,0,0,1,0,1,0,0,0,0,1,1,5,4,2,0,2,14,2,14,16,11,16,3,0,0,7,4,3,0,1
0,2,0,0,4,0,2,0,0,0,0,0,0,2,0,0,1,3,0,6,0,3,0,5,3,0,2,6,4,4,1,0,1,1,1,1,0,0
0,3,0,4,2,4,4,1,0,0,0,1,0,6,0,1,1,4,8,8,0,8,1,3,12,5,31,10,4,29,1,2,0,7,0,0,0,0
0,0,0,1,0,0,0,0,1,0,0,0,0,0,0,1,0,0,0,0,0,0,0,0,0,0,4,0,0,4,1,0,1,3,0,0,0,0
0,0,0,0,0,6,2,0,0,0,0,0,1,0,0,0,2,2,1,1,0,0,0,0,0,0,5,0,0,1,0,0,0,0,0,1,0,0
0,0,0,0,0,0,0,1,0,0,0,0,1,1,0,0,0,0,0,0,0,1,0,0,2,0,3,1,0,3,1,0,0,2,0,0,0,0
0,0,0,1,3,0,4,0,0,0,0,1,2,1,0,0,2,1,1,2,0,4,0,0,3,1,6,9,3,5,3,3,0,1,0,0,0,3
0,0,0,0,0,0,0,0,0,1,0,0,0,0,0,0,0,1,0,0,0,0,0,0,0,0,0,0,2,3,2,0,0,7,0,2,0,0
0,0,0,0,1,0,0,0,0,0,0,0,0,0,0,0,0,1,0,0,1,0,0,0,1,0,2,1,0,4,0,1,1,3,2,2,0,0
0,0,0,0,0,0,0,0,0,0,0,0,0,0,0,0,0,0,0,2,0,0,0,0,0,0,0,0,0,0,0,0,0,0,0,0,0,2
0,0,0,0,0,0,0,0,0,0,1,1,0,1,0,0,1,2,0,0,0,0,0,0,0,0,0,0,1,2,1,0,0,0,2,1,0,0
