0,2,0,0,0,0,0,0,0,0,1,0,0,0,0,0,0,0,0,0,0,0,0,0,0,0,0,0,0,0,0,0,0,0,0,0,0,0
2,8,6,21,1,6,0,0,0,1,1,0,1,0,0,0,1,1,0,0,0,0,0,0,0,0,0,0,0,0,0,0,0,0,0,0,0,0
0,4,9,1,0,6,2,0,0,0,0,0,0,0,0,0,0,0,0,0,1,0,0,0,0,0,1,0,0,0,0,0,0,0,0,0,0,0
6,37,4,124,65,33,21,3,0,4,3,4,0,4,0,0,3,3,3,4,1,4,0,0,3,1,8,3,0,3,0,0,0,1,1,0,0,0
0,11,7,48,18,14,6,8,2,4,4,17,1,4,0,0,4,2,1,4,1,3,0,0,3,0,4,1,2,0,1,0,0,1,0,0,0,0
0,14,14,61,20,148,68,4,7,0,14,7,11,3,0,4,8,5,2,1,0,3,2,3,2,0,5,1,0,2,0,0,1,0,0,1,0,0
1,5,2,32,26,96,59,9,3,0,1,6,9,3,2,1,11,6,7,3,4,5,0,1,5,0,11,2,1,3,0,0,0,1,0,0,0,1
0,0,0,7,2,14,12,0,0,2,5,2,1,2,2,3,13,4,3,2,1,1,0,2,2,0,3,1,2,4,0,1,2,1,0,0,0,0
0,1,0,0,4,9,10,0,0,0,0,0,0,2,0,1,2,2,0,1,2,0,0,0,1,0,1,0,1,1,0,0,0,1,0,0,0,0
0,0,1,8,9,3,4,0,0,1,1,1,0,0,0,0,1,0,0,1,3,0,1,0,1,0,0,3,0,1,1,0,0,0,0,0,0,0
0,3,0,7,12,4,5,5,0,3,7,4,0,0,0,2,5,4,1,5,1,5,1,3,10,3,10,6,1,4,2,0,0,3,0,0,0,0
3,0,0,13,13,6,16,1,1,0,0,1,2,4,0,5,2,5,4,2,1,11,2,0,4,5,11,0,3,2,0,0,0,2,0,0,0,0
0,1,0,7,3,8,18,0,2,0,1,1,2,2,0,1,3,4,8,1,1,4,0,0,0,0,7,0,0,0,0,0,0,0,0,0,0,1
0,0,0,1,5,1,4,0,0,0,6,3,3,2,0,0,0,3,0,2,4,7,0,0,2,0,5,2,0,1,0,0,0,0,0,1,0,0
0,0,0,2,0,0,0,0,0,0,0,0,0,0,0,1,0,0,0,1,1,1,0,0,0,1,0,1,0,0,0,0,0,0,0,0,0,0
0,0,0,2,1,2,2,0,0,0,0,2,0,0,0,0,0,0,1,0,0,1,1,0,1,1,3,1,0,1,0,0,1,0,0,0,0,0
2,0,1,3,12,12,23,1,1,0,2,7,2,1,1,0,3,5,5,0,1,7,0,1,7,1,15,1,4,7,0,1,1,3,0,1,0,0
0,3,1,4,2,8,8,1,5,2,2,2,4,3,2,0,3,3,6,2,4,5,1,6,9,1,21,7,3,15,0,0,0,2,0,0,0,0
0,0,0,4,2,7,7,1,2,1,1,3,1,4,0,0,1,4,2,0,0,10,0,1,7,0,14,3,5,7,0,0,2,0,0,1,0,1
0,0,0,3,8,2,9,0,0,6,9,10,3,4,0,2,6,5,0,8,4,2,0,0,10,4,5,4,0,4,0,0,0,2,0,0,0,0
0,0,0,0,0,1,0,0,0,1,0,0,1,0,0,0,0,0,0,2,0,1,0,0,2,0,0,0,0,2,0,0,0,0,0,1,0,1
0,1,1,1,3,8,0,3,2,3,3,4,2,1,1,2,3,9,2,4,3,5,0,1,8,0,8,3,3,7,0,0,0,3,0,1,0,0
0,0,0,0,1,0,0,0,0,0,0,1,1,0,0,0,1,0,3,0,0,1,0,0,2,0,3,2,1,0,0,0,0,0,0,0,0,0
0,0,0,0,0,1,0,0,0,1,2,1,3,2,0,0,2,4,2,0,0,0,1,0,1,0,3,1,0,0,0,0,0,1,0,0,0,0
0,1,0,7,4,1,1,1,1,6,9,6,4,6,0,0,3,9,3,17,3,4,0,4,42,10,23,29,7,21,0,0,1,8,4,4,0,1
0,1,0,3,0,1,2,0,0,1,0,0,0,3,0,1,1,2,0,3,1,5,0,0,5,0,3,4,1,2,0,0,0,1,0,0,0,1
0,2,1,1,3,7,4,3,2,1,6,0,8,5,1,1,18,22,15,12,4,19,3,6,32,9,31,14,7,33,5,0,0,3,2,1,0,0
0,1,0,2,0,3,3,0,0,4,2,0,0,1,0,4,0,4,2,7,1,2,0,0,14,4,10,13,8,22,0,0,0,7,2,2,0,0
0,0,0,0,1,0,2,1,0,1,2,0,0,0,0,0,1,1,0,0,1,0,0,2,6,0,8,16,1,8,0,0,0,2,0,0,0,6
0,0,0,4,0,0,1,0,2,0,4,3,5,5,0,0,2,8,6,5,2,7,0,3,18,6,19,16,7,40,8,0,3,4,1,2,0,0
0,0,0,0,1,0,0,0,0,0,1,0,0,2,0,2,0,1,0,0,0,1,0,0,3,0,0,1,4,3,0,0,2,1,1,0,0,1
0,0,0,0,0,2,0,0,0,0,1,0,1,0,0,0,2,1,0,1,0,0,0,0,1,0,1,2,0,4,0,0,0,2,0,0,0,0
0,0,0,1,0,0,4,0,2,0,0,0,1,1,0,0,0,2,0,0,0,2,0,0,2,0,1,0,0,5,2,0,0,1,1,0,0,0
0,0,1,0,2,1,0,1,0,0,0,0,0,0,0,0,0,3,0,1,1,1,0,2,7,1,2,11,10,8,1,0,0,1,4,3,0,0
0,0,0,1,0,1,0,0,0,0,0,0,0,0,0,0,0,0,1,0,1,0,0,0,0,2,1,4,3,2,0,0,0,2,0,0,0,0
0,0,0,0,0,1,6,0,1,1,1,1,1,0,0,0,0,1,0,0,0,0,0,0,1,0,0,3,3,1,1,0,2,1,2,0,0,0
0,0,0,0,0,3,0,0,0,0,1,0,0,1,0,0,0,0,0,0,0,0,0,0,1,0,0,2,0,0,0,0,1,1,0,0,0,0
0,0,0,0,0,0,0,0,0,0,0,0,0,0,0,0,0,0,0,1,0,0,0,0,0,0,1,2,0,1,0,0,0,2,0,0,0,0
