0,0,0,0,0,0,0,0,0,0,0,0,0,0,0,0,0,0,0,0,0,0,0,0,0,0,0,0,0,0,0,0,0,0,0,0,0,0
0,11,2,15,2,3,3,0,0,0,1,0,1,0,0,0,0,0,0,1,0,0,0,0,3,0,0,0,0,0,0,0,0,0,0,0,0,0
0,5,9,1,0,8,1,0,0,0,0,0,0,0,0,0,0,0,0,0,1,0,0,0,0,0,1,0,0,0,0,0,0,0,0,0,0,0
3,39,4,139,47,51,20,1,0,1,14,8,4,3,1,3,0,1,1,2,3,3,1,1,4,0,5,2,0,2,0,0,0,0,1,0,0,0
0,4,1,48,13,21,12,8,0,2,10,6,2,3,0,1,0,1,0,8,0,6,0,2,5,1,1,0,1,3,0,0,0,0,0,0,0,0
2,9,14,82,34,159,80,11,5,0,6,1,17,4,2,0,6,3,4,0,0,5,1,0,3,0,6,3,0,9,1,0,0,3,0,0,0,1
4,5,11,34,23,114,63,10,5,2,5,4,11,3,1,3,18,21,3,3,0,0,1,1,1,2,9,7,2,10,0,0,3,0,0,0,0,0
2,0,0,1,5,7,14,0,3,1,3,1,0,0,0,3,6,3,6,3,0,12,2,0,2,1,5,3,0,2,0,0,0,3,0,0,0,0
2,0,0,5,1,8,5,0,0,0,0,0,1,1,1,2,0,0,6,1,0,1,0,1,0,0,1,2,0,0,0,0,0,0,2,0,0,0
0,2,0,3,9,0,5,0,0,0,4,2,0,0,0,0,0,2,0,3,4,2,1,0,2,2,0,1,0,0,0,0,0,1,0,0,0,0
0,1,0,6,11,2,6,4,0,1,1,14,2,1,0,1,2,11,0,7,4,3,0,0,4,0,4,1,3,11,0,0,0,0,0,0,0,0
1,2,1,10,9,14,17,0,1,0,4,5,4,4,0,7,9,4,9,3,1,16,1,1,5,1,5,2,2,1,1,0,2,2,0,0,0,3
0,1,0,13,4,23,22,1,1,0,1,1,0,4,0,0,1,6,9,1,0,6,0,2,4,0,5,0,2,4,0,0,0,0,0,0,0,0
0,0,0,1,2,6,7,3,2,2,1,1,3,3,0,0,0,3,2,4,4,9,0,0,3,2,7,3,3,2,0,0,0,0,0,0,0,0
0,0,0,0,0,0,1,0,0,0,0,0,0,0,0,0,0,0,1,0,0,1,0,0,2,0,1,1,1,0,0,0,0,0,0,0,0,0
0,2,0,1,0,2,2,0,0,0,0,7,1,0,0,0,1,0,0,1,0,7,0,3,4,0,1,1,0,0,0,1,0,0,0,0,0,0
0,1,4,3,3,20,6,4,2,0,7,0,1,7,0,1,6,1,11,1,4,8,1,6,1,1,14,2,3,8,1,0,0,2,0,0,0,0
0,0,1,1,2,10,8,3,5,1,2,9,3,1,0,1,4,1,6,5,5,7,0,2,7,3,22,10,4,11,0,0,1,1,0,0,0,0
0,0,1,3,6,9,7,0,2,0,0,0,8,1,0,0,5,9,3,2,3,4,0,2,10,0,18,1,4,6,0,0,1,0,0,0,0,0
2,0,0,8,5,4,7,1,1,1,6,5,5,3,2,0,3,9,2,9,1,6,0,1,12,2,4,2,1,9,0,0,0,0,0,4,0,2
0,0,0,3,1,0,0,0,0,0,3,0,4,0,1,0,0,0,0,1,0,2,0,2,3,0,0,2,0,1,2,0,0,0,0,0,0,0
0,0,0,1,5,3,5,2,0,1,3,4,1,4,0,0,3,4,3,4,1,2,0,0,10,1,11,4,1,7,2,0,0,0,0,3,0,0
0,0,0,0,1,0,0,0,0,0,1,0,0,0,0,2,0,1,1,0,0,1,0,0,3,1,4,1,0,1,0,0,0,0,0,0,0,0
0,0,0,1,0,2,0,1,0,1,2,0,3,0,0,2,0,1,0,4,3,0,0,0,1,0,5,3,0,1,0,0,0,3,0,0,0,1
0,4,0,7,2,2,6,0,0,7,8,0,0,5,0,1,1,3,6,9,4,9,0,4,37,10,24,26,5,26,1,0,0,4,6,8,0,0
0,1,0,1,2,1,1,1,0,2,3,1,0,2,0,0,4,2,0,2,0,2,1,0,2,1,6,2,3,3,0,0,1,5,0,0,0,0
0,0,1,8,7,12,9,3,0,1,1,1,13,4,1,3,8,36,19,6,8,16,3,2,26,0,33,18,23,36,1,1,1,10,3,0,0,1
0,6,0,2,2,1,2,0,0,1,1,1,1,2,0,0,0,8,2,3,0,3,0,0,28,3,14,20,7,23,1,0,0,5,3,0,0,2
0,0,0,1,1,0,3,0,0,0,0,0,0,2,0,1,0,1,1,0,0,1,0,0,5,0,9,10,2,11,0,0,0,0,0,0,0,0
0,0,0,2,0,2,2,1,0,0,2,4,3,1,1,2,2,7,2,1,1,2,2,2,16,6,29,20,8,37,8,1,3,6,2,1,0,0
0,0,0,0,0,0,2,0,0,0,0,0,0,0,0,0,0,0,0,0,0,3,0,0,5,0,3,0,0,3,0,0,4,1,1,1,0,0
0,0,0,0,1,3,0,0,0,0,2,0,0,2,0,0,0,0,1,0,0,0,0,0,0,0,3,1,0,1,0,0,0,1,1,1,0,2
0,0,0,3,4,0,3,0,0,0,1,3,0,2,0,0,3,1,1,3,1,1,0,0,0,0,2,2,1,4,0,0,0,2,1,2,0,1
0,0,0,0,2,1,1,0,0,1,1,3,1,1,0,0,4,4,0,4,0,4,0,1,5,3,4,12,4,8,1,0,2,3,2,4,0,1
0,0,0,0,0,1,0,0,0,0,3,2,0,0,0,2,0,0,0,3,0,0,0,0,1,0,1,2,3,3,3,0,0,7,0,0,0,1
0,0,0,0,0,0,2,0,0,2,1,5,0,0,0,2,4,0,1,2,0,0,1,0,1,3,1,2,0,2,0,0,0,2,0,0,0,0
0,0,0,0,0,0,0,1,0,0,0,0,0,2,0,0,0,0,0,1,0,0,0,2,0,0,0,0,0,0,0,0,0,0,0,0,0,0
0,0,0,0,0,0,1,0,0,0,1,0,0,2,0,0,0,1,0,3,0,0,0,0,2,0,1,1,1,4,0,0,0,0,1,2,0,0
