0,0,0,0,0,1,0,0,0,0,0,0,0,0,0,0,0,0,0,1,0,0,0,0,0,0,0,0,0,0,0,0,0,0,0,0,0,0
2,13,5,14,3,5,1,1,0,0,0,0,0,0,0,0,0,0,0,0,0,0,0,0,0,0,1,1,0,1,0,0,0,0,0,0,0,0
0,8,9,4,1,11,2,0,0,0,0,1,0,0,0,0,0,0,0,0,0,0,0,0,0,0,0,0,0,1,0,0,0,0,0,0,0,0
6,37,6,147,45,67,19,1,1,3,11,4,2,5,0,1,7,0,0,4,1,0,0,0,7,0,2,2,0,2,0,0,0,1,0,0,0,0
0,5,3,38,19,28,23,3,5,3,9,6,4,1,0,2,8,3,5,4,2,1,0,1,4,0,2,4,0,3,0,0,0,0,0,1,0,0
0,15,16,61,17,144,85,11,10,5,2,8,11,4,2,2,7,6,3,0,0,2,0,0,3,0,7,1,0,13,0,0,2,0,0,1,0,1
1,4,2,33,30,85,65,12,8,0,9,5,7,5,4,4,14,3,5,3,3,2,2,0,5,5,14,2,1,13,3,1,2,1,0,1,0,0
0,1,0,7,13,20,13,1,1,0,3,0,7,5,0,6,9,1,5,0,0,5,1,1,3,2,7,0,0,3,1,0,0,2,0,1,0,0
0,1,2,5,0,12,6,1,0,0,2,2,2,1,0,2,3,2,2,2,0,2,0,0,1,1,3,0,0,2,0,0,1,0,0,0,0,0
0,1,0,8,4,3,0,0,0,3,2,4,0,0,0,3,0,0,5,5,3,0,0,0,3,0,2,2,0,0,0,0,2,2,0,0,0,0
0,1,0,5,18,3,4,0,3,6,4,7,2,3,2,3,2,1,0,4,4,13,2,3,5,1,8,4,3,2,0,0,1,2,3,0,0,0
1,5,1,12,7,9,9,1,3,0,9,3,3,9,0,2,1,7,4,5,1,11,4,1,8,4,11,6,2,1,0,1,0,3,0,2,0,0
0,0,3,5,6,14,14,0,1,1,2,2,2,0,0,0,4,16,10,0,1,4,0,1,4,0,8,5,2,7,0,0,0,6,0,0,0,0
0,0,0,4,3,3,8,2,2,0,2,1,0,0,1,0,1,2,1,9,3,12,0,0,1,0,3,3,1,2,0,0,0,7,0,0,0,0
0,0,0,2,3,0,0,0,0,0,0,0,0,0,0,0,0,2,0,0,0,0,0,0,2,0,0,0,0,2,0,0,0,0,0,0,0,0
0,0,0,2,3,3,2,2,0,0,0,1,0,2,0,1,0,0,0,1,0,0,1,0,0,2,0,0,1,1,0,0,0,2,0,0,0,0
0,0,0,6,8,12,23,5,0,0,2,6,2,3,0,0,4,6,11,3,3,9,0,5,7,1,10,2,0,13,2,0,1,2,0,1,0,0
0,1,1,2,4,12,5,2,5,0,3,8,9,3,0,0,4,2,6,10,2,13,1,2,5,5,23,0,2,14,0,0,1,1,0,0,0,0
0,0,1,1,4,6,10,3,4,0,0,0,4,4,1,0,6,11,3,3,0,5,1,2,10,1,7,3,1,15,0,2,0,2,0,0,0,0
1,3,0,5,4,5,6,1,1,0,5,6,3,2,0,2,2,8,5,12,0,3,0,0,13,2,6,5,2,10,0,0,0,1,1,0,0,0
0,0,0,1,3,1,4,0,0,1,2,2,0,1,0,0,0,0,0,5,0,0,0,1,12,1,3,1,1,0,0,0,0,0,0,0,0,0
0,0,0,0,3,1,2,2,3,0,9,8,1,4,0,1,2,3,11,3,0,2,1,0,1,4,15,5,1,9,0,0,0,2,2,0,0,2
0,0,0,1,1,2,4,0,0,0,0,0,4,0,0,0,0,0,0,0,0,0,0,0,2,1,2,2,0,1,0,0,0,0,0,0,0,0
0,2,1,4,0,0,4,1,0,1,0,0,0,1,0,0,0,2,0,5,2,0,0,1,1,0,4,4,1,4,0,0,0,0,2,0,0,0
1,0,2,6,4,6,7,2,2,4,7,4,1,5,0,0,4,9,13,16,2,6,1,3,28,8,31,49,8,11,2,0,2,11,1,1,1,0
0,0,0,0,1,3,2,0,0,0,1,1,0,3,0,0,4,0,0,2,2,2,1,0,9,2,14,5,0,5,0,0,0,0,0,0,0,0
0,0,0,4,9,12,11,6,2,1,2,7,2,2,0,2,11,14,26,6,3,8,2,10,27,4,35,22,15,66,4,0,2,4,1,1,0,0
1,0,0,2,4,1,8,3,1,4,2,6,2,3,0,1,0,5,3,3,0,6,1,2,24,3,7,16,14,16,2,0,1,10,0,4,0,0
0,0,0,0,4,2,0,0,1,0,3,3,2,1,0,1,0,3,0,1,0,1,0,0,4,0,4,10,5,9,1,0,0,4,2,2,0,0
0,0,1,2,2,1,8,0,1,1,2,5,4,2,0,2,2,8,12,3,2,9,2,2,26,5,23,15,10,63,4,0,0,3,3,3,0,1
0,0,0,0,0,2,0,0,0,0,0,0,0,3,0,0,0,0,0,1,1,0,0,0,0,0,0,0,2,7,2,1,2,5,0,1,0,2
0,0,0,0,0,5,2,0,0,0,0,0,0,0,0,0,0,0,0,1,2,2,0,0,1,0,0,2,0,6,1,0,1,0,0,0,0,1
0,0,0,0,3,1,0,1,0,0,0,0,0,0,0,0,2,2,1,0,0,0,0,1,0,0,4,0,0,2,0,0,0,2,1,1,3,0
0,0,0,4,4,0,2,0,0,0,0,0,2,0,0,0,5,4,0,0,0,3,0,1,6,0,7,13,5,10,7,0,1,7,1,5,0,0
0,0,0,0,0,0,1,0,0,0,0,0,0,1,0,0,1,1,0,5,0,0,0,0,6,1,3,3,6,6,2,1,1,2,0,1,0,0
0,0,0,1,0,0,5,0,0,0,0,0,0,1,0,0,2,1,0,2,0,2,2,0,2,1,1,2,0,2,1,1,0,1,0,0,0,0
0,0,0,0,0,0,0,0,0,0,0,0,0,0,0,0,0,1,0,0,0,0,0,2,2,0,3,0,1,2,0,0,0,0,0,0,0,0
0,0,0,0,0,0,1,0,0,0,0,0,0,1,0,0,0,1,0,1,0,0,0,0,2,0,1,0,1,0,0,0,0,2,2,1,0,0
