1,2,0,0,0,0,0,0,0,0,0,0,0,0,0,0,0,0,0,0,0,0,0,0,0,0,0,0,0,0,0,0,0,0,0,0,0,0
0,9,8,15,2,3,1,1,0,0,0,0,1,0,0,0,0,0,0,0,0,0,0,1,0,0,0,0,0,0,0,0,0,0,0,0,0,0
0,7,13,1,1,12,1,0,0,0,0,0,1,0,0,0,0,0,0,1,0,0,2,0,0,0,3,0,0,0,0,0,0,0,0,0,0,0
5,34,15,134,27,64,26,0,7,1,13,5,2,0,0,1,5,5,0,3,1,2,4,0,4,0,0,5,2,2,0,0,0,0,0,0,0,2
0,5,3,55,13,13,6,2,3,2,14,13,0,1,0,4,3,6,2,9,2,0,1,1,5,1,3,2,0,2,0,0,0,3,0,1,0,0
0,14,20,55,29,143,68,2,12,0,4,1,10,7,0,4,5,2,10,2,1,2,0,0,5,2,6,4,3,4,2,0,0,1,0,0,0,0
1,5,3,43,25,119,80,4,8,0,6,5,23,18,4,4,15,5,6,2,2,7,4,1,11,1,12,5,0,8,1,0,0,0,1,0,0,1
0,0,0,10,16,10,12,0,2,3,2,0,0,1,0,1,6,3,2,3,1,3,1,0,9,0,11,1,1,3,0,0,1,1,0,0,0,0
0,1,3,7,6,7,22,1,0,0,1,0,2,0,0,1,1,5,5,0,0,2,0,0,2,0,2,2,0,2,0,0,0,1,0,0,0,0
0,0,1,3,5,0,3,0,0,4,4,1,0,1,0,0,0,0,0,1,1,2,0,0,7,0,3,6,0,1,0,0,0,2,1,0,0,0
0,2,0,11,14,11,15,1,0,5,5,3,3,7,2,7,2,3,7,11,2,5,0,2,7,0,2,3,3,5,0,0,0,1,0,1,0,0
0,5,0,16,6,11,9,2,3,3,5,4,2,9,1,7,2,8,6,3,1,5,0,0,12,4,13,3,1,5,1,0,0,2,0,0,0,0
0,2,0,1,7,25,16,1,1,0,2,0,5,2,1,1,2,4,12,1,1,2,1,2,3,0,9,4,1,7,0,0,0,1,0,0,0,0
0,0,0,3,6,7,5,3,0,2,0,5,1,4,0,1,3,2,0,4,0,14,0,0,8,5,9,2,0,3,1,0,0,1,0,1,0,0
0,0,0,0,3,1,0,0,0,1,0,0,0,0,0,0,0,0,0,0,0,0,1,0,2,0,0,0,1,0,0,0,0,1,0,0,0,0
0,0,0,3,1,7,4,2,0,0,1,3,3,0,0,1,2,1,0,0,0,0,1,6,1,0,5,1,0,1,0,1,0,0,0,0,0,0
0,0,1,6,6,20,15,5,3,0,3,3,6,5,1,0,1,7,19,1,2,10,1,2,5,0,10,2,2,9,0,0,0,4,0,0,0,0
0,0,0,7,2,6,19,2,1,0,2,5,4,4,1,0,5,5,3,8,0,11,1,6,10,5,13,7,3,9,1,0,0,1,1,0,0,0
0,1,0,8,3,10,5,2,4,0,4,1,7,0,0,2,5,5,2,2,0,9,0,2,12,2,17,7,5,9,0,0,1,3,0,0,0,0
1,1,2,9,5,5,3,2,1,2,6,6,2,4,1,1,1,1,3,7,2,6,3,4,12,4,3,4,2,5,1,1,1,2,0,0,0,0
0,0,0,0,0,2,3,1,0,3,2,1,1,2,0,1,1,0,1,6,3,0,0,0,4,3,1,0,0,0,0,0,0,0,0,0,0,0
2,1,2,4,2,1,3,1,0,1,5,3,1,6,0,2,8,4,5,4,0,6,2,0,4,3,18,5,1,6,0,0,0,4,0,1,0,0
0,0,0,1,0,1,2,0,1,0,0,0,3,2,0,1,2,0,2,2,0,3,0,0,3,0,5,3,0,2,0,0,0,0,0,0,0,0
0,0,0,1,0,3,5,1,0,1,3,1,3,1,0,1,3,2,1,3,1,0,0,1,0,0,8,7,1,0,2,0,0,0,0,0,0,0
0,0,1,7,2,6,10,0,0,1,8,1,2,1,0,3,5,4,12,30,11,8,2,3,42,15,30,27,15,27,1,0,0,10,3,8,0,0
0,1,0,0,1,3,2,0,0,0,2,0,0,0,0,1,1,1,0,4,3,2,3,2,8,0,8,4,6,4,0,0,0,1,1,0,0,0
0,0,2,9,19,15,12,8,1,1,3,7,9,3,0,2,12,19,17,8,3,20,4,4,25,4,44,27,13,47,2,1,0,3,1,2,0,1
0,2,0,4,2,9,0,0,0,0,5,0,0,3,0,0,6,5,3,6,0,5,1,2,16,3,16,20,7,29,3,1,0,9,0,1,0,3
0,0,0,2,2,5,1,0,2,0,0,0,1,2,0,0,0,0,1,1,0,4,0,0,16,2,4,14,1,21,0,1,0,5,0,0,0,0
3,1,3,1,1,3,8,1,1,1,9,0,1,3,0,0,1,2,7,9,6,5,0,0,22,5,31,16,12,53,3,0,1,7,2,1,0,0
0,0,0,0,2,0,0,0,0,0,0,1,0,1,0,0,1,0,1,1,0,0,3,0,2,0,1,3,0,4,0,1,0,3,1,2,0,0
0,0,0,0,0,2,1,0,0,0,0,0,1,0,0,0,1,0,1,0,1,0,0,0,1,0,2,1,0,6,0,0,0,5,0,1,0,0
0,0,0,1,0,2,4,0,0,0,1,0,2,1,0,0,0,1,0,0,0,0,0,2,1,0,1,0,0,11,2,0,0,1,0,1,0,1
0,2,0,1,2,4,2,0,0,1,1,2,0,0,0,3,0,4,0,4,0,0,0,0,15,2,4,6,8,12,3,1,2,8,1,2,0,0
0,0,0,0,0,0,0,0,0,0,0,0,0,0,0,0,0,0,0,2,0,1,0,0,0,3,2,4,2,3,2,1,0,4,0,1,0,0
0,0,0,6,1,1,2,0,0,0,2,0,0,0,1,4,0,3,0,1,0,1,0,0,3,2,3,5,3,6,0,0,4,4,0,1,0,0
0,0,0,0,1,0,0,0,0,0,5,0,0,1,0,0,0,0,0,1,1,0,0,0,0,0,1,0,0,0,0,0,0,0,0,0,0,0
2,0,0,0,1,0,2,0,0,0,3,0,0,0,0,0,1,0,1,1,0,0,0,0,3,0,2,4,0,3,1,0,0,1,0,0,0,0
