1,1,1,0,0,0,0,0,0,0,0,0,0,0,0,0,0,0,0,0,0,0,0,0,0,0,0,0,0,0,0,0,0,0,0,0,0,0
1,15,10,23,4,9,0,0,0,0,0,0,0,1,0,0,0,0,0,0,0,0,0,0,0,0,1,0,2,2,0,0,0,0,0,0,0,0
0,6,12,2,0,5,0,0,0,0,0,0,0,0,0,0,0,0,0,0,0,0,0,0,0,0,1,0,0,0,0,0,0,0,0,0,0,0
1,28,4,165,55,69,33,4,4,8,16,4,5,8,0,1,3,2,1,4,0,1,0,1,3,2,2,4,0,1,0,0,0,0,0,0,0,0
3,7,3,44,20,20,24,7,3,6,6,6,2,5,2,1,3,3,1,5,7,2,0,0,7,2,2,3,2,6,0,0,0,2,0,2,0,0
1,6,20,81,26,141,85,9,14,7,5,5,11,7,2,2,5,5,8,1,0,3,0,0,6,3,13,0,2,5,0,0,0,2,0,1,0,0
0,5,8,59,22,104,54,14,11,1,11,3,12,9,0,2,10,10,3,9,2,5,3,5,9,3,8,2,2,6,1,0,2,3,0,3,0,1
0,2,0,3,6,16,20,0,0,2,4,1,1,3,0,2,6,6,9,4,1,5,3,2,1,0,3,1,1,3,1,0,1,0,1,0,0,0
0,0,0,6,0,15,17,0,0,0,0,1,2,4,0,3,0,0,0,2,0,0,0,1,1,1,8,1,0,5,0,0,0,0,1,1,0,0
0,0,0,7,3,1,2,1,0,1,3,2,0,0,0,0,2,2,0,11,2,1,2,1,6,0,5,1,1,3,0,0,0,1,0,0,0,0
2,0,0,17,10,5,6,1,2,5,6,2,5,3,1,3,6,8,0,6,1,10,4,0,16,3,5,4,6,6,1,0,0,4,1,0,0,0
0,2,0,12,12,15,14,4,3,5,4,4,4,5,0,2,8,11,1,7,5,15,0,1,7,1,3,1,0,8,0,1,0,2,0,0,0,0
0,1,2,6,7,23,19,0,1,0,3,3,2,11,0,1,4,6,12,1,2,4,1,1,1,3,10,1,2,3,1,0,2,2,0,0,0,0
0,0,0,8,8,14,7,2,0,0,7,4,2,2,0,1,8,2,0,9,2,5,1,1,3,1,10,4,0,1,0,1,0,3,2,0,0,1
0,0,0,0,0,0,0,0,0,0,0,2,1,1,0,0,1,1,2,0,0,0,0,0,0,0,0,0,0,0,0,0,1,0,0,0,0,0
0,0,0,2,2,4,8,0,0,0,1,3,4,1,0,0,0,0,1,0,2,3,0,0,0,0,4,0,0,1,0,0,0,3,0,0,0,0
0,0,1,6,4,15,20,4,4,2,4,3,2,3,0,1,6,2,11,2,0,3,0,3,5,3,14,5,6,11,0,1,0,3,0,1,0,3
0,0,0,3,4,14,19,2,5,0,3,1,11,0,0,1,2,2,10,0,1,4,4,4,3,5,22,10,2,14,0,0,0,1,0,0,0,0
0,1,1,2,3,12,13,1,5,2,4,0,5,5,0,0,7,6,6,1,1,5,0,3,6,1,29,7,4,20,0,0,0,2,0,0,0,1
0,5,2,4,2,3,6,3,1,11,12,5,2,3,0,0,1,10,1,8,5,4,1,5,16,2,3,9,1,3,0,0,0,1,0,0,0,0
0,2,2,1,1,3,6,1,0,2,0,2,1,0,0,0,2,1,3,5,1,2,0,0,7,0,5,1,1,3,0,0,0,2,0,0,0,0
0,0,0,3,1,2,7,0,0,0,6,5,1,9,0,2,2,2,3,3,0,1,1,0,6,0,21,8,2,6,0,3,1,1,0,0,0,0
0,0,0,2,2,0,3,0,0,0,0,0,1,0,0,0,1,0,2,2,0,1,0,0,4,0,2,0,0,1,0,0,0,1,1,0,0,0
0,0,0,0,0,5,1,2,0,0,1,0,0,0,0,0,2,1,2,0,2,1,0,0,4,0,5,5,1,5,0,0,0,1,0,0,0,0
1,0,0,7,7,7,9,0,2,5,13,3,2,4,0,0,2,7,12,25,2,9,0,1,40,5,22,25,12,38,3,0,1,8,4,2,0,2
0,0,0,5,0,5,0,0,0,0,1,0,0,2,0,0,0,4,1,0,1,2,0,0,9,0,9,7,3,5,0,0,1,3,0,0,0,0
0,1,0,2,2,13,20,4,1,0,6,4,11,2,0,2,9,35,18,7,4,19,1,5,20,10,26,29,18,59,2,4,0,5,0,2,0,0
2,1,0,7,0,3,4,0,0,3,3,0,0,1,0,3,0,3,5,10,3,1,1,0,17,11,15,7,10,30,1,1,0,15,2,3,0,2
0,0,0,3,2,0,2,1,0,1,1,0,0,5,0,0,0,2,4,2,0,2,0,1,12,1,7,12,4,25,2,1,2,5,1,1,0,0
0,0,0,5,2,2,17,0,0,2,9,3,5,5,1,4,0,5,8,4,5,6,0,1,18,2,42,26,8,55,3,2,0,22,2,2,0,2
0,0,0,0,0,0,1,0,0,2,0,1,0,1,0,0,2,2,0,0,0,4,0,0,6,1,5,4,2,9,2,1,3,4,0,0,0,0
0,0,0,1,0,5,0,0,0,0,0,0,1,0,0,0,3,1,2,0,1,0,0,0,1,0,6,1,0,5,2,0,0,1,0,3,0,0
0,0,0,0,1,0,2,0,0,0,0,0,1,0,0,0,0,1,2,0,0,0,0,0,1,0,4,2,0,6,0,0,0,3,3,2,0,0
0,1,0,1,2,4,2,0,0,2,5,0,0,0,0,2,0,1,0,4,1,3,1,0,7,2,8,9,3,23,3,0,1,8,1,3,0,0
0,0,0,0,0,0,0,0,0,0,1,0,0,0,0,0,1,0,1,2,0,0,1,0,1,0,3,3,1,1,2,0,0,5,0,2,0,0
0,0,0,1,2,1,0,0,0,2,0,0,0,0,0,0,0,2,1,1,0,0,0,0,3,2,2,4,0,5,0,0,1,8,1,1,0,0
0,0,0,1,0,0,0,0,0,0,1,0,0,1,0,0,0,0,0,0,3,0,0,0,0,0,0,0,0,4,0,0,0,0,0,1,0,0
0,0,0,0,0,1,0,0,0,0,0,0,0,0,0,0,0,0,0,2,1,0,0,0,2,0,0,2,3,1,0,0,1,2,2,1,0,1
