3,0,0,1,0,0,0,0,0,0,0,0,0,0,0,0,0,0,0,0,0,0,1,0,0,0,0,0,0,0,0,0,0,0,0,0,0,0
1,7,8,18,2,6,6,0,0,1,1,4,0,2,0,0,0,0,0,1,0,0,0,0,0,0,0,0,0,2,0,0,0,0,0,0,0,0
0,3,15,3,0,8,0,0,0,0,0,0,0,0,0,0,0,0,0,0,0,0,0,0,0,0,1,0,0,1,0,0,0,0,0,0,0,0
3,21,6,161,45,60,18,1,1,3,17,5,5,3,0,2,1,4,0,3,1,2,0,3,4,1,4,3,0,1,0,0,0,0,0,0,0,0
0,5,0,48,21,14,18,4,2,6,16,7,3,0,1,1,4,3,6,4,4,7,0,3,4,0,10,5,4,3,0,0,0,0,0,0,0,0
1,7,27,70,29,137,79,11,11,3,9,9,10,5,0,1,9,3,7,5,0,5,0,2,10,2,17,2,2,8,0,0,1,1,0,1,0,0
3,2,6,26,31,103,52,10,9,1,13,8,9,4,0,4,8,4,6,3,3,16,3,3,8,2,10,2,1,14,3,0,2,0,1,0,0,1
0,2,3,14,4,33,21,1,0,0,6,0,8,3,1,3,7,9,3,2,1,3,0,1,8,0,9,2,2,1,0,1,2,1,0,1,0,0
0,0,0,3,0,11,11,0,0,0,2,2,0,3,0,0,4,5,0,3,0,1,0,1,4,0,5,0,0,0,0,0,0,0,0,0,0,0
0,0,0,11,8,4,1,1,0,2,4,0,0,0,0,0,3,0,1,12,0,0,0,0,5,3,4,4,0,0,0,0,0,0,0,0,0,0
0,3,0,20,13,11,9,4,3,5,8,6,4,2,2,6,3,1,2,11,1,4,1,1,17,1,6,6,0,7,2,0,0,0,3,1,0,0
0,1,0,11,10,8,12,6,0,4,5,0,2,3,0,2,10,12,3,6,4,6,3,4,12,0,7,9,4,11,0,0,2,2,0,1,0,0
0,0,0,7,5,32,15,6,0,1,3,3,6,4,0,0,2,3,10,1,1,3,2,1,3,0,12,0,1,3,0,0,0,1,0,0,0,1
0,0,1,5,6,2,2,3,3,0,3,4,2,0,1,0,1,4,1,0,4,17,0,5,4,6,11,3,3,4,0,2,4,3,2,2,0,0
0,0,0,2,0,2,0,0,1,0,0,0,1,0,0,0,0,0,0,0,1,0,0,1,0,0,0,0,1,0,0,0,0,0,0,0,0,0
0,0,1,4,0,6,1,2,0,0,0,0,0,2,1,0,0,2,0,0,0,4,0,1,1,0,1,1,0,1,0,0,0,0,0,0,0,0
0,0,0,10,2,18,17,2,2,0,8,6,4,1,0,1,7,2,9,2,4,13,1,6,9,3,23,5,1,11,2,0,0,0,0,2,0,0
0,2,0,7,4,16,19,4,3,2,6,1,4,3,1,0,3,3,3,4,2,5,0,6,8,0,23,13,1,10,1,0,0,9,1,1,0,0
0,0,0,4,3,19,9,0,4,0,3,0,6,0,0,1,1,8,7,0,1,2,2,0,5,3,21,3,4,16,0,0,0,1,0,2,0,0
0,0,2,11,10,2,0,2,2,4,13,3,0,8,0,4,3,7,3,12,5,5,0,2,19,2,11,17,0,16,0,0,0,3,0,0,0,1
0,0,0,6,5,1,2,0,1,0,5,1,2,0,0,0,3,1,0,3,0,3,0,0,3,0,3,2,3,1,0,0,2,1,0,0,0,0
0,0,0,2,3,4,8,0,2,4,7,9,1,1,0,3,2,3,6,3,5,4,0,0,10,4,11,7,0,4,1,0,0,1,0,0,0,0
0,0,0,0,0,2,3,0,0,0,1,0,2,0,1,0,1,0,3,0,0,0,0,0,0,0,3,1,0,2,0,0,0,1,0,0,0,0
0,0,0,1,2,2,0,0,0,1,2,0,2,1,0,5,0,0,2,4,0,1,0,1,5,1,7,2,0,5,2,0,0,0,1,0,0,0
3,4,1,9,9,11,8,0,2,2,18,0,2,7,2,2,2,12,7,24,6,4,0,3,38,11,38,26,23,37,0,0,0,6,3,1,0,2
0,0,0,5,2,1,3,0,0,0,5,0,0,0,0,0,0,2,1,3,2,3,1,0,6,2,5,3,1,6,0,0,0,0,0,1,0,0
2,0,1,5,5,15,26,3,6,1,15,1,8,8,0,0,7,13,17,7,3,21,0,3,56,7,47,20,11,81,2,1,2,5,1,1,0,2
0,3,0,5,4,1,6,2,0,0,7,2,0,3,0,2,1,7,2,8,2,2,2,3,25,4,15,21,2,36,2,0,2,8,3,3,0,3
1,0,0,0,0,1,3,0,0,0,0,0,1,4,0,0,0,0,2,1,2,6,0,2,13,1,10,8,6,12,0,0,0,2,2,0,0,0
0,0,1,6,10,6,11,0,2,2,6,0,0,4,0,1,2,9,12,7,2,11,0,1,25,0,50,36,11,79,3,1,4,12,0,1,3,1
0,0,1,0,0,1,1,0,1,0,1,3,0,2,0,0,0,0,0,1,1,1,0,0,3,1,5,4,0,11,0,0,0,3,1,0,2,1
1,0,0,3,1,1,5,1,0,0,2,0,1,0,0,0,1,2,2,0,0,0,0,0,0,0,3,0,0,9,0,0,1,3,1,0,0,0
1,0,0,0,0,1,3,0,0,0,0,0,1,0,1,1,0,0,4,0,0,1,0,0,1,0,5,2,0,4,1,0,0,2,1,0,0,0
0,0,1,1,2,1,2,1,0,1,2,2,0,1,0,1,0,3,2,6,0,3,0,0,15,5,8,12,10,21,0,0,1,2,0,2,0,3
0,0,0,0,0,0,1,0,2,0,0,2,2,0,0,0,0,0,1,0,0,3,0,0,2,2,3,5,3,8,0,0,0,3,0,1,0,2
0,0,0,1,0,0,0,0,0,0,2,0,0,1,0,0,0,0,0,2,0,0,0,0,4,0,3,4,0,6,1,0,0,5,0,2,0,1
0,0,0,0,0,0,0,0,0,0,0,0,0,0,0,0,0,0,0,0,0,0,0,0,0,0,0,1,0,0,0,0,0,0,0,0,0,0
0,0,0,0,0,0,1,0,0,0,0,1,0,0,0,0,0,0,0,2,0,0,0,0,1,0,0,1,1,0,0,0,1,2,0,2,0,0
