2,0,0,0,0,0,0,0,0,0,0,0,0,0,0,0,0,0,0,0,0,0,0,0,0,0,0,0,0,0,0,0,0,0,0,0,0,0
1,11,6,14,3,10,2,0,0,0,3,0,0,0,0,0,0,0,0,0,0,0,0,0,0,0,1,0,0,2,0,0,1,0,0,0,0,0
0,2,8,2,0,15,0,0,0,0,0,0,1,0,0,0,0,0,0,0,0,0,0,0,0,0,0,0,0,0,0,0,0,0,0,0,0,0
5,35,10,147,50,85,22,4,2,3,10,6,2,0,3,1,5,2,0,6,2,1,0,0,6,1,3,3,0,6,0,0,0,0,0,0,0,0
0,8,1,43,15,27,21,3,2,7,20,14,5,8,0,1,2,2,2,10,2,6,0,0,5,0,3,2,0,6,0,0,1,1,0,1,0,1
4,5,12,79,42,165,74,10,16,2,6,12,11,2,1,3,1,5,6,2,0,5,3,0,8,5,6,5,2,6,0,1,0,7,1,0,0,0
0,8,3,30,30,121,66,17,15,3,3,10,17,1,1,1,10,8,10,5,2,10,0,2,18,0,17,7,3,12,1,1,0,0,0,0,0,0
0,1,0,3,8,20,19,0,0,0,1,1,6,1,0,9,5,5,6,0,4,6,3,0,3,1,4,2,1,4,1,0,0,1,0,1,0,0
0,0,0,7,10,10,9,0,0,0,0,0,0,0,0,3,2,1,3,0,0,2,0,0,2,0,4,1,0,0,0,0,1,0,0,2,0,0
0,1,2,7,6,2,2,0,0,0,5,5,0,2,0,0,0,3,1,6,1,3,0,0,3,0,4,1,0,3,1,0,0,1,2,0,0,0
0,2,3,17,13,9,11,2,5,6,6,6,0,1,0,3,4,1,3,16,3,13,0,1,15,1,3,4,3,7,3,0,0,3,0,0,0,1
0,0,1,24,16,22,19,0,1,1,9,6,7,5,0,6,4,2,6,15,1,7,0,2,13,1,7,2,0,2,0,0,0,1,0,0,0,0
1,2,2,6,6,23,22,1,1,1,3,5,4,2,1,4,6,9,11,4,2,7,2,2,2,0,13,7,1,5,2,0,0,0,0,0,0,0
0,1,0,10,9,10,7,0,2,2,7,3,1,1,0,0,2,5,3,5,3,3,1,0,9,1,4,5,3,0,3,0,0,0,0,0,0,0
0,0,0,1,0,1,0,0,0,0,0,0,0,0,0,0,0,0,0,1,0,0,1,0,0,0,0,0,0,0,0,0,0,0,0,0,0,0
0,0,2,4,1,2,4,0,0,0,1,1,3,0,0,0,0,0,0,1,0,3,0,0,0,1,6,3,1,8,0,0,3,1,0,0,0,0
0,1,1,2,4,19,12,0,5,1,11,2,1,2,0,2,2,3,6,1,1,13,0,2,6,0,20,5,1,10,1,0,0,2,0,0,0,0
0,0,0,12,4,14,20,5,4,3,6,5,10,1,0,0,8,6,7,4,2,9,3,4,11,1,35,5,0,12,1,1,2,5,1,0,0,0
0,0,1,0,2,7,13,2,5,0,4,0,6,1,1,0,7,4,6,3,6,2,0,2,12,3,21,5,3,17,1,0,0,0,0,0,0,0
2,4,0,8,12,10,8,0,0,11,19,4,0,2,1,2,3,7,2,8,3,2,0,1,18,1,9,7,1,9,0,0,0,0,0,0,0,0
0,1,0,2,6,1,2,0,2,4,5,3,3,1,0,0,0,1,1,6,0,0,0,0,3,1,1,4,1,3,0,0,0,0,0,0,0,0
1,0,0,1,7,7,6,0,0,1,7,11,4,0,0,1,1,7,4,6,2,2,0,0,12,1,9,6,0,7,2,0,0,1,0,0,0,4
0,0,0,0,1,1,2,0,0,0,0,1,0,0,0,0,0,0,0,0,0,3,0,0,3,0,3,2,0,2,0,0,0,0,0,0,0,0
0,0,1,0,2,2,2,1,1,1,4,0,0,2,0,0,3,4,7,0,1,3,0,0,2,0,6,2,0,4,0,0,0,2,1,0,0,0
2,4,1,6,6,8,3,1,0,3,6,0,4,7,0,0,5,6,8,53,5,10,5,3,38,5,31,38,12,46,2,2,0,13,3,0,0,1
0,0,2,2,3,0,5,0,2,4,3,1,0,5,0,1,2,1,2,1,2,1,0,0,12,2,7,4,6,7,0,0,0,0,0,0,0,0
0,3,2,5,4,26,22,0,4,3,14,0,7,3,1,4,3,22,15,9,5,31,2,1,28,6,69,37,13,68,3,2,2,8,0,0,0,1
1,1,0,3,7,3,5,2,1,0,0,2,1,0,0,0,0,3,6,10,7,8,0,1,25,5,18,19,11,51,3,0,1,7,0,1,0,0
0,0,0,1,3,2,6,1,1,2,3,1,0,0,0,1,1,0,3,1,1,2,4,0,17,4,12,10,8,8,0,0,1,1,4,2,0,0
0,2,0,2,4,6,12,0,2,6,11,3,1,1,0,0,3,9,4,10,0,6,1,2,20,6,41,36,25,87,2,4,2,8,9,4,0,1
0,0,0,0,0,0,2,0,2,0,1,1,0,0,0,1,1,0,0,3,0,0,0,0,3,0,3,1,2,12,2,2,2,8,0,0,0,1
0,0,0,0,0,1,4,0,0,0,0,0,0,1,0,0,0,1,2,0,0,0,0,0,2,0,4,2,0,3,0,0,0,1,0,0,0,0
0,0,0,0,0,1,0,0,0,0,0,1,0,0,0,0,3,3,1,1,0,0,0,0,0,0,4,3,0,8,2,0,1,0,1,0,0,2
0,0,0,0,2,5,2,0,0,3,5,0,0,0,0,0,0,4,1,0,0,3,1,5,6,5,2,14,4,24,1,0,0,4,2,2,0,1
0,2,0,0,0,2,1,0,0,0,1,0,0,1,0,0,0,0,2,0,0,1,0,0,7,0,0,5,3,6,0,1,0,0,0,0,0,2
0,0,0,6,1,0,0,0,0,0,1,0,1,0,0,0,0,0,0,4,0,0,0,0,7,0,3,5,4,1,0,1,2,4,3,0,0,1
0,0,0,0,0,0,0,0,0,0,0,1,0,0,0,0,0,0,0,0,0,0,0,0,0,0,1,0,0,1,0,0,0,0,0,0,0,0
0,0,0,0,0,0,0,0,0,0,1,0,1,0,0,0,0,0,0,1,0,0,0,0,4,1,3,2,3,2,0,0,0,1,0,1,0,0
