3.28
2.52255813953
1.23483870968
1.67472527473
1.87277777778
1.7311820331
1.73802298851
1.69405594406
1.51692307692
1.99080645161
1.61634146341
1.86891625616
1.81375838926
1.68245614035
1.34125
1.5541025641
1.74758865248
1.83825174825
1.58423076923
1.95207100592
1.81822580645
1.67458646617
1.82538461538
1.77755102041
1.63891428571
1.62545454545
1.699756691
1.81564102564
1.84402439024
1.74515151515
3.18413793103
2.96142857143
4.00787234043
2.23577981651
2.38136363636
2.43975609756
1.35
3.46833333333
