0,2,0,1,0,0,0,0,0,0,0,0,0,0,0,0,0,0,0,0,0,0,0,0,0,0,0,0,0,0,0,0,0,0,0,0,0,0
0,7,7,8,7,3,1,0,0,1,0,0,2,0,0,0,0,0,0,2,1,0,1,0,2,0,0,0,0,0,0,0,0,1,0,0,0,0
0,4,11,5,0,7,1,0,0,0,0,0,0,0,0,0,0,0,0,0,0,0,0,0,0,0,0,0,0,0,0,0,0,0,0,0,0,0
6,20,16,135,59,52,17,9,1,3,4,7,3,2,0,1,4,2,1,2,4,2,0,0,6,1,3,1,1,1,0,0,0,0,1,0,1,0
1,4,0,42,20,23,21,2,3,3,12,6,6,3,2,7,6,6,0,7,0,5,0,1,7,3,3,3,2,4,0,0,0,2,1,0,0,1
1,9,19,44,35,144,71,4,6,1,8,18,13,1,0,1,11,1,4,4,6,3,0,1,4,1,14,2,1,8,0,0,0,4,1,0,0,0
0,4,7,46,29,123,77,8,10,1,3,12,13,0,0,5,15,12,10,3,0,5,2,2,6,2,8,10,5,15,0,0,1,1,1,3,0,0
0,4,0,10,7,29,10,0,0,1,1,10,6,0,0,3,9,6,7,0,1,3,0,1,6,1,8,2,0,9,1,0,0,0,0,0,0,0
0,1,0,1,0,12,16,0,0,0,2,0,1,1,0,0,6,1,1,0,0,1,0,0,2,2,1,0,0,2,0,0,0,2,0,0,0,0
0,0,0,9,2,2,5,0,0,0,5,6,1,2,0,0,0,0,4,3,2,1,0,0,4,2,1,4,0,4,0,0,0,1,0,0,0,0
1,2,0,16,21,10,0,0,1,13,14,3,1,3,0,3,5,2,5,14,6,6,0,0,17,0,9,5,1,11,0,0,0,0,0,1,0,0
0,4,0,19,25,8,14,5,4,0,2,11,5,5,2,1,1,5,6,7,2,9,3,0,21,0,13,10,2,10,1,0,1,0,0,2,0,1
0,2,5,5,14,14,21,0,0,1,2,2,3,1,1,2,10,1,8,4,0,4,1,2,7,0,12,12,1,12,2,0,0,0,0,0,0,0
0,2,1,18,6,3,5,2,5,1,3,1,0,5,0,2,7,3,7,3,4,10,3,1,8,2,6,5,1,5,0,1,1,1,1,0,0,0
0,0,0,1,0,2,3,0,0,2,1,0,0,0,1,0,0,0,1,3,2,0,1,0,0,1,1,0,0,0,0,0,0,0,0,0,0,0
0,0,0,3,4,2,1,0,0,0,2,1,1,0,0,0,0,0,1,1,1,1,0,2,0,0,5,1,3,3,0,0,0,0,0,0,0,0
0,1,0,5,5,15,19,0,5,0,1,7,7,1,0,1,1,7,3,4,0,6,1,1,5,0,11,4,2,8,1,0,1,5,0,0,0,0
0,0,2,2,7,19,15,3,6,1,4,3,4,2,0,0,2,5,4,2,1,12,0,0,16,0,14,8,5,2,0,1,1,0,0,0,0,0
0,2,0,6,0,13,10,2,2,0,1,1,5,0,0,2,9,5,2,3,1,7,0,0,3,0,24,6,3,18,0,0,1,0,2,0,0,0
2,0,1,7,17,11,8,0,0,7,8,6,2,6,0,0,5,4,6,6,1,3,1,1,19,6,13,12,3,7,0,0,0,3,0,4,0,1
0,0,0,1,6,5,4,0,0,5,2,1,1,0,0,0,5,5,3,1,1,4,0,0,4,2,3,3,0,2,0,0,0,2,1,0,0,1
0,2,0,4,3,4,6,3,3,1,8,5,1,3,0,2,4,8,10,6,3,0,0,0,13,1,15,6,2,9,0,1,0,4,0,0,0,0
0,0,0,0,3,0,6,0,0,0,1,0,0,1,0,0,2,1,0,0,0,1,0,0,1,0,2,3,0,2,0,1,0,0,0,0,0,0
0,0,0,2,1,2,2,1,1,0,1,0,1,1,0,0,1,1,6,2,0,0,1,0,4,1,7,2,3,3,1,0,2,2,0,0,0,0
0,1,1,18,17,8,9,1,1,6,10,8,2,5,0,0,2,12,18,18,9,6,0,8,44,11,30,54,8,38,1,0,1,9,3,3,0,1
0,0,0,5,0,3,2,0,0,2,5,0,3,2,0,0,0,5,0,2,7,2,0,0,9,2,10,2,4,6,0,0,0,1,0,0,0,0
0,5,2,4,10,18,24,2,3,3,7,3,5,4,0,2,10,16,21,13,4,26,4,4,25,3,49,32,8,68,4,0,0,9,0,3,0,0
0,0,0,5,4,5,4,1,0,2,0,0,0,6,0,0,3,3,5,16,1,3,0,1,34,4,11,27,16,38,1,2,2,9,1,3,0,0
0,1,0,1,2,0,8,0,0,0,2,0,2,0,0,0,1,1,2,1,0,3,0,0,5,1,5,18,2,26,0,0,1,3,3,1,0,0
0,3,0,9,2,12,14,0,3,3,1,1,3,2,0,1,3,5,7,2,0,14,0,2,33,3,53,35,15,85,3,2,0,13,4,1,0,0
0,0,0,0,1,0,3,0,0,0,0,0,1,0,0,0,3,2,0,1,1,1,0,2,2,0,2,1,1,4,0,0,0,4,0,2,0,0
0,0,0,0,1,2,0,0,0,0,0,0,0,0,0,0,0,0,2,0,1,0,0,0,2,0,0,1,1,4,3,0,2,1,0,0,0,0
0,0,0,0,2,3,4,0,0,0,1,0,0,1,0,0,1,0,0,1,0,0,0,0,4,0,6,1,0,7,3,0,0,3,0,2,0,0
0,0,0,1,1,4,2,0,1,1,4,0,2,5,0,0,0,4,1,4,0,0,0,1,12,1,8,13,5,19,5,0,0,1,3,1,0,1
0,0,0,2,2,2,0,0,0,0,1,0,0,1,0,0,0,1,1,0,0,1,0,0,5,1,3,5,2,3,2,1,0,5,0,6,0,0
0,0,0,2,1,0,1,0,0,1,0,0,0,2,0,0,0,1,0,0,0,0,0,0,3,1,1,6,2,3,3,1,1,5,1,3,0,2
0,0,0,0,0,0,0,0,0,0,0,0,0,0,0,0,0,0,0,0,0,0,0,0,0,0,0,0,1,0,0,0,0,0,0,0,1,0
0,0,0,1,0,0,0,0,0,0,0,0,0,0,0,0,2,0,0,0,0,0,0,1,0,0,4,0,1,4,1,0,0,2,0,0,0,0
