1,0,0,1,0,1,1,0,0,0,0,0,0,0,0,0,0,0,0,0,0,0,0,0,0,0,0,0,0,0,0,0,0,0,0,0,0,0
0,2,4,13,0,5,0,0,0,0,1,0,0,0,0,0,0,0,0,1,0,0,0,0,0,0,1,0,0,0,0,0,0,0,0,0,0,0
1,1,8,1,1,6,4,0,0,0,0,0,0,0,0,0,0,0,0,0,0,0,0,0,0,0,1,0,0,0,0,0,0,0,0,0,0,0
8,21,7,148,67,45,25,3,2,0,8,7,0,1,0,1,1,1,0,3,3,2,0,0,11,0,1,3,0,6,0,0,0,0,0,0,0,0
1,3,5,52,26,24,17,1,2,7,16,6,3,5,0,1,1,0,6,6,1,6,0,0,7,1,5,5,1,3,0,0,3,1,3,0,0,0
4,10,19,54,27,124,64,8,5,1,6,10,8,1,1,2,4,4,6,5,4,1,2,0,5,4,6,5,0,14,1,0,0,4,1,0,0,0
2,5,8,28,21,119,71,6,8,1,5,4,13,8,0,2,7,6,4,2,3,2,0,1,6,0,27,5,1,19,0,0,1,0,1,0,0,0
0,1,2,5,12,20,25,1,0,0,2,2,3,0,0,5,7,1,3,3,2,5,0,3,1,0,8,5,2,7,0,1,1,2,1,0,0,0
0,0,0,7,2,9,11,2,0,0,0,4,5,1,0,0,0,2,2,0,0,0,1,0,1,0,3,2,1,7,0,0,0,0,0,0,0,0
0,0,0,7,5,4,1,2,1,0,0,2,0,0,1,1,0,1,1,3,0,2,0,0,5,0,3,0,0,2,0,0,0,1,0,0,0,0
2,1,1,22,19,15,8,1,1,2,11,7,2,1,0,0,3,2,0,5,0,10,1,1,17,1,9,9,2,6,1,0,1,6,1,1,0,0
0,1,0,23,22,11,11,1,1,5,10,4,1,4,1,4,4,6,7,10,6,10,1,3,7,0,31,9,4,2,3,0,0,4,0,0,0,2
0,0,1,6,3,24,26,0,5,3,5,0,5,0,0,0,5,4,8,2,0,4,1,0,3,0,22,5,7,18,0,0,2,3,1,0,0,0
0,1,1,8,4,12,8,1,1,1,5,1,3,4,0,0,1,1,1,5,3,4,0,2,7,0,8,2,1,7,0,0,1,0,0,0,0,1
1,0,0,1,0,0,1,0,0,0,2,0,1,0,0,0,0,0,0,0,0,0,0,0,2,0,4,1,0,0,0,0,0,1,0,0,0,0
0,0,0,0,1,6,2,0,0,0,2,1,2,1,0,2,2,0,0,2,1,2,0,3,2,2,3,0,0,1,0,1,0,0,0,0,0,0
0,2,0,4,2,8,21,3,4,1,6,6,8,1,0,1,1,0,9,1,1,6,2,1,7,4,9,4,2,6,2,0,1,2,1,0,0,0
1,3,3,3,2,9,10,1,3,2,8,4,4,1,0,0,6,5,7,6,1,8,0,5,14,3,14,14,2,14,0,1,0,2,0,0,0,0
0,1,0,2,2,18,15,0,6,2,3,5,10,1,0,0,4,5,3,3,0,8,0,2,7,1,11,10,6,18,0,0,0,2,0,0,0,0
0,0,0,13,9,6,5,0,0,6,16,4,2,5,0,0,6,6,7,19,1,1,1,3,10,5,12,8,4,17,0,0,3,2,0,2,0,0
0,0,0,3,2,0,2,0,0,1,3,3,0,2,0,1,0,0,1,0,1,3,1,0,3,0,1,3,1,5,0,0,0,1,0,0,0,0
0,3,0,3,3,8,11,3,0,3,5,7,4,2,0,0,5,7,3,1,0,1,0,0,16,0,15,5,1,11,0,1,0,2,0,1,0,4
0,0,0,1,2,2,1,0,0,0,0,0,0,0,0,0,1,0,0,3,2,0,0,0,0,0,2,2,0,2,0,0,1,1,0,0,0,0
0,0,0,0,1,3,5,1,0,1,4,0,0,0,0,0,0,1,0,0,3,0,0,0,1,0,8,4,1,3,0,0,0,2,0,0,0,0
2,5,5,13,16,11,10,5,0,11,11,0,0,8,0,0,3,9,10,34,4,12,2,2,47,7,41,45,15,53,4,2,1,8,2,3,0,0
0,0,0,1,0,1,2,0,0,0,3,1,0,1,0,0,0,4,2,3,0,1,3,2,8,3,7,11,4,9,0,0,0,3,0,1,0,0
0,1,0,11,7,15,24,1,2,2,11,4,4,7,0,3,11,24,19,7,3,17,1,3,36,3,62,31,19,69,1,3,1,8,1,4,0,2
1,0,0,5,1,6,5,0,0,2,3,1,2,3,0,0,4,0,5,16,3,1,0,0,23,8,17,29,14,42,1,2,3,9,2,4,0,0
1,0,0,1,4,4,2,0,0,0,1,1,1,1,0,0,1,0,3,2,0,2,0,0,12,2,9,13,2,19,1,0,0,6,1,1,0,0
2,0,0,4,7,7,12,0,1,4,6,1,9,5,0,3,4,9,12,9,1,7,2,1,27,0,38,27,11,86,6,3,1,13,3,2,0,4
0,0,0,1,1,2,2,0,0,3,0,1,0,3,0,0,0,1,0,0,0,1,0,0,2,0,0,2,3,6,0,0,0,3,2,0,0,0
0,0,0,0,0,0,0,0,0,0,0,0,1,0,0,0,1,3,2,0,0,0,0,0,1,0,4,3,1,3,0,0,0,1,0,0,0,0
0,0,0,2,2,0,2,0,0,0,0,0,0,0,0,0,1,1,2,2,0,1,0,0,0,0,1,6,0,11,3,0,0,0,0,0,0,0
0,1,0,1,3,0,2,0,0,1,1,1,0,0,0,0,0,6,0,3,0,3,0,2,13,3,4,34,9,18,2,0,1,3,0,2,0,3
0,3,0,0,2,0,0,0,0,0,0,2,1,0,2,0,0,1,0,0,0,1,0,0,7,1,2,0,5,5,3,0,0,2,0,1,0,0
0,0,0,1,0,0,1,0,0,0,0,0,0,2,0,0,0,0,0,0,0,0,0,0,2,1,2,6,0,5,2,3,0,2,1,2,0,0
0,0,0,0,0,0,1,0,0,0,0,0,0,1,0,0,0,2,0,0,0,0,0,0,0,0,0,0,0,1,0,0,0,1,0,0,0,0
0,0,0,0,0,1,0,0,0,0,0,1,0,0,0,0,0,2,0,0,0,0,0,0,0,0,0,4,0,1,0,0,1,3,0,0,0,0
