4.38166666667
2.16517241379
1.7955
1.70951351351
1.73766949153
1.99692307692
1.64709511568
1.82408759124
1.55581818182
1.80166666667
1.93312138728
1.79231884058
1.86567073171
1.80935483871
2.093125
1.61914285714
1.74167938931
1.75832214765
1.67770833333
1.92703488372
1.77642857143
1.9343442623
1.96565217391
1.63307692308
1.77544270833
1.39097222222
1.62787341772
1.65067873303
1.70817204301
1.80669724771
3.54125
2.97956521739
3.8925
1.87018181818
2.84552631579
2.75814814815
4.83857142857
2.87823529412
