3,2,0,1,0,0,0,0,0,0,0,0,0,0,0,0,0,0,0,0,0,0,0,0,0,0,0,1,0,0,0,0,0,0,0,0,0,0
2,6,7,12,1,6,0,0,0,0,0,0,0,0,0,0,0,0,0,0,0,0,0,0,2,1,0,0,0,1,0,0,0,0,0,0,0,0
0,4,5,1,1,10,2,0,0,0,1,0,0,0,0,0,0,0,0,0,0,0,0,0,0,0,0,0,0,0,0,0,0,0,0,0,0,0
4,22,12,145,50,71,27,2,0,10,18,7,6,7,2,1,3,1,0,6,4,0,0,0,10,2,2,5,0,4,0,0,0,1,0,0,0,0
2,14,4,56,19,30,17,1,1,2,9,6,3,2,3,1,2,4,2,5,1,4,2,2,12,2,6,4,0,5,0,0,0,4,0,0,0,0
4,2,8,77,13,131,88,4,9,2,4,3,9,0,2,1,10,3,8,1,1,1,0,1,4,0,18,5,2,12,0,0,2,2,0,0,0,0
0,1,10,25,22,101,67,3,11,0,2,6,20,8,1,2,12,8,9,1,3,5,2,0,2,3,7,5,2,13,0,1,0,2,0,0,0,0
0,0,0,14,6,19,8,2,1,0,6,1,4,2,0,1,6,8,5,2,1,5,2,1,4,1,16,5,2,11,0,1,0,4,1,1,0,0
0,0,2,1,0,24,14,0,0,0,1,1,3,2,0,0,0,3,2,0,0,0,0,0,1,0,1,4,0,7,0,0,0,0,0,0,0,0
2,1,0,10,5,1,1,1,1,2,4,4,0,0,0,2,0,1,1,7,4,2,0,0,4,0,3,6,0,0,0,0,0,0,0,2,0,0
3,2,0,23,24,4,7,4,2,10,8,7,1,0,1,2,3,5,3,12,1,2,0,2,21,2,10,10,0,2,0,0,1,3,0,0,0,2
2,3,1,26,15,19,21,1,2,0,6,4,7,5,0,2,17,9,6,1,13,1,0,2,19,0,8,16,3,16,1,1,0,1,2,0,0,0
0,0,0,6,3,22,22,6,3,1,8,5,8,5,0,1,7,2,10,2,1,2,4,1,7,0,14,3,6,7,0,0,0,3,1,0,0,0
0,1,0,9,7,11,5,1,1,2,4,4,1,4,1,0,1,2,4,9,3,6,0,1,13,3,4,2,4,10,0,0,0,1,0,0,0,0
0,0,0,2,0,2,1,0,0,0,1,0,0,1,0,0,1,0,2,0,0,0,0,0,0,0,1,1,0,1,0,0,0,0,0,0,0,0
0,1,0,1,0,2,1,1,0,0,3,0,0,0,0,0,0,0,0,1,1,5,0,0,4,0,4,4,0,4,0,0,0,0,0,0,0,0
0,0,3,9,4,15,15,2,2,0,6,2,3,0,0,0,4,1,6,1,5,8,1,2,5,5,12,4,2,8,0,0,0,0,2,0,0,0
1,0,1,12,4,23,12,2,4,3,5,8,12,3,0,0,8,6,6,2,1,9,2,0,3,2,19,8,2,10,0,0,0,2,0,0,0,0
2,2,1,4,5,8,9,4,6,0,4,1,6,3,0,2,3,8,0,3,2,4,2,1,2,0,19,11,5,18,0,2,0,6,0,1,0,0
1,3,1,11,12,10,7,1,3,9,15,4,1,3,0,5,7,9,2,11,3,1,0,4,21,1,10,9,5,8,0,0,1,1,0,4,0,3
1,2,0,1,5,3,4,0,0,1,4,0,2,2,0,0,1,0,5,1,0,0,4,0,2,1,0,4,0,7,3,0,0,0,0,0,0,0
0,0,0,6,2,6,4,2,0,1,5,9,4,0,0,0,7,4,7,5,4,6,0,3,10,1,19,9,8,16,2,0,0,7,1,4,0,2
0,0,0,3,2,2,0,0,2,0,0,0,0,0,0,0,2,1,1,0,1,0,1,0,4,0,1,0,4,2,0,0,0,0,0,0,0,0
0,0,0,1,0,1,1,0,0,0,1,1,3,4,0,0,1,2,1,0,0,0,0,0,10,1,5,0,3,2,0,0,0,0,0,2,0,0
0,2,0,11,9,9,7,2,1,15,16,9,4,6,1,1,2,6,8,29,7,12,2,3,42,11,48,46,17,29,0,1,2,10,2,2,0,2
0,0,0,6,3,2,3,0,1,1,2,1,2,1,0,1,0,3,2,7,2,0,1,0,5,0,2,8,3,11,0,0,0,3,0,5,0,0
1,0,1,14,4,32,12,0,5,3,8,3,7,6,0,3,7,17,16,13,3,10,0,2,31,3,51,26,8,63,5,0,4,7,1,0,0,3
2,1,1,6,4,2,4,0,0,0,3,7,1,1,0,0,1,5,9,10,2,2,0,0,24,3,30,26,14,32,0,0,1,13,1,0,0,4
0,1,2,3,0,0,1,1,0,0,1,0,0,1,0,0,0,0,6,2,0,4,0,0,9,1,10,13,5,26,5,1,0,6,0,0,0,0
0,1,2,5,2,10,10,1,2,2,5,2,3,2,0,0,5,9,10,5,2,3,2,1,18,2,32,39,14,81,6,4,1,2,4,1,0,0
3,0,0,0,0,0,5,0,0,2,0,0,0,0,0,0,0,2,0,0,0,3,0,0,1,0,1,2,1,11,1,0,0,0,1,0,0,0
0,0,0,0,1,2,0,0,0,1,0,0,0,0,0,0,0,1,0,0,0,1,0,0,4,0,2,1,1,7,1,0,0,5,1,0,0,5
0,0,0,0,1,0,0,0,0,0,1,0,2,0,0,0,0,2,1,0,1,1,0,0,1,1,0,2,2,9,0,2,0,2,2,1,0,0
0,0,0,3,4,4,1,0,2,4,5,1,0,1,1,0,3,0,5,0,0,3,3,0,13,3,6,13,3,16,1,0,0,3,2,3,0,2
0,0,0,0,0,0,0,2,0,0,1,0,0,0,0,0,0,0,0,0,0,0,0,0,6,0,2,6,1,11,0,0,0,1,0,1,0,0
0,0,0,1,1,1,0,0,0,2,1,0,0,0,0,0,2,0,0,0,0,0,0,0,7,0,1,2,2,6,0,2,0,2,1,1,0,3
0,0,0,0,0,0,0,0,0,0,0,0,0,0,0,0,0,0,0,0,0,0,0,0,0,0,0,0,1,0,0,0,0,0,0,0,0,0
0,1,0,1,0,1,0,0,0,0,2,1,0,0,0,0,0,0,0,0,0,0,0,0,5,0,0,4,1,5,1,0,0,1,0,0,0,0
