3,1,1,0,0,0,0,0,0,0,0,0,0,0,0,0,0,0,0,0,0,0,0,0,0,0,0,0,0,0,0,0,0,0,0,0,0,0
4,9,1,15,2,5,2,0,0,0,1,0,0,0,0,0,0,0,0,1,0,0,0,0,1,0,1,0,0,2,0,0,0,0,0,0,0,0
1,2,6,1,0,2,2,0,0,0,1,0,0,0,0,0,0,0,0,0,1,0,0,0,0,0,0,0,0,0,0,0,0,0,0,0,0,0
10,25,12,132,44,46,20,1,0,8,8,12,2,3,0,0,1,0,2,2,1,0,0,0,7,0,5,3,2,5,0,0,0,2,0,0,0,0
2,11,1,42,16,23,12,3,2,2,12,13,4,2,0,9,0,1,0,5,1,2,0,0,6,0,2,7,3,5,0,0,0,0,0,0,0,0
0,3,21,29,15,100,68,13,5,2,2,2,4,4,0,0,11,1,6,2,4,2,0,1,4,0,15,1,2,11,0,0,0,2,2,0,0,3
2,1,4,38,16,89,53,5,6,6,4,7,7,2,1,2,13,14,6,3,4,13,1,2,8,1,21,4,2,16,0,0,2,3,0,1,0,0
0,1,2,6,3,32,30,0,0,0,2,1,1,4,1,4,5,4,7,3,2,7,2,4,9,0,7,10,1,6,0,0,0,3,0,0,0,0
0,2,0,1,4,6,13,0,1,0,0,3,2,1,0,0,3,1,4,0,1,0,0,0,0,0,0,0,0,3,0,0,0,0,0,0,0,0
0,1,1,15,4,6,1,0,0,3,8,4,0,3,0,1,3,0,1,1,2,1,0,2,3,0,6,2,4,1,0,0,0,0,0,1,0,0
1,0,2,19,12,5,12,0,3,10,10,7,0,2,0,5,7,0,1,9,0,5,3,2,13,2,5,8,1,14,1,0,0,0,1,0,0,0
0,1,0,16,9,17,13,1,4,5,7,1,5,6,1,11,4,8,6,4,1,17,2,2,8,8,15,13,7,17,2,0,2,4,2,1,0,3
0,3,0,13,4,15,21,0,2,2,0,4,6,3,0,1,4,8,4,1,2,9,0,0,4,0,24,12,1,19,0,1,0,1,1,0,0,0
0,3,3,9,2,8,8,0,0,2,3,6,1,1,0,0,3,5,5,2,3,9,0,1,7,4,2,4,0,4,2,0,2,1,1,1,0,0
0,0,0,0,0,1,2,0,0,1,1,0,0,0,0,0,2,0,0,0,0,0,0,0,0,0,3,2,3,2,1,0,0,0,0,0,0,0
0,0,0,1,1,6,5,0,2,0,4,1,1,1,0,0,0,1,1,0,0,0,0,0,1,0,2,3,0,0,0,0,0,1,1,0,0,0
0,0,0,10,4,21,7,1,3,0,4,5,5,4,1,1,3,1,3,1,4,9,3,1,5,3,21,3,4,17,0,2,0,8,1,0,0,1
1,0,1,4,2,12,23,0,1,0,7,2,8,0,2,0,6,2,5,4,5,4,1,4,6,0,11,9,2,17,0,0,0,4,0,1,0,1
0,0,1,5,0,16,10,1,4,0,5,1,8,2,0,0,10,3,6,3,3,6,2,3,6,1,24,5,3,23,0,0,1,0,0,0,0,0
5,3,0,6,9,12,14,3,0,8,21,4,3,5,1,0,2,10,12,16,2,6,2,2,19,3,8,6,4,8,0,0,3,2,0,0,0,2
2,0,1,4,7,1,2,0,0,3,3,0,1,1,0,0,1,4,0,6,1,2,0,0,4,0,6,2,0,6,0,0,0,3,0,1,0,0
1,1,0,6,10,10,5,1,0,6,11,3,0,2,1,0,4,7,5,7,4,3,0,0,6,0,13,12,7,8,1,2,0,0,1,3,0,0
0,0,0,1,4,4,4,0,1,0,5,0,0,2,0,1,0,2,0,0,0,0,0,0,0,0,3,2,3,2,0,0,0,1,0,0,0,0
0,0,1,2,0,7,1,0,0,0,1,1,1,0,0,0,2,2,3,0,2,2,0,0,5,0,9,2,1,1,0,0,2,0,0,0,0,0
1,3,2,7,3,12,8,0,0,11,9,2,2,1,0,0,3,9,9,29,2,8,4,5,37,2,46,42,10,29,1,2,1,5,2,3,0,1
0,0,0,0,2,5,1,5,0,3,2,0,1,1,0,0,1,3,2,2,2,1,1,2,6,0,4,6,6,7,0,0,3,3,0,1,0,0
0,0,0,8,9,19,23,0,4,4,11,10,6,9,1,0,13,24,25,8,3,25,2,10,30,7,47,40,13,67,0,0,4,8,8,1,0,1
0,2,0,9,5,3,5,1,2,5,5,4,0,0,0,0,0,4,3,7,0,0,0,1,37,5,12,23,6,40,6,1,0,16,1,6,0,1
0,0,0,2,1,3,4,0,0,0,2,1,2,4,0,0,0,2,0,2,1,4,1,0,7,0,10,16,2,14,0,0,0,6,3,3,0,1
0,0,2,4,1,8,7,1,2,1,6,4,2,6,0,0,3,10,5,8,2,5,2,0,17,5,32,42,19,93,3,4,0,5,1,1,0,4
0,0,1,0,0,1,0,0,0,0,1,0,0,1,0,0,0,0,0,0,0,0,0,0,0,0,2,5,1,10,1,0,0,2,0,1,0,3
0,0,0,0,0,2,2,0,0,0,0,0,1,0,0,0,1,2,0,0,0,0,0,2,0,0,3,2,3,7,1,0,0,3,0,0,0,0
0,0,0,0,0,1,1,0,0,0,1,0,1,0,0,0,2,5,1,0,0,1,0,0,0,0,5,5,0,6,2,0,1,0,0,1,0,0
0,0,0,0,0,7,1,0,0,0,0,1,0,1,0,0,0,3,8,3,1,5,0,0,16,3,15,9,5,13,4,1,1,1,4,0,0,7
0,0,0,0,0,2,1,0,0,0,1,2,0,0,0,0,0,1,1,2,0,1,0,0,1,0,5,8,0,4,1,0,1,2,1,0,0,1
0,0,0,1,1,0,0,0,0,0,1,1,1,0,0,0,0,0,0,0,0,0,0,0,2,1,0,3,0,2,0,0,0,6,0,3,0,0
0,0,0,0,0,1,0,0,0,0,0,0,0,2,0,0,0,0,0,0,0,0,0,0,0,0,0,1,0,1,0,0,0,0,0,0,0,0
0,1,0,0,0,0,0,0,0,0,1,0,0,0,0,0,0,0,0,0,1,0,0,0,4,0,2,4,0,4,1,1,0,1,2,0,0,0
