0,0,0,0,0,0,0,0,0,0,0,0,0,0,0,0,0,0,0,0,0,0,0,0,0,0,0,0,0,0,0,0,0,0,0,0,0,0
0,13,7,14,4,3,0,0,0,1,0,0,0,0,0,0,0,0,0,0,0,0,1,1,0,0,0,0,0,0,0,0,0,0,0,0,0,0
0,0,6,1,0,2,0,2,0,0,0,0,1,0,0,0,0,0,0,0,0,0,0,0,0,0,0,0,0,0,0,0,0,0,0,0,0,0
15,21,8,114,53,58,17,2,1,2,10,11,4,2,0,1,3,1,6,4,2,1,0,4,6,3,2,1,0,5,0,0,0,1,0,0,0,0
1,8,2,39,21,11,13,2,1,6,6,4,3,3,0,2,1,3,0,5,2,0,3,0,10,4,6,5,3,6,0,0,0,1,0,0,0,0
2,9,11,52,9,105,67,4,8,2,6,4,18,1,1,1,13,2,6,6,2,8,0,3,6,3,13,3,1,9,1,0,0,1,0,0,0,0
0,3,5,28,12,77,50,9,4,2,7,6,14,3,2,3,15,4,8,2,1,1,0,0,10,4,14,12,2,8,0,1,2,0,0,1,0,0
0,0,2,10,6,16,19,3,4,2,2,0,2,0,0,2,7,7,6,1,5,3,0,2,4,3,6,8,5,9,1,1,0,0,0,0,0,0
1,0,0,7,0,14,13,3,0,0,2,4,4,0,0,0,5,0,1,0,1,2,0,0,2,0,1,2,2,6,0,0,0,2,0,0,0,0
2,0,3,8,3,2,2,0,1,0,3,2,0,3,0,0,1,0,0,8,1,0,0,0,4,0,2,5,0,1,1,0,0,0,0,0,0,0
0,3,0,15,3,17,3,2,0,7,7,9,2,1,0,1,4,2,5,4,6,5,3,3,8,4,5,7,3,7,0,0,0,4,0,2,0,0
0,2,1,18,17,26,11,4,5,4,10,4,6,4,0,4,2,8,9,10,4,10,2,0,16,4,10,9,4,10,1,0,2,7,0,0,0,1
0,2,2,12,5,23,18,0,2,1,5,1,7,1,0,0,11,10,6,0,3,4,3,1,9,2,13,16,1,22,2,0,0,1,0,0,0,0
0,2,0,11,5,6,1,2,3,1,4,1,1,3,1,1,0,1,4,3,2,7,0,1,4,1,9,7,1,13,0,0,1,1,0,1,0,0
0,0,0,2,1,1,4,0,0,0,2,1,0,0,0,0,0,0,0,5,0,0,2,0,1,0,6,1,0,0,0,0,0,0,0,0,0,0
0,3,1,3,1,0,7,2,6,3,0,0,1,0,0,1,3,0,0,2,1,2,1,0,0,0,2,1,0,3,0,0,0,0,0,1,0,0
0,2,0,8,3,23,12,2,7,0,12,2,2,3,2,1,4,3,13,0,5,11,0,0,9,0,17,5,1,21,0,1,0,3,2,0,0,0
2,1,0,10,4,26,9,0,8,1,13,1,10,1,2,2,4,1,9,4,3,14,0,2,6,0,18,13,2,8,0,0,1,6,0,0,0,1
0,0,0,6,5,16,14,0,4,0,5,1,8,2,0,0,5,6,4,5,6,2,2,0,11,4,28,8,4,16,1,0,0,0,1,0,0,0
1,3,0,4,10,3,8,1,2,5,15,7,4,7,1,2,3,7,2,6,2,4,1,1,15,2,22,4,4,12,5,1,2,1,0,1,0,0
0,1,0,3,7,3,1,0,0,3,2,0,0,0,0,0,0,3,5,1,2,3,2,0,6,1,3,3,3,8,0,0,0,0,0,1,0,0
1,4,2,2,4,10,4,0,0,5,10,6,0,1,0,1,0,8,7,3,1,4,0,0,18,2,8,7,7,6,2,0,0,2,0,0,0,0
0,0,0,2,2,4,2,1,0,0,5,0,0,2,0,0,0,0,0,0,0,2,1,0,5,0,6,2,2,5,0,0,0,1,0,0,0,0
1,0,0,0,1,3,1,1,0,1,3,2,1,0,0,0,0,2,1,1,2,0,0,0,9,0,4,2,1,10,0,2,0,5,0,0,0,0
1,0,1,3,8,13,5,0,2,6,11,5,2,2,0,0,5,14,10,18,8,4,3,5,42,5,44,41,18,36,0,3,0,10,1,2,0,3
1,1,0,3,2,1,6,0,1,2,2,1,1,2,0,0,0,1,2,5,1,2,1,0,11,2,12,5,1,13,0,2,0,2,0,0,0,0
2,1,1,19,4,25,22,6,2,5,4,6,5,4,0,1,7,19,19,2,10,22,3,1,34,3,48,39,13,66,2,0,3,7,1,1,0,0
0,2,1,6,1,5,8,1,0,4,6,2,0,2,0,3,1,5,1,11,1,7,0,0,24,3,15,20,10,32,2,0,1,10,2,3,0,0
0,2,0,1,1,2,3,0,2,0,2,2,2,0,0,0,0,3,0,3,0,5,0,0,5,1,4,12,6,20,1,1,0,1,1,0,0,0
0,3,1,5,2,11,15,2,1,7,1,8,6,2,0,0,7,12,13,3,3,5,0,5,14,3,29,36,17,95,6,5,2,10,1,3,0,0
1,0,0,2,0,0,1,0,0,0,0,0,0,0,0,0,0,0,0,0,0,0,0,0,1,0,2,6,0,13,2,1,0,8,1,2,0,1
0,0,0,2,0,0,0,0,1,0,0,0,0,1,0,0,0,2,4,0,0,0,0,0,0,0,1,4,0,7,0,0,0,4,0,1,0,1
0,0,0,3,2,2,6,0,0,0,0,0,2,1,0,0,0,0,4,0,0,0,1,0,4,0,2,6,3,7,0,0,0,1,2,3,0,2
0,0,0,1,3,5,2,0,1,2,0,1,1,1,0,0,0,2,2,2,1,1,0,1,9,5,10,17,5,28,1,1,0,9,2,3,0,6
0,1,0,1,0,1,1,0,0,0,0,0,1,0,0,2,0,3,3,3,0,0,0,0,2,0,3,11,1,9,1,0,0,3,0,0,0,1
0,0,0,0,1,3,1,1,0,1,4,0,0,0,0,0,0,2,0,1,0,0,0,0,3,0,3,6,1,8,1,0,0,7,2,0,0,2
0,0,0,0,0,0,0,0,0,0,4,0,0,0,0,0,0,0,0,0,0,0,0,0,0,0,0,2,0,4,0,0,0,0,0,0,0,0
0,0,0,0,0,1,0,0,0,2,0,1,1,2,0,0,0,1,1,2,0,1,0,0,4,1,3,4,0,1,0,0,0,2,1,1,0,0
