1,0,2,0,0,0,0,0,0,0,0,0,0,0,0,0,0,0,0,0,0,0,0,0,1,0,0,0,0,0,0,0,0,0,0,0,0,0
1,8,0,2,3,1,0,0,0,0,0,0,0,0,0,0,0,0,0,0,1,0,0,0,0,0,2,0,0,0,0,0,0,0,0,0,0,0
0,0,1,2,0,2,0,0,0,0,0,0,0,0,0,0,0,0,0,0,0,0,0,0,0,0,2,0,0,0,0,0,0,0,0,0,0,0
4,17,8,119,41,51,21,3,1,7,5,7,8,1,0,3,0,0,3,1,1,6,0,1,7,1,7,1,0,3,0,0,0,2,1,0,0,0
3,7,4,43,16,19,5,2,2,5,16,6,0,6,0,4,2,7,6,6,3,4,1,0,3,2,6,5,0,11,0,1,3,0,0,0,0,0
2,6,26,51,8,116,62,9,9,1,9,2,9,1,7,0,12,6,3,0,8,8,0,0,6,2,24,4,0,9,0,0,0,2,0,2,0,0
1,5,9,30,18,89,51,6,4,1,9,10,21,5,0,1,15,7,7,1,8,5,5,3,9,0,18,9,6,16,1,0,0,1,0,0,0,0
0,2,1,8,6,14,26,1,1,0,5,1,4,1,0,0,7,5,3,3,1,4,2,2,3,0,17,2,0,7,0,0,0,0,0,1,0,1
0,1,0,1,3,14,7,1,0,0,0,1,0,1,0,1,6,4,2,3,0,1,0,0,0,0,0,0,0,6,0,0,0,0,0,0,0,0
0,0,1,10,8,5,0,0,0,3,0,7,0,1,1,0,0,1,0,1,2,2,0,0,7,0,0,1,0,1,1,0,0,3,0,0,0,0
1,1,2,22,22,9,6,7,1,8,9,5,3,0,2,1,6,5,1,6,4,6,0,4,8,7,4,9,4,5,0,0,1,1,0,0,0,0
1,2,1,25,10,21,21,2,5,4,12,5,4,5,0,5,9,3,7,4,7,10,2,5,6,2,23,17,4,9,0,1,1,2,1,0,0,0
0,0,2,11,9,27,36,2,4,3,1,12,3,3,0,3,6,8,8,2,2,4,1,2,4,0,25,7,4,25,1,2,0,4,4,2,0,0
0,3,3,11,9,15,10,5,0,1,4,1,0,0,1,0,2,3,5,8,3,10,0,0,10,4,6,4,2,5,0,0,2,3,0,0,0,2
0,0,0,1,2,2,2,0,0,0,0,1,2,0,0,0,0,1,3,1,0,0,0,0,5,5,6,5,0,1,0,0,0,0,0,0,0,0
0,0,0,2,2,6,6,2,0,0,0,0,0,0,0,0,1,1,0,0,0,1,0,0,1,1,3,0,0,5,0,0,2,3,0,0,0,0
0,0,5,7,2,12,16,0,5,1,6,3,10,2,1,0,2,1,12,3,4,1,3,0,5,3,19,5,7,9,0,0,0,1,0,1,0,0
0,0,2,8,3,21,17,0,4,3,2,8,7,6,0,0,3,2,6,3,3,5,0,6,7,3,18,13,1,19,2,3,0,1,0,0,0,0
1,0,0,8,0,14,17,1,2,0,0,9,13,3,0,0,3,13,5,3,3,9,0,1,6,1,18,3,2,28,1,0,1,2,1,0,0,0
1,4,2,9,5,7,1,1,2,2,21,8,2,1,0,0,4,2,2,4,1,2,0,0,15,2,13,15,1,4,0,0,0,1,0,0,0,1
0,0,1,1,3,3,2,0,0,2,3,5,0,1,0,0,2,0,2,2,0,3,0,0,8,0,6,7,3,5,0,2,0,2,0,0,0,3
1,0,0,1,7,11,12,0,2,1,5,3,2,0,0,1,2,7,7,0,1,3,1,5,11,0,15,11,2,11,0,0,0,1,0,0,0,0
0,0,0,4,0,3,2,0,0,1,1,0,0,0,2,0,0,1,1,2,1,2,0,0,0,0,7,2,0,0,0,0,0,3,0,0,0,0
0,0,0,1,0,1,1,0,0,1,5,0,1,0,0,1,0,1,1,1,0,1,0,0,8,2,4,2,6,7,0,0,0,2,0,0,0,0
4,3,6,12,5,12,4,2,1,10,12,4,7,1,1,1,3,5,10,21,8,10,6,4,35,3,45,52,6,52,2,1,0,10,2,3,0,1
0,1,0,2,3,7,0,0,0,2,1,1,0,0,0,0,0,1,3,5,3,0,0,0,6,1,5,7,1,15,0,1,0,5,0,0,0,1
2,3,1,16,5,19,8,0,5,3,8,3,5,4,0,1,11,19,18,5,3,19,6,1,30,10,25,44,20,66,1,1,6,8,1,2,0,1
1,0,0,6,1,3,2,2,1,6,3,2,1,0,0,0,4,3,3,11,2,3,0,2,34,7,18,22,7,45,0,1,0,7,6,2,0,0
0,2,0,3,3,2,1,0,2,1,0,2,3,2,0,0,3,0,0,4,2,1,0,1,5,1,13,12,3,19,0,2,0,10,0,6,0,5
1,0,4,9,4,2,9,1,4,6,4,4,4,2,0,0,8,3,10,4,6,5,0,8,21,1,31,23,12,89,11,1,2,12,3,0,2,6
0,1,0,0,0,3,4,0,0,0,2,0,0,0,0,0,1,0,1,0,0,0,0,0,1,0,2,4,1,6,0,1,0,0,0,1,0,0
0,0,1,0,0,2,0,0,2,0,0,0,0,0,0,0,0,0,0,3,0,0,0,0,1,0,5,2,2,6,1,0,1,3,0,2,0,0
2,0,0,2,2,3,2,0,0,0,0,0,2,1,1,0,0,5,2,1,0,1,0,1,1,0,1,1,3,4,0,0,0,1,0,2,1,0
0,0,0,4,3,1,5,0,0,1,7,2,0,1,0,1,1,1,3,2,1,1,1,0,15,2,5,18,3,17,1,2,0,9,3,1,0,5
0,0,0,3,0,0,0,0,1,1,0,0,1,0,0,0,0,0,1,0,0,0,0,0,6,1,1,4,2,7,0,1,0,4,2,2,0,1
1,0,0,1,0,1,0,0,0,0,0,0,1,0,0,0,1,0,3,2,0,0,0,0,3,0,5,2,0,11,0,1,0,3,1,0,0,0
0,0,0,0,0,0,0,0,0,0,0,0,0,0,0,0,0,0,0,0,0,0,0,0,0,1,0,0,0,0,0,0,0,1,0,0,0,0
0,0,0,1,0,0,0,0,1,0,1,1,0,0,0,0,0,1,0,0,0,0,0,2,1,0,1,2,1,4,1,2,0,2,0,2,0,0
