2,2,0,0,0,0,0,0,0,0,0,0,0,0,0,0,0,0,0,0,0,0,0,0,0,0,0,0,0,0,0,0,0,0,0,0,0,0
0,6,2,14,2,5,0,0,0,0,0,3,0,0,0,0,1,0,1,0,0,2,0,0,0,0,1,0,0,1,0,0,0,0,0,0,0,0
0,1,4,1,0,3,1,0,0,0,0,0,0,0,0,0,0,0,0,0,0,0,1,0,0,0,1,0,0,0,0,0,0,0,0,0,0,0
7,27,11,116,25,47,27,2,2,3,9,8,7,1,0,2,5,1,4,2,1,3,0,0,2,0,5,2,3,4,0,0,0,0,0,1,0,0
3,5,5,41,20,13,9,2,0,4,11,11,4,2,0,2,2,4,5,7,4,7,1,1,14,2,8,5,0,4,0,0,0,0,0,0,0,1
3,9,19,49,5,97,54,6,8,6,0,4,14,0,2,1,6,3,5,2,5,6,1,0,8,0,8,10,2,8,1,0,0,0,0,1,0,0
1,6,5,28,10,88,47,7,4,3,9,8,9,0,1,0,4,7,9,5,7,7,0,5,9,2,16,9,8,16,1,2,1,4,0,1,1,1
1,4,2,12,4,16,12,0,0,1,4,1,1,1,0,2,6,3,4,3,1,3,1,1,5,0,8,2,3,6,0,0,0,1,3,1,0,0
0,2,2,2,3,19,10,0,0,0,2,0,2,0,0,0,0,0,0,0,0,2,0,1,0,0,2,0,0,1,0,1,0,0,0,0,0,0
0,0,0,11,5,2,4,0,1,0,3,2,0,1,0,1,3,0,1,1,1,2,0,0,2,0,1,1,0,4,1,0,0,0,2,0,0,0
1,1,4,14,11,6,7,4,1,4,9,4,3,3,1,2,6,9,1,7,5,7,1,3,14,3,13,8,5,4,1,0,0,0,3,0,0,1
0,2,1,22,16,16,16,2,3,6,2,2,1,3,0,4,6,8,7,7,5,15,3,7,11,6,10,12,4,11,0,1,2,4,1,3,0,0
0,1,1,14,8,29,24,0,8,0,5,5,2,0,0,1,7,4,7,0,2,2,0,0,6,3,16,3,6,16,1,0,1,7,1,2,1,2
0,2,1,4,8,13,11,0,3,2,3,3,1,6,0,2,5,0,4,8,4,3,0,0,12,3,11,2,0,13,0,0,0,0,0,0,0,2
0,0,1,2,0,2,0,1,1,0,1,0,0,2,0,0,2,0,0,0,3,2,1,0,1,0,0,1,0,1,0,0,0,0,0,0,0,0
0,1,1,2,2,3,9,0,0,1,0,1,1,0,0,0,0,0,3,0,0,2,3,0,0,0,3,2,0,4,0,0,0,1,0,0,0,0
0,0,1,6,4,12,14,1,9,1,4,1,4,1,0,0,0,2,11,2,6,4,0,3,2,2,21,3,2,15,0,0,1,2,0,1,0,0
2,0,0,8,4,24,13,2,5,0,5,3,1,0,0,2,4,1,5,5,7,13,0,2,8,2,12,5,4,20,2,0,0,0,1,0,0,0
2,1,1,4,7,19,14,0,14,0,2,4,4,2,0,0,1,9,1,11,2,8,1,5,13,4,30,7,8,21,2,0,1,3,1,0,0,0
0,1,1,4,4,4,7,1,0,3,8,2,5,1,1,0,3,6,4,2,4,1,1,0,15,3,8,10,0,5,0,0,2,0,0,0,0,1
0,0,0,2,0,6,0,0,1,5,0,0,0,0,0,0,3,4,2,2,0,1,0,0,7,0,1,1,4,3,0,0,0,0,1,0,0,0
0,1,0,4,4,5,6,0,0,4,9,3,5,3,0,0,1,11,4,4,0,2,0,0,15,1,7,8,3,15,0,3,0,3,0,0,0,0
0,0,0,2,1,5,0,0,1,0,0,1,0,0,0,1,1,1,0,0,0,0,0,0,4,0,5,3,0,2,1,0,0,0,0,0,0,0
0,1,0,4,0,5,3,2,1,0,0,0,1,2,0,0,0,4,1,3,3,0,0,1,4,0,6,1,4,6,0,0,0,0,1,0,0,0
1,5,1,14,4,9,6,0,0,6,13,1,3,4,0,0,6,11,15,23,6,10,5,6,46,11,24,47,7,33,4,0,6,12,2,1,0,1
0,0,0,4,2,4,2,0,0,1,3,2,0,3,0,0,1,4,1,2,1,3,0,0,4,0,8,4,4,11,2,0,0,5,0,1,0,2
1,2,1,11,12,28,18,1,3,11,5,4,10,1,0,3,6,32,10,7,10,16,2,2,37,7,42,24,16,64,1,0,3,12,0,2,0,1
1,0,0,11,2,10,8,0,0,2,2,2,1,0,0,0,0,5,7,10,2,3,1,1,31,4,8,32,5,41,3,1,0,14,7,4,0,1
0,2,0,5,2,4,5,0,0,2,1,0,0,0,0,0,2,3,4,4,0,3,0,0,5,3,14,16,3,11,1,0,0,6,3,1,0,0
0,1,1,7,6,14,7,0,0,6,4,3,2,0,0,1,3,6,16,10,2,7,1,0,25,4,20,28,13,79,5,5,1,19,2,0,0,1
0,0,0,0,0,2,0,0,0,0,0,0,0,0,0,0,0,3,3,2,0,0,0,0,3,0,2,5,1,4,0,2,0,1,1,0,0,1
1,1,0,1,2,1,0,0,0,0,2,0,1,0,0,0,0,1,0,2,0,0,1,0,0,0,3,0,0,8,1,0,0,0,2,0,0,0
0,1,0,0,0,5,4,0,0,0,0,0,0,0,0,0,0,4,1,4,0,3,0,0,3,0,5,1,0,5,0,0,0,0,3,2,0,0
0,2,1,4,2,5,3,0,0,0,1,0,0,0,0,0,2,5,1,4,3,1,0,2,10,0,7,17,5,15,0,0,0,11,1,2,0,4
0,1,2,0,0,3,0,0,0,2,0,0,0,1,0,0,2,1,0,2,0,1,0,0,0,0,1,3,1,14,0,0,0,3,0,1,0,0
0,0,0,4,1,1,1,0,0,0,0,0,0,2,0,0,1,2,0,0,1,0,0,0,6,0,0,1,1,2,0,0,0,1,2,2,0,0
0,0,0,0,1,3,0,0,0,0,2,0,0,0,0,0,0,0,0,3,0,0,0,0,0,1,0,0,0,3,0,0,0,0,0,0,0,0
0,0,0,1,0,0,0,0,0,0,0,0,0,0,0,0,0,6,1,2,0,0,0,0,2,0,4,1,0,3,0,0,0,2,0,3,0,0
