0.856666666667
3.18
1.89923076923
1.80778461538
1.96128712871
1.81157746479
2.0624251497
2.04208695652
1.65653061224
1.91943396226
1.82176829268
1.95649350649
2.07079545455
1.90136
1.76407407407
1.90789473684
1.75376811594
1.93753012048
1.7902617801
1.97944444444
1.84651162791
1.81157480315
1.92133333333
1.95086206897
1.88688821752
1.73821917808
1.77285714286
1.9614159292
1.97258064516
1.96389261745
3.03193548387
4.20724137931
4.06512820513
2.6120212766
2.54473684211
3.71676470588
5.00777777778
3.65166666667
