0,0,0,2,0,0,0,0,0,0,0,0,0,0,0,0,0,0,0,0,0,0,0,0,0,0,0,0,0,0,0,0,0,0,0,0,0,0
1,11,5,8,2,0,1,0,0,0,1,2,0,0,0,0,0,2,2,0,0,0,0,0,0,0,0,0,1,1,0,0,0,0,0,0,0,0
0,2,4,1,0,2,1,0,0,1,0,0,0,0,0,0,0,0,0,0,0,0,0,1,0,0,0,0,0,2,0,0,0,0,0,0,0,0
10,16,11,68,24,44,26,0,1,3,15,5,2,0,0,0,1,0,3,6,3,5,0,1,3,1,5,4,0,2,0,0,0,0,0,0,0,0
1,6,1,26,9,17,14,4,2,5,11,13,5,1,0,5,4,1,1,14,0,2,1,0,3,0,9,8,3,1,0,0,0,1,5,1,0,3
2,8,10,31,14,89,38,7,1,3,9,3,16,0,0,2,6,3,7,0,3,3,1,4,15,0,12,7,1,9,0,0,0,1,0,0,0,0
5,5,6,31,20,64,43,1,3,3,2,11,11,2,0,1,6,6,12,2,1,18,0,1,10,1,19,4,4,17,1,0,1,2,0,3,0,2
2,0,1,10,7,18,17,2,2,0,1,0,5,1,1,2,2,0,4,5,3,5,0,2,3,0,9,7,0,4,2,1,0,4,1,0,0,2
0,0,0,5,1,12,8,0,1,1,0,0,3,0,0,0,3,0,0,0,0,1,0,0,3,0,2,2,0,8,0,0,0,1,0,0,0,0
2,1,0,12,5,1,0,1,0,3,3,1,0,0,2,0,0,1,0,4,0,0,0,0,4,0,3,3,0,0,0,0,0,0,2,0,0,0
0,5,3,24,12,15,5,1,3,6,5,5,2,0,0,3,11,1,7,7,4,12,3,0,10,1,4,9,1,5,2,0,1,1,0,1,0,2
0,5,2,29,12,25,22,1,3,6,6,0,1,3,0,4,7,12,8,8,7,16,6,1,14,1,16,15,1,12,2,0,2,1,1,1,0,0
0,0,0,10,8,36,26,0,2,0,12,5,2,3,0,0,5,2,3,7,3,6,0,0,18,0,28,7,5,15,0,0,3,8,0,0,0,2
0,0,0,11,8,12,8,1,8,2,3,5,4,0,0,2,4,1,0,8,1,9,1,3,4,3,13,6,1,3,1,1,1,4,0,0,0,0
0,2,0,0,0,4,1,1,0,0,0,0,0,1,0,3,0,0,1,0,0,2,1,0,2,0,0,1,0,1,0,0,0,0,0,0,0,0
0,0,0,3,3,6,5,0,1,0,2,0,1,2,0,0,0,0,3,0,2,1,0,0,1,0,11,1,1,1,0,0,0,0,0,0,0,0
2,5,1,6,0,14,11,0,4,0,2,1,6,1,0,0,4,3,11,3,0,12,2,0,4,1,21,7,2,12,1,0,1,2,0,0,0,2
0,0,2,5,6,22,11,0,3,0,3,4,8,1,0,0,5,3,12,3,2,9,1,0,3,2,23,15,4,20,2,0,3,2,0,4,0,0
0,0,0,6,1,14,6,0,2,1,2,3,6,3,0,0,6,6,5,0,4,4,0,4,9,0,21,8,5,30,0,0,0,0,0,1,0,0
1,0,0,6,11,8,8,1,3,5,8,7,5,0,0,0,2,6,1,9,3,3,3,4,10,1,26,8,6,14,1,1,2,1,1,0,0,1
2,1,1,4,2,0,4,1,1,5,3,3,2,0,0,2,3,1,4,2,1,2,0,0,8,2,2,1,1,8,0,0,0,3,0,0,0,2
1,4,1,5,5,8,4,1,1,3,9,3,4,2,0,0,11,9,5,10,7,1,0,3,15,2,14,2,4,7,2,1,0,3,0,2,0,1
1,0,0,3,2,0,3,3,0,0,1,0,0,0,0,1,1,2,3,2,0,1,1,0,5,0,1,1,2,11,1,0,0,0,0,0,0,0
0,0,0,1,0,7,0,1,0,1,0,0,0,0,1,0,0,6,5,2,0,0,3,0,2,2,5,4,2,3,0,0,0,1,0,0,0,0
1,7,0,12,7,10,13,1,2,7,5,9,4,1,0,1,5,17,11,8,8,9,7,3,27,7,26,29,10,45,0,3,1,15,1,0,0,2
0,2,0,1,9,5,5,0,0,3,3,1,1,0,2,0,1,5,1,3,1,0,0,0,6,1,9,5,6,9,0,0,0,1,0,1,0,0
0,0,7,8,10,26,12,1,1,2,13,1,6,4,0,2,10,16,21,12,3,17,6,7,35,7,54,32,18,79,7,1,2,11,2,0,0,1
2,3,1,8,4,7,3,0,0,1,7,1,1,4,0,0,1,10,4,9,0,8,0,0,23,3,9,19,9,28,1,1,2,8,3,5,0,1
0,1,0,1,2,4,1,0,1,1,1,1,3,2,0,0,1,6,4,2,1,1,1,0,14,1,8,18,3,19,2,0,2,2,1,0,0,1
1,0,0,3,4,11,11,2,0,3,4,7,11,2,0,0,11,8,7,4,1,12,1,1,20,4,36,21,25,88,10,6,4,17,8,3,2,1
0,1,0,3,0,3,2,0,0,0,0,1,2,0,0,0,2,0,0,0,0,0,0,0,0,0,5,4,0,4,0,0,0,1,2,1,0,0
0,0,0,0,1,0,1,0,0,0,0,0,2,0,0,0,0,1,0,0,0,0,0,1,1,0,5,2,0,8,1,0,0,0,0,0,0,0
0,0,0,1,2,3,1,0,0,0,0,1,0,0,0,0,1,1,0,2,0,0,1,0,2,0,5,1,1,5,0,0,0,0,0,2,0,0
0,2,0,4,5,5,1,0,2,0,4,3,1,0,0,0,1,1,3,2,1,4,0,0,9,1,6,13,9,18,6,2,0,3,1,5,0,4
0,0,0,1,1,3,0,0,0,1,0,0,0,0,0,0,2,1,2,2,0,0,0,0,8,0,4,4,0,8,0,0,0,3,0,3,0,1
0,0,0,0,0,2,1,0,0,1,0,0,1,0,0,0,0,0,0,0,0,0,0,1,5,0,1,2,0,1,0,0,1,0,1,0,0,2
0,0,0,0,0,0,0,0,0,0,0,0,0,0,0,0,0,0,0,0,0,0,0,0,0,0,0,0,0,1,0,0,0,0,0,0,0,0
0,0,0,0,0,3,3,0,0,0,2,0,0,0,0,0,0,0,1,4,0,0,0,0,4,1,3,3,1,2,0,0,0,0,0,1,0,0
