1,2,0,0,0,0,0,0,0,0,0,0,0,0,0,0,0,0,0,0,0,2,0,0,0,0,0,0,0,0,0,0,0,0,0,0,0,0
4,3,4,10,0,3,2,2,0,0,0,0,0,0,0,0,0,0,0,0,1,3,0,0,0,0,1,1,0,0,0,0,0,2,0,0,0,0
0,1,6,1,0,3,2,0,1,0,0,0,0,0,0,0,0,0,0,0,0,0,0,0,0,0,0,0,0,0,0,0,0,0,0,0,0,0
5,23,7,103,22,41,16,0,2,3,11,4,1,3,0,3,1,0,1,6,2,1,0,1,3,0,10,5,3,5,0,0,0,5,0,1,0,0
0,7,2,48,16,19,24,4,0,5,21,6,4,0,0,5,0,4,2,7,2,5,0,5,9,0,12,3,3,11,1,0,0,2,2,1,0,0
1,7,14,44,8,104,36,0,7,0,2,12,14,2,2,0,5,3,4,0,2,7,0,1,6,0,8,3,1,7,0,2,0,4,0,0,0,0
1,1,3,27,11,79,51,5,6,2,3,9,13,1,0,4,23,8,8,1,0,5,1,4,14,1,22,4,0,8,0,1,2,1,1,0,1,0
0,2,1,11,3,14,5,0,3,1,1,1,3,1,1,4,5,4,9,1,0,5,0,1,6,0,9,8,3,4,1,1,0,0,0,0,0,0
0,2,1,3,3,14,7,0,0,1,2,1,0,1,0,1,2,3,1,0,0,2,0,1,0,0,1,0,1,4,0,0,0,0,0,0,0,0
0,1,1,8,5,4,0,1,0,1,3,2,0,0,0,3,0,1,1,2,0,2,0,0,4,0,1,0,1,1,0,0,0,0,0,0,0,1
0,4,2,11,14,7,4,2,1,2,7,2,2,4,0,2,3,2,0,4,3,8,2,2,7,0,10,8,2,8,2,0,0,6,0,0,0,0
1,1,0,29,15,17,13,5,2,7,16,3,3,2,0,1,6,4,7,3,6,11,4,1,5,6,19,7,7,14,1,0,2,3,1,1,0,0
0,2,1,20,9,29,23,1,6,0,5,5,4,5,0,0,3,7,13,7,0,9,2,5,13,3,23,8,0,20,1,0,0,1,2,1,0,0
0,1,1,6,8,8,12,0,6,2,2,5,1,0,0,0,8,0,4,1,3,10,0,2,12,3,11,9,4,3,1,0,0,2,0,1,0,0
0,0,1,1,2,1,0,0,0,0,0,0,0,1,1,0,0,0,0,0,1,3,0,0,0,0,3,3,0,1,0,0,0,1,0,2,0,0
0,0,0,5,2,6,7,0,0,1,6,2,0,0,0,3,3,0,2,1,0,0,0,1,3,0,2,1,0,0,0,1,0,1,0,0,0,0
1,0,1,8,5,20,19,0,3,1,3,4,5,1,1,0,5,4,16,2,1,9,0,1,2,2,17,3,2,14,0,2,0,0,1,0,0,2
0,0,1,13,8,19,15,1,2,3,4,3,11,4,0,1,7,4,7,3,6,15,1,2,9,4,18,9,6,19,2,2,1,1,0,0,0,0
0,0,1,2,0,4,4,1,1,2,2,1,4,4,0,0,6,10,8,1,5,8,0,6,5,2,28,5,0,7,0,1,2,1,0,2,0,0
2,4,1,16,5,7,3,1,2,6,11,4,2,1,0,4,7,9,3,8,0,2,3,2,10,3,20,19,3,9,0,1,1,2,1,6,0,1
1,2,0,2,1,8,5,1,0,1,0,0,4,0,0,2,1,0,0,3,0,1,0,2,5,0,2,2,2,2,1,0,0,0,0,0,0,0
1,1,0,14,6,10,6,4,1,6,4,5,2,3,0,0,13,9,4,2,5,1,3,0,15,0,18,6,2,4,3,0,1,4,1,0,0,5
0,0,0,1,3,0,2,0,0,1,0,0,2,0,0,0,0,0,0,0,0,1,0,2,0,1,8,2,0,8,0,0,0,0,0,0,0,0
0,0,1,2,2,7,1,0,1,0,6,1,3,6,0,0,6,4,2,2,2,0,0,0,1,0,5,4,0,6,0,0,2,2,0,0,0,0
1,1,1,18,11,9,10,0,3,10,11,6,0,3,0,0,1,8,7,29,3,9,0,0,33,5,25,45,6,31,1,1,3,4,2,4,0,3
0,0,0,0,2,2,2,0,0,2,3,0,0,3,0,0,3,2,2,3,2,3,0,0,7,0,11,6,2,10,0,0,0,2,0,0,0,0
2,0,1,4,5,11,14,1,6,5,7,3,4,0,0,0,15,20,20,8,5,15,0,5,31,5,45,33,15,62,3,7,1,12,1,3,0,1
0,0,2,6,6,12,4,0,1,0,7,3,0,1,0,0,3,10,3,6,3,6,1,0,34,3,20,26,13,51,4,0,1,10,4,2,0,3
0,0,0,0,1,1,6,0,4,0,2,0,0,0,0,0,2,5,5,0,0,4,0,0,3,3,4,13,1,18,0,2,1,6,0,2,0,1
0,2,3,8,2,14,15,2,4,13,3,7,1,0,0,0,5,6,18,12,3,2,1,7,18,7,33,30,15,69,1,1,4,15,4,0,0,1
1,0,0,1,3,2,0,0,2,0,0,0,0,0,0,0,0,1,0,0,0,1,2,0,3,0,0,3,1,11,1,0,0,1,3,1,0,0
0,0,0,0,0,2,1,0,0,0,0,1,0,0,0,0,0,1,1,0,1,0,0,0,0,0,2,0,0,5,0,1,0,0,0,0,0,0
0,1,0,0,2,1,0,0,1,1,0,4,3,1,0,0,1,1,1,1,0,0,0,0,1,0,5,1,0,3,5,0,0,0,2,2,1,1
0,4,0,8,3,7,5,0,0,0,2,1,0,0,0,0,2,4,3,3,1,1,0,0,12,0,13,16,5,6,1,0,1,11,3,5,0,1
0,0,0,0,2,6,3,0,1,1,1,0,0,0,0,0,0,0,1,2,0,2,0,0,3,2,3,3,2,10,0,1,0,3,0,2,0,1
0,0,0,2,2,1,0,0,0,0,0,0,0,0,0,0,1,2,0,2,0,1,0,0,1,0,2,4,2,4,1,0,1,0,0,0,0,0
0,0,0,0,0,0,0,0,0,0,0,0,0,0,0,0,0,0,0,0,0,0,0,0,0,0,0,0,0,0,0,0,0,0,0,0,0,0
0,0,0,2,0,0,1,0,0,0,0,2,1,0,0,0,0,0,1,2,0,0,2,0,2,0,1,3,0,4,0,0,0,0,0,1,0,0
