1,1,0,0,0,0,0,0,0,0,0,0,0,0,0,0,0,0,0,0,0,0,0,0,0,0,0,0,0,0,0,0,0,0,0,0,0,0
0,6,5,9,2,2,2,0,1,0,0,0,0,0,0,0,0,0,0,0,0,0,0,0,0,0,1,0,0,1,0,0,0,0,0,0,0,0
0,0,5,3,0,12,0,0,0,0,0,0,0,1,0,0,0,0,0,0,0,0,0,1,0,0,0,0,0,2,0,0,0,0,0,0,0,0
5,31,13,92,20,44,11,0,0,3,6,4,0,2,0,1,3,4,0,1,2,2,1,0,1,3,2,3,1,3,0,0,0,1,0,0,0,0
4,9,5,48,16,19,17,1,2,5,9,6,7,4,0,1,6,7,1,11,6,1,0,0,8,0,4,8,2,6,1,0,0,0,1,2,0,1
4,1,13,38,4,97,35,3,7,1,3,4,4,1,0,0,8,6,5,1,6,4,0,7,3,0,10,7,6,5,0,0,3,1,0,0,0,1
1,3,10,22,9,67,52,4,3,3,1,2,19,2,0,1,10,5,5,2,11,10,0,3,8,3,16,6,1,9,0,1,2,1,0,0,0,0
1,1,1,9,6,11,10,0,1,0,2,0,2,2,0,1,11,3,14,0,2,0,0,2,6,3,10,12,0,8,1,0,0,0,1,0,0,2
0,1,1,1,1,27,12,0,0,2,2,0,0,0,0,0,2,2,1,0,0,0,0,0,1,1,4,0,0,2,2,0,0,0,0,0,0,0
1,1,0,8,0,2,1,0,2,3,3,3,0,0,0,2,0,0,2,3,1,0,0,0,2,0,3,2,0,3,0,0,0,2,0,0,0,0
0,2,0,23,17,14,6,0,0,8,9,5,5,2,0,1,5,6,0,12,0,6,1,2,12,1,11,7,4,7,1,1,1,6,0,0,0,0
2,2,1,20,7,24,10,0,5,3,4,3,7,8,0,10,4,16,10,10,6,15,1,4,11,5,8,16,9,8,0,0,5,4,2,2,0,1
0,4,1,18,11,38,13,1,1,1,6,6,4,2,1,0,3,6,5,1,1,5,0,1,9,1,22,6,6,21,1,0,1,0,0,1,2,1
1,1,0,7,14,8,6,0,2,1,7,1,3,1,0,2,6,2,3,5,4,8,0,0,5,1,8,7,2,9,0,0,1,1,0,1,0,0
0,0,0,0,1,2,0,1,0,0,0,2,1,0,0,0,0,1,1,0,0,0,0,0,0,0,4,1,3,3,0,0,0,1,0,0,0,0
0,0,1,4,2,6,5,1,0,0,1,1,0,1,0,0,0,0,1,0,1,2,0,0,1,1,4,4,3,1,0,0,0,0,0,0,0,0
0,0,5,4,7,30,15,0,2,0,6,3,6,2,0,0,2,6,9,6,9,15,1,0,6,2,21,5,1,12,1,1,1,5,2,0,0,0
1,0,1,11,2,27,16,2,2,12,4,2,3,1,0,0,3,1,3,3,5,7,2,1,12,2,20,7,1,20,0,1,1,5,1,0,1,0
0,1,0,2,2,12,7,1,4,0,1,0,1,1,0,0,1,10,4,3,2,6,0,1,2,0,19,7,5,23,1,0,0,0,2,2,0,0
0,1,2,8,3,10,5,1,1,6,8,0,4,9,0,1,4,8,0,8,1,4,3,1,15,4,14,8,1,14,0,0,0,2,0,3,0,0
0,0,3,1,2,4,2,0,3,2,3,0,1,0,0,0,1,0,2,3,1,2,0,0,1,2,8,2,0,7,0,0,0,0,1,1,0,0
1,4,1,8,9,8,10,0,2,5,7,3,0,1,2,0,7,5,3,1,3,0,0,1,16,0,11,4,2,4,0,4,0,1,0,2,0,2
0,1,1,3,0,6,4,0,0,0,0,1,0,0,0,0,1,0,1,0,0,4,0,0,1,0,0,2,0,1,0,1,0,0,0,0,0,0
0,0,0,3,0,6,5,0,1,0,3,2,1,3,0,1,6,2,2,2,0,2,0,1,5,1,7,2,2,2,0,1,1,0,0,0,0,0
2,4,1,15,7,16,10,0,0,12,19,2,4,3,2,1,2,9,11,11,9,5,2,5,35,6,27,33,10,36,3,1,1,10,0,0,0,3
1,0,1,0,5,4,2,0,2,5,4,1,0,0,0,0,2,3,4,6,0,2,0,0,10,0,5,5,5,10,0,0,0,4,0,0,0,0
2,4,0,15,6,21,17,3,3,3,6,7,4,1,0,0,4,18,21,5,14,19,3,7,22,8,43,20,11,71,4,0,0,12,1,4,0,1
0,3,0,7,4,8,6,0,0,1,10,3,0,6,0,0,6,7,10,5,4,4,1,0,32,3,12,21,5,48,1,1,0,6,1,2,1,3
0,0,0,11,0,3,3,0,0,0,0,2,3,0,0,0,0,2,0,0,0,0,0,0,7,6,8,9,2,17,3,1,1,7,0,2,0,1
0,2,0,8,5,12,11,0,0,1,6,2,5,0,0,0,4,13,10,6,2,16,0,4,16,13,37,37,5,88,7,6,15,9,1,2,0,1
0,0,0,1,0,0,2,0,0,0,0,0,0,0,0,0,2,2,1,3,0,1,0,0,0,0,1,1,0,8,0,2,0,0,1,0,0,1
1,0,0,2,1,0,1,0,0,0,0,0,0,0,0,0,0,1,0,0,0,0,0,0,0,1,1,0,1,3,0,0,0,0,0,4,0,0
0,0,0,1,1,3,2,0,0,0,0,0,3,1,0,0,0,0,0,1,1,2,0,0,2,0,7,1,0,10,0,0,0,0,0,0,0,0
0,0,0,6,3,8,9,0,4,0,1,0,0,0,0,0,1,4,2,1,0,3,0,3,9,3,8,17,4,28,3,2,4,6,3,5,0,6
0,0,0,3,2,0,2,0,0,3,1,0,0,0,0,0,2,0,1,0,0,0,0,1,4,2,0,4,1,7,0,2,0,4,1,0,0,2
0,0,0,0,0,3,2,0,4,0,0,0,0,0,0,0,0,0,1,0,0,0,0,0,4,0,0,3,0,2,0,2,0,8,2,2,0,0
0,0,0,0,0,0,0,0,0,1,0,0,0,0,0,0,0,0,1,0,0,0,0,0,0,0,0,1,0,2,0,0,0,0,0,0,0,0
1,0,0,0,1,1,0,0,0,1,0,3,1,0,0,0,3,1,0,1,0,2,0,0,6,0,6,0,0,2,0,0,0,2,0,2,0,0
