5,0,0,0,0,0,0,0,0,0,0,0,0,0,0,0,0,0,0,0,0,0,0,0,0,0,0,0,0,0,0,0,0,0,0,0,0,0
2,6,8,13,1,1,1,0,0,1,4,0,1,1,0,0,0,0,0,0,0,0,0,0,0,0,1,0,0,0,0,0,0,0,0,0,0,0
2,5,5,0,0,2,0,0,0,0,0,0,0,0,0,0,0,0,0,0,0,0,1,0,0,0,0,0,0,1,0,0,0,0,0,0,0,0
2,28,12,84,41,52,18,0,5,3,13,2,6,2,0,3,2,6,2,6,1,2,0,2,5,0,6,1,0,1,0,0,0,1,0,0,0,0
6,7,5,33,12,10,13,2,1,10,19,3,4,2,0,4,6,7,2,9,1,3,1,0,1,0,9,5,4,7,0,1,2,2,0,1,0,0
5,8,20,40,9,72,45,4,9,0,3,6,2,2,0,0,0,1,3,4,0,2,0,0,4,1,10,4,5,11,1,0,0,5,0,0,0,0
2,6,1,35,14,63,31,8,6,2,1,9,9,1,1,0,12,3,5,3,1,8,0,2,3,0,13,8,3,11,0,0,0,4,2,0,0,0
0,5,1,13,6,17,8,1,2,1,0,2,5,0,0,4,6,4,4,0,0,2,0,0,8,0,12,1,5,6,4,0,1,2,0,0,0,2
0,0,0,5,1,12,5,1,0,3,3,0,0,0,0,0,0,2,4,2,0,0,0,0,0,0,1,2,2,0,0,0,2,0,0,0,0,0
0,0,1,4,0,4,4,0,0,0,3,1,0,0,0,1,0,2,1,0,0,1,1,0,2,0,2,1,0,2,0,0,0,2,0,0,0,0
0,2,0,12,13,17,11,0,3,9,8,1,5,0,0,6,2,7,4,11,5,7,0,3,18,0,12,8,1,2,0,0,0,1,0,0,0,0
0,3,2,15,8,24,16,2,0,3,10,0,2,4,0,5,5,2,8,10,6,13,4,1,12,0,18,14,6,11,0,0,1,4,1,2,0,1
1,0,0,9,8,26,24,0,6,3,9,3,2,0,0,1,5,6,13,5,1,9,3,1,3,3,24,10,1,22,1,2,0,4,4,2,0,1
0,1,1,10,16,9,3,0,2,2,1,0,1,0,0,0,1,4,2,8,2,3,1,0,4,4,5,6,0,7,1,0,2,2,0,1,0,0
0,0,0,0,0,2,1,1,0,0,1,0,0,0,0,0,0,0,0,0,0,1,0,1,1,0,1,0,0,3,0,0,0,0,0,0,0,0
0,0,0,3,1,3,0,1,0,2,3,1,1,0,0,0,1,0,0,1,0,3,0,0,2,0,4,0,1,5,0,0,0,0,0,0,0,0
0,0,1,8,6,28,22,0,3,0,4,1,6,0,0,0,1,2,5,1,1,8,0,6,10,2,17,11,7,3,1,0,2,2,0,0,0,0
2,1,2,9,1,12,13,1,3,1,8,11,9,3,0,1,3,7,3,9,4,11,0,0,6,1,22,9,3,23,0,2,0,0,1,1,0,2
0,0,1,4,3,7,16,0,1,0,0,0,2,0,0,0,9,7,2,4,3,2,0,2,11,1,18,0,6,15,1,0,1,0,0,0,0,0
0,1,2,6,9,4,7,0,1,2,6,2,1,2,0,1,3,6,8,11,0,0,1,0,15,0,7,8,2,8,0,0,0,0,0,1,0,0
1,5,0,3,4,4,4,0,2,0,6,1,1,0,0,0,1,0,4,2,0,3,0,1,4,2,2,3,0,1,0,0,0,1,0,0,0,0
0,1,2,4,1,12,7,0,0,5,4,3,6,1,0,0,4,4,10,3,3,3,0,1,18,0,12,6,2,8,1,0,1,5,0,2,0,1
0,0,0,2,4,0,3,2,0,4,0,2,1,0,0,0,0,1,1,1,0,0,0,0,3,0,4,1,0,2,0,0,2,0,0,0,0,0
0,0,1,3,3,3,5,0,0,1,1,0,2,0,0,0,5,1,1,5,2,3,0,0,2,1,9,6,2,2,0,0,0,0,0,0,0,1
0,1,2,14,14,13,1,0,1,8,11,8,3,1,0,0,11,13,14,21,3,5,4,0,26,16,29,21,7,26,0,2,2,11,0,2,0,1
0,0,1,2,2,6,2,0,1,3,0,0,0,0,0,0,2,3,3,2,2,2,0,1,6,1,14,3,2,8,0,0,0,1,0,0,0,0
0,6,2,17,15,35,18,1,3,10,6,2,10,3,2,0,11,20,21,6,8,13,1,1,33,6,33,25,14,75,5,0,0,4,2,4,1,1
0,1,4,13,9,4,2,3,1,2,4,3,0,3,0,0,7,5,11,8,0,5,1,4,24,4,17,27,8,41,1,0,1,15,2,1,0,0
0,1,0,2,2,1,2,0,0,3,0,0,0,1,0,0,2,3,2,3,0,1,0,4,6,0,11,12,1,17,1,0,1,6,1,0,0,1
1,1,3,8,4,14,7,1,2,6,2,3,8,3,0,0,4,15,4,4,1,13,2,3,17,3,49,42,11,55,8,5,5,7,5,3,0,2
0,0,0,2,1,0,1,0,0,0,0,0,0,0,0,0,0,3,1,0,0,1,1,0,1,0,2,3,0,8,1,0,2,0,1,2,0,2
0,0,0,0,0,0,0,0,0,0,0,0,0,1,0,0,0,0,2,0,0,0,0,0,0,1,0,0,0,4,0,0,0,0,0,0,0,0
0,1,0,0,0,1,1,0,0,0,1,0,0,1,0,0,0,2,1,5,0,2,0,0,1,0,2,5,2,15,1,0,0,3,2,0,0,0
0,1,0,9,0,3,1,0,0,0,0,0,0,1,0,0,0,2,3,2,3,1,2,1,9,2,8,11,1,15,4,2,1,9,3,4,0,1
0,0,0,2,0,2,1,1,1,2,4,0,0,0,0,0,0,0,1,0,0,0,0,0,4,3,0,4,3,7,1,0,2,4,2,3,0,0
0,1,0,1,0,0,0,0,0,0,0,0,0,0,0,0,2,1,0,0,2,0,0,0,4,0,3,13,0,3,0,0,1,1,2,1,0,0
0,0,0,0,0,0,0,0,0,0,0,0,0,0,0,0,0,0,0,0,0,0,0,0,2,1,0,0,0,0,0,0,0,0,0,0,0,0
0,0,0,1,0,0,0,0,1,0,0,0,0,0,0,0,1,0,1,0,1,0,0,0,4,0,4,0,0,2,2,0,0,1,1,5,0,0
