2,0,0,0,0,0,0,0,0,0,1,0,0,0,0,0,0,0,0,0,0,0,0,0,0,0,0,0,0,0,0,0,0,0,0,0,0,0
3,7,5,22,0,6,0,0,0,0,2,0,0,0,0,0,0,0,1,0,0,1,0,0,0,0,1,0,0,0,0,0,0,1,0,0,0,0
1,5,9,1,0,8,1,0,0,0,0,1,0,0,0,0,0,0,0,0,0,0,0,0,0,0,0,0,0,0,0,0,0,0,0,0,0,0
7,27,11,70,29,48,18,1,0,0,5,1,0,4,0,3,2,4,4,4,0,2,3,2,4,1,4,3,0,3,0,0,0,0,0,0,0,0
2,7,4,43,12,22,8,2,5,10,5,0,2,0,0,5,2,2,5,3,1,3,2,0,8,1,5,6,0,4,1,0,0,1,0,1,0,0
1,11,9,26,9,96,44,4,6,2,4,4,6,1,0,1,2,2,7,0,2,7,1,0,0,1,8,8,5,5,0,0,0,3,0,0,0,0
3,5,7,38,14,51,35,4,2,0,4,2,13,1,0,2,15,5,6,7,3,2,1,4,6,0,13,6,0,14,3,0,0,1,0,1,0,4
0,1,0,4,5,10,10,1,6,1,1,1,2,0,0,4,6,0,4,1,0,2,0,0,3,0,7,3,1,8,1,0,0,0,0,0,0,0
0,0,4,0,1,16,10,2,1,0,0,1,1,0,0,0,1,5,0,2,1,0,0,0,1,2,1,0,1,2,0,0,0,0,0,0,0,0
0,2,0,3,2,0,0,0,0,0,4,3,0,2,0,0,0,0,1,6,1,1,0,0,0,0,0,4,0,3,0,0,0,1,0,0,0,0
0,1,0,28,15,6,4,0,0,5,6,1,3,3,0,1,4,11,2,8,10,4,2,4,11,1,9,10,4,13,0,0,1,1,2,3,0,0
1,0,0,29,15,26,15,0,9,6,5,5,7,6,0,9,7,9,8,12,2,10,3,3,6,4,6,17,2,17,1,0,2,4,2,4,0,3
1,3,0,13,11,25,28,0,0,0,7,6,5,3,0,1,5,5,19,0,0,12,0,1,9,0,20,9,2,13,1,4,1,1,1,3,0,0
1,3,1,5,7,9,2,0,2,4,3,6,1,0,0,5,1,6,4,4,2,6,0,3,5,0,4,8,5,4,1,0,2,4,1,0,0,1
0,0,0,4,2,0,0,0,0,1,0,0,0,0,0,0,1,0,1,0,0,0,1,1,0,0,0,0,0,1,0,0,0,1,0,0,0,0
0,0,0,1,8,15,2,0,1,1,2,0,0,1,0,0,0,0,0,2,3,2,2,0,1,0,3,5,0,4,1,2,1,0,0,3,0,0
0,2,2,9,3,17,17,0,4,3,3,5,4,4,0,0,4,3,20,2,3,3,5,1,0,1,14,6,1,22,3,1,2,4,0,1,0,0
0,1,1,8,7,24,16,0,4,2,3,1,4,1,1,0,3,3,8,6,9,10,2,0,12,3,15,3,3,9,1,2,2,1,0,1,0,0
0,0,1,6,0,11,5,0,2,1,0,1,2,1,0,0,1,5,7,2,4,5,1,1,11,2,23,4,2,18,2,0,0,0,0,1,0,0
2,1,0,12,10,10,4,0,3,9,5,5,2,2,0,0,1,6,4,6,8,0,2,2,21,0,4,3,0,6,0,0,0,0,2,4,0,1
1,0,2,6,4,3,1,0,0,1,2,6,0,0,0,0,1,0,2,3,1,1,0,3,2,1,3,1,1,4,0,0,0,1,0,0,0,0
0,2,1,7,3,10,14,1,1,6,8,6,3,9,3,2,6,9,2,9,3,4,1,0,9,4,12,5,3,8,0,0,0,4,2,1,1,1
0,1,0,0,0,5,1,0,1,0,0,2,0,0,0,0,1,1,0,0,0,0,0,0,0,3,2,1,3,1,0,0,0,0,0,0,0,0
0,0,0,2,1,7,2,1,1,1,2,2,2,0,0,0,3,3,2,1,4,0,0,0,1,0,3,2,3,4,1,1,0,1,0,0,0,0
1,2,4,17,6,17,7,0,2,6,7,8,3,4,0,0,3,15,8,15,6,6,1,0,33,11,24,30,14,29,2,1,4,9,2,2,0,0
0,2,0,8,2,5,3,0,0,0,2,1,1,0,0,0,1,3,1,3,2,3,0,0,4,1,9,3,3,5,1,0,0,4,0,0,0,0
3,2,3,17,8,28,27,4,5,7,4,5,7,4,1,0,3,24,23,7,9,18,3,3,26,4,58,33,11,56,11,1,5,5,0,2,0,0
2,0,0,9,7,11,7,2,0,3,13,2,4,0,0,0,2,9,3,9,1,8,1,2,22,9,39,20,8,50,2,1,1,5,2,3,0,2
1,2,0,7,1,5,2,0,0,0,0,2,1,0,0,0,2,1,3,1,0,5,1,0,6,4,6,11,0,29,2,3,0,0,2,3,0,0
1,0,3,2,4,14,13,6,6,8,5,2,7,3,0,3,4,12,18,6,3,13,1,2,21,3,50,24,13,73,7,6,2,15,4,4,0,7
0,0,0,0,0,0,1,0,0,0,0,0,0,1,0,0,0,0,1,0,0,0,0,0,3,0,1,2,0,7,0,0,0,2,1,0,0,2
0,1,0,0,0,6,1,0,0,0,0,0,0,0,0,0,1,1,0,0,0,3,0,0,0,0,0,3,0,4,0,0,1,0,3,0,2,1
1,0,0,4,0,2,1,0,0,0,0,0,0,0,0,0,0,1,2,3,0,0,0,0,1,1,2,3,1,5,0,0,1,1,2,1,0,0
1,0,0,2,2,7,5,0,0,0,1,0,2,1,0,0,0,2,4,2,1,4,2,1,5,1,8,11,7,17,1,5,1,2,2,1,0,2
0,0,0,0,1,1,0,0,0,0,0,2,0,0,0,0,0,2,0,1,0,0,1,0,3,0,3,4,0,2,1,1,1,1,0,0,0,0
0,0,0,0,1,0,0,0,0,0,0,0,1,0,0,0,0,3,0,1,0,0,0,0,5,1,5,2,2,3,0,0,0,3,3,1,0,0
0,0,0,0,2,0,0,0,0,0,0,0,0,0,0,0,0,1,0,0,0,0,0,0,0,0,0,0,0,0,0,0,1,0,0,0,0,0
0,1,0,1,0,2,0,0,0,0,1,1,0,0,0,0,0,2,1,2,0,0,0,1,3,0,1,2,1,3,0,2,0,3,1,1,0,0
