0,1,0,0,0,0,0,0,0,0,0,0,0,0,0,0,0,0,0,0,0,0,0,0,0,0,0,0,0,0,0,0,0,0,0,0,0,0
1,9,1,11,2,7,2,0,0,0,0,0,0,0,0,0,1,0,0,0,0,0,0,0,0,0,0,0,0,3,0,0,0,4,0,0,0,0
0,2,3,1,1,2,1,0,0,0,0,0,1,0,0,0,0,0,0,0,0,0,0,0,0,0,1,0,0,0,0,0,0,0,0,0,0,0
4,28,7,81,19,39,19,0,3,5,6,3,2,1,0,2,2,3,0,4,0,1,0,2,5,1,7,3,0,0,1,0,0,1,0,0,0,0
0,10,4,47,20,20,14,1,3,7,9,9,6,2,0,1,3,3,8,4,4,4,0,0,8,0,7,5,2,8,0,0,4,3,3,1,0,0
2,5,8,50,13,70,49,2,5,0,6,3,4,1,0,3,4,8,9,2,0,7,0,0,6,0,8,1,4,9,0,0,0,4,0,1,0,0
4,2,4,30,11,69,45,3,6,3,5,12,6,3,0,1,14,7,8,3,5,16,1,2,9,0,11,9,3,15,3,1,0,2,0,2,0,3
2,0,0,10,2,12,14,0,0,0,2,1,1,0,0,0,4,1,2,2,4,1,0,0,4,0,7,0,1,8,1,0,1,2,0,0,0,0
1,0,1,9,2,22,4,0,1,0,0,6,1,0,0,0,6,0,2,1,0,0,0,0,0,0,4,0,0,5,0,0,0,0,0,0,0,0
1,0,1,5,2,4,3,0,2,3,0,0,2,0,0,0,0,2,1,1,1,0,0,0,5,1,2,1,0,5,0,0,0,0,0,0,0,0
5,4,4,22,12,19,7,2,3,6,6,9,5,0,0,3,3,4,0,2,3,1,1,2,26,3,13,7,7,11,3,0,0,1,2,0,1,2
0,1,4,19,9,22,8,1,4,4,10,0,3,2,0,13,1,0,13,1,7,7,3,1,19,0,9,14,5,7,0,1,2,4,2,0,0,1
0,3,6,15,5,28,17,0,3,0,8,8,4,0,0,2,4,9,15,2,6,8,0,1,4,4,27,7,6,8,0,0,0,3,2,1,0,0
0,1,0,8,5,10,3,0,2,2,4,1,1,0,0,1,7,1,1,6,2,8,0,1,7,0,6,4,2,6,3,2,0,4,3,0,0,1
0,0,0,0,0,0,0,0,0,0,1,0,0,0,0,0,0,0,1,2,0,1,0,0,1,0,0,0,0,0,0,0,0,0,0,0,0,0
0,0,1,4,3,14,8,0,0,0,3,0,0,0,0,0,1,0,3,0,2,4,0,2,0,1,8,0,0,1,0,0,0,0,0,1,0,0
2,0,2,11,6,27,25,0,3,0,2,2,1,0,0,0,5,6,9,5,4,6,2,1,7,0,17,4,2,17,1,1,0,1,0,0,0,0
1,0,5,12,1,25,16,1,6,1,4,3,9,0,0,0,4,2,3,6,5,6,0,5,5,0,26,2,3,21,2,1,0,2,0,0,0,0
1,0,1,11,2,15,12,0,1,0,4,0,1,1,0,0,2,2,5,1,1,9,0,2,3,3,14,4,1,22,1,0,0,1,2,0,0,1
1,2,1,8,3,15,4,0,1,2,4,2,1,5,1,1,1,6,5,5,5,2,0,2,8,0,7,5,0,6,0,0,0,2,0,0,0,1
0,3,0,2,6,4,3,0,0,0,7,2,0,1,0,1,3,2,2,2,0,0,0,1,6,0,1,3,3,2,0,0,0,1,0,0,0,0
0,2,2,5,0,11,9,1,0,2,5,3,4,0,2,3,3,12,5,3,3,5,1,1,8,2,16,10,6,11,0,2,0,1,0,0,0,0
0,0,0,4,0,5,1,0,0,0,0,2,1,0,0,0,2,0,0,1,0,2,0,0,0,0,0,4,0,7,0,0,0,1,2,1,0,0
0,0,3,7,1,2,0,0,0,0,2,0,0,1,0,0,0,0,2,0,1,1,0,0,5,1,5,5,2,1,0,0,4,0,0,0,0,0
1,1,2,16,16,6,8,0,2,10,7,2,4,6,0,0,9,15,12,12,7,8,1,3,25,2,40,27,8,39,2,4,1,7,3,5,0,1
1,4,0,2,1,3,2,0,0,2,8,5,0,1,0,0,0,6,0,1,6,1,0,1,3,2,11,10,1,6,1,2,0,4,0,0,0,0
1,2,2,17,5,25,32,1,4,2,5,8,6,1,0,1,6,10,15,4,3,12,1,4,26,7,34,18,11,67,0,4,2,16,0,0,0,0
1,0,0,7,7,10,7,0,5,4,4,5,1,1,2,0,3,4,7,7,3,4,1,2,34,4,9,13,5,35,4,0,3,16,3,3,0,2
1,1,0,5,3,1,2,2,0,2,2,1,1,0,0,0,0,5,4,4,0,2,0,0,13,2,12,9,2,24,3,1,0,6,0,0,0,2
0,1,1,6,4,12,7,0,2,3,3,5,3,2,0,1,5,12,26,9,2,8,3,2,25,4,38,42,8,79,7,4,1,19,2,3,0,4
0,0,0,4,0,4,0,0,3,1,1,0,0,0,0,0,0,1,1,0,0,0,0,0,1,0,0,3,1,1,4,0,0,4,0,1,0,0
0,0,0,0,0,0,0,0,0,0,0,0,1,0,0,0,1,1,0,0,1,0,0,0,1,0,0,3,1,4,0,0,1,0,1,0,0,0
0,1,0,3,0,2,2,0,0,0,4,0,0,0,0,0,1,1,2,0,0,0,0,0,3,1,5,4,1,6,1,0,1,0,1,6,0,2
2,2,0,4,1,4,10,2,0,0,2,0,0,1,0,0,0,0,2,6,1,4,1,2,10,1,10,13,2,20,1,1,3,9,1,6,0,7
0,0,0,1,0,4,3,0,0,0,4,0,2,0,0,0,0,0,0,1,1,0,0,0,0,2,2,6,1,8,0,0,0,1,0,2,0,1
1,0,0,1,2,3,2,0,1,0,0,0,0,0,0,0,3,3,0,6,0,0,0,0,2,2,2,4,0,1,0,0,1,2,1,2,0,1
0,0,0,0,0,0,0,0,0,0,0,0,0,0,0,0,1,0,0,0,0,0,0,1,1,0,0,0,1,0,0,0,0,0,0,1,0,0
0,0,0,1,0,0,2,0,0,3,0,0,0,0,0,0,0,0,0,1,1,0,0,0,1,0,0,4,1,2,0,0,0,2,0,0,0,0
