3,1,1,1,0,0,0,0,0,0,0,1,0,0,0,0,0,0,0,0,0,0,0,0,0,0,0,1,0,0,0,0,0,0,0,0,0,0
1,8,2,7,1,0,0,0,0,0,0,0,0,0,0,0,1,0,0,0,1,1,0,0,1,0,0,0,0,0,0,0,0,1,0,0,0,0
1,0,6,1,0,3,0,0,0,0,0,0,0,0,0,0,0,0,0,0,0,0,0,0,2,0,0,0,0,1,0,0,0,0,0,0,0,0
13,16,10,66,24,38,8,1,0,2,5,3,1,1,0,1,0,0,2,0,5,2,0,0,3,2,5,0,0,2,0,0,0,4,0,1,0,0
0,7,0,56,14,18,30,5,4,3,10,2,2,2,0,2,3,4,4,5,1,4,0,0,4,0,9,2,2,6,0,3,1,0,0,0,0,0
0,10,17,46,6,75,53,5,3,0,6,1,6,2,0,3,3,3,7,3,1,6,0,0,9,3,10,1,2,11,1,0,0,2,1,2,0,0
5,1,3,33,6,80,37,7,4,0,7,7,12,1,0,1,13,6,4,5,3,8,1,1,2,4,10,9,5,14,0,2,0,2,0,1,0,0
3,0,2,7,3,19,3,2,2,1,0,0,3,2,0,0,2,1,7,1,2,2,0,2,2,1,16,2,2,4,0,0,1,0,1,2,0,0
0,1,2,5,1,3,11,0,0,0,0,1,1,2,0,1,1,2,2,0,0,3,2,0,2,1,3,1,1,0,0,0,0,1,0,0,0,0
2,1,1,1,4,1,1,0,0,1,1,1,0,1,0,2,0,0,0,7,0,0,2,0,0,1,4,4,0,1,0,0,0,0,0,0,0,0
5,5,4,20,16,12,8,1,2,2,6,6,4,1,1,0,6,4,0,10,4,7,4,0,21,2,6,10,0,16,4,0,1,1,0,1,2,1
0,1,4,24,15,22,14,0,2,2,1,2,1,2,0,6,3,4,2,4,4,14,1,1,8,1,19,11,2,9,0,1,0,0,0,0,0,0
0,1,1,15,6,39,15,0,3,2,4,4,4,0,0,0,2,4,17,4,1,1,0,3,9,2,12,8,5,19,1,4,2,1,1,0,0,1
4,1,1,6,1,10,9,0,3,4,2,3,0,0,0,0,6,2,7,2,1,4,0,0,7,0,6,6,1,5,2,1,0,6,0,1,0,0
0,0,0,4,0,0,2,0,0,0,0,0,0,0,0,0,0,0,0,1,0,0,0,0,0,0,2,0,0,0,0,0,0,0,0,0,0,0
1,0,0,1,2,6,1,1,1,1,0,0,0,0,0,0,0,0,3,0,0,1,0,0,0,0,6,5,0,2,0,1,0,0,0,0,0,0
0,0,0,14,8,26,19,0,5,2,4,4,3,1,0,0,3,3,11,5,7,15,0,2,8,2,25,7,3,9,0,0,0,0,0,0,0,2
1,1,3,12,4,21,12,4,7,0,3,2,5,1,0,0,4,2,10,2,6,11,2,3,10,0,19,16,2,11,0,6,2,7,0,2,0,0
0,0,1,14,2,16,10,0,2,1,5,0,3,0,1,2,1,5,2,7,3,6,1,4,10,3,8,4,4,21,0,0,1,2,0,2,0,0
0,5,4,11,10,17,5,0,0,3,11,4,4,3,0,0,5,9,5,10,1,1,0,2,14,0,7,7,3,9,0,0,0,4,1,3,0,1
1,1,1,7,1,3,10,1,0,4,5,5,0,0,0,1,1,6,3,2,0,0,0,3,8,0,3,1,0,4,0,0,0,0,0,0,0,0
0,1,0,4,3,5,7,1,1,3,5,0,6,0,0,1,3,11,17,0,0,2,1,1,5,3,4,8,4,11,0,2,0,0,0,1,0,0
0,1,0,2,1,1,2,0,0,0,0,0,1,0,0,0,1,1,0,1,0,0,0,0,2,2,2,1,0,6,0,0,0,0,0,0,0,0
1,4,2,2,0,1,2,0,0,2,4,0,1,1,0,0,0,3,1,1,1,5,0,0,2,0,6,2,0,4,1,0,0,0,1,2,0,1
0,6,3,10,7,12,10,1,1,5,19,8,3,3,0,2,3,12,8,21,13,1,4,6,22,5,21,25,8,30,3,1,1,8,1,1,0,2
0,1,0,3,1,5,3,0,0,1,3,2,1,1,0,0,0,4,2,0,0,5,0,1,6,0,10,3,2,11,0,2,0,1,1,1,0,0
1,3,3,8,12,36,22,1,6,4,3,3,10,3,1,4,8,15,25,8,12,18,2,0,22,8,32,19,8,70,4,3,1,14,1,0,1,1
1,0,0,12,7,10,2,0,1,0,2,3,2,1,0,1,1,4,7,8,1,6,0,0,25,3,23,21,5,30,5,0,3,17,1,5,0,1
0,2,0,4,0,4,2,0,0,4,0,1,0,0,0,0,2,3,1,4,0,1,1,0,5,4,10,10,4,18,2,0,0,2,2,0,0,1
1,5,2,13,8,23,6,1,2,1,8,5,4,2,0,1,8,17,17,8,5,13,2,1,30,1,47,38,8,78,2,10,1,14,2,10,1,2
0,1,0,0,0,2,3,0,1,0,0,0,2,0,0,0,2,0,2,0,0,0,2,0,0,0,2,2,2,8,1,0,0,2,0,2,1,0
0,0,0,0,2,0,0,0,0,0,0,1,0,0,0,0,2,2,2,0,0,0,0,0,2,1,1,0,3,5,0,0,3,0,0,1,1,0
2,0,0,1,4,1,2,0,0,0,2,0,1,0,0,0,1,1,3,2,0,2,0,0,2,0,9,1,4,6,1,0,0,2,1,2,0,0
3,1,0,7,3,6,1,1,0,4,3,1,0,1,0,0,0,4,2,4,2,1,0,2,13,0,2,8,6,19,9,1,1,3,5,6,0,0
0,1,0,3,0,3,0,0,0,0,0,0,0,0,0,0,0,1,1,1,0,2,0,0,4,1,1,0,2,5,1,0,0,0,0,3,0,1
0,0,0,0,2,5,0,0,1,1,0,0,1,0,0,0,2,0,0,4,0,0,0,0,2,1,2,2,0,5,1,0,2,2,0,1,0,0
0,0,0,1,0,0,0,0,0,0,2,0,0,0,0,0,0,0,0,0,0,0,0,0,2,0,0,0,0,0,0,0,0,0,0,0,0,0
0,0,0,2,0,0,2,0,0,0,1,0,0,0,0,0,1,0,0,1,0,0,0,0,5,0,5,0,3,3,0,0,0,0,0,0,0,0
