1,1,0,0,0,0,0,0,0,0,0,0,0,0,0,0,0,0,0,0,0,0,0,0,0,0,0,0,0,0,0,0,0,0,0,0,0,0
0,9,1,17,1,4,0,0,0,1,1,1,0,0,0,0,0,0,0,2,0,0,0,0,0,0,1,0,0,2,0,0,0,0,0,0,0,0
0,0,11,3,0,3,2,0,0,0,0,0,0,0,0,0,0,0,1,0,0,0,0,0,0,0,0,0,0,0,0,0,0,0,0,0,0,0
4,20,8,67,14,35,20,0,4,4,8,1,1,0,0,3,2,4,2,7,4,2,1,1,1,0,8,3,0,2,0,0,0,4,1,0,0,0
2,5,1,33,9,45,21,0,6,0,5,7,7,1,0,6,2,5,3,10,3,2,2,1,4,1,12,2,2,5,0,0,0,2,0,0,0,1
1,5,13,39,9,64,46,0,7,0,3,8,7,2,0,1,3,1,9,0,0,4,1,0,6,0,8,1,2,6,0,1,0,1,0,1,0,0
0,6,6,27,17,77,39,5,5,3,2,11,9,1,0,2,8,3,8,2,0,14,1,1,6,1,14,9,2,11,1,0,0,5,0,0,0,0
1,0,2,18,8,21,9,0,0,2,2,1,3,2,0,2,3,4,8,0,0,3,0,0,6,1,3,2,5,3,1,0,2,3,0,0,0,0
0,0,0,1,1,12,11,0,3,0,2,0,0,0,0,0,6,1,2,0,0,1,0,0,1,2,1,0,0,0,0,0,0,0,0,0,0,0
0,3,0,5,3,0,2,0,1,1,1,1,0,1,0,0,0,4,0,4,0,2,0,0,6,0,2,2,0,0,0,0,1,2,0,1,0,0
0,5,0,17,15,14,16,4,2,6,5,6,3,3,0,3,6,5,2,11,2,6,0,2,14,1,12,12,0,2,1,0,0,5,0,0,0,1
4,1,2,18,15,27,15,3,2,0,7,1,6,4,0,2,2,5,4,9,5,9,1,3,12,0,17,10,0,5,3,1,1,4,1,0,0,1
1,3,2,5,3,22,31,4,2,2,4,3,4,0,1,1,5,6,22,4,2,6,1,2,10,2,26,3,5,10,1,0,2,2,0,1,0,0
0,4,2,7,5,9,6,0,1,2,4,0,3,2,0,0,1,1,6,1,1,4,1,0,1,2,5,3,1,5,0,2,0,1,0,3,0,0
0,0,0,1,0,3,1,0,0,0,0,0,0,0,0,0,0,0,0,0,0,1,0,0,0,0,0,0,0,1,1,0,0,0,0,0,0,0
0,0,0,3,1,6,1,2,1,0,1,1,0,0,0,0,0,0,2,0,0,0,0,0,5,0,4,4,1,0,0,1,0,1,0,0,0,0
0,0,1,10,6,16,9,1,3,3,5,0,9,4,0,0,1,4,10,3,5,12,0,8,6,1,21,8,4,17,2,2,0,4,2,0,0,0
1,3,3,11,7,12,18,3,8,2,3,8,10,2,0,1,2,5,8,1,4,6,2,4,6,1,30,9,3,13,1,1,0,0,0,1,0,0
1,1,0,5,3,12,8,3,4,2,4,2,5,2,0,0,4,5,11,3,3,4,0,2,8,2,18,4,2,9,0,2,2,0,0,0,0,0
1,4,4,15,10,10,4,0,1,7,4,0,3,2,0,0,1,17,5,4,5,4,0,0,8,0,5,6,2,9,1,3,1,0,1,1,0,7
1,0,2,4,4,6,4,1,1,2,3,0,0,0,0,0,2,1,2,1,3,0,0,1,8,0,4,2,0,2,0,2,0,2,0,0,0,1
1,0,0,5,2,11,10,0,0,1,1,3,5,3,0,0,0,8,9,7,6,2,1,0,10,0,12,4,0,9,0,0,2,2,0,1,0,1
0,1,0,4,0,6,1,0,0,3,2,1,1,0,0,0,1,0,5,0,0,3,0,0,2,0,1,0,1,2,1,0,0,0,0,0,0,0
0,0,0,1,0,4,1,1,0,0,0,0,0,1,0,0,0,1,1,0,1,0,0,0,4,0,6,3,0,13,0,0,1,0,0,0,0,0
4,3,0,8,4,17,5,1,5,10,6,7,5,5,0,0,4,9,6,25,5,12,3,3,32,4,21,34,5,25,2,2,1,8,5,1,0,1
1,0,0,3,2,7,5,0,0,0,1,0,2,2,0,0,1,3,4,2,2,0,0,0,5,0,10,7,3,4,1,0,1,2,0,2,0,0
2,5,6,14,3,23,18,0,2,1,5,4,5,3,2,0,18,26,18,9,7,20,0,1,25,3,27,23,11,57,3,1,1,3,0,3,0,0
2,4,0,15,11,12,3,1,2,0,2,5,2,5,1,0,6,5,10,7,3,2,1,0,39,8,23,17,8,34,0,0,1,11,0,6,0,3
0,0,2,1,2,2,2,0,0,0,4,0,0,3,0,0,1,5,2,2,0,2,1,1,8,2,4,15,2,14,1,1,1,3,0,0,0,2
2,3,3,20,1,25,13,0,1,2,10,3,6,5,0,0,2,17,22,8,2,8,3,2,26,12,60,43,18,77,13,8,0,12,2,6,0,3
0,0,0,0,0,1,1,0,0,0,1,2,0,0,0,0,0,0,1,0,0,2,0,1,2,0,0,0,0,3,6,0,0,4,0,0,0,0
0,0,0,0,0,1,0,0,0,0,0,1,0,0,0,0,0,0,0,0,0,1,0,2,1,0,1,3,0,2,0,0,0,2,1,0,1,1
0,0,1,5,1,0,1,0,0,0,2,0,0,0,0,0,1,2,0,1,0,0,0,0,1,0,7,0,3,1,3,0,1,0,0,1,0,2
1,2,1,9,3,5,1,1,1,1,3,2,0,0,0,1,4,0,2,0,1,6,0,0,15,1,9,6,4,10,2,0,1,6,2,8,0,5
1,0,0,2,0,3,1,0,0,1,0,0,0,0,0,0,1,0,1,2,1,0,0,0,0,0,6,4,1,7,1,1,0,0,0,1,0,2
0,0,0,3,1,1,0,0,0,0,0,0,0,0,0,0,0,0,0,2,0,0,0,0,7,0,2,6,0,3,2,2,1,0,0,2,0,0
0,0,2,0,0,0,0,0,0,0,0,0,0,0,0,0,0,0,0,0,0,0,0,0,0,0,0,0,0,0,0,0,1,0,0,0,0,0
0,0,0,2,0,1,0,0,0,0,3,0,0,0,0,0,4,1,0,3,0,0,0,0,6,0,1,1,0,2,0,0,1,0,0,0,0,0
