3,1,0,0,0,0,0,0,0,0,0,0,0,0,0,0,0,0,0,0,0,0,0,0,0,0,3,0,0,0,0,0,0,0,0,0,0,0
1,6,2,13,2,3,0,0,0,0,0,0,0,0,0,0,0,0,0,1,0,0,0,0,3,0,0,8,0,0,0,0,0,0,0,0,0,0
1,4,1,2,2,6,0,0,0,0,0,0,0,0,0,0,0,0,0,0,0,0,0,0,2,0,1,0,0,3,0,0,0,0,0,0,0,0
9,19,10,62,12,39,17,3,0,4,7,4,2,1,0,0,1,2,4,3,1,2,1,1,3,1,3,1,0,3,0,0,0,0,0,1,0,0
4,2,3,58,17,38,29,1,5,3,9,10,4,5,0,2,5,5,3,3,1,0,0,2,9,0,14,4,2,5,0,0,0,3,0,2,0,0
1,6,15,44,7,87,29,1,8,0,9,3,5,1,0,2,3,6,5,1,0,4,0,0,7,0,9,7,0,3,0,0,1,0,0,0,0,1
2,5,8,20,7,70,37,4,3,0,5,1,11,0,0,1,7,3,4,0,3,3,3,3,6,1,11,5,3,10,0,0,1,1,2,0,0,0
1,2,3,10,10,23,4,0,0,0,1,1,3,0,0,1,1,0,4,3,1,6,0,0,1,0,6,4,0,5,3,0,0,1,0,0,0,0
0,0,1,4,1,9,7,0,1,0,1,0,0,0,0,0,1,3,2,1,0,6,0,0,2,0,4,1,0,2,1,0,0,0,0,0,0,0
2,2,0,9,6,3,0,0,0,0,1,0,0,0,0,0,0,4,0,2,0,2,0,0,4,1,0,2,1,4,0,0,0,0,0,1,0,1
1,5,3,19,16,10,7,3,3,3,4,5,1,0,0,5,7,2,6,4,1,5,1,0,13,1,9,14,4,13,1,0,2,2,0,3,0,0
1,4,1,34,7,20,6,2,1,1,4,1,1,0,0,4,0,5,11,5,3,8,0,1,10,2,7,3,3,6,2,0,0,1,1,0,0,1
6,1,3,10,15,34,21,1,2,0,6,1,2,0,0,2,4,5,12,5,1,7,0,3,8,0,20,2,5,14,1,3,0,2,3,1,0,0
0,0,0,4,5,5,2,0,0,0,1,0,3,0,0,1,3,1,2,2,0,1,0,0,1,0,5,1,0,2,0,0,0,0,0,1,0,0
0,0,0,0,0,1,0,0,0,0,0,0,0,0,0,0,0,0,1,0,0,0,0,0,2,0,0,0,0,0,0,0,0,0,0,0,0,0
0,0,0,4,3,5,4,1,0,0,0,5,7,1,0,0,3,1,1,1,1,1,0,0,0,0,1,0,0,2,0,0,0,0,0,1,0,0
2,1,2,4,3,29,16,0,1,3,5,6,5,0,1,0,1,2,20,2,1,6,3,2,9,1,23,10,0,13,1,1,3,0,1,1,0,0
2,3,2,12,2,38,13,0,2,0,4,5,7,5,0,0,3,2,6,3,9,13,0,1,8,6,30,4,3,15,2,1,2,3,1,0,0,1
1,0,4,1,0,11,4,0,2,0,2,1,5,0,0,0,8,3,4,4,1,6,1,2,8,2,22,3,2,9,0,0,0,0,2,0,0,0
1,3,1,15,2,12,4,2,1,0,4,0,2,1,0,0,3,7,1,19,0,3,0,2,11,0,7,6,2,13,0,0,0,2,0,0,0,1
1,3,1,6,2,4,3,0,0,1,4,5,1,0,0,0,2,4,2,3,0,0,0,0,6,2,4,4,1,4,0,0,0,1,0,1,0,1
1,2,0,4,5,13,16,1,1,2,2,1,3,0,0,0,6,16,11,1,4,1,0,0,9,0,8,4,4,9,0,0,2,3,0,0,0,0
0,0,0,1,2,2,0,0,0,1,0,2,0,2,0,0,0,0,2,0,2,0,0,0,1,1,1,1,0,1,0,0,0,0,0,0,0,0
0,0,0,0,1,3,4,0,1,0,4,3,3,1,0,0,1,5,1,3,1,1,0,0,1,0,10,4,3,5,0,0,0,0,0,0,0,0
0,1,6,24,7,16,7,0,4,3,13,9,5,3,0,1,1,8,5,15,5,5,2,2,29,9,18,33,3,21,2,0,2,5,0,5,0,3
0,2,1,1,6,3,4,0,0,0,2,0,1,0,0,0,8,4,1,4,0,0,0,0,7,0,19,3,3,13,0,0,0,1,1,2,0,1
0,7,2,7,5,35,18,0,4,3,5,9,2,5,0,4,11,14,16,7,6,20,0,7,30,1,43,16,10,63,2,0,0,7,2,1,0,1
1,0,0,14,8,5,8,0,0,2,6,9,1,4,0,1,0,9,2,7,5,6,3,2,22,4,27,12,7,34,4,3,0,5,2,0,0,2
0,0,0,9,4,4,5,0,0,0,1,0,0,0,0,0,0,1,0,2,3,0,3,1,8,3,7,8,2,15,2,1,1,3,2,2,0,4
4,1,3,21,11,19,13,1,4,5,9,9,5,6,0,1,6,12,17,5,6,10,3,9,33,4,52,29,10,90,11,8,3,5,8,6,0,4
0,0,0,0,0,3,1,0,0,1,0,0,0,0,0,0,0,0,0,2,0,0,0,0,0,0,4,2,1,4,2,0,0,3,0,0,0,0
0,0,0,0,0,1,0,0,0,0,0,0,1,0,0,0,2,0,1,0,0,0,0,0,1,0,2,1,0,2,1,0,0,0,0,0,0,0
2,1,0,2,1,1,1,0,0,0,0,1,1,0,1,0,2,2,3,0,0,1,0,0,1,0,5,1,0,3,2,0,4,1,2,1,0,0
0,0,0,3,0,11,2,2,0,0,0,1,1,1,0,2,4,6,4,3,1,3,0,1,8,2,4,15,3,18,1,1,1,7,0,4,0,5
0,0,0,0,2,0,2,0,0,0,0,0,0,1,0,0,1,2,1,3,0,0,0,0,2,0,0,4,5,4,3,0,0,4,2,1,0,0
0,0,0,4,0,1,1,0,0,0,2,0,0,0,0,0,0,0,1,3,0,0,0,0,2,0,0,0,0,1,0,2,0,1,0,1,0,0
0,0,0,0,0,0,0,0,0,0,0,0,0,0,0,0,0,0,0,1,0,0,0,0,0,0,0,0,0,0,0,0,0,0,0,0,0,0
0,0,0,1,1,1,0,0,0,0,0,0,1,0,0,0,0,0,1,1,0,2,0,0,3,0,1,1,0,3,0,0,0,1,0,0,0,1
