0,0,1,0,0,0,0,0,0,0,0,0,0,0,0,0,0,0,0,0,0,0,0,0,0,0,0,0,0,0,0,0,0,0,0,0,0,0
0,14,0,6,3,3,3,0,0,0,0,0,0,2,0,0,0,0,1,0,0,0,0,0,0,0,0,10,0,2,0,0,0,0,0,0,0,0
0,3,4,5,2,3,0,0,0,0,0,0,0,0,0,0,0,0,0,0,0,0,0,0,0,0,0,0,0,0,0,0,0,0,0,0,0,0
5,16,18,59,21,46,16,3,2,0,8,5,3,0,0,2,0,4,2,6,0,0,2,0,2,0,7,0,1,3,0,0,0,1,1,3,0,0
4,7,1,37,9,21,20,3,2,4,11,6,2,3,0,3,2,4,1,6,0,3,2,3,13,0,5,6,3,3,0,0,0,3,0,1,0,0
1,4,19,47,6,66,31,3,5,1,5,3,5,0,0,0,2,5,9,4,1,1,0,1,6,1,7,6,4,7,1,0,0,1,0,0,0,0
0,5,4,12,8,75,52,3,3,0,6,2,6,3,0,2,9,1,8,0,12,4,1,4,5,0,9,5,2,7,0,2,2,2,0,0,0,0
0,2,2,3,2,12,10,0,1,0,0,1,0,1,0,3,4,5,9,3,1,0,1,0,2,0,3,0,0,11,0,0,1,0,2,2,0,0
0,2,0,3,3,10,7,1,4,0,0,1,1,0,0,0,3,3,2,0,0,0,0,3,2,0,3,0,0,1,0,0,0,0,0,0,0,0
1,0,1,16,5,5,2,0,0,1,3,0,0,0,0,0,0,0,2,2,0,1,0,1,2,0,0,1,0,2,0,0,0,0,0,0,0,0
3,1,3,19,2,16,4,0,3,0,2,4,3,1,0,2,5,4,6,7,3,5,0,3,17,3,5,12,0,5,1,1,3,2,2,2,0,0
1,5,0,14,8,20,16,1,6,1,10,3,2,1,0,4,4,9,5,6,2,10,0,3,7,4,15,10,0,6,1,1,2,8,0,6,0,2
0,0,4,13,13,35,22,0,4,4,10,4,1,2,0,1,11,8,11,4,7,8,2,4,9,4,20,4,1,10,1,0,6,5,0,2,0,0
0,0,3,2,3,6,4,1,0,2,1,4,1,3,0,3,2,0,0,1,2,4,0,3,3,0,6,3,1,9,0,0,0,1,1,0,0,1
0,0,0,0,1,2,1,0,1,0,0,0,0,0,0,0,0,0,0,0,0,0,0,0,0,0,0,0,1,1,0,0,0,1,0,1,0,0
0,0,1,2,1,11,4,0,0,0,1,0,3,0,0,0,4,1,2,0,1,0,0,1,3,0,7,4,0,7,0,1,0,1,0,0,0,0
0,0,5,14,2,31,20,1,4,0,4,4,8,2,0,0,6,2,10,2,4,6,0,0,5,1,26,4,3,21,1,0,3,2,1,1,0,2
1,0,1,11,2,21,9,1,0,0,6,6,2,1,0,0,0,2,4,2,3,5,0,2,6,2,16,1,2,6,3,1,2,1,0,2,0,1
0,3,1,2,0,18,26,0,4,0,0,0,14,0,0,0,6,3,11,1,4,3,2,0,3,4,11,4,2,10,0,0,0,1,0,0,0,0
3,3,0,11,13,8,10,0,0,3,7,4,2,0,0,0,2,2,6,12,5,1,0,0,8,0,4,7,2,6,2,0,1,2,3,2,0,2
0,4,0,6,5,2,0,0,0,1,1,6,0,0,0,0,2,3,2,3,0,1,1,0,7,0,6,0,2,2,0,0,0,0,0,0,0,0
0,0,2,5,4,13,10,0,2,0,4,6,3,2,0,0,2,11,5,4,1,3,0,0,5,0,5,13,2,7,0,0,0,1,0,0,0,2
0,0,3,0,0,3,0,0,0,0,3,3,0,0,0,0,1,1,2,0,0,0,0,0,0,0,1,1,0,0,0,0,0,1,0,0,0,0
0,0,1,1,2,6,2,0,1,0,1,1,2,0,0,1,1,10,0,0,0,0,0,2,0,1,5,1,0,2,0,0,0,0,0,0,0,0
6,2,2,12,16,13,9,2,0,4,21,5,2,1,0,2,2,8,7,25,7,10,0,0,32,8,15,42,4,26,2,0,2,7,2,5,0,2
0,1,0,8,1,9,6,0,1,0,4,0,2,1,0,0,0,0,1,3,0,2,0,0,5,0,7,7,3,5,1,0,0,5,1,0,0,0
2,2,3,21,5,41,21,2,10,2,12,2,4,2,0,2,11,13,26,6,3,13,0,0,25,1,27,24,9,56,2,0,0,13,5,1,1,1
0,2,0,16,5,6,5,0,2,0,1,3,2,2,2,0,7,7,7,12,2,4,1,1,34,6,13,20,5,30,7,0,3,12,2,6,0,4
0,0,1,2,3,8,4,1,0,0,1,1,0,1,0,1,2,2,2,1,2,4,0,0,8,0,16,6,3,9,1,0,1,1,1,0,0,3
2,3,2,18,9,20,15,0,6,0,7,7,8,6,0,0,5,13,13,13,7,9,5,4,38,4,65,40,10,79,11,6,5,17,11,3,0,4
0,0,2,1,0,2,1,0,0,0,0,0,0,0,0,0,0,0,2,0,0,0,0,0,2,1,1,4,1,1,1,0,3,2,0,1,0,0
0,0,1,0,0,1,2,0,0,0,0,0,0,0,0,0,0,0,0,3,0,0,0,0,0,0,3,0,1,4,0,0,0,0,0,1,0,0
2,0,0,1,2,6,2,0,0,0,0,0,0,0,0,0,0,1,1,1,4,1,0,0,2,0,0,3,0,7,0,0,0,1,0,0,0,0
2,1,0,2,3,14,8,0,0,0,0,1,1,0,1,0,0,3,3,3,3,2,0,2,12,3,13,16,1,13,4,1,1,3,1,4,0,5
0,0,3,1,2,2,1,0,0,0,1,0,0,0,0,0,0,0,0,1,1,2,0,0,2,0,1,2,2,3,0,2,0,0,0,2,0,1
1,2,0,0,0,1,1,0,0,1,1,0,0,0,0,0,0,0,2,4,2,0,0,0,3,0,4,6,1,2,2,4,3,1,1,0,0,0
0,0,0,0,1,1,0,0,0,0,0,0,0,0,0,0,0,0,0,0,0,2,0,0,0,0,0,2,0,0,0,0,0,0,0,0,0,0
0,0,0,0,0,3,0,0,0,1,0,0,0,3,0,0,0,0,0,0,1,0,0,0,0,0,0,1,0,3,0,1,0,1,0,0,0,1
