1,0,1,0,1,1,0,0,0,0,0,0,0,0,0,0,0,0,0,0,0,0,0,0,0,0,0,0,0,0,0,0,0,0,0,0,0,0
0,11,4,8,6,2,0,0,0,0,1,1,0,0,0,0,0,0,0,0,1,0,0,0,0,0,1,3,0,0,0,0,0,0,0,0,0,0
1,0,2,0,0,3,1,0,0,0,0,0,1,0,0,1,0,0,0,0,0,0,0,0,0,0,1,0,0,0,0,0,0,0,0,0,0,0
6,13,19,71,15,35,16,3,2,3,11,4,3,3,0,0,1,2,1,3,2,4,0,0,5,2,6,4,0,6,0,0,0,2,0,0,0,0
2,2,3,37,8,19,15,7,3,1,5,3,5,4,0,2,1,5,3,5,2,0,0,3,4,1,5,1,1,2,1,0,0,3,3,0,0,0
6,4,17,41,12,51,26,2,5,0,2,4,8,0,0,1,6,3,3,0,0,13,0,2,6,1,12,5,6,7,0,0,0,1,0,2,0,0
0,2,9,22,8,59,35,4,2,0,6,7,3,2,0,1,7,3,6,1,2,2,0,1,4,2,10,4,3,10,1,1,3,1,0,0,1,0
0,1,0,3,2,17,7,0,0,0,1,2,4,6,0,0,4,8,4,0,2,1,0,2,3,0,5,2,2,4,0,0,1,0,0,0,0,0
0,0,0,2,2,13,4,1,0,0,0,2,0,1,0,0,0,1,0,0,2,2,0,0,0,0,3,1,0,0,0,0,0,0,0,1,0,0
2,0,1,7,1,4,4,0,1,0,2,0,1,2,0,0,1,2,0,1,1,1,0,1,3,0,2,5,1,3,0,0,0,0,0,2,0,0
3,6,1,22,12,15,12,0,1,3,9,5,3,5,0,3,5,10,5,8,5,7,2,3,14,3,9,16,3,5,0,2,0,1,0,0,0,0
1,5,4,17,13,33,10,2,2,7,5,3,6,1,0,5,5,6,1,8,4,10,2,0,13,1,18,11,3,7,3,0,0,2,0,1,0,2
0,1,3,12,13,24,22,0,2,0,6,5,1,0,0,1,8,8,19,1,1,5,0,0,7,2,24,6,1,28,1,3,0,1,0,0,0,3
0,1,1,4,1,11,9,0,0,2,3,0,0,0,0,3,3,1,3,2,2,0,0,1,3,2,1,2,1,3,1,1,0,2,1,0,0,0
0,0,0,0,0,1,1,0,0,0,2,0,0,0,0,0,0,1,2,0,0,2,0,0,1,0,0,0,0,0,0,0,0,0,0,0,0,0
0,0,0,6,0,5,5,0,1,0,0,0,0,0,0,0,3,0,2,2,2,2,0,0,0,0,1,3,0,5,2,0,0,0,0,0,0,0
1,1,5,7,6,33,20,1,2,2,6,2,2,0,0,0,5,3,6,1,5,6,2,0,17,0,18,4,4,16,2,4,1,2,0,1,0,0
4,2,0,10,5,13,16,2,3,1,2,1,2,0,0,0,2,1,10,2,4,4,1,3,6,0,19,2,2,13,1,0,1,0,0,0,0,1
4,0,2,1,4,14,17,0,3,0,2,1,8,1,0,2,12,6,4,2,2,8,1,0,4,0,25,8,0,15,0,1,2,1,2,2,0,0
1,4,2,13,0,7,2,0,1,6,4,0,0,3,2,0,1,3,4,7,3,1,1,0,6,3,6,0,0,8,0,1,1,2,1,1,0,0
0,1,2,6,4,3,0,0,0,0,6,2,0,1,0,0,1,2,3,5,0,0,2,0,2,0,2,1,0,6,0,0,1,4,0,0,0,0
0,0,1,4,2,15,6,0,0,0,9,1,5,3,2,0,5,7,7,4,1,3,0,0,1,1,15,4,1,14,2,0,0,3,0,0,0,0
0,0,0,0,0,1,1,0,2,0,1,1,2,1,0,0,4,0,0,0,0,0,0,0,0,0,2,1,0,0,0,0,0,0,0,0,0,0
0,0,0,1,0,2,1,0,0,0,0,1,0,0,0,0,3,2,0,2,0,0,0,1,4,3,5,2,0,9,0,1,0,1,0,0,0,0
4,6,2,19,10,18,10,0,3,5,14,1,2,4,0,2,2,13,6,20,5,4,1,4,20,9,19,29,6,15,0,3,2,9,1,2,0,0
0,1,0,4,1,2,4,2,0,2,2,1,0,1,0,1,6,2,1,1,3,1,0,0,6,1,5,7,0,11,0,0,1,0,0,2,0,0
3,2,8,14,7,32,18,1,1,0,5,2,12,0,0,2,15,19,21,6,7,20,3,2,27,7,18,11,7,39,4,4,4,6,2,1,0,4
1,1,1,14,9,6,11,0,4,3,9,4,5,2,0,2,8,10,10,15,3,2,0,1,26,13,30,21,7,37,1,2,2,12,2,3,1,5
1,0,3,2,0,1,5,0,0,0,2,2,2,0,0,0,4,1,1,2,0,0,0,0,2,3,6,7,0,15,2,0,1,2,3,2,0,0
3,3,3,18,8,22,22,0,6,5,11,4,9,5,1,1,9,13,18,15,9,5,0,2,22,4,51,39,13,87,10,5,6,14,9,5,0,4
0,0,0,0,1,0,0,0,0,0,0,0,1,0,0,0,0,1,0,1,0,1,0,0,1,0,3,3,3,1,1,1,0,1,0,0,0,1
0,0,0,0,0,0,3,0,0,0,1,0,0,0,0,0,1,0,0,3,0,0,0,0,3,0,3,1,0,2,0,0,0,0,0,0,0,0
2,0,0,1,1,6,1,0,1,0,1,0,1,0,0,0,0,2,0,0,0,0,0,1,1,0,3,3,2,9,0,0,1,1,0,0,4,0
3,4,3,7,2,4,6,0,1,0,2,0,0,2,0,0,4,1,2,2,1,1,0,0,8,1,13,11,4,21,6,5,4,0,0,0,0,5
0,0,0,4,4,3,0,0,0,0,0,0,1,0,0,0,0,1,0,3,0,0,0,0,2,0,1,3,0,5,0,0,0,2,2,0,0,1
0,0,0,1,2,0,0,0,0,0,1,0,0,0,0,0,0,1,2,2,0,0,0,0,4,0,1,2,0,4,0,0,2,4,0,0,0,0
0,0,2,0,0,0,0,0,0,0,0,0,0,0,0,0,0,0,0,0,0,0,0,0,0,0,1,0,0,0,0,0,0,0,0,0,0,0
0,2,1,0,1,0,0,0,0,0,0,0,0,0,0,0,0,0,1,0,0,1,0,0,1,0,0,0,4,4,0,0,0,2,0,0,0,2
