0,1,0,0,0,0,0,0,0,0,0,0,0,0,0,0,0,0,0,0,0,0,0,0,0,0,0,0,0,0,0,0,0,0,0,0,0,0
1,6,4,5,0,2,1,0,0,0,0,0,0,0,0,0,0,0,0,0,0,0,0,0,0,0,1,4,0,0,0,0,0,0,0,0,0,0
0,2,4,1,0,3,0,0,0,0,0,0,0,0,0,0,0,0,0,0,0,0,0,0,0,0,0,0,0,0,0,0,0,0,0,0,0,0
6,33,9,52,26,34,16,1,1,2,1,5,3,1,0,0,2,3,4,4,0,2,0,2,1,0,6,2,0,5,0,0,0,0,0,0,0,2
5,5,0,36,9,25,27,0,4,0,8,5,1,0,0,3,3,5,6,1,3,2,0,2,8,1,9,9,1,3,0,0,0,0,1,1,0,0
2,4,8,25,5,54,23,0,9,1,4,6,5,2,0,0,9,2,8,0,1,5,3,3,0,2,11,7,3,11,0,0,1,3,2,1,0,0
2,1,4,25,3,39,24,2,3,2,3,1,2,3,0,3,7,2,8,2,4,2,2,5,4,1,5,9,4,6,0,1,1,2,0,0,0,0
0,2,2,4,8,13,5,1,1,3,2,2,4,2,0,0,3,1,5,0,1,4,1,0,0,0,7,2,0,2,0,1,2,0,1,1,0,0
0,0,2,4,5,14,10,0,0,1,2,1,0,0,0,0,1,1,1,2,0,0,0,0,4,0,3,1,0,1,0,2,0,0,0,0,0,0
0,0,3,8,5,0,1,0,3,2,1,1,0,0,0,0,0,4,0,0,2,0,0,0,4,0,1,2,0,5,0,2,0,0,0,0,0,0
3,9,2,28,13,17,5,0,1,1,7,0,1,1,0,1,5,5,6,9,3,3,1,5,23,3,6,5,0,4,1,0,0,2,0,1,0,0
3,0,1,18,12,21,12,0,2,1,5,2,7,0,2,3,13,3,9,6,5,1,1,2,8,2,12,14,6,4,0,0,0,4,4,2,0,5
0,1,2,8,1,24,19,2,1,2,4,0,4,3,0,0,5,7,10,9,4,5,0,0,10,2,9,7,0,12,0,0,1,3,1,1,0,2
0,0,0,6,3,4,3,0,1,1,2,2,3,3,0,0,1,4,13,3,0,5,3,1,2,3,9,4,1,10,0,0,0,0,0,0,0,0
0,0,0,0,0,1,0,0,0,0,2,1,1,0,0,0,0,0,1,2,0,0,0,1,1,0,3,0,0,1,0,0,0,0,0,0,0,0
1,0,0,5,1,12,2,0,1,0,3,1,2,0,0,1,3,1,4,0,1,0,0,1,1,0,5,1,1,3,0,0,0,1,0,1,0,0
0,0,1,10,5,11,11,0,0,2,6,1,5,2,0,0,3,6,16,0,0,6,0,2,4,0,13,4,1,8,0,3,2,3,0,0,0,1
1,1,0,8,1,14,13,2,5,2,4,6,1,2,0,1,1,2,4,3,3,3,0,0,12,1,22,1,1,17,0,2,1,1,3,0,0,1
0,2,2,6,2,20,22,0,2,1,2,5,3,4,0,0,3,7,5,2,1,9,1,0,10,1,12,4,0,11,1,0,0,2,0,0,0,4
3,1,0,13,2,5,6,0,0,2,8,2,2,1,1,1,2,8,1,5,3,0,0,0,13,4,5,9,1,3,0,0,3,1,0,0,0,0
0,0,0,14,2,7,2,0,0,0,11,0,1,0,0,0,2,3,0,2,0,1,0,0,5,2,6,2,0,4,0,0,0,0,0,1,0,0
2,1,0,4,2,7,4,0,0,0,1,4,3,0,0,1,4,6,4,3,0,1,0,1,4,0,9,4,1,17,0,2,0,3,0,2,0,1
0,0,0,0,0,3,1,1,4,0,1,0,0,0,0,0,1,0,0,0,0,0,0,0,2,0,5,1,2,0,0,0,0,0,0,0,0,0
0,0,0,2,0,3,6,1,3,2,0,1,0,0,0,0,1,3,0,0,2,0,2,0,2,0,6,0,1,1,0,0,0,2,0,1,0,0
7,2,2,16,9,14,12,1,0,1,13,3,1,1,0,1,2,5,5,20,10,4,0,1,24,6,25,26,10,30,1,0,1,12,1,3,0,4
0,2,0,2,0,2,5,0,0,0,3,1,2,1,0,0,0,0,2,7,1,5,2,0,8,0,6,6,0,5,0,0,0,1,2,1,0,0
2,4,4,13,6,20,12,0,1,0,10,8,3,5,0,2,6,10,20,12,1,11,3,3,22,4,38,18,9,64,10,5,0,9,4,1,0,3
3,7,0,15,3,9,15,0,2,1,4,2,8,3,0,0,8,10,8,18,1,4,2,1,24,5,23,28,7,28,4,2,0,8,6,6,0,2
0,2,0,3,3,3,5,0,0,1,1,1,0,2,0,0,2,2,1,2,2,2,0,1,1,0,7,3,1,6,0,2,1,8,1,0,0,1
3,6,4,16,5,34,17,1,3,2,13,8,6,2,0,3,14,5,11,13,4,15,10,7,34,8,56,41,13,86,9,9,6,8,2,4,2,5
0,0,0,0,1,3,2,0,0,0,0,0,0,0,0,0,0,0,3,0,0,0,0,0,0,0,2,1,1,2,1,3,1,0,1,0,0,0
1,1,0,0,1,2,1,0,0,0,0,0,0,0,0,0,3,0,0,1,0,0,0,1,0,0,4,2,1,2,0,0,1,2,1,0,0,0
0,0,0,2,0,7,0,0,0,0,0,0,0,0,0,0,0,2,5,0,1,1,0,0,0,0,3,1,0,8,0,1,2,2,0,1,0,0
0,1,1,7,5,10,5,0,0,0,2,4,3,1,0,1,5,2,5,9,0,2,3,1,6,1,10,6,3,17,5,2,0,9,2,0,0,1
0,1,4,0,1,1,0,0,0,0,2,1,0,0,0,0,0,1,0,1,0,1,0,2,8,2,3,1,1,4,0,1,2,6,1,5,0,1
0,1,0,0,3,2,0,0,0,0,1,0,0,0,0,0,0,0,2,3,1,0,0,0,3,0,2,2,4,4,0,0,0,1,0,2,0,1
0,0,0,1,0,1,0,0,0,0,0,0,0,0,0,0,0,0,0,0,0,0,0,0,0,0,0,1,0,0,0,0,0,0,0,0,0,0
0,0,0,2,0,0,1,0,0,1,2,0,0,0,0,0,1,1,0,0,0,0,0,0,2,0,3,0,0,4,0,0,0,1,1,0,0,0
