0,2,0,0,0,1,0,0,0,0,0,0,0,0,0,0,2,0,0,0,0,0,0,0,0,0,0,0,0,0,0,0,0,0,0,0,0,0
1,6,5,9,2,2,0,0,0,0,0,0,0,0,0,1,0,0,2,0,0,0,0,2,0,0,0,1,0,0,0,0,0,0,0,0,0,0
2,3,0,2,0,2,0,0,0,0,0,0,0,0,0,0,0,0,0,1,0,0,0,0,0,0,0,0,0,0,0,0,0,0,0,1,0,0
2,14,12,41,18,24,18,0,0,2,10,0,0,3,1,1,5,0,4,3,4,0,1,0,5,0,8,4,0,4,0,0,0,1,0,0,0,3
0,6,3,42,11,24,13,1,7,3,12,10,0,3,0,0,6,1,9,7,1,3,0,3,11,2,9,3,0,3,3,0,0,2,0,0,0,1
6,2,14,21,11,54,27,0,4,0,7,2,4,0,0,1,3,3,8,4,2,1,0,2,5,0,9,1,2,8,0,0,1,3,0,1,0,0
1,3,2,14,8,52,24,2,2,0,3,2,6,2,0,1,11,3,8,0,5,4,0,0,7,0,14,5,0,12,1,1,0,2,0,0,0,0
1,0,2,5,5,9,6,4,1,0,0,0,0,0,0,0,0,5,5,0,1,1,0,1,4,2,6,2,2,4,0,0,0,0,0,0,0,1
0,0,0,0,2,13,1,0,2,0,2,2,0,0,0,0,0,2,2,1,1,2,0,1,3,0,1,3,0,1,0,0,0,0,0,2,0,0
3,0,0,11,3,1,3,1,0,3,3,0,0,1,0,0,0,2,2,12,0,0,0,0,3,0,2,4,1,0,0,0,0,0,0,0,0,0
1,4,2,28,16,22,10,1,4,5,10,3,2,1,0,2,5,7,5,15,2,14,1,6,12,4,14,5,0,12,0,0,0,5,0,0,0,2
3,1,0,17,9,23,11,0,6,2,8,5,4,3,0,1,7,6,8,1,2,10,2,1,11,2,8,4,4,8,1,1,0,5,1,0,0,1
0,2,3,12,5,29,20,0,3,0,3,0,6,2,0,0,4,6,19,1,2,4,0,0,4,3,23,4,3,9,0,0,0,0,0,2,0,2
0,0,0,10,4,9,4,0,2,2,2,0,6,0,0,1,2,0,4,4,1,1,0,1,4,2,2,5,2,12,1,1,0,1,0,2,0,0
0,0,0,1,0,0,1,0,0,0,0,2,0,0,0,0,0,2,0,0,1,0,0,0,3,0,2,0,0,4,0,0,0,0,0,0,0,0
0,0,2,4,2,11,5,2,2,0,4,2,0,0,0,0,0,1,3,2,0,1,0,2,3,0,2,1,2,4,1,0,2,0,0,0,0,1
0,2,0,5,5,17,7,0,2,4,4,6,4,0,0,1,1,0,14,2,6,6,1,2,3,7,11,7,0,5,1,2,4,2,1,1,0,2
1,4,1,3,1,15,17,0,1,2,3,1,2,0,0,2,2,3,0,7,2,4,0,0,6,2,19,0,1,12,1,0,0,1,0,0,0,0
0,0,0,4,1,19,10,1,5,2,5,1,10,2,0,0,0,4,1,3,0,4,0,1,5,0,14,4,2,7,1,0,3,3,0,1,0,3
2,2,1,14,7,12,9,2,0,3,8,2,1,2,0,1,2,1,3,10,4,2,0,2,5,0,12,9,2,8,0,0,2,2,0,2,0,2
0,2,0,3,1,6,1,0,1,3,0,1,0,0,0,0,1,2,0,3,0,0,0,3,3,1,3,3,1,5,0,0,2,2,0,0,0,1
1,4,0,7,0,13,6,1,4,1,6,3,1,0,0,1,4,3,5,0,2,0,0,2,6,0,12,10,1,6,4,0,0,2,0,0,0,0
2,0,0,1,0,3,1,0,0,0,0,0,0,0,0,2,2,0,2,0,1,2,0,0,1,0,2,1,1,0,1,0,0,0,1,0,0,0
0,0,1,2,0,2,5,0,0,0,3,1,0,0,0,0,0,3,0,2,0,0,0,0,4,0,7,1,1,6,0,0,0,2,0,1,0,0
4,3,6,17,6,11,10,0,1,3,13,3,1,5,2,2,9,12,4,19,2,2,1,1,24,4,18,17,4,13,1,0,1,9,4,1,0,3
1,0,2,6,0,5,3,0,2,0,2,2,2,0,0,0,0,1,3,3,3,1,0,0,5,0,3,4,2,5,1,0,0,0,0,0,0,0
4,1,2,14,10,33,27,0,3,1,7,5,6,4,0,1,8,11,16,9,1,13,1,7,20,5,41,14,8,46,6,6,3,6,0,0,0,5
4,4,1,17,7,11,3,0,2,1,4,4,0,5,0,0,2,5,5,6,2,3,1,4,24,9,16,15,4,52,3,7,2,8,0,2,0,4
1,2,0,4,0,3,3,0,0,0,1,0,0,0,0,2,3,1,6,1,0,3,0,4,9,1,7,9,3,14,0,1,0,1,1,0,0,2
3,5,5,13,8,20,15,1,3,3,15,4,4,7,0,1,10,14,25,17,4,15,4,0,40,7,46,49,11,109,12,4,4,8,5,4,0,3
0,0,0,1,0,2,0,1,0,0,0,1,0,0,0,0,0,0,0,0,0,0,0,0,2,0,3,1,1,3,0,3,0,2,0,0,0,2
0,0,0,0,2,5,1,0,0,0,0,0,0,0,0,0,0,0,0,0,0,0,0,0,0,0,2,0,0,4,0,0,1,0,0,0,0,0
1,0,0,2,4,2,2,0,1,0,0,0,0,1,0,0,1,1,1,0,1,1,0,0,1,0,4,8,0,10,1,0,0,0,1,1,0,0
0,1,0,8,4,9,4,0,0,2,3,1,3,0,0,0,2,2,3,3,2,3,0,0,7,0,8,11,13,15,3,0,4,8,3,2,0,4
0,0,0,1,0,0,1,0,0,0,3,1,0,0,0,0,0,0,0,2,1,1,0,0,0,0,2,1,1,5,0,0,0,5,2,0,0,0
0,0,0,2,0,0,1,0,0,0,0,1,0,0,0,0,0,0,0,6,0,0,0,0,3,0,1,4,3,3,0,1,2,0,0,2,0,0
0,0,0,0,0,0,0,0,0,0,0,0,0,0,0,0,0,0,0,0,0,0,0,0,0,0,0,1,0,0,0,0,0,2,0,0,0,0
0,0,0,0,1,2,0,2,0,0,1,0,1,0,0,0,0,0,0,3,0,0,0,0,2,0,0,2,0,4,0,2,1,0,2,1,0,1
