2,0,0,1,0,0,0,0,0,0,0,0,0,0,0,0,0,0,0,0,0,0,0,0,0,0,0,0,0,2,0,0,0,0,0,0,0,0
1,6,3,3,0,0,0,0,0,0,0,0,0,0,0,0,0,0,0,0,0,0,0,0,1,0,0,0,0,0,0,0,0,0,0,0,0,0
0,1,2,1,0,2,0,0,0,1,0,0,1,0,0,0,0,0,1,0,0,0,0,0,0,0,0,0,0,0,0,0,0,0,0,0,0,0
4,15,7,30,13,17,10,2,3,2,2,4,5,5,0,0,2,0,2,3,0,0,0,1,10,0,6,1,1,3,0,0,0,5,0,0,0,0
1,4,3,25,11,13,11,0,0,2,7,3,3,3,0,1,4,1,6,2,2,4,2,1,3,0,5,5,1,2,0,0,0,2,2,0,0,0
2,13,9,26,12,55,33,1,5,0,2,4,7,0,0,0,5,3,3,3,6,2,0,0,5,0,6,0,4,10,1,0,0,0,0,0,0,1
0,3,3,16,8,47,29,1,5,0,6,6,2,1,0,0,8,10,8,2,1,3,0,0,2,2,3,3,0,15,0,3,1,0,1,0,0,0
0,0,8,6,2,4,8,1,3,0,1,0,3,0,0,0,0,3,0,1,1,2,0,0,1,0,6,2,4,0,3,0,1,1,0,1,0,0
0,2,0,1,1,13,4,0,0,0,0,0,1,0,0,0,0,0,1,0,0,3,1,1,2,0,5,0,0,0,0,0,0,0,0,0,0,0
1,4,3,8,3,4,0,1,1,1,1,0,1,0,0,0,0,3,0,3,1,4,0,2,3,1,6,1,1,9,1,0,0,1,2,2,0,0
3,6,2,27,14,14,14,2,0,2,5,5,2,4,0,3,4,1,6,13,3,4,2,0,15,2,8,4,3,8,2,0,1,6,1,0,0,0
0,1,0,28,8,23,17,1,5,6,3,0,3,3,0,3,10,3,8,5,3,8,1,3,8,3,19,11,2,11,1,3,0,0,0,0,0,1
5,1,1,15,2,21,12,0,0,1,9,1,0,0,0,0,4,4,6,3,0,0,0,1,10,0,17,7,2,15,1,4,4,4,1,1,0,3
1,0,2,4,7,6,3,1,2,3,4,1,3,0,0,1,1,5,1,1,1,7,0,0,2,2,12,9,2,8,3,2,2,4,0,0,0,0
0,1,0,2,1,1,3,2,0,0,0,0,0,0,0,0,0,0,0,1,0,1,0,0,0,1,4,0,0,2,0,0,0,0,0,0,0,0
0,0,2,1,4,3,10,0,0,1,3,0,0,0,0,0,0,1,2,0,0,1,2,1,5,0,3,2,0,3,0,0,1,0,2,0,0,0
0,4,3,11,6,14,14,1,2,1,8,1,5,0,0,0,4,1,12,0,3,3,1,0,5,1,17,7,0,11,3,1,3,0,1,0,0,2
2,1,1,5,7,25,10,1,4,1,4,1,0,3,0,0,3,6,9,3,1,7,1,2,9,0,27,9,1,14,3,0,1,1,0,3,0,2
3,2,1,2,0,8,7,0,4,1,2,0,2,0,0,0,9,2,1,2,1,4,0,3,5,1,17,1,0,11,2,2,1,3,0,0,0,2
2,3,0,5,3,9,5,3,3,2,10,0,0,1,0,0,1,1,1,8,2,2,0,3,8,1,7,8,2,7,0,0,0,4,0,0,0,2
0,2,2,6,1,2,1,0,0,2,2,0,0,0,0,0,0,4,4,8,0,1,0,5,3,0,5,3,0,3,0,0,0,1,0,0,0,0
1,3,2,5,4,6,9,0,0,3,3,4,1,1,0,0,4,6,6,8,5,5,0,1,2,0,14,5,0,6,0,0,2,5,0,2,0,1
0,0,0,1,1,1,4,0,2,0,0,1,0,0,0,0,4,2,0,1,0,0,0,0,2,0,2,0,0,3,1,2,0,0,0,0,0,0
0,1,1,2,2,5,2,1,1,0,3,3,0,0,0,0,0,2,1,2,2,0,0,0,2,0,4,2,3,10,1,0,1,3,1,0,0,1
3,8,2,22,9,19,8,0,1,0,5,3,0,2,0,0,4,7,12,20,7,5,1,3,25,6,15,27,12,34,3,2,4,9,2,0,0,4
1,0,3,7,3,3,0,0,1,4,2,7,0,0,0,1,0,1,5,4,0,0,1,0,1,0,4,2,0,12,0,0,0,1,0,1,0,1
0,5,1,20,3,20,24,0,6,5,10,7,7,0,0,0,14,14,17,13,5,9,3,3,17,3,29,9,7,35,4,3,1,6,3,2,0,2
1,7,1,10,7,12,3,1,4,2,14,2,1,2,0,0,5,12,9,11,0,0,0,3,18,2,21,18,8,31,5,2,1,15,5,3,0,2
0,2,0,2,0,3,1,0,0,0,5,5,0,0,0,0,0,0,3,4,0,6,1,2,4,2,2,5,5,18,3,5,0,4,1,2,0,2
4,4,4,20,15,21,22,0,4,1,5,6,5,7,1,1,7,17,11,7,4,10,3,0,19,8,38,37,14,65,7,8,1,19,3,0,0,3
0,0,0,0,0,0,1,0,0,0,0,0,0,0,0,0,0,0,0,0,0,1,1,0,0,0,0,0,0,8,1,0,3,1,0,0,0,0
0,2,1,0,0,0,0,0,0,0,0,0,1,0,0,0,0,0,0,0,0,0,0,0,0,0,2,1,0,4,0,0,0,0,0,1,0,1
0,0,0,3,2,0,3,0,0,0,0,0,0,1,0,0,1,0,1,2,0,0,0,0,4,0,4,1,3,4,0,0,0,3,0,2,0,0
2,5,1,7,5,9,3,0,1,4,2,0,2,2,0,0,1,3,3,6,1,0,0,1,8,0,12,7,4,17,2,1,5,7,4,5,0,1
1,0,0,0,0,1,0,0,0,0,1,1,1,0,0,0,0,0,0,0,0,2,0,1,2,0,1,0,0,7,1,1,0,0,3,1,0,0
0,2,0,0,0,2,2,0,0,0,0,0,1,0,0,0,0,0,0,0,0,0,0,0,1,0,3,0,2,7,0,3,0,2,0,0,0,1
0,0,0,0,0,1,0,0,0,0,1,0,0,0,0,0,2,0,0,0,0,0,0,0,0,0,0,3,0,0,0,0,0,2,0,0,0,0
0,0,1,0,0,0,1,0,0,0,1,1,0,0,0,0,1,0,0,0,0,0,0,0,2,0,1,0,0,0,0,0,0,0,2,1,0,0
