0,1,0,0,0,0,0,0,0,0,0,0,0,0,0,0,0,0,0,0,0,0,0,0,0,0,0,0,0,0,0,0,0,0,0,0,0,0
1,6,7,7,0,2,0,0,0,0,0,0,0,2,0,0,0,0,2,1,0,0,0,0,0,0,0,4,0,1,0,0,0,0,0,0,0,0
0,1,4,2,0,3,1,0,0,0,0,2,0,0,0,0,0,0,0,0,0,1,0,0,0,0,0,1,0,0,0,0,0,0,0,0,0,0
1,19,11,44,20,23,9,3,0,5,10,0,0,1,0,2,3,0,4,0,2,0,0,1,3,0,9,0,0,4,0,0,0,0,0,0,0,0
5,9,4,25,8,15,20,2,4,6,10,9,1,4,1,4,5,4,2,4,0,2,0,2,0,0,3,6,3,3,1,0,0,2,3,0,0,0
0,4,9,19,18,48,50,0,5,0,6,9,9,1,0,4,2,5,10,2,1,6,0,0,3,0,24,4,2,4,0,1,0,1,1,0,0,0
0,2,2,15,2,32,13,3,2,2,1,1,2,0,0,0,6,2,4,0,0,3,1,0,4,3,11,0,0,11,0,0,3,5,0,0,0,1
0,1,3,6,2,12,3,2,0,0,5,2,4,0,0,2,4,1,5,0,0,1,0,1,1,0,5,3,0,1,0,0,0,0,1,3,0,0
0,0,0,1,1,12,4,0,1,0,0,1,2,0,0,0,2,0,0,2,0,0,0,0,2,0,4,2,0,0,0,0,0,0,0,0,0,0
2,2,0,4,7,3,4,0,0,3,6,5,2,1,0,0,1,7,1,1,3,9,0,0,3,0,1,0,1,14,1,1,1,0,0,0,0,1
1,5,2,24,12,15,6,2,2,6,5,3,2,4,0,3,2,6,8,7,4,11,3,3,15,1,14,14,0,14,0,2,0,2,1,4,0,0
0,1,0,14,4,23,16,1,2,2,11,2,4,0,0,2,5,8,4,5,3,12,4,0,12,3,19,8,3,12,0,1,0,0,0,3,0,0
1,1,3,11,5,32,25,0,3,1,9,2,3,0,0,1,7,3,10,4,2,2,0,0,12,0,9,3,2,15,0,0,0,1,0,3,0,3
0,1,4,10,1,3,6,1,0,0,0,1,3,1,0,3,7,5,4,4,1,7,0,1,11,1,11,9,2,8,1,2,2,1,0,4,0,0
0,0,0,0,0,0,0,0,0,1,1,0,0,0,0,0,0,0,0,0,0,0,0,0,1,0,0,0,0,1,0,0,0,0,0,0,0,1
1,0,2,3,1,6,7,0,1,1,0,2,0,0,0,1,1,2,3,0,1,2,0,0,0,2,2,2,0,3,0,0,0,3,0,0,0,0
1,1,2,6,4,15,13,1,1,1,3,2,1,2,0,0,2,4,12,4,5,7,0,3,2,0,9,7,5,8,1,1,0,1,0,2,0,1
1,1,1,5,4,18,9,0,1,1,4,3,3,1,0,0,1,4,9,5,0,8,5,4,4,1,12,9,1,7,0,0,3,0,0,0,0,0
0,0,3,4,1,12,8,0,2,0,0,2,10,0,0,2,2,5,3,1,0,7,2,0,7,3,13,9,3,12,0,1,1,0,2,0,0,0
3,3,0,13,1,14,2,0,0,1,5,6,0,3,0,0,1,3,1,12,4,2,0,0,12,1,7,9,0,11,2,0,1,1,0,1,0,1
4,2,1,7,7,3,2,0,0,2,5,0,2,2,0,0,0,2,4,1,2,1,1,1,2,2,5,0,0,2,0,0,0,0,0,1,0,0
0,3,1,7,4,8,4,0,1,3,4,3,1,1,0,0,1,2,12,4,2,2,0,0,4,2,10,7,0,7,2,1,0,1,0,0,0,0
0,0,0,1,0,3,0,0,0,0,0,1,0,1,0,0,0,2,1,2,0,0,0,0,0,1,5,2,0,0,0,0,0,0,0,0,0,0
0,0,0,1,2,5,2,1,0,0,3,2,2,0,0,0,0,0,4,3,0,4,0,1,5,0,8,4,2,3,0,2,0,2,0,0,0,0
4,3,2,14,6,14,8,3,3,3,15,3,2,3,0,1,3,5,14,10,4,3,3,6,22,10,10,20,4,22,2,2,2,6,2,4,0,0
0,0,0,7,4,2,5,0,0,1,0,4,0,1,0,0,1,2,0,3,2,0,1,1,2,0,1,1,2,5,0,1,1,1,0,1,0,1
1,3,5,14,10,37,25,0,7,1,6,8,3,5,0,0,9,16,16,9,9,6,2,3,21,8,46,27,9,63,7,6,5,9,1,1,0,2
3,3,3,7,11,14,11,1,0,4,5,5,3,1,0,1,2,9,7,24,6,6,3,2,22,6,27,16,4,39,3,1,2,8,3,8,0,4
0,0,1,8,0,2,2,0,2,0,1,0,3,0,0,0,2,0,0,1,3,1,0,0,2,0,5,3,0,15,0,0,1,3,3,0,0,2
3,4,7,16,6,33,21,0,1,0,7,7,6,2,0,0,7,19,15,10,2,11,5,1,26,3,49,53,15,83,13,4,6,13,6,6,0,4
0,0,0,0,0,3,0,0,0,0,1,0,0,0,0,0,0,1,2,1,0,0,0,0,0,0,0,0,0,5,0,2,0,0,0,0,0,1
0,0,1,0,0,1,0,0,0,0,0,0,0,0,0,0,1,3,0,0,1,0,0,1,2,0,1,0,0,2,0,0,0,0,1,0,0,0
1,0,0,1,0,2,1,0,0,0,0,0,0,0,0,0,0,0,2,1,2,1,0,0,0,0,2,2,2,4,0,3,1,0,2,0,0,0
1,0,0,2,4,3,3,0,2,1,3,0,0,0,0,0,3,4,1,3,0,5,1,0,8,1,7,6,2,26,2,2,2,6,4,1,0,6
0,0,0,0,0,0,1,0,0,0,0,0,0,0,0,0,0,2,2,1,0,0,0,0,1,0,2,2,1,1,1,0,0,0,0,1,0,3
0,0,0,0,2,0,0,0,0,2,3,0,0,0,0,0,0,2,1,0,0,0,0,0,0,0,3,2,1,4,0,1,0,4,2,1,0,2
0,0,0,0,0,0,0,0,0,0,0,0,0,0,0,0,0,0,0,0,0,0,0,0,0,0,2,0,0,0,0,0,0,0,0,0,0,0
1,0,0,3,3,3,3,0,0,1,1,0,0,0,0,0,0,2,1,0,2,0,0,1,1,0,2,1,0,2,2,0,0,0,0,0,0,0
