0,1,0,1,0,0,0,0,0,0,0,0,0,0,0,0,0,0,0,0,0,0,0,0,0,0,0,0,0,0,0,0,0,0,0,0,0,1
2,1,3,5,0,0,2,0,0,0,3,0,0,1,0,0,1,1,0,0,0,0,0,0,0,0,2,1,2,0,0,0,0,0,0,0,0,0
0,4,6,2,0,2,1,0,0,0,1,0,0,0,0,0,0,0,0,0,0,1,0,0,0,0,0,1,0,0,0,0,0,0,0,0,0,0
1,14,4,49,7,28,6,0,0,1,4,2,0,0,0,1,1,2,5,1,1,1,1,0,4,0,3,3,1,1,2,0,0,1,0,2,0,0
6,4,1,45,7,24,12,4,2,2,6,5,4,1,0,1,6,3,3,6,1,4,2,0,3,1,5,6,3,9,0,0,1,1,0,0,0,1
9,2,8,31,5,56,26,0,3,1,4,1,2,2,0,2,3,4,4,1,0,0,0,0,4,0,12,8,3,3,0,0,2,0,0,0,0,0
0,1,7,20,8,39,33,2,6,2,6,4,4,1,0,5,7,2,12,0,0,3,0,0,4,1,7,5,1,11,0,0,0,0,0,1,0,2
0,3,0,2,5,6,6,0,2,1,2,1,1,0,0,0,2,3,5,1,1,1,1,1,1,0,7,0,0,5,0,1,0,0,0,0,0,0
0,0,1,4,1,10,2,0,2,0,6,4,0,2,0,0,3,1,0,0,0,0,0,0,2,0,2,3,0,4,0,0,0,0,0,0,0,0
0,2,1,6,8,1,1,2,1,4,2,2,2,3,0,1,1,4,0,2,6,3,0,0,7,0,11,5,1,5,0,0,1,0,0,0,0,1
3,1,1,21,4,18,7,2,4,3,3,2,0,1,0,0,5,1,11,15,5,5,1,1,15,3,6,8,0,19,7,0,0,4,1,2,0,0
0,2,4,14,13,12,8,1,3,2,3,2,1,4,0,2,2,8,3,0,10,11,3,3,10,0,10,5,4,12,3,1,1,3,0,2,0,0
0,0,5,13,2,22,19,0,4,1,5,1,0,0,0,0,2,6,13,3,2,3,1,0,9,2,8,6,1,4,2,0,7,0,0,1,2,0
0,2,2,16,2,13,8,0,1,3,2,1,4,1,0,3,7,7,1,0,4,5,1,4,7,1,14,4,2,7,3,0,0,2,1,0,0,0
1,0,0,1,0,4,3,0,0,0,0,0,1,0,1,2,0,0,3,0,0,0,0,2,2,0,3,3,0,3,0,0,0,0,0,0,0,0
1,0,0,4,2,7,1,0,0,0,2,0,1,1,0,0,1,1,2,2,2,1,0,0,1,0,8,3,1,5,1,0,0,0,0,0,0,0
1,2,2,6,0,14,18,0,3,0,3,2,5,2,0,1,4,2,15,7,0,0,1,3,7,0,7,3,1,6,0,3,0,2,1,3,0,1
0,1,3,7,4,18,11,1,0,0,3,4,3,0,0,2,3,6,5,4,4,2,0,0,5,2,17,5,2,15,1,0,1,6,1,1,0,0
0,1,1,12,4,5,11,0,0,2,1,4,2,1,0,0,4,8,8,8,2,6,0,1,5,0,12,2,1,13,1,1,0,1,0,1,0,1
1,4,0,11,4,4,4,0,1,3,8,1,4,1,0,0,4,8,4,5,2,4,0,0,6,0,12,4,2,8,1,2,2,0,0,0,0,0
5,2,0,3,0,3,2,0,0,1,1,1,2,1,0,1,0,3,5,3,0,3,0,1,0,0,1,5,0,3,1,1,0,0,0,0,0,1
2,0,0,10,6,12,6,0,1,0,5,2,1,6,0,2,4,9,6,3,1,3,0,0,6,0,13,3,2,15,0,0,0,0,0,0,0,1
0,0,0,2,2,0,2,0,0,0,1,0,0,0,0,0,0,1,0,1,1,2,2,0,0,0,5,2,0,1,0,0,0,0,0,0,0,1
0,1,1,0,1,5,4,1,0,1,2,0,1,3,0,1,0,1,3,2,3,0,1,0,5,0,7,1,1,3,2,2,0,0,0,0,0,0
1,2,2,15,5,9,11,0,0,2,14,6,0,0,0,4,4,4,11,16,7,5,1,1,19,2,23,11,1,26,3,0,3,8,0,0,0,0
0,1,2,2,3,2,2,0,0,0,5,2,2,3,0,1,0,3,3,0,0,4,0,0,3,0,6,7,0,3,0,0,2,3,2,0,0,0
0,3,0,17,2,37,13,2,1,2,10,6,3,3,0,0,8,13,16,12,5,9,2,3,26,4,40,16,8,55,2,1,1,9,4,4,0,1
1,5,0,10,8,10,6,0,1,0,4,4,1,2,0,0,4,2,12,5,1,2,1,0,36,6,16,19,8,54,1,2,2,21,3,1,0,5
0,3,0,3,1,4,1,0,0,0,2,1,0,0,0,0,0,0,5,2,2,0,0,0,8,1,1,14,0,13,1,1,4,4,0,3,0,2
3,3,6,11,6,24,21,1,1,0,13,8,8,3,1,0,10,8,22,15,1,2,0,9,37,6,50,45,8,68,15,11,12,15,5,4,0,4
0,0,0,2,2,3,0,0,0,0,0,0,0,0,0,0,3,0,1,0,0,0,0,0,0,0,4,0,1,4,1,2,0,0,0,1,0,0
0,0,0,1,0,1,1,0,0,0,0,2,0,0,0,0,0,2,0,0,0,0,0,0,0,0,1,4,0,1,0,0,0,2,0,0,0,0
0,1,0,0,0,1,1,0,0,0,1,0,0,0,0,2,2,2,1,0,1,0,0,0,5,0,3,2,0,3,0,1,2,0,1,1,0,1
0,3,1,6,4,7,1,1,0,1,5,2,1,1,0,0,1,3,4,1,0,0,0,2,4,1,7,5,0,11,3,0,2,4,1,6,0,1
0,0,0,0,2,0,2,0,0,0,1,1,0,0,0,0,0,0,1,1,3,0,0,0,0,0,3,1,1,0,0,0,0,2,0,0,0,3
0,0,0,0,0,2,0,0,0,0,0,0,0,0,0,0,0,1,1,0,0,0,0,1,0,1,0,1,0,0,1,1,0,1,0,0,0,0
0,0,0,1,0,0,0,0,0,0,0,0,0,0,0,0,0,0,0,1,0,0,0,0,0,0,0,0,0,0,0,0,0,0,0,0,0,0
0,0,0,0,0,2,0,0,0,0,0,0,1,0,0,0,0,0,0,0,0,0,0,0,2,0,1,4,1,0,1,0,0,0,0,0,0,0
