4,1,0,0,0,0,0,0,0,0,1,0,0,0,0,0,0,0,0,0,0,0,0,0,0,0,0,0,0,0,0,0,0,0,0,0,0,0
0,9,1,4,0,3,0,0,0,0,2,2,0,0,0,0,0,0,0,0,0,0,0,0,2,0,1,0,0,0,0,0,0,0,0,0,0,0
3,4,8,0,0,1,2,0,0,0,0,0,0,0,0,0,0,0,0,2,1,2,0,0,0,0,0,0,0,4,0,0,0,0,0,2,0,0
9,19,9,30,7,10,7,0,0,2,7,0,0,0,0,0,0,2,0,3,0,1,0,1,4,0,3,1,2,4,0,0,2,0,2,0,0,0
9,10,6,54,6,52,41,1,10,3,5,8,11,1,0,2,5,8,4,2,6,3,4,0,8,2,13,6,12,15,2,1,0,3,1,1,0,2
2,12,18,19,2,50,29,0,5,1,3,3,9,1,0,0,0,2,5,3,0,2,0,0,1,0,4,4,0,2,0,2,1,0,0,0,0,0
0,1,10,8,5,29,36,1,3,0,9,6,4,0,0,0,6,3,3,0,2,2,0,1,7,0,5,2,1,6,0,0,0,4,0,0,0,0
1,1,0,2,1,6,7,0,2,0,4,1,2,0,0,0,5,2,3,1,0,1,0,0,1,0,1,1,1,2,0,1,0,0,0,0,0,0
0,1,2,3,0,9,1,0,0,0,0,2,0,1,0,0,0,2,3,0,0,0,0,0,0,0,2,1,0,3,0,0,0,0,0,0,0,0
1,1,1,8,7,5,1,0,0,0,2,5,2,0,0,1,1,2,0,5,0,6,0,1,0,2,2,1,0,3,1,0,0,0,2,0,0,0
7,5,0,15,4,14,3,0,2,0,9,5,5,0,0,0,7,5,5,11,4,3,1,6,10,1,3,6,0,9,0,0,0,2,2,0,0,2
2,2,4,17,7,8,11,2,0,7,7,4,6,0,0,2,4,2,9,2,1,11,1,1,5,2,20,9,4,9,0,0,1,4,6,2,0,0
0,4,1,14,5,19,14,0,2,3,8,3,6,0,1,0,1,4,12,1,3,2,1,4,4,0,15,4,2,11,1,0,1,0,2,1,0,0
1,2,3,4,4,8,5,0,1,2,4,6,2,0,0,1,3,6,7,7,2,4,1,0,10,0,6,5,3,6,0,2,0,0,0,0,0,2
0,0,0,0,0,0,1,0,0,0,0,0,0,0,0,0,0,1,0,0,0,0,0,0,1,1,1,0,0,4,0,0,0,0,0,0,0,0
0,1,1,0,2,7,1,0,0,0,1,0,0,0,0,0,0,2,4,0,0,0,0,0,2,0,1,0,0,2,1,0,0,0,0,0,0,0
0,4,6,8,5,19,17,0,3,1,3,0,2,1,0,0,2,0,5,0,2,5,0,6,2,2,6,2,3,10,0,0,0,2,1,2,0,1
2,0,4,8,1,12,8,0,3,1,5,0,1,1,0,0,4,3,1,1,1,3,1,1,8,2,14,6,3,11,1,0,0,0,0,1,0,0
0,0,0,1,1,11,6,0,2,1,0,0,1,0,0,0,4,0,7,0,4,4,2,0,1,1,13,2,2,7,0,2,0,0,3,1,0,0
4,2,0,6,3,8,4,0,0,1,4,3,1,3,0,2,4,6,6,19,2,5,1,3,11,0,9,3,1,10,1,0,1,0,0,2,0,1
0,2,2,3,0,4,0,0,0,0,6,0,0,2,0,0,3,2,2,3,2,1,1,0,4,0,4,4,0,6,0,1,1,0,0,0,0,0
0,3,0,3,8,12,3,0,1,0,3,2,5,0,0,1,6,0,8,6,3,0,0,1,6,0,5,12,6,8,0,1,1,1,0,0,0,4
0,1,2,1,0,3,0,0,0,0,2,0,2,1,0,0,1,1,0,0,0,0,0,0,0,0,4,1,0,2,0,1,0,0,0,0,0,0
1,0,1,0,1,4,1,0,2,2,2,0,0,0,0,0,1,2,2,3,1,1,0,0,3,0,7,1,0,13,0,2,0,2,0,0,0,0
4,4,2,17,7,9,7,2,0,0,12,4,3,2,0,3,7,5,7,13,5,7,1,3,28,2,20,19,1,32,6,1,2,12,1,1,0,4
0,2,0,7,0,6,0,0,1,0,1,0,1,0,0,0,1,2,1,4,5,2,0,0,4,2,6,5,2,8,2,0,0,1,0,0,0,3
0,0,5,10,2,30,15,0,2,1,6,4,5,3,0,4,10,8,21,9,4,13,0,1,26,5,33,29,13,39,5,9,2,1,2,1,1,0
2,1,1,13,6,16,9,1,3,4,8,2,2,1,0,2,4,0,12,16,3,1,2,2,34,5,18,24,7,45,5,3,3,8,6,4,0,3
0,0,0,1,1,2,4,0,0,0,1,5,1,1,0,0,3,1,6,1,4,0,0,0,3,1,12,6,0,12,2,1,2,2,1,2,0,3
4,12,3,19,2,17,13,3,0,3,6,10,3,3,0,0,5,12,28,15,5,8,4,5,42,7,58,28,15,101,5,11,4,10,13,4,0,5
0,0,0,0,0,2,0,0,0,0,1,0,0,0,0,0,0,0,0,0,0,4,0,0,1,0,0,3,0,2,2,2,1,0,0,0,0,0
0,0,0,1,0,0,1,0,0,0,0,0,0,0,0,0,0,3,0,0,0,1,0,0,0,0,1,1,1,4,0,0,0,0,0,0,0,0
0,0,0,1,2,2,0,0,0,0,7,0,0,0,0,0,2,0,0,1,0,0,0,0,3,0,0,2,0,7,0,0,0,0,0,0,1,0
0,0,0,2,0,6,4,0,0,2,0,1,0,0,0,0,1,5,3,1,1,4,0,0,7,0,11,8,7,14,0,2,2,2,3,3,0,4
0,0,0,1,1,0,0,0,0,0,0,0,1,0,0,0,0,2,3,0,0,0,0,0,4,0,3,1,0,3,0,1,0,1,0,0,0,0
0,1,0,0,0,0,0,0,0,0,0,0,0,0,0,0,1,0,0,0,0,0,0,0,1,0,1,0,0,2,1,0,0,0,0,0,0,3
0,0,0,0,0,2,0,0,0,0,0,0,0,0,0,0,0,0,0,0,0,0,0,0,0,0,0,0,0,0,0,1,1,0,0,0,0,0
0,0,2,0,0,0,0,0,0,0,0,0,0,0,0,0,0,0,0,1,0,0,0,0,2,0,2,1,0,2,1,0,0,0,0,2,0,2
