2,3,0,0,0,1,0,0,0,0,0,0,0,0,0,0,0,0,0,0,0,0,0,0,0,0,0,0,0,0,0,0,0,0,0,0,0,0
0,9,6,4,1,3,0,0,0,0,0,0,0,0,0,0,0,0,0,0,0,0,0,0,0,0,0,4,0,1,0,0,0,0,0,0,0,1
0,1,4,0,0,4,2,0,0,0,2,0,0,0,0,0,0,0,0,0,0,0,1,0,0,0,0,0,0,0,0,0,0,0,0,0,0,0
7,16,5,30,6,32,5,0,1,4,1,0,3,6,0,3,0,3,2,1,1,4,1,0,3,0,0,1,2,10,0,1,0,0,2,0,0,0
10,8,2,63,14,39,27,6,6,4,18,6,8,11,0,3,6,3,3,4,7,3,0,2,12,4,14,14,4,11,1,0,0,1,0,0,0,2
2,4,6,15,0,50,36,0,3,0,3,4,7,1,0,0,1,3,3,0,0,1,0,1,4,1,3,3,2,8,1,0,1,0,0,0,0,0
3,1,2,7,13,23,16,5,0,1,3,1,2,0,0,0,6,4,1,1,3,6,0,0,2,0,8,3,0,9,0,1,0,0,0,0,0,0
0,0,2,3,0,10,9,0,2,3,2,2,1,0,0,1,1,3,1,0,0,2,0,2,10,1,0,1,2,1,0,0,0,1,0,0,0,0
1,0,3,1,1,6,4,0,0,1,0,1,0,0,0,0,2,3,1,0,0,0,0,0,1,0,3,0,0,1,0,0,0,0,0,1,0,0
2,1,0,3,1,1,0,0,0,0,3,1,0,0,0,1,1,1,2,7,0,4,0,0,4,1,2,1,0,2,0,0,2,0,0,0,0,0
2,5,5,22,6,15,2,0,3,4,10,3,1,2,0,3,5,2,2,22,5,7,2,1,7,0,10,3,1,10,5,1,2,1,2,0,0,0
1,6,2,16,8,14,7,2,0,5,6,4,0,2,0,1,3,2,5,3,0,2,0,2,11,2,9,6,1,6,5,0,3,1,2,2,0,0
3,10,1,6,5,34,7,0,2,3,2,2,4,2,0,0,3,7,9,4,4,4,0,1,5,0,7,8,4,8,0,0,0,4,0,0,0,0
0,3,4,5,0,7,5,1,3,2,0,1,1,0,0,0,1,5,1,2,1,5,0,0,9,1,3,1,0,6,1,1,0,0,1,0,0,0
1,0,0,1,0,1,1,0,0,0,0,0,0,0,2,0,0,0,0,0,0,1,0,3,1,0,3,0,0,2,0,0,0,0,0,2,0,0
0,1,1,1,0,2,7,2,0,1,3,2,3,0,0,0,0,1,2,1,3,2,0,0,0,0,2,1,1,2,0,0,0,0,0,0,0,0
0,1,2,4,0,15,6,1,0,0,5,1,2,2,0,0,2,0,8,3,3,10,1,1,2,0,10,3,1,10,3,0,0,0,1,1,0,2
4,1,3,5,3,10,5,0,2,0,5,2,2,4,0,0,4,2,4,4,0,7,0,3,7,1,17,5,2,13,0,0,2,1,0,0,0,0
0,0,0,0,3,11,11,0,3,1,5,0,1,0,0,0,3,4,6,0,1,8,0,1,1,1,12,2,1,7,2,0,2,0,1,0,0,3
4,1,4,11,4,9,3,0,0,2,4,5,1,2,0,0,1,3,4,4,5,3,2,0,9,0,7,10,5,11,0,0,1,1,0,1,2,3
2,3,2,1,0,3,1,0,0,0,1,2,0,3,0,0,1,1,2,4,0,2,1,3,6,0,3,1,0,5,0,0,0,0,0,0,0,0
0,0,2,2,2,8,3,0,1,0,8,2,4,2,0,1,5,7,3,4,3,3,0,1,7,0,10,3,3,5,0,5,0,0,3,0,0,0
0,0,0,2,0,4,1,0,0,0,3,0,0,0,0,0,0,0,1,1,1,3,1,0,2,1,1,5,0,0,1,0,0,2,0,0,0,0
0,0,0,4,1,6,0,0,0,0,4,2,0,0,0,0,0,1,0,2,1,2,0,0,3,1,4,1,1,6,0,1,0,0,0,0,0,0
1,2,3,6,11,17,10,0,0,0,6,3,3,4,0,0,3,4,8,8,3,6,3,1,19,5,29,20,7,27,5,1,1,5,1,2,0,1
2,0,0,3,0,5,2,0,0,1,0,1,0,2,0,2,2,1,2,3,3,2,0,0,10,0,8,6,1,5,2,0,0,0,0,3,0,3
0,0,8,9,4,21,7,1,3,4,11,6,4,0,0,2,6,16,22,5,7,9,1,1,23,6,40,20,7,61,3,1,3,7,1,2,0,2
2,4,1,19,9,7,7,0,0,1,9,3,0,3,0,1,5,6,12,14,0,3,0,0,26,12,22,21,7,28,4,2,2,10,2,1,0,1
0,0,0,5,0,2,0,1,0,0,2,4,0,0,0,0,2,3,3,0,3,1,0,0,1,1,9,10,1,15,6,0,0,3,0,0,0,0
0,5,2,18,9,32,14,1,3,3,7,7,6,6,0,0,10,13,10,6,12,9,1,4,31,8,41,54,14,113,7,8,6,22,2,1,0,4
1,0,0,1,0,1,0,0,0,0,2,0,0,0,0,0,0,0,0,0,0,0,0,0,0,0,2,0,1,10,2,0,0,0,0,0,0,2
0,0,0,1,0,2,4,0,0,0,1,0,0,0,0,0,0,1,1,0,0,0,0,0,1,1,2,1,0,3,0,0,0,0,0,0,0,0
0,0,0,3,2,4,0,0,0,0,1,0,2,0,0,0,1,2,2,0,0,0,0,0,0,0,4,4,0,4,0,0,1,0,1,0,0,0
2,1,1,6,2,4,3,0,2,0,4,2,1,0,0,0,2,1,0,2,1,0,0,0,2,0,10,7,2,15,2,0,1,4,0,5,0,1
0,0,0,1,1,2,0,0,1,0,1,1,0,0,0,0,0,0,1,0,0,0,0,0,0,0,5,0,0,5,1,0,0,1,1,1,0,2
0,0,0,3,0,0,0,0,1,0,0,0,1,0,0,0,0,0,3,0,0,0,0,0,1,0,0,4,1,1,0,0,0,0,1,0,0,1
0,0,0,0,0,0,0,0,0,0,0,0,0,0,0,0,0,0,0,0,0,0,0,0,0,0,0,0,0,0,0,0,0,0,0,0,0,0
0,2,0,0,0,1,0,0,0,0,0,0,0,0,0,0,0,0,0,0,0,0,0,0,2,0,0,1,0,1,0,0,1,0,1,0,2,0
