0,3,0,0,0,0,0,0,0,0,0,0,0,0,0,0,0,0,0,0,0,0,0,0,0,0,0,0,0,1,0,0,0,0,0,0,0,0
2,9,4,8,2,0,1,0,0,0,2,0,0,1,0,0,0,0,0,1,0,0,0,0,0,0,1,0,0,1,0,0,0,1,0,0,0,0
2,2,5,1,0,6,1,0,0,0,0,0,0,0,0,0,0,1,0,0,0,0,0,0,0,0,0,0,0,1,0,0,0,0,0,0,0,0
7,16,9,34,5,26,8,3,0,0,5,2,5,0,0,0,4,0,0,0,1,2,0,0,6,3,3,3,0,3,0,0,0,0,0,0,0,0
1,5,9,28,7,12,17,1,1,1,3,8,1,1,1,1,3,1,3,6,5,3,0,0,8,3,3,7,1,6,0,0,0,1,1,2,0,1
1,5,11,17,2,29,28,5,6,0,1,0,6,1,0,0,4,3,5,1,3,4,0,0,5,0,7,2,2,1,0,0,0,0,0,0,0,0
4,7,1,10,1,24,11,10,1,2,1,5,0,1,0,0,6,3,1,2,2,4,0,3,1,1,7,5,2,5,0,0,0,2,0,0,0,0
0,0,2,2,2,7,5,0,2,1,4,1,0,0,0,0,0,3,3,1,0,0,1,1,6,0,6,4,1,5,0,0,0,0,0,2,0,0
0,0,1,2,0,10,2,0,0,1,2,1,2,0,0,0,0,1,3,0,0,0,0,0,0,2,1,3,0,3,0,0,0,0,0,0,0,0
0,1,2,9,1,2,2,0,1,0,1,0,0,0,0,1,1,2,0,3,1,3,2,0,6,0,4,1,0,5,0,0,1,1,0,0,0,0
0,7,1,14,3,6,5,0,1,2,5,3,3,4,0,3,4,4,1,5,1,9,1,1,15,1,8,7,3,9,0,0,1,1,2,4,0,3
0,1,3,10,9,7,19,2,2,4,10,5,8,0,0,1,8,2,2,6,5,10,0,4,9,2,9,5,2,8,1,0,0,0,1,0,0,2
1,5,2,9,3,12,8,0,0,0,4,4,3,2,0,0,2,1,4,2,3,1,0,1,2,1,14,9,1,7,0,3,0,0,1,0,0,0
1,0,1,8,3,10,8,0,1,1,10,1,0,0,0,3,5,4,3,5,4,5,0,0,2,2,2,4,3,4,0,0,0,0,0,1,0,0
0,0,0,4,0,0,1,0,0,1,1,0,0,2,0,0,1,0,0,0,0,0,0,0,1,0,0,0,0,3,0,0,0,0,0,0,0,0
0,0,1,3,0,7,1,0,0,0,2,2,3,1,0,0,0,2,1,0,0,1,0,0,1,0,6,3,0,3,0,0,0,0,0,0,0,0
3,1,1,5,3,22,7,2,1,0,3,2,5,1,0,0,0,5,6,1,1,4,0,1,3,2,9,3,1,15,0,2,0,1,0,0,0,1
1,1,2,4,1,13,9,0,1,1,5,0,3,2,0,0,2,4,7,1,6,3,1,5,4,0,8,2,0,7,2,0,1,2,1,0,0,1
0,0,1,3,1,11,4,0,3,0,0,1,6,0,0,0,2,5,2,3,0,3,1,1,6,0,10,0,0,10,0,0,2,0,0,0,0,0
0,2,3,20,4,2,3,2,1,1,2,2,2,2,0,0,2,5,4,5,1,3,1,1,7,2,4,2,1,6,0,0,0,0,0,0,0,0
0,2,0,3,0,3,1,0,1,0,5,4,0,1,0,0,1,1,0,8,0,2,2,0,3,0,3,4,1,5,1,1,0,2,1,0,0,3
0,4,0,8,6,6,4,0,1,2,3,0,4,2,0,1,2,1,3,4,2,1,1,0,3,3,7,4,1,5,0,1,1,0,0,2,0,0
0,0,0,1,0,0,1,0,0,1,9,0,0,0,0,0,0,0,0,1,2,2,0,0,4,0,2,0,0,2,0,0,0,2,0,0,0,0
1,0,2,3,1,6,1,1,0,1,3,1,0,1,0,0,0,2,2,0,1,4,0,0,4,0,7,2,4,5,0,2,0,0,0,0,0,0
2,2,6,8,8,21,6,3,2,3,12,2,3,3,1,2,5,5,2,14,10,6,1,4,20,5,25,12,2,31,2,0,5,6,6,2,0,1
0,4,0,1,1,3,0,3,2,0,2,4,0,3,0,3,0,0,3,2,0,2,0,0,6,1,11,7,2,7,0,0,0,0,0,0,0,0
4,1,3,12,4,24,8,4,2,0,6,4,5,3,0,1,8,13,11,7,5,16,1,6,32,1,42,25,7,70,1,1,2,0,0,5,0,4
3,2,1,11,6,10,10,1,5,5,5,1,0,5,0,0,4,7,9,12,3,2,0,2,30,5,26,29,7,44,4,3,1,10,4,1,0,3
1,0,0,0,1,0,3,0,1,0,3,3,0,1,0,0,2,0,3,0,0,2,0,1,7,0,10,7,0,22,0,1,0,4,6,0,0,1
4,1,4,13,8,30,22,0,2,7,19,4,9,2,0,2,5,11,17,5,4,6,0,0,39,6,43,39,18,105,12,4,8,18,4,2,0,4
0,1,0,0,0,0,0,0,0,0,0,0,0,0,0,0,0,0,1,0,0,3,0,0,1,2,5,2,0,0,1,0,0,2,2,0,0,0
0,0,0,0,0,2,0,2,0,0,0,0,0,0,0,0,0,0,3,0,0,0,0,0,0,0,0,1,0,2,0,0,2,0,0,0,0,0
0,0,0,1,0,2,0,0,2,0,0,0,1,0,0,0,1,1,1,0,0,2,0,0,1,0,5,2,0,5,1,1,0,0,0,0,0,0
0,4,0,0,1,6,1,0,1,0,4,0,1,0,0,0,0,3,1,0,0,3,0,0,9,0,11,8,0,12,2,3,0,3,0,2,0,4
0,1,0,0,1,1,1,0,0,0,0,1,0,0,0,0,0,0,2,0,0,2,0,1,3,2,3,5,4,4,2,1,0,3,1,3,0,1
0,0,0,1,0,3,0,0,0,0,1,0,0,0,0,0,0,1,0,0,0,0,0,1,2,0,0,2,0,2,0,2,0,2,0,0,0,1
0,0,0,0,0,0,1,0,0,0,0,0,0,0,0,0,0,0,0,0,0,0,0,0,4,0,0,0,0,0,0,0,2,0,0,0,0,0
0,2,0,3,2,0,2,0,0,0,0,0,1,0,0,0,2,2,1,0,0,0,0,0,0,0,1,2,1,1,0,0,0,2,0,0,0,0
