5,0,0,0,0,1,0,0,0,0,0,0,0,0,0,0,0,0,0,0,0,0,0,0,0,0,0,0,0,0,0,0,0,0,0,0,0,0
2,6,6,6,1,3,0,0,0,0,0,0,0,0,0,0,0,0,0,0,0,0,0,0,0,0,1,2,0,2,0,0,0,0,0,0,0,0
0,6,6,4,0,5,0,2,0,0,3,0,0,0,0,0,0,2,0,1,0,0,0,0,0,0,0,0,0,0,0,0,0,0,0,0,0,0
9,10,2,27,2,10,2,0,5,1,4,4,1,0,0,0,0,1,0,0,3,1,0,1,8,0,4,1,0,3,0,0,0,1,0,1,0,0
2,1,1,22,9,10,10,1,3,3,5,4,1,2,0,1,0,2,1,4,3,1,5,1,3,0,7,4,0,8,0,0,0,0,0,0,0,0
2,7,8,10,3,33,18,3,1,1,1,1,1,1,1,0,2,0,1,1,3,0,1,0,2,1,4,1,0,4,0,0,2,3,0,1,0,0
0,4,2,5,10,28,11,1,1,0,3,2,2,0,0,0,10,2,7,2,4,0,0,0,1,0,4,3,1,0,0,0,2,1,0,0,0,1
0,0,1,3,2,9,3,1,0,0,0,0,2,0,0,0,2,5,4,1,0,1,0,0,3,1,2,1,1,2,0,0,1,1,1,1,0,0
1,0,2,2,1,9,3,0,0,0,2,1,0,2,0,0,0,0,0,2,0,1,0,0,0,0,0,1,1,0,0,0,0,0,0,0,0,0
0,2,0,6,7,2,0,0,0,1,2,2,0,0,0,1,1,0,0,2,0,0,1,0,2,1,0,1,0,2,0,0,0,0,0,0,0,0
3,6,6,8,13,14,5,1,2,5,2,2,1,4,0,1,4,2,2,3,4,15,1,0,13,0,12,12,0,2,0,0,0,5,0,1,0,0
1,2,3,15,13,15,8,2,2,1,10,0,0,1,0,3,3,7,4,9,8,8,0,2,3,3,8,5,1,12,1,2,0,0,0,1,0,1
0,1,2,10,0,12,12,2,3,3,10,3,3,0,0,1,2,8,7,4,1,1,2,1,4,0,8,8,0,6,1,3,0,1,0,1,0,0
0,4,0,7,0,9,3,1,0,2,5,2,2,5,0,0,1,2,2,0,4,7,1,0,5,1,7,10,1,6,0,1,1,1,0,0,0,0
0,0,1,1,1,0,1,0,0,0,0,0,0,0,0,0,2,0,0,0,0,1,0,0,0,1,1,1,0,4,0,1,0,0,0,0,0,0
0,0,1,1,2,3,1,1,0,0,0,0,1,0,0,0,0,0,0,1,0,0,0,0,0,0,6,3,0,4,0,0,0,0,0,0,0,0
0,1,1,4,2,16,12,3,2,0,1,2,1,0,0,0,8,2,4,3,5,3,0,1,7,0,10,2,0,5,1,0,1,3,1,0,0,0
3,1,0,7,4,5,2,0,0,0,2,0,2,0,0,0,7,3,4,4,2,2,0,2,4,0,10,1,3,1,0,2,4,0,1,0,0,0
0,1,2,3,0,7,5,2,2,1,4,1,2,1,0,0,4,4,7,0,0,3,0,2,8,0,9,2,1,7,0,0,3,0,0,0,0,2
2,4,3,0,9,3,2,4,2,1,7,1,2,1,0,0,1,1,1,2,4,2,1,1,9,1,3,5,1,7,0,0,0,0,1,0,0,0
2,0,0,2,4,1,2,0,0,1,2,0,4,0,0,0,0,3,1,4,2,5,0,1,3,1,5,1,1,4,0,0,1,1,0,1,0,0
3,3,1,5,1,5,5,1,0,4,5,1,5,4,0,1,2,6,4,2,1,2,0,1,11,0,12,5,0,13,0,0,0,4,0,0,0,2
0,0,0,2,0,5,3,0,0,0,1,1,0,0,0,0,1,1,1,0,0,0,0,0,0,0,1,1,0,1,3,0,0,0,1,1,0,0
0,0,0,3,1,3,2,1,2,1,2,2,0,0,0,0,1,1,8,0,3,5,0,0,3,0,1,2,0,6,0,0,0,4,0,0,0,0
2,4,7,15,2,7,2,0,3,2,6,0,1,0,0,0,2,5,7,9,4,5,0,1,16,6,24,22,3,26,5,0,0,3,0,1,0,2
1,1,0,7,6,4,2,0,0,1,1,0,0,0,0,0,1,3,2,3,0,1,0,1,5,2,7,4,2,9,1,0,0,1,0,2,0,2
2,5,6,7,5,12,11,4,5,4,2,4,4,2,0,0,8,8,14,3,2,6,0,1,10,2,35,20,7,45,3,1,0,7,0,2,0,2
2,3,0,17,1,9,10,0,0,2,9,1,6,0,0,1,4,3,5,11,4,2,0,4,13,3,18,9,3,53,2,2,1,12,2,0,0,2
2,0,0,0,1,0,1,0,0,0,0,1,3,0,0,0,0,1,2,3,2,0,0,1,9,0,7,4,0,14,0,1,1,2,0,1,1,2
2,4,9,18,8,41,6,2,1,1,12,2,4,4,0,0,10,10,17,6,2,5,0,2,30,3,39,30,11,99,13,9,0,17,5,1,0,6
0,0,0,0,0,4,0,0,0,0,0,0,0,0,0,0,0,0,0,0,0,0,0,0,0,0,1,2,0,6,2,0,0,0,1,0,0,0
1,0,0,0,0,0,1,3,0,0,0,0,0,0,0,0,0,0,1,0,0,0,0,0,6,0,2,0,0,0,2,0,0,0,2,0,0,0
0,1,0,0,2,0,1,0,0,0,1,0,0,0,0,0,0,0,2,1,0,0,0,3,2,0,1,3,0,2,2,0,0,0,0,0,0,0
0,1,0,7,1,4,2,0,0,0,5,5,1,0,0,1,1,1,2,1,0,0,0,0,8,2,8,8,2,13,5,1,3,4,1,3,0,1
0,0,0,1,0,0,0,0,0,0,2,0,0,0,0,0,0,0,1,0,0,0,0,0,0,2,1,1,0,3,3,1,0,1,0,2,0,0
0,0,0,1,0,0,0,0,0,0,1,1,0,0,0,0,1,0,0,0,0,0,0,0,1,0,1,1,0,3,0,0,0,0,1,0,0,0
0,0,0,0,0,0,0,0,0,0,0,0,0,0,0,0,0,0,0,0,0,0,0,0,0,0,0,0,0,0,0,0,0,0,0,0,0,0
0,0,0,1,0,0,3,0,0,0,0,0,0,0,0,0,1,0,0,0,0,0,0,1,0,0,3,0,0,2,0,0,0,0,1,0,0,1
