1.742
2.21677419355
1.99291666667
2.74185185185
2.27476190476
2.30982905983
2.16509615385
2.51632653061
2.28310344828
2.08540540541
2.18825806452
2.0122972973
1.91576576577
2.13901098901
2.45684210526
2.18307692308
1.91043478261
2.20884615385
1.82768292683
2.3203125
2.01763636364
2.01295918367
2.39090909091
1.80647058824
2.27132653061
2.1953125
1.94521568627
2.36572093023
1.76648148148
2.37122171946
2.38642857143
4.229375
4.24952380952
2.56954545455
2.14333333333
3.25538461538
0.0
3.14727272727
