1,1,0,0,0,0,0,0,0,0,0,0,0,0,0,0,0,0,0,0,0,0,0,0,0,0,0,0,0,0,0,0,0,0,0,0,0,0
0,9,2,9,3,5,1,1,0,0,0,3,0,0,1,1,0,0,0,0,0,0,0,0,0,0,2,1,1,0,0,0,0,0,0,0,0,0
1,2,5,0,2,4,0,0,0,0,0,0,0,0,0,0,1,0,0,0,0,0,0,0,0,0,0,0,0,1,0,0,0,0,0,0,0,1
0,22,2,99,22,36,15,6,3,1,4,20,2,4,2,0,4,1,1,2,3,2,0,4,2,2,4,1,0,1,0,0,0,3,1,0,0,0
0,1,2,18,14,11,23,5,0,2,7,9,4,0,1,3,3,0,1,4,2,1,0,1,1,0,0,0,1,1,0,0,0,2,0,1,0,2
1,7,5,38,12,87,64,10,1,1,2,5,9,3,0,1,1,11,2,1,0,2,0,2,2,1,10,1,0,1,0,3,0,3,0,0,0,1
0,3,3,22,21,63,56,14,7,3,9,9,17,6,0,5,17,6,7,0,2,6,1,0,1,1,8,8,3,3,0,2,0,1,0,2,0,0
0,0,0,7,2,9,8,1,0,0,0,7,3,6,0,1,4,8,2,2,4,1,0,2,1,0,5,1,0,2,0,0,0,0,3,2,0,0
0,0,0,0,2,12,12,4,0,0,2,0,0,0,0,0,2,2,2,0,0,2,1,0,1,0,1,0,0,0,0,0,0,0,0,0,0,0
0,0,0,3,2,0,1,0,0,2,0,1,0,1,0,0,1,0,0,3,0,0,0,0,2,0,0,0,0,0,0,0,1,0,0,0,1,2
2,1,0,2,4,2,2,1,0,1,4,5,1,0,2,0,4,4,0,6,0,2,2,1,4,1,0,4,1,6,0,0,0,2,0,0,0,0
0,0,0,6,15,7,14,2,0,0,5,2,3,6,0,6,11,3,3,0,4,12,3,6,8,0,6,1,1,3,0,2,0,2,0,3,2,0
2,0,0,2,1,12,18,1,1,0,1,4,10,3,2,2,5,8,6,0,0,2,1,3,5,1,17,0,0,2,2,0,0,0,1,0,1,0
0,0,0,2,3,3,3,6,2,0,3,6,0,3,0,0,2,5,1,3,3,2,0,1,3,3,7,0,2,2,2,0,0,0,1,1,0,0
0,0,0,0,0,2,3,0,0,0,1,0,0,0,0,0,0,0,3,0,0,0,0,0,2,0,2,0,0,0,1,0,0,1,0,0,0,0
1,2,0,0,0,6,3,5,0,0,0,2,4,0,0,0,2,0,2,1,1,4,2,2,0,1,2,0,1,0,0,0,0,1,0,2,0,0
0,0,0,0,3,6,16,1,2,1,1,0,2,3,0,3,0,1,6,4,1,2,0,0,2,2,14,0,2,3,3,0,0,2,1,0,0,0
0,0,0,0,3,2,9,8,1,0,6,6,4,4,0,2,3,4,6,4,2,6,3,7,6,4,16,1,4,1,2,0,0,0,4,1,0,0
0,1,1,5,2,6,8,1,3,0,5,7,10,9,1,5,7,11,6,4,3,2,0,3,5,2,17,2,1,3,0,1,0,1,0,0,0,0
0,0,0,6,2,5,8,1,0,2,7,9,0,6,2,0,7,9,5,8,1,2,0,0,7,3,2,4,0,4,2,0,2,5,2,0,0,1
0,0,0,2,1,0,0,0,0,0,2,4,0,6,2,0,4,3,0,7,1,2,0,0,3,0,1,0,1,1,0,0,0,1,0,0,0,1
1,0,0,0,4,3,5,2,0,1,3,4,2,8,1,0,4,3,3,5,1,5,1,2,10,1,4,7,6,3,1,0,0,6,0,0,0,0
0,2,0,0,1,1,2,1,1,0,0,2,0,0,0,0,1,2,2,0,1,2,0,0,2,1,7,0,0,1,1,0,0,0,0,0,0,1
0,0,0,0,0,0,1,4,0,3,1,2,0,0,0,0,0,5,0,0,0,1,0,0,3,0,9,2,0,4,2,0,0,6,0,0,0,0
0,0,0,5,9,3,8,0,1,1,4,6,2,2,2,0,2,2,6,16,1,5,1,5,26,11,22,13,9,10,1,0,0,8,2,1,0,0
0,0,0,1,0,5,2,1,0,0,1,5,1,0,0,0,3,0,0,2,1,1,0,0,3,0,7,6,2,4,0,0,0,1,0,0,0,2
0,0,1,1,1,10,9,1,3,2,1,2,7,1,0,5,2,17,14,6,2,9,1,0,25,6,33,18,11,26,1,0,0,7,4,0,0,0
0,0,0,1,1,1,3,0,0,0,3,2,0,0,0,2,1,3,2,2,0,8,1,0,30,3,14,7,6,14,3,1,0,8,2,0,0,6
0,0,0,0,0,1,1,1,1,1,3,3,0,0,0,0,0,1,1,2,0,2,0,0,9,3,9,6,0,9,2,0,0,6,0,0,0,1
0,1,0,0,0,6,1,1,0,4,2,2,1,0,0,0,1,4,6,4,0,1,0,1,22,7,25,27,9,30,10,2,3,9,0,1,0,3
0,0,0,0,0,0,0,0,0,0,1,0,0,0,0,0,0,0,3,1,0,1,0,0,1,3,0,0,1,6,2,0,1,4,2,0,0,4
0,0,0,0,0,0,0,0,0,0,0,1,0,0,1,0,1,2,0,0,0,0,0,1,2,1,3,0,0,4,0,0,0,1,0,0,0,0
1,0,0,0,0,0,0,0,0,0,0,0,1,2,0,0,1,0,1,0,0,0,0,0,3,2,3,3,0,0,1,1,0,0,0,0,0,0
0,0,0,0,1,1,1,0,0,1,0,3,1,2,1,0,1,1,2,1,0,2,0,0,12,0,3,6,2,2,4,0,0,7,1,3,0,2
0,0,0,0,1,3,2,0,0,0,1,0,0,0,0,0,0,0,0,0,0,2,0,1,0,0,0,0,3,2,1,0,1,2,0,1,0,0
0,0,0,1,1,0,2,0,0,1,1,0,3,0,0,1,0,3,2,0,0,1,0,0,3,0,2,2,1,3,1,1,4,3,2,1,0,1
0,0,0,0,0,0,0,0,0,0,1,0,0,0,0,0,0,0,0,0,0,0,0,0,1,0,0,1,0,0,0,0,0,1,0,0,0,0
0,0,0,0,2,0,1,0,0,0,0,1,0,0,0,0,0,3,0,4,0,0,0,0,1,1,3,3,1,3,0,0,0,0,0,0,0,1
