0,0,0,0,0,0,0,0,0,0,0,0,0,0,0,0,0,0,0,0,0,0,0,0,0,0,0,0,0,0,0,0,0,0,0,0,0,0
1,3,2,6,1,3,1,1,0,0,0,0,0,0,0,1,0,0,0,1,0,2,0,0,1,1,0,0,0,0,0,0,0,0,0,0,0,0
0,2,6,2,0,1,0,0,0,0,0,0,0,0,0,0,0,0,0,0,0,0,0,0,0,0,1,0,0,0,0,0,0,0,0,0,0,0
5,27,9,91,35,51,25,7,3,2,5,15,1,1,1,3,2,1,1,1,1,0,1,0,4,3,3,0,0,1,0,1,0,2,0,0,0,2
0,0,0,34,17,12,17,8,2,3,9,6,7,6,0,2,1,4,1,3,0,6,4,1,4,4,3,0,0,1,0,0,3,2,0,0,0,0
0,10,11,37,15,114,73,9,3,0,4,9,11,2,0,6,3,2,2,3,4,4,0,1,2,0,5,0,2,2,1,0,0,0,1,1,0,0
1,1,2,28,12,68,67,16,5,4,2,8,11,5,4,1,12,12,10,2,1,5,0,2,5,0,14,2,2,4,0,3,3,2,1,0,0,0
0,1,0,6,6,9,16,1,2,0,3,6,9,3,0,1,10,8,3,2,1,8,0,1,1,0,6,2,0,3,0,0,0,3,0,0,0,0
0,0,0,2,0,14,9,3,1,0,0,1,1,0,1,0,1,0,0,0,0,0,1,0,1,1,1,0,0,1,0,0,0,0,0,0,0,0
0,1,0,3,7,2,0,0,0,2,3,1,0,4,1,0,0,0,0,3,2,2,0,2,2,0,4,1,0,0,0,0,0,1,0,0,0,0
0,0,0,7,3,1,4,1,2,4,7,5,1,0,0,1,0,6,0,6,1,6,1,0,9,0,8,2,0,7,0,0,1,3,0,0,0,0
0,3,0,9,4,7,16,0,0,4,4,10,5,10,0,5,6,14,2,6,4,18,5,4,2,0,17,2,1,4,0,2,1,2,0,1,0,0
0,2,2,3,1,23,16,2,2,0,0,2,1,5,0,2,2,10,2,2,0,6,0,1,1,0,15,1,2,0,1,2,2,4,0,0,0,0
0,0,0,4,4,1,8,3,0,0,3,8,6,1,0,1,3,4,3,2,0,13,2,1,5,3,8,0,0,2,1,1,1,3,0,2,0,0
0,0,0,0,0,1,1,0,0,0,0,0,0,2,2,0,4,0,1,2,1,2,4,0,2,0,1,0,1,1,0,0,1,1,0,0,0,0
0,0,0,0,4,2,4,1,0,0,0,6,0,1,0,0,0,1,0,0,0,4,1,1,3,0,11,0,1,1,0,0,0,0,0,2,0,0
1,1,1,2,2,7,5,2,5,1,3,7,6,6,0,0,1,6,9,5,0,4,1,0,3,1,14,0,0,1,0,0,1,0,0,0,0,2
0,2,0,2,2,2,14,3,0,1,5,8,9,7,2,0,7,2,14,4,6,9,1,2,6,5,24,4,2,5,1,0,1,2,0,4,0,0
0,0,0,0,0,5,14,7,1,0,3,3,7,3,1,3,5,6,4,2,0,8,0,3,10,1,21,1,2,4,3,0,4,1,0,2,0,0
3,0,0,2,4,4,2,0,0,0,6,3,5,10,1,1,5,8,3,6,1,4,0,2,13,1,7,5,0,0,0,0,1,0,0,1,0,1
0,0,0,1,4,0,2,0,1,1,3,3,2,2,0,0,2,4,0,6,2,2,0,1,2,0,2,1,0,0,0,0,0,0,0,0,0,0
0,0,0,0,0,7,2,4,0,1,1,6,3,7,0,4,2,12,2,1,0,3,0,2,12,0,14,2,2,0,3,0,1,2,0,0,0,2
0,0,0,1,0,0,0,0,0,0,1,0,0,1,0,1,2,0,0,0,0,0,0,0,3,0,5,0,5,2,1,0,0,1,0,0,0,0
0,0,0,2,0,5,0,2,2,0,0,1,5,1,0,3,2,1,3,4,1,0,0,1,4,1,8,0,0,2,2,0,0,2,0,2,0,0
0,0,0,5,1,4,4,0,0,4,6,6,0,1,2,1,1,13,6,10,2,11,2,5,31,3,19,14,4,14,4,1,1,11,2,2,1,1
0,0,0,1,0,0,0,0,1,0,0,0,0,6,0,0,1,3,0,3,0,2,0,1,6,0,5,3,3,6,1,0,0,3,0,0,2,1
0,3,2,2,0,9,10,5,9,1,4,2,13,8,0,1,10,19,18,10,1,12,3,1,34,10,46,14,14,37,1,4,0,8,0,5,0,3
0,0,0,5,2,0,1,0,1,0,2,4,1,2,0,2,0,1,1,6,1,8,0,0,10,10,5,9,6,12,2,0,1,6,1,1,0,1
0,0,0,0,3,1,0,1,0,0,1,1,1,3,0,0,0,0,4,6,1,2,0,1,16,1,15,14,8,4,1,1,1,2,1,0,0,0
0,0,1,1,0,1,12,0,2,1,0,0,10,5,0,1,7,3,8,4,1,5,0,1,13,2,22,19,14,49,5,2,1,11,1,1,0,3
0,0,0,0,0,0,1,0,0,0,0,0,2,0,0,2,1,3,0,3,0,1,1,0,2,0,3,2,2,2,2,0,1,1,0,3,0,0
0,0,0,0,0,0,0,0,0,0,1,0,0,0,0,0,1,1,0,0,0,0,0,1,0,0,2,3,0,1,3,1,0,1,0,0,0,1
0,0,0,0,0,0,2,0,0,0,1,2,1,0,0,0,4,3,0,0,0,0,0,0,0,0,4,0,0,7,0,2,0,5,1,0,0,2
0,0,0,0,1,1,1,0,1,0,0,1,1,0,0,0,0,0,2,6,0,4,0,0,12,5,3,4,5,2,3,1,2,2,0,1,2,1
0,0,1,0,0,1,0,0,1,0,0,0,2,1,0,0,0,0,0,0,0,1,0,0,3,0,1,1,2,2,0,2,2,1,0,0,0,0
0,0,0,3,2,0,1,0,0,0,0,1,6,2,0,0,2,0,0,3,0,4,0,0,4,1,0,2,2,2,0,1,2,5,0,1,0,0
0,0,0,0,0,0,1,0,0,0,0,0,0,0,0,0,0,0,0,0,0,0,0,0,2,0,0,0,2,0,0,0,1,0,0,0,0,2
0,0,0,0,0,0,0,0,0,0,0,0,1,0,0,1,0,2,1,0,1,1,0,1,0,0,1,0,1,5,0,1,0,1,0,0,0,2
