1.788
2.35117647059
1.96533333333
1.89422018349
1.568984375
1.72763636364
1.44357827476
1.76948453608
1.86051282051
2.162
1.4878313253
1.41703703704
1.47453608247
1.42813953488
1.94526315789
1.64898305085
1.55431372549
1.43033783784
1.4512745098
2.04246478873
1.46592592593
1.5135042735
1.51157894737
1.48921568627
1.44220994475
1.45707692308
1.59213389121
1.39616666667
1.76511904762
1.78734693878
2.44433333333
3.54961538462
4.0855
2.17245614035
3.04380952381
3.51363636364
2.96571428571
4.05333333333
