3,2,0,0,0,0,0,0,0,0,0,0,0,0,0,0,0,0,0,0,0,0,0,0,0,0,0,0,0,0,0,0,0,0,0,0,0,0
1,10,3,9,1,4,2,0,0,0,0,1,0,0,0,0,1,1,0,0,0,0,0,0,0,2,0,0,0,2,0,0,0,0,0,0,0,0
0,2,3,1,0,7,0,0,0,0,0,0,0,0,0,0,0,0,2,0,0,0,0,0,0,0,0,0,0,1,0,0,0,0,0,0,0,0
5,9,4,65,24,25,22,2,0,1,5,9,7,3,0,3,1,1,2,3,1,1,1,1,7,0,1,0,0,3,0,0,0,1,0,0,0,0
0,2,0,27,10,11,10,2,1,4,7,9,2,2,3,4,0,4,0,3,3,3,0,0,5,4,4,1,2,1,0,0,0,0,0,2,0,0
0,4,17,30,9,103,58,7,5,0,4,11,9,1,0,1,9,10,3,4,0,3,1,0,1,1,13,3,4,3,0,1,0,1,0,0,0,0
0,2,2,25,15,76,73,7,5,0,0,14,19,2,5,0,16,10,2,3,4,1,2,5,3,1,11,5,2,0,2,0,0,2,0,1,0,0
0,0,0,6,4,14,13,0,4,5,0,4,4,5,0,2,5,3,3,0,0,5,2,1,1,1,4,0,2,2,0,1,0,1,3,0,0,1
0,0,0,3,1,11,9,2,1,0,0,2,5,0,0,0,0,0,2,1,0,0,0,0,1,0,2,0,0,1,0,0,0,0,0,1,0,0
1,1,2,0,5,0,5,2,1,1,3,3,0,1,0,1,0,1,1,2,0,1,1,0,3,0,0,0,1,1,0,0,0,2,0,0,0,0
2,0,0,6,6,6,1,3,0,3,5,8,4,7,1,2,3,2,2,8,0,5,1,1,4,0,2,1,0,0,0,0,0,0,0,3,0,0
0,0,0,9,17,7,14,3,1,2,6,2,6,7,4,3,3,9,4,7,0,11,0,4,9,8,8,2,0,0,0,0,1,2,1,0,0,0
1,0,0,2,3,14,15,1,4,0,1,3,6,7,0,0,2,6,6,0,0,4,1,1,1,2,7,4,0,3,1,0,0,1,0,0,0,0
0,0,0,2,2,3,5,3,1,2,0,7,2,1,0,0,6,6,5,5,3,7,0,1,1,4,7,6,1,0,0,0,1,0,0,1,0,0
0,0,0,0,0,0,1,1,0,0,1,0,2,0,0,0,0,0,1,1,0,1,1,0,0,1,1,0,2,1,1,0,0,1,0,0,0,0
0,0,0,4,2,3,6,7,2,2,3,8,2,1,0,1,0,1,0,1,1,2,0,1,1,0,1,0,0,0,0,0,1,1,1,1,0,0
0,1,0,4,3,4,13,4,5,0,2,8,7,5,1,10,3,6,5,2,2,2,0,5,1,1,5,1,2,0,0,1,0,1,1,1,0,0
0,1,0,2,5,8,14,6,1,0,6,6,12,4,0,1,6,4,5,8,5,16,0,2,7,1,10,1,0,6,4,0,3,2,0,1,0,0
0,0,0,3,1,9,11,2,6,0,2,6,3,1,1,4,4,5,8,4,0,5,2,1,6,0,15,0,2,3,1,0,0,0,3,0,0,0
0,0,0,0,11,9,8,1,1,5,13,11,5,4,0,1,3,9,3,11,1,1,1,0,16,2,5,3,3,2,6,1,1,1,0,1,0,1
0,0,0,0,0,2,1,2,0,2,3,4,1,0,0,0,2,2,0,1,0,1,0,0,0,0,2,0,0,0,0,0,0,0,1,0,0,0
0,0,0,1,2,2,4,4,4,1,9,9,2,4,3,1,3,6,5,9,1,3,2,6,13,1,13,3,3,8,0,4,0,0,1,1,0,1
0,0,0,0,0,1,3,2,0,0,2,0,1,0,0,0,1,0,2,0,0,0,0,0,6,1,1,0,0,0,0,0,0,0,1,0,0,0
0,0,0,0,3,3,1,1,0,0,2,3,1,4,0,2,1,6,3,2,5,2,0,0,2,0,4,2,0,3,0,0,0,0,0,0,0,2
0,2,0,0,2,4,8,3,1,0,5,0,3,5,0,1,2,7,4,9,4,6,0,2,43,7,27,20,6,5,2,0,0,4,1,2,2,3
0,1,0,1,4,6,1,0,2,1,0,5,0,8,0,1,0,0,1,2,0,8,1,0,12,1,5,5,2,3,1,0,0,2,0,0,0,0
0,0,1,6,3,9,15,2,1,0,4,5,10,1,1,6,6,17,13,10,3,4,2,3,15,2,30,14,9,29,2,1,2,12,1,1,0,2
0,0,1,0,3,0,0,1,0,2,0,3,1,2,2,0,2,1,2,6,0,2,1,1,18,2,10,22,15,17,0,0,0,8,1,1,0,0
0,0,0,1,2,1,1,1,2,0,2,1,0,1,0,0,1,4,3,2,1,3,0,0,9,0,10,11,6,11,2,0,0,7,0,0,1,0
0,0,2,0,2,1,4,2,0,2,0,1,6,0,0,0,1,7,6,2,2,4,2,1,14,4,12,16,7,38,3,0,0,11,3,1,1,2
0,0,0,0,0,0,2,0,0,1,0,0,0,0,0,2,3,2,0,0,0,0,0,0,1,0,3,0,0,13,0,2,0,0,1,0,0,2
0,0,0,0,0,1,1,0,1,0,0,1,1,0,0,0,0,1,1,2,0,0,0,0,1,0,3,0,1,3,1,0,0,0,0,2,0,1
0,0,0,0,0,1,1,1,0,0,1,0,0,0,0,0,1,3,0,2,0,1,0,0,0,2,0,2,0,1,4,0,0,1,0,0,0,0
0,0,0,0,0,1,2,1,0,1,1,1,0,2,0,1,2,0,0,2,0,5,0,0,6,1,6,4,6,4,1,2,0,3,0,5,0,0
0,0,0,0,0,2,0,2,0,0,0,1,1,0,0,0,0,1,0,0,0,2,0,0,1,1,2,2,2,1,0,1,0,3,1,0,0,1
0,0,0,0,0,0,1,0,0,0,1,0,5,0,0,0,0,2,0,2,0,0,0,0,1,0,0,1,0,0,0,0,3,3,0,0,0,1
0,0,0,0,0,0,0,2,0,0,0,0,0,2,0,0,1,0,0,0,0,0,0,0,0,0,0,0,0,1,0,0,2,0,0,0,0,2
0,0,0,0,0,1,0,0,2,0,0,2,0,1,0,0,0,0,0,4,1,0,0,0,2,1,0,3,0,2,2,0,0,2,0,0,0,0
