0,0,0,2,0,0,0,0,0,0,0,0,0,0,0,0,0,0,0,0,0,0,0,0,0,0,0,0,0,0,0,0,0,0,0,0,0,0
0,10,1,8,4,2,3,0,0,0,0,0,0,0,0,0,0,0,1,3,0,0,0,0,0,0,1,2,0,0,0,0,0,0,0,0,0,0
0,1,0,3,0,2,0,0,0,0,0,0,0,0,0,0,0,1,0,0,0,0,0,0,0,0,0,0,0,0,0,0,0,0,0,0,0,0
3,13,5,106,31,62,21,3,0,0,10,6,5,7,1,3,3,0,2,1,1,8,0,1,3,2,2,0,1,0,0,0,0,2,0,0,0,0
0,1,2,32,9,16,15,7,1,4,9,9,5,2,1,1,3,6,1,1,0,4,1,0,6,0,2,3,0,2,0,0,0,1,0,0,0,2
0,7,9,44,12,114,72,6,6,0,4,4,6,2,2,0,6,3,3,4,1,1,2,1,2,0,9,5,2,4,1,1,1,0,0,0,0,0
0,3,1,29,8,92,67,17,7,0,6,7,16,5,4,6,17,3,5,5,5,4,0,0,5,1,7,3,0,1,2,2,1,1,0,5,0,0
0,0,1,6,5,20,9,1,0,0,3,5,3,2,1,2,6,2,5,2,0,3,1,1,5,0,6,1,2,1,0,0,0,1,0,1,0,0
0,1,2,0,0,8,7,1,0,0,0,6,2,0,0,0,0,1,1,0,0,1,0,0,0,0,1,0,0,0,0,0,0,0,0,0,0,0
0,0,0,10,9,3,1,0,0,3,2,0,0,2,0,1,0,0,0,1,0,1,0,0,2,0,0,0,0,3,1,0,0,1,0,1,0,0
0,1,0,9,4,4,3,1,1,1,6,0,4,3,0,2,2,3,0,4,4,8,0,0,8,4,0,8,1,3,3,0,1,0,0,0,0,0
1,4,3,4,12,8,17,8,1,5,6,4,8,9,0,2,7,8,1,4,4,16,4,1,8,4,9,8,6,3,0,1,4,2,0,2,0,2
0,0,0,7,2,19,32,0,2,1,1,3,1,3,0,0,7,6,8,3,1,3,2,1,2,0,10,1,2,3,0,0,3,1,1,1,0,0
0,0,0,0,4,4,8,1,1,1,3,5,1,4,0,3,4,2,2,4,2,11,0,2,2,3,5,8,1,3,0,2,0,2,1,1,0,0
0,0,0,0,2,1,3,1,0,0,0,0,0,1,0,0,0,0,1,1,0,2,0,0,1,0,2,2,0,1,0,0,0,0,0,1,0,0
0,0,0,2,1,7,5,2,1,0,0,4,1,1,0,2,0,3,5,1,3,1,0,1,0,1,6,0,0,2,0,0,0,0,0,0,0,0
0,0,0,1,1,15,19,6,3,0,1,5,6,5,2,0,1,5,8,3,3,13,0,2,0,1,7,1,2,1,2,0,2,1,0,0,0,0
3,0,0,3,4,7,9,12,3,1,6,9,6,2,0,2,4,1,14,11,1,10,0,2,7,0,27,3,2,3,2,1,0,1,0,1,0,1
0,0,0,4,2,5,2,3,2,0,1,7,4,4,0,1,2,6,5,2,1,6,0,0,9,0,19,2,2,1,1,0,1,4,0,0,0,1
0,4,1,5,7,7,2,2,1,1,2,6,0,7,1,0,6,4,3,6,4,3,3,1,15,2,12,5,4,3,2,0,1,4,1,2,0,1
0,0,0,0,0,0,3,4,0,2,3,2,0,3,0,0,1,1,2,3,0,0,0,0,1,2,1,0,1,1,0,0,0,0,0,0,0,2
0,0,0,2,1,2,6,1,3,1,3,5,4,5,4,5,4,3,8,7,1,6,1,0,6,3,9,3,0,4,1,1,0,2,1,0,0,1
0,1,0,1,0,1,0,0,1,1,0,1,0,1,0,0,2,0,0,0,0,0,0,0,1,0,3,0,2,0,0,0,0,1,0,0,0,0
0,0,0,0,0,0,4,0,0,0,0,1,2,1,0,0,0,6,0,0,0,2,1,1,1,0,4,1,3,2,0,0,0,1,0,0,0,0
0,3,0,2,6,8,4,2,0,0,4,2,3,4,2,1,0,11,1,15,4,11,1,3,24,6,17,30,8,14,2,3,1,7,1,0,0,0
2,1,0,0,0,2,0,1,0,1,0,0,1,0,0,0,2,4,0,2,2,0,1,0,6,0,11,3,1,2,2,0,0,1,0,0,0,0
0,4,0,4,12,16,16,3,3,1,0,5,6,5,0,10,4,9,10,14,7,9,5,2,20,4,28,15,9,29,1,4,0,11,5,3,0,0
2,0,1,3,0,3,5,1,0,1,5,3,3,5,1,2,2,6,1,10,1,2,1,1,27,4,8,13,13,10,4,2,0,9,1,2,0,2
0,0,0,0,0,1,1,0,2,0,1,0,0,1,0,0,1,2,2,3,0,2,0,0,7,3,6,7,9,11,1,0,1,3,1,0,0,0
0,2,0,2,2,5,0,5,0,0,1,2,2,3,0,1,5,7,6,3,1,4,0,1,14,5,21,13,10,28,2,1,1,6,1,0,0,1
0,0,0,0,0,0,0,0,0,0,2,0,1,0,0,0,0,3,1,0,0,4,0,0,2,0,1,0,0,6,3,2,2,1,0,0,0,1
0,0,0,0,0,0,2,0,0,0,1,0,1,0,0,0,2,0,0,3,0,0,0,0,0,0,0,0,0,6,4,0,0,0,0,0,0,0
0,0,1,0,0,0,0,0,0,0,0,2,2,0,0,2,0,3,2,0,0,1,0,0,2,0,3,0,1,1,0,0,3,0,0,1,1,0
0,0,0,1,0,1,0,0,0,0,1,5,1,8,0,0,6,3,6,2,3,2,1,0,8,0,6,6,3,8,3,0,1,3,5,1,0,0
0,0,0,0,1,0,1,0,0,0,3,0,0,0,0,2,0,1,1,0,0,5,0,0,0,2,0,1,2,0,0,0,0,2,3,1,0,1
0,1,0,0,0,1,2,0,0,0,1,1,1,4,0,0,1,4,2,2,2,0,0,0,1,0,4,3,0,0,2,0,0,4,0,0,0,0
0,0,0,0,0,0,0,0,0,0,0,0,0,0,0,0,0,0,0,0,0,1,0,0,0,0,0,1,0,0,0,0,0,3,0,0,0,0
0,0,0,2,1,1,0,0,0,0,1,0,3,2,0,0,0,0,0,3,2,0,0,0,2,0,0,0,0,1,2,0,1,1,1,2,0,0
