2,2,0,0,0,0,0,0,0,0,0,0,0,0,0,0,0,0,0,0,0,0,0,0,0,0,0,0,0,0,0,0,0,0,0,0,0,0
2,3,6,12,3,5,1,0,0,0,2,1,0,1,0,0,0,0,0,1,0,0,0,0,0,0,1,0,0,0,0,0,0,0,0,0,0,0
0,0,1,0,0,5,0,0,0,0,0,0,0,0,0,0,0,0,1,0,0,0,0,0,0,0,3,0,0,0,0,0,0,0,0,0,0,0
7,26,6,96,36,64,26,14,5,1,4,12,4,1,3,0,7,1,0,0,2,0,0,1,3,1,4,3,0,2,0,0,2,1,0,0,0,0
0,9,0,33,16,18,9,5,1,1,1,4,2,7,0,0,2,0,1,3,1,4,1,0,2,2,4,2,3,5,1,0,0,0,0,0,0,0
1,5,8,45,10,125,72,13,12,0,3,11,11,1,0,3,11,7,2,1,2,3,1,0,8,0,7,3,2,5,0,1,0,0,0,3,0,0
0,5,2,37,12,104,60,9,9,0,3,12,19,6,1,7,12,8,4,5,2,4,2,0,0,3,5,3,4,4,1,0,4,3,1,3,2,0
0,0,0,6,4,7,11,0,2,1,3,2,3,10,2,4,5,1,0,1,0,2,0,0,2,1,6,1,3,1,0,1,1,0,0,0,0,1
0,1,0,0,0,6,12,1,0,0,0,3,0,0,2,1,1,4,6,0,1,0,0,0,0,0,5,0,0,0,0,0,0,0,0,0,0,0
0,1,0,1,2,2,1,4,0,2,2,0,0,0,0,1,0,2,0,1,1,1,0,0,4,0,1,0,0,0,0,0,0,0,0,1,0,0
1,0,0,7,7,4,2,2,0,4,8,4,2,1,1,0,1,4,2,11,2,5,1,1,5,2,5,1,0,2,0,0,1,0,0,0,0,1
0,2,0,17,6,12,13,1,0,0,6,3,6,3,4,5,8,14,9,3,1,13,1,3,1,1,6,4,7,7,1,0,0,3,0,2,0,0
0,0,0,4,0,11,24,4,3,0,3,4,9,5,0,3,2,5,5,6,2,5,1,0,2,0,1,0,1,5,0,1,2,4,1,0,0,0
0,0,0,8,5,7,8,3,0,4,8,6,4,0,0,2,1,5,5,3,1,6,1,0,0,1,12,5,1,0,0,0,1,3,2,0,0,0
0,0,0,0,0,3,0,1,1,0,0,0,0,0,0,0,0,0,0,2,0,1,1,1,3,1,1,0,0,0,0,0,0,0,0,0,0,0
0,0,0,1,1,8,6,2,0,3,2,7,2,0,0,0,1,0,0,1,3,3,0,2,0,0,0,0,0,1,0,0,0,0,2,0,0,0
0,0,1,1,4,8,23,1,3,2,2,1,6,1,0,0,6,3,11,0,3,5,2,1,4,1,11,2,0,3,1,0,0,0,1,1,0,1
0,1,0,4,1,11,8,4,6,2,3,12,9,5,2,3,1,2,3,7,1,13,0,1,2,1,12,3,3,3,1,0,4,2,0,0,0,0
0,1,1,3,1,2,4,0,0,0,3,6,6,2,1,3,4,5,12,6,1,3,0,0,5,4,27,4,3,7,0,0,0,4,0,0,1,0
0,0,0,8,7,9,1,3,0,3,8,8,1,2,3,1,1,7,3,11,2,1,2,1,3,1,3,3,5,4,2,0,0,2,0,0,0,0
0,0,0,1,4,4,1,1,0,2,0,0,1,2,0,0,2,2,3,3,0,0,0,3,7,0,1,0,1,1,0,0,0,2,1,0,0,0
0,1,0,0,1,0,3,1,0,4,2,9,4,4,0,2,8,13,4,1,0,1,0,0,4,2,9,1,1,0,0,2,1,2,0,0,0,0
0,0,0,1,0,0,4,1,0,0,0,1,1,0,0,0,0,0,2,3,1,0,0,0,1,0,1,1,1,1,1,0,0,1,0,0,0,1
0,0,0,0,0,2,2,1,0,0,0,2,4,0,0,0,1,1,0,1,1,0,0,0,4,1,4,0,0,1,0,1,0,0,0,0,1,1
0,1,0,2,1,4,5,3,0,0,3,5,6,2,0,0,5,1,4,13,1,12,1,5,36,7,27,19,4,6,6,0,1,1,0,0,0,0
0,0,0,1,0,2,1,1,1,1,1,1,0,2,3,0,2,5,0,0,2,1,0,4,7,0,3,3,0,6,0,0,0,2,0,0,0,1
0,0,0,3,3,4,13,7,1,0,1,2,7,6,0,8,4,12,20,10,0,5,4,6,22,3,35,10,7,22,0,4,4,8,4,3,0,0
1,0,0,1,1,0,1,5,0,2,2,0,0,3,0,0,2,1,5,6,2,1,0,3,16,2,5,9,8,20,1,0,0,9,0,3,0,0
0,0,0,0,0,0,0,3,0,2,2,0,1,1,1,1,0,0,1,2,0,3,0,0,8,0,8,4,4,7,1,0,1,5,0,0,0,1
0,2,0,1,2,3,1,0,2,0,1,0,0,3,0,0,5,8,10,3,0,7,0,1,14,4,27,25,17,30,12,3,0,9,0,0,2,0
0,0,0,0,1,0,4,0,0,0,2,0,1,0,1,0,0,1,1,1,0,4,0,2,2,0,2,0,0,2,4,0,2,0,0,0,0,1
0,0,0,0,0,0,0,0,0,0,0,1,2,0,0,0,0,1,0,0,0,1,0,0,3,0,5,3,0,0,3,0,0,0,0,0,0,0
0,0,0,0,0,0,1,0,0,0,0,0,1,0,2,0,0,2,3,0,2,1,0,0,1,0,0,0,0,5,0,0,0,1,1,1,0,1
0,0,0,0,0,1,3,0,0,1,1,2,0,2,0,0,2,2,0,2,1,3,0,0,4,1,2,11,3,4,2,1,1,3,5,2,0,6
0,0,0,0,0,0,1,0,0,0,0,0,1,0,0,1,0,1,0,0,0,0,0,0,1,0,3,1,0,5,1,0,0,6,0,0,0,1
0,0,0,0,3,0,0,0,0,0,0,0,0,0,0,0,0,0,2,4,0,0,0,0,8,0,1,1,1,0,0,0,0,3,0,1,0,0
0,0,0,0,2,0,0,0,0,0,0,0,0,0,0,0,0,0,0,2,0,1,0,0,4,2,2,0,0,0,0,0,0,3,0,0,0,0
0,0,0,2,0,1,0,0,0,0,0,0,0,0,0,0,3,0,0,3,0,1,0,0,0,0,0,1,4,0,1,0,0,1,0,0,0,1
