0,1,0,1,0,0,0,0,0,0,0,0,0,0,0,0,0,0,0,0,0,0,0,0,0,0,0,0,0,0,0,0,0,0,0,0,0,0
0,14,6,9,1,0,0,0,0,0,0,0,0,0,0,0,0,0,0,0,1,0,1,0,0,0,0,0,0,1,0,0,0,0,0,0,0,0
0,2,7,0,0,2,0,0,0,0,0,1,0,0,0,0,0,0,0,0,0,0,0,0,0,0,0,0,0,0,0,0,0,0,0,0,0,0
1,19,5,124,35,34,24,3,2,0,3,6,2,2,0,1,2,0,8,2,2,5,0,3,2,0,3,1,3,1,0,0,0,2,0,0,0,0
0,1,0,43,21,8,19,3,0,4,3,7,4,5,2,0,2,2,0,7,0,3,1,0,3,0,3,0,0,0,1,0,0,0,0,0,0,0
1,8,6,57,11,150,50,7,9,0,4,3,14,0,2,4,3,4,9,1,0,6,1,3,2,1,9,0,2,1,1,0,1,0,0,0,0,0
1,3,1,23,13,107,58,6,11,1,6,12,26,4,0,2,11,6,6,4,5,9,0,3,9,0,4,0,4,3,0,3,0,5,0,0,0,0
0,0,0,6,6,14,20,0,0,1,1,1,3,5,0,2,8,4,4,3,0,1,2,1,1,0,1,2,2,0,0,0,1,0,0,1,0,0
0,0,0,3,0,13,9,0,1,0,0,0,2,0,0,2,2,1,0,0,0,1,0,1,0,0,1,1,0,0,0,0,0,2,0,0,0,0
0,1,0,1,5,0,2,0,0,0,1,2,0,1,1,0,0,1,0,1,2,1,1,0,4,0,2,0,0,0,0,0,0,0,0,0,0,0
0,0,2,4,6,3,6,2,0,1,5,6,0,4,0,2,2,0,3,7,2,8,2,2,3,4,6,2,0,0,1,0,0,1,0,2,0,2
0,2,0,6,9,10,15,7,1,6,4,6,2,0,0,4,8,6,11,7,6,18,1,4,5,1,3,4,0,5,2,0,3,4,1,0,0,0
0,1,2,4,3,8,15,1,3,0,0,4,8,3,0,2,3,8,4,0,6,4,3,0,3,3,6,3,1,0,0,0,0,1,0,2,0,0
2,0,0,5,2,4,7,4,0,0,0,11,1,2,0,1,1,4,3,7,3,5,0,0,7,3,9,3,0,2,1,2,0,0,0,0,0,0
0,0,0,2,1,1,1,0,0,0,0,0,0,0,0,0,0,1,2,0,0,0,0,1,2,0,2,1,0,0,0,0,0,0,0,0,0,0
0,0,0,1,3,7,6,1,3,1,2,5,4,1,0,0,0,0,0,2,2,4,0,3,1,0,8,1,1,1,0,0,0,1,0,1,0,0
0,0,0,3,2,4,12,0,1,2,0,1,5,4,0,0,4,4,5,1,2,6,2,3,5,1,8,1,1,10,1,0,4,0,1,0,0,1
0,0,0,2,4,3,13,8,2,3,0,9,4,6,0,2,2,6,2,6,2,13,0,4,14,4,11,1,0,1,3,0,1,2,1,0,0,0
0,0,0,2,1,4,4,3,3,0,1,1,6,0,0,1,6,6,7,1,3,2,1,0,2,0,16,1,4,6,0,0,0,0,0,1,0,1
0,2,0,4,5,8,5,0,1,2,7,1,3,1,1,0,1,7,3,12,0,2,0,0,11,4,7,8,0,1,3,0,1,0,0,0,0,0
0,0,0,2,3,0,3,0,0,2,0,1,0,1,0,1,1,2,0,4,0,1,0,3,3,0,5,2,0,4,0,0,0,2,0,0,0,2
0,0,0,2,3,9,10,2,0,5,4,7,3,3,3,1,9,5,4,5,1,1,0,2,5,1,10,1,1,3,2,0,0,2,3,0,0,0
0,0,0,0,3,0,4,1,1,0,0,3,1,0,0,2,1,0,1,0,0,1,0,1,2,0,0,0,0,0,0,0,0,0,0,0,0,0
0,0,1,1,0,0,1,0,1,0,2,1,2,1,0,1,0,2,1,0,0,1,0,0,1,1,8,1,0,2,2,0,0,0,0,0,0,0
0,1,0,4,1,1,5,3,0,6,6,5,2,7,2,1,2,13,4,14,2,13,3,3,45,3,23,21,11,28,0,0,0,11,1,0,0,0
0,1,0,2,0,1,1,0,0,0,0,0,0,3,0,0,1,4,1,3,1,2,0,1,5,0,2,1,1,0,1,0,1,1,2,0,0,0
1,0,1,1,0,4,14,4,4,1,1,3,14,8,0,6,7,23,17,4,5,8,1,9,17,10,42,13,23,21,2,6,1,7,3,1,2,0
0,3,0,1,1,1,1,2,0,2,5,2,0,2,1,0,0,1,1,5,1,3,0,0,27,3,21,14,13,16,0,0,3,10,2,4,0,1
0,0,0,1,0,0,3,0,0,0,0,2,1,1,3,1,1,2,0,3,0,0,2,0,7,2,5,5,5,10,0,0,0,2,4,2,0,0
0,0,0,0,1,2,3,1,1,0,1,2,6,2,0,2,2,5,4,2,1,11,0,0,15,2,42,13,11,35,1,2,0,9,2,4,2,1
0,0,0,0,0,1,0,0,0,1,0,1,0,0,0,0,0,0,0,0,2,2,0,0,0,0,2,1,4,1,4,0,0,0,2,1,0,1
1,0,0,1,1,0,0,0,0,0,1,0,0,0,0,1,0,3,1,0,0,1,0,0,0,0,0,0,0,2,2,1,0,2,0,1,0,0
0,0,0,0,1,0,0,2,0,0,0,0,0,3,0,0,0,4,1,0,0,1,0,1,0,0,4,0,0,3,0,2,0,2,0,0,1,0
0,0,0,1,0,0,2,0,1,0,1,1,0,0,1,1,3,1,2,1,2,2,0,1,6,2,1,9,5,7,6,3,2,5,2,3,0,2
0,0,0,0,0,0,0,0,0,3,0,3,0,0,0,0,0,2,2,0,0,0,0,0,3,0,1,5,0,4,0,0,1,0,0,2,0,0
0,0,0,0,0,0,2,0,0,1,0,0,0,0,0,0,3,1,0,0,0,1,0,0,6,1,2,1,0,1,4,0,0,5,0,0,0,1
0,0,0,0,0,0,0,0,0,0,0,0,0,0,0,0,0,0,0,1,0,0,0,0,0,0,0,2,0,0,1,0,0,1,0,0,0,2
0,0,0,0,0,2,0,0,0,0,0,0,0,3,0,0,1,0,0,1,0,0,0,0,1,1,0,1,0,3,3,0,1,0,0,1,1,0
