0,1,0,0,0,0,0,0,0,0,0,0,0,0,0,0,0,0,0,0,0,0,0,0,2,0,0,0,0,0,0,0,0,0,0,0,0,0
0,4,5,14,1,0,2,0,0,0,0,0,0,1,0,0,1,0,0,0,0,0,0,0,0,1,0,0,0,1,0,0,0,0,0,0,0,0
0,3,2,1,0,1,1,0,0,0,0,0,0,0,0,0,0,0,0,0,0,0,0,0,1,0,0,0,0,0,0,0,0,0,0,0,0,0
2,23,12,137,23,51,17,4,2,4,5,12,1,6,0,0,3,1,6,5,2,1,1,1,5,0,2,1,1,1,0,0,0,1,0,0,0,2
0,1,0,53,20,15,12,9,0,1,10,12,2,4,0,0,4,3,0,4,1,3,0,1,7,1,2,1,2,0,0,0,0,4,0,0,0,0
2,4,17,51,16,136,87,10,6,0,6,7,9,0,3,3,7,4,2,0,2,1,3,0,3,0,6,2,0,4,0,1,3,3,0,0,0,0
2,3,3,25,17,101,69,8,7,1,1,7,16,1,0,14,10,18,6,3,0,4,1,0,1,2,11,3,2,8,1,0,0,0,1,0,0,0
0,0,0,6,3,13,13,2,2,3,0,4,4,4,2,2,3,4,3,0,1,1,2,1,4,2,4,4,1,3,0,0,0,2,0,0,0,0
0,1,2,0,1,16,9,0,0,0,1,1,0,0,2,1,2,3,2,0,0,0,0,2,1,0,1,0,0,0,0,0,0,0,0,0,0,0
0,0,2,4,4,2,1,1,0,8,2,3,1,1,0,0,1,0,0,4,0,2,0,0,3,3,1,0,0,2,1,0,0,1,0,0,0,0
1,0,0,10,2,6,5,4,1,0,9,3,4,3,0,4,3,1,2,6,3,1,1,0,4,1,4,2,2,0,0,0,0,2,0,0,0,1
5,0,0,8,3,7,16,2,3,1,6,3,9,10,0,2,4,8,6,4,6,13,3,5,6,4,8,4,1,1,0,1,1,0,2,0,1,0
0,1,0,2,2,31,28,1,1,1,0,7,9,2,0,3,8,9,5,1,1,4,1,2,10,0,17,5,0,3,0,0,0,2,0,0,0,0
0,0,0,0,4,4,10,6,0,0,2,5,6,2,2,0,4,9,6,7,2,1,0,0,4,2,8,2,0,5,0,2,2,0,1,2,0,0
0,0,0,0,0,1,1,2,0,1,1,0,0,0,0,0,4,1,3,1,1,2,0,1,3,1,4,0,0,0,0,0,0,0,0,0,0,0
0,0,0,0,0,4,11,9,1,0,0,6,6,1,0,3,0,1,3,1,2,1,0,0,0,1,3,0,0,1,0,0,0,1,0,0,0,0
0,0,3,1,2,15,9,2,2,0,2,5,12,5,0,5,0,3,12,5,1,7,2,0,2,6,5,6,0,2,2,0,0,1,1,1,0,0
1,0,0,2,5,6,11,6,5,1,1,13,7,10,1,2,4,5,10,7,4,12,0,3,4,3,11,0,1,6,1,0,1,4,0,1,0,0
1,0,0,0,4,11,5,3,4,0,0,4,7,2,4,2,8,3,3,1,1,5,1,4,2,2,4,9,2,5,1,0,1,1,0,0,0,0
0,3,1,3,6,2,3,2,1,1,9,8,1,6,1,2,2,1,1,9,1,6,0,5,3,2,7,4,0,8,0,0,0,0,0,1,0,0
0,0,0,1,3,1,4,0,0,1,2,3,0,0,0,0,2,8,0,0,0,2,2,2,3,2,1,1,0,0,0,0,0,0,0,1,0,0
0,0,0,4,4,6,5,3,0,4,4,10,3,13,0,2,0,3,18,0,2,1,1,1,5,3,13,0,0,5,1,0,3,5,1,0,0,0
0,0,0,0,1,2,0,2,0,0,0,0,3,0,0,0,1,3,0,1,0,2,0,0,0,0,8,0,0,0,0,0,0,0,0,0,0,0
0,0,0,0,0,0,1,1,0,0,3,3,2,5,0,0,1,1,2,2,3,1,0,0,2,0,2,1,0,3,0,0,0,2,0,1,0,0
0,0,2,1,2,3,6,7,0,2,2,0,1,8,0,4,2,8,10,19,0,8,4,8,46,6,21,23,14,17,1,0,0,3,1,1,0,1
0,0,0,3,0,3,2,1,0,0,1,3,1,5,0,0,1,1,0,3,1,5,2,0,9,0,2,1,0,0,0,0,1,3,0,0,0,0
0,1,0,3,4,14,8,10,5,1,3,6,10,5,0,5,11,9,24,6,1,15,1,5,32,5,37,21,11,26,6,3,1,13,2,2,1,0
0,1,1,0,5,1,3,3,0,1,1,1,2,1,0,0,1,6,4,7,2,2,1,1,36,6,10,18,9,19,1,6,2,6,6,2,2,1
0,0,0,1,1,2,2,0,0,0,0,0,1,3,1,0,3,3,0,2,2,2,0,0,9,2,2,8,2,14,0,0,0,1,0,1,0,1
0,1,0,1,1,2,6,3,0,1,1,0,4,1,0,2,3,1,5,1,1,3,2,4,23,9,26,20,10,33,4,5,0,5,2,2,0,2
0,0,0,0,0,0,0,2,0,0,0,1,2,0,0,0,0,1,1,2,0,2,0,0,4,0,2,2,5,1,2,0,1,2,0,1,0,1
0,0,0,0,0,0,2,0,0,0,1,0,0,0,0,0,1,2,1,2,0,0,0,0,1,0,1,1,0,1,0,0,0,1,0,1,0,0
0,0,0,0,0,1,0,0,0,0,0,0,0,2,0,0,1,4,2,1,1,1,0,0,2,1,1,3,0,1,0,0,2,2,0,2,0,0
1,0,0,0,0,1,1,2,0,0,3,4,3,0,0,1,1,2,0,1,1,1,0,3,9,2,11,11,4,7,3,2,0,8,1,3,0,1
0,0,0,0,0,0,0,0,0,0,0,1,0,0,0,0,0,0,1,0,0,0,0,0,0,0,0,2,1,1,1,0,0,1,0,0,2,0
0,0,0,0,0,1,2,0,1,0,0,0,1,0,0,0,0,3,1,1,0,0,0,0,3,1,0,1,2,1,0,0,0,3,2,2,0,0
0,0,0,0,0,3,0,0,0,0,1,0,0,0,0,0,0,0,0,0,0,0,0,0,0,0,0,1,0,0,2,0,0,1,0,0,0,0
0,0,0,2,3,2,1,2,0,0,0,1,0,0,0,0,1,0,1,0,0,2,0,0,1,0,0,0,0,0,1,0,1,0,1,1,0,2
