2,0,0,0,0,0,0,0,0,0,0,0,0,0,0,0,0,0,0,0,0,0,0,0,0,0,0,0,0,0,0,0,0,0,0,0,0,0
2,7,4,18,1,2,2,0,0,0,0,0,0,0,0,0,0,0,0,0,0,1,0,0,1,0,0,0,0,1,0,0,0,0,0,0,0,0
0,1,2,2,0,3,1,0,0,0,0,0,0,0,0,0,0,0,0,0,0,0,0,0,0,0,0,0,0,0,0,0,0,0,0,0,0,0
1,28,5,145,36,63,19,4,1,0,8,9,5,7,0,2,1,0,3,0,1,3,1,2,3,1,5,2,0,1,0,0,1,0,0,0,0,0
2,7,3,41,27,16,24,2,0,3,8,8,1,5,1,1,7,1,1,1,1,4,0,0,4,0,3,5,0,3,0,0,0,0,0,0,0,0
0,3,14,50,15,146,70,6,6,1,1,11,10,0,4,1,10,6,4,2,0,5,2,1,0,0,11,5,2,4,1,0,0,0,0,1,0,0
1,3,1,23,11,116,77,13,8,0,6,10,16,0,1,1,12,4,7,0,0,2,0,1,4,1,11,5,0,1,4,0,0,2,0,0,0,0
0,0,0,5,8,10,11,4,2,0,0,3,1,2,0,2,5,4,4,1,0,10,2,5,6,0,3,2,0,1,0,0,0,2,0,0,0,0
0,0,0,7,0,19,11,0,0,0,0,0,1,0,0,0,7,2,1,0,1,0,0,0,0,0,0,0,2,1,0,0,0,0,0,0,0,0
0,0,0,4,5,1,1,0,0,0,1,2,0,2,0,0,0,0,0,6,2,3,1,1,2,0,0,0,1,0,0,0,0,0,0,0,0,0
0,3,1,11,12,3,6,1,2,2,2,2,1,2,4,0,1,2,0,2,1,4,1,1,5,5,2,1,0,2,0,0,0,0,0,0,1,0
0,0,0,16,3,8,8,2,3,0,3,3,8,6,2,8,8,10,5,4,4,15,6,2,9,1,8,3,1,2,2,0,0,1,0,0,2,0
0,2,0,5,6,11,19,3,2,0,5,2,5,1,0,3,8,4,5,2,4,6,2,2,3,0,5,0,0,4,3,1,1,1,0,0,0,0
0,0,0,1,2,5,7,0,0,5,3,6,1,0,0,0,3,6,5,5,1,8,1,1,2,1,10,2,1,4,0,0,0,2,0,0,0,0
0,0,0,1,0,3,0,0,1,0,0,1,2,1,0,0,3,1,3,0,3,1,0,0,5,1,5,1,1,0,0,0,0,0,0,0,0,0
0,0,0,3,2,3,8,4,1,2,1,5,1,0,1,3,0,2,1,1,4,3,0,0,0,0,8,0,0,0,0,0,0,0,0,0,0,0
0,0,0,1,0,5,6,2,6,0,3,3,4,0,0,2,8,2,11,1,0,9,1,7,2,0,9,1,1,6,0,0,1,1,0,0,0,0
0,0,0,0,3,9,9,6,1,0,2,7,10,6,1,0,5,4,8,4,1,15,0,2,9,0,4,0,2,6,2,0,0,2,1,0,0,0
0,0,0,2,3,5,3,1,0,0,3,1,10,3,0,0,6,7,13,3,0,3,0,1,7,0,15,2,0,6,0,2,0,2,0,0,0,0
0,0,2,8,8,9,12,0,0,3,12,9,1,7,0,5,3,13,2,15,3,3,0,0,9,5,9,2,4,8,0,2,1,0,3,2,0,1
0,3,0,1,0,1,2,2,0,1,0,2,0,4,0,1,0,3,1,1,2,8,0,0,4,0,0,0,0,3,0,0,0,0,0,0,0,2
2,1,0,6,2,6,12,2,0,1,5,8,4,5,0,2,7,9,8,5,3,5,0,2,13,2,8,0,0,9,1,1,0,5,0,0,0,0
0,0,0,1,0,2,1,1,1,0,0,0,0,0,0,0,2,0,0,1,0,2,0,0,1,2,3,0,0,2,0,0,0,0,1,0,0,0
0,0,0,0,3,0,2,1,1,0,0,1,3,1,0,2,1,2,2,0,1,2,1,0,2,1,1,0,1,4,0,0,0,0,0,0,0,1
0,1,0,4,2,3,3,2,0,7,4,7,1,8,1,0,3,13,9,17,4,8,0,4,39,11,17,13,13,12,0,0,0,11,1,2,0,3
0,0,0,0,0,1,0,1,1,1,3,2,3,3,2,0,2,2,1,1,0,4,1,0,5,0,4,0,0,2,0,0,0,2,0,0,0,0
0,0,0,0,2,14,10,6,1,3,3,3,5,1,0,0,7,13,11,6,2,17,2,3,31,7,58,20,18,32,1,0,3,5,1,1,0,2
2,0,0,4,1,6,0,1,0,4,3,1,2,4,2,0,1,1,2,3,0,3,2,0,33,5,8,10,7,9,2,0,1,11,5,2,0,1
0,0,0,0,0,2,0,3,0,0,0,1,0,0,0,0,0,2,2,2,0,2,0,0,5,4,12,9,2,5,0,1,0,3,1,1,0,0
0,2,3,1,4,1,7,1,2,0,3,5,2,5,1,2,5,1,3,5,0,3,2,7,8,3,21,18,3,46,4,1,1,4,2,4,0,3
0,0,0,0,0,0,0,0,0,0,0,0,2,0,0,0,1,1,0,0,1,2,0,0,1,0,0,0,0,2,3,0,0,4,2,0,0,0
0,0,0,0,0,1,1,1,0,0,0,0,0,0,0,0,1,0,0,0,0,0,0,2,0,1,3,1,0,2,0,1,0,2,0,0,0,0
0,0,0,0,0,0,1,0,0,0,0,0,0,1,0,0,1,1,0,0,1,0,0,0,1,0,1,0,0,3,6,0,0,4,0,2,1,3
0,0,0,2,0,0,2,0,0,1,0,2,1,2,0,0,2,2,0,3,0,3,0,0,12,1,8,15,2,6,1,0,0,5,2,3,0,2
0,0,0,0,0,0,0,0,0,0,0,0,0,0,0,0,1,0,0,1,0,0,0,0,3,0,2,2,1,3,0,0,0,7,1,0,0,0
0,0,0,0,1,0,0,0,0,0,0,0,1,2,1,0,1,0,0,1,0,0,0,1,4,0,2,3,1,1,1,0,0,6,1,0,0,0
0,0,0,0,0,0,0,0,0,0,0,0,0,0,0,0,0,0,0,0,0,0,0,0,1,0,0,0,0,0,0,0,0,0,0,0,0,0
0,0,0,0,0,1,0,0,0,0,2,0,0,0,0,0,0,0,0,2,1,0,0,0,2,0,1,0,1,0,2,0,1,1,0,1,0,1
