0,0,0,0,0,1,0,0,0,0,0,0,0,0,0,0,0,0,0,0,0,0,0,0,0,0,0,0,0,0,0,0,0,1,0,0,0,0
0,5,5,11,0,2,1,0,0,0,0,0,0,0,0,0,0,0,0,1,0,0,0,0,0,0,0,0,0,0,0,0,0,0,0,0,0,0
0,6,2,3,0,4,0,0,0,0,0,1,0,0,0,0,0,0,0,0,0,0,0,1,2,0,0,0,0,0,0,0,0,0,0,0,0,0
1,27,7,160,39,51,24,10,5,3,4,6,3,0,4,0,0,0,3,7,1,4,0,0,3,0,3,4,1,1,0,0,0,1,0,0,0,0
0,3,2,37,18,26,21,6,1,1,6,8,3,3,0,0,1,5,1,5,5,4,0,3,4,2,2,0,0,0,0,0,1,1,0,0,0,0
2,4,19,74,18,163,111,6,10,2,2,5,6,2,0,1,14,4,9,2,2,2,0,1,4,0,0,2,0,8,0,0,0,0,0,0,0,0
1,9,3,22,10,100,58,13,7,0,4,11,18,1,3,4,9,8,10,2,4,7,0,1,10,1,8,4,0,7,1,1,0,2,2,0,0,0
1,0,0,1,1,17,8,2,1,1,0,4,3,5,0,5,4,2,3,4,1,6,0,5,8,3,7,1,1,4,0,0,0,2,0,0,0,0
0,0,0,5,0,6,12,0,0,0,1,5,0,0,0,0,1,1,2,0,0,0,0,0,0,0,3,0,0,0,1,0,0,1,0,0,0,0
1,0,0,5,4,0,0,0,0,4,0,3,2,1,0,0,0,1,2,1,1,1,0,1,2,0,0,0,0,1,0,0,0,0,0,0,0,0
0,3,0,3,7,1,5,4,2,3,6,2,4,1,0,1,1,3,0,6,0,3,1,0,13,2,2,4,0,1,0,0,0,3,0,3,0,2
0,3,0,6,11,11,9,3,1,3,5,2,1,4,0,2,6,6,8,6,6,21,1,7,3,1,13,3,1,4,0,0,0,2,0,3,1,1
0,0,1,4,2,9,13,4,0,0,0,1,2,0,0,1,6,13,8,2,1,4,0,4,2,1,8,0,2,2,2,1,1,0,0,3,0,0
0,1,0,1,2,3,6,3,2,2,6,10,2,1,3,0,1,3,3,0,2,6,2,1,6,0,11,1,2,2,2,0,0,0,1,1,1,0
0,0,0,1,0,2,2,2,1,0,0,2,0,0,2,0,1,2,1,0,1,2,1,0,2,0,1,1,1,0,0,0,0,0,0,0,0,0
0,0,2,1,2,3,5,1,2,0,3,0,3,0,0,0,2,0,5,2,0,8,0,0,0,0,3,0,0,0,0,0,0,0,0,0,0,2
1,0,0,4,3,10,7,4,2,3,3,6,2,3,0,1,4,7,6,5,1,11,1,3,0,2,3,3,1,2,0,2,0,0,1,0,0,0
0,0,1,3,1,9,12,3,3,1,4,7,8,3,1,3,3,2,8,8,3,9,0,3,7,1,11,4,4,3,0,0,1,2,1,2,0,0
1,0,0,5,1,2,4,2,2,0,0,5,5,4,0,3,4,9,4,9,1,3,1,0,6,3,18,4,4,8,5,0,2,0,0,1,0,2
0,1,0,8,5,2,2,2,0,3,4,6,2,4,0,0,4,5,2,8,3,0,0,1,13,0,8,4,1,4,0,0,0,6,0,3,0,0
1,0,0,2,5,0,3,2,0,0,0,5,6,2,1,0,2,1,0,1,0,0,0,0,2,0,0,5,0,5,1,0,0,0,1,1,0,0
0,0,0,5,0,1,4,2,0,0,3,6,1,6,0,2,6,5,6,8,5,1,1,0,9,2,9,5,4,4,0,0,0,0,0,0,0,0
0,0,0,0,1,2,1,1,0,1,1,4,2,0,0,0,0,1,2,1,0,4,1,0,0,0,3,0,0,0,0,0,0,0,0,0,0,0
0,0,0,3,0,2,3,0,0,1,1,4,1,0,0,0,0,2,3,0,0,1,0,1,6,0,6,4,0,2,2,0,1,3,0,0,0,1
0,0,0,3,5,2,4,4,3,0,3,4,2,3,0,0,4,11,2,8,5,6,0,9,51,7,29,14,8,13,2,2,0,5,6,3,0,1
0,0,0,0,2,0,2,3,0,0,2,3,2,4,0,0,0,0,1,4,0,0,0,0,10,0,8,5,1,0,1,0,0,0,0,0,0,0
0,1,0,8,2,6,12,0,2,0,4,3,6,6,0,2,13,16,10,3,1,16,4,2,38,6,30,21,16,26,1,4,1,7,1,0,0,0
0,1,0,4,1,0,4,0,0,5,1,2,0,2,1,1,2,3,0,13,1,1,2,0,18,6,16,22,12,15,4,0,0,16,3,0,0,2
0,0,0,0,1,0,0,1,0,0,0,4,1,0,0,2,0,2,0,3,1,4,1,0,8,1,3,2,1,12,2,0,0,3,1,0,0,0
0,0,1,5,1,0,4,0,1,0,0,0,5,1,0,0,2,2,1,3,0,5,0,1,18,3,28,16,11,25,5,3,0,5,0,0,0,2
0,0,0,0,0,0,1,0,0,0,0,1,2,2,0,0,0,0,0,1,1,1,1,0,3,0,4,2,0,2,0,0,0,1,1,1,0,1
0,0,0,0,0,0,0,0,0,0,0,0,1,0,0,0,0,2,0,1,0,1,0,0,0,0,2,0,0,4,0,0,0,4,0,2,0,1
0,0,0,0,1,1,1,0,0,0,1,0,10,0,0,0,0,3,1,4,0,0,0,1,1,2,4,2,0,3,1,0,0,0,0,0,1,0
0,0,0,0,0,0,2,2,0,1,0,2,0,0,0,0,1,0,0,4,0,4,1,0,10,3,6,7,4,8,0,1,0,10,6,2,0,1
0,0,0,0,0,0,0,1,0,0,1,0,0,1,0,0,0,1,1,3,0,1,0,0,1,2,1,3,1,6,0,1,1,3,0,0,0,0
0,0,0,0,0,2,2,0,0,0,2,0,0,0,0,2,0,1,1,2,1,0,0,1,1,2,2,2,0,3,2,3,2,1,0,0,1,3
0,0,0,0,0,0,1,0,0,1,0,0,0,0,0,0,0,0,0,2,0,0,0,0,6,0,0,0,0,1,1,0,0,0,1,0,0,0
0,0,0,1,0,0,2,0,0,0,0,1,0,0,0,0,2,2,0,1,0,1,2,1,2,0,3,0,1,0,0,1,0,0,0,0,0,0
