1,0,0,0,0,0,0,0,0,0,0,0,0,0,0,0,0,0,0,0,0,0,0,0,0,0,0,0,0,0,0,0,0,0,0,0,0,0
0,6,3,9,3,5,2,0,0,0,0,0,0,0,0,0,0,0,0,0,0,0,0,0,0,0,0,0,0,0,0,0,0,0,0,0,0,0
0,3,8,0,0,2,1,0,0,0,0,0,0,0,0,0,0,0,1,0,0,0,0,0,0,0,0,0,0,1,0,0,0,0,0,0,0,0
2,19,6,129,47,51,31,4,0,0,9,5,1,4,0,1,0,0,2,0,0,1,0,1,9,1,2,0,2,2,0,0,0,1,0,0,0,0
1,2,0,44,15,19,17,4,1,4,9,2,0,2,2,2,2,1,0,6,3,2,1,3,3,3,4,2,2,0,0,0,0,0,0,0,0,0
0,18,16,66,11,136,84,9,8,1,5,2,24,2,0,2,6,5,7,1,3,3,0,1,5,0,10,1,0,5,0,0,2,0,0,0,0,0
0,1,2,35,18,91,60,12,10,0,2,8,13,6,2,5,15,8,11,2,1,7,0,1,6,2,7,2,2,4,1,0,0,2,0,0,0,0
1,2,0,6,3,9,13,3,0,1,1,5,4,1,0,3,3,5,2,3,1,3,3,2,3,1,4,2,2,0,0,0,0,0,0,0,0,0
0,0,1,9,2,6,7,0,3,0,0,1,0,0,0,0,2,3,3,0,0,0,1,0,0,0,3,0,3,2,0,0,0,0,0,0,0,0
0,0,0,0,2,0,2,0,0,0,0,4,1,2,1,0,0,0,0,1,0,0,0,0,2,0,0,0,0,0,0,0,0,0,0,0,0,1
0,0,0,4,3,3,3,2,0,1,1,2,2,3,0,1,1,6,1,11,0,4,3,0,5,0,2,1,0,2,0,0,0,0,0,0,0,0
0,0,0,8,6,13,18,2,0,5,9,4,3,3,3,4,4,7,5,6,4,18,1,2,11,6,5,2,3,0,0,0,0,4,3,2,0,1
1,0,0,1,1,5,24,4,1,1,0,1,4,1,0,1,4,4,4,0,0,6,0,1,1,1,5,3,0,6,0,2,1,1,0,2,0,0
0,1,0,1,9,5,7,2,0,0,1,0,0,0,0,1,1,1,2,1,0,4,0,0,1,1,7,0,0,1,0,0,1,1,0,2,0,0
0,0,0,0,0,0,1,0,0,0,1,0,2,0,0,0,1,0,0,0,2,2,0,0,3,0,2,0,1,0,0,0,0,0,0,0,0,0
0,0,0,0,1,8,9,2,2,0,0,1,1,1,0,0,2,1,0,1,1,4,0,0,0,1,1,0,1,0,0,0,0,4,0,0,0,3
1,2,0,4,5,3,6,5,1,0,4,3,2,4,0,1,1,0,9,3,0,4,0,1,2,2,9,1,0,6,2,0,4,0,1,0,0,0
2,0,0,4,1,1,8,4,3,0,2,0,5,3,1,3,1,3,5,6,1,9,2,2,3,2,22,0,1,6,1,1,0,3,1,0,1,1
0,0,0,4,3,1,8,1,4,0,1,2,5,6,0,0,9,8,5,2,2,5,1,2,3,0,12,1,5,4,1,1,0,0,0,0,0,0
0,0,0,5,6,2,4,4,0,4,3,5,2,8,1,2,1,4,5,6,0,2,2,0,15,1,4,5,3,0,1,0,2,0,0,0,1,0
0,0,0,1,1,0,1,0,0,1,5,4,0,1,0,1,2,1,2,1,1,3,0,1,4,4,1,2,0,3,0,0,0,1,2,2,0,0
0,0,0,2,4,2,5,3,0,0,4,7,3,5,2,2,5,6,4,2,1,7,0,0,21,2,3,4,6,3,0,0,0,1,1,0,0,0
0,0,0,0,0,0,1,0,1,1,0,0,5,4,0,0,0,1,3,0,0,0,0,1,5,0,2,0,0,0,0,0,0,1,0,0,0,0
0,0,0,0,3,0,1,4,0,0,0,1,2,1,0,2,1,1,1,1,1,1,0,0,1,0,6,2,2,0,0,0,0,2,1,0,0,0
0,1,0,10,1,1,6,3,0,0,7,4,1,6,0,1,0,11,2,10,3,6,1,0,37,4,28,14,8,20,2,0,2,12,0,0,0,2
0,0,0,0,0,0,0,1,0,0,0,0,3,1,0,0,0,4,2,2,0,0,1,0,5,0,3,2,1,4,1,0,0,0,0,0,0,0
0,2,0,1,5,10,5,6,2,1,0,2,8,4,0,5,7,14,11,9,3,8,6,4,23,7,21,10,13,27,2,5,2,7,3,1,0,1
0,0,0,3,1,3,4,0,0,0,0,2,0,0,0,0,1,3,3,9,1,1,0,1,24,6,9,12,11,11,0,1,1,11,4,2,0,4
0,0,0,0,0,1,2,0,0,0,2,2,0,0,0,0,2,4,2,3,0,4,1,0,11,3,11,4,4,13,0,1,0,5,0,0,0,0
0,0,0,0,2,3,5,0,0,0,0,1,1,0,2,0,1,4,2,4,3,3,1,2,13,3,15,10,14,41,4,2,0,16,3,0,0,2
0,0,0,0,0,0,0,0,0,0,2,1,1,0,0,1,0,1,0,4,1,0,0,0,0,0,2,3,0,3,1,1,0,1,0,0,0,1
0,1,0,0,0,0,0,0,0,0,0,0,0,0,0,0,0,0,1,0,0,0,0,0,0,0,4,1,0,4,0,0,0,0,1,0,0,0
0,0,0,0,0,2,0,0,0,0,0,0,4,1,0,0,3,2,0,3,0,0,0,0,1,2,2,2,0,0,0,1,0,1,0,0,0,0
0,0,0,1,0,0,1,0,1,1,0,0,0,5,0,0,0,1,0,5,2,2,0,0,16,0,9,8,2,12,6,2,3,3,3,0,0,0
0,0,0,0,0,0,1,0,0,0,0,0,1,0,0,0,2,0,0,6,0,0,0,0,0,0,2,3,1,1,0,0,0,1,0,1,0,0
0,0,0,0,0,1,0,1,0,1,1,1,0,3,0,0,1,1,0,0,0,0,0,0,3,1,2,2,1,1,1,0,0,2,0,0,0,0
0,0,0,0,0,0,1,0,0,0,0,0,0,0,0,0,0,0,0,0,0,0,0,0,1,0,1,0,0,1,0,0,0,0,0,0,0,0
0,0,0,0,0,1,0,1,0,2,0,3,0,0,0,0,0,0,0,1,0,3,0,0,3,1,0,1,1,4,3,0,0,1,0,1,0,3
