2,4,1,0,0,0,0,0,0,0,0,0,0,0,0,0,0,0,0,0,0,0,0,0,0,0,0,0,0,0,0,0,0,0,0,0,0,0
0,3,1,6,2,3,2,0,0,0,0,0,0,0,0,0,0,0,0,0,1,0,0,1,0,0,0,0,0,2,0,0,0,0,0,0,0,0
0,1,2,1,0,10,0,0,0,0,0,0,0,0,0,0,0,0,0,0,0,0,0,0,0,1,0,0,0,0,0,0,0,0,0,0,0,0
2,19,3,101,28,65,14,10,1,1,4,15,2,0,0,3,0,0,0,3,2,1,0,1,6,0,2,1,0,2,2,0,0,1,0,0,0,0
0,6,1,48,13,9,21,5,0,1,6,13,3,0,1,5,2,7,4,3,2,4,1,1,9,0,1,2,0,1,0,0,0,2,0,0,0,0
2,5,13,72,9,143,89,6,5,1,3,4,11,1,1,0,2,2,1,0,2,3,2,1,4,1,6,2,1,5,0,0,0,1,0,2,0,0
2,5,3,25,16,74,57,11,4,0,2,4,5,5,1,2,4,7,8,1,0,11,0,0,3,2,10,5,1,3,0,1,0,3,1,0,0,0
0,0,1,5,5,12,17,0,0,0,0,2,2,1,1,1,6,4,4,1,3,0,1,0,1,0,3,1,0,4,0,0,0,0,0,0,0,0
0,0,0,0,1,6,4,0,0,0,0,1,2,0,0,0,0,0,3,0,0,0,0,0,2,1,0,1,0,0,0,0,0,1,0,0,0,0
0,2,0,5,3,0,0,0,0,2,1,0,0,0,0,1,1,1,0,3,0,0,0,2,1,1,0,0,0,2,0,0,0,2,0,0,0,0
0,1,0,10,10,3,4,2,3,2,2,6,4,4,0,2,0,1,1,10,2,3,1,0,2,0,1,2,1,3,0,0,0,2,0,1,0,1
2,0,0,9,12,7,18,7,0,0,4,5,3,7,1,5,3,4,6,2,5,9,1,4,8,2,7,1,1,2,0,0,3,3,0,0,0,0
0,0,1,4,6,12,15,1,0,1,2,2,3,4,0,1,7,5,3,4,0,1,1,1,1,2,4,0,0,6,0,0,0,0,0,0,0,0
0,0,0,5,5,1,6,2,0,2,3,9,1,2,1,0,0,2,1,0,0,9,0,2,2,1,4,1,0,0,1,0,0,2,1,0,0,0
0,0,0,0,0,1,1,0,0,0,0,1,0,1,0,0,0,0,0,1,0,2,0,1,3,0,1,0,0,0,0,0,0,0,0,0,0,0
0,0,0,4,2,7,4,3,0,2,2,0,2,0,0,2,0,1,1,2,0,3,0,1,2,0,2,0,1,1,0,1,0,0,0,0,0,0
0,0,0,0,1,3,8,3,1,0,5,4,3,3,0,0,1,2,4,1,2,8,2,1,1,0,6,0,0,3,0,0,0,1,0,0,0,0
0,0,0,2,5,4,8,0,1,1,1,6,6,8,0,2,2,4,3,2,0,14,1,2,6,4,12,3,2,3,0,0,0,5,0,1,0,0
0,0,0,2,2,10,9,3,1,0,3,0,4,1,3,3,3,4,6,0,0,8,0,1,8,2,12,1,0,10,1,0,0,5,0,0,0,2
0,0,1,4,5,0,5,2,0,0,6,4,3,3,0,2,2,6,3,8,5,1,0,1,14,2,4,4,2,3,0,1,1,2,0,2,0,2
1,0,0,0,2,0,3,0,0,2,2,5,0,3,2,0,0,4,0,2,3,0,0,2,5,0,4,0,0,0,1,0,0,1,0,0,0,1
0,0,0,2,0,2,4,2,0,3,3,3,1,7,4,1,5,5,2,5,0,1,1,0,11,0,9,1,3,3,0,0,0,1,1,0,0,0
0,0,0,2,3,3,2,1,0,0,1,1,0,1,0,0,1,0,1,0,0,2,1,0,0,0,2,2,1,0,0,0,0,0,1,0,0,0
0,0,0,0,0,0,1,0,1,0,3,3,1,1,0,0,2,6,0,0,1,1,0,0,2,0,1,4,1,0,0,0,0,0,0,0,0,0
0,0,0,5,6,1,1,4,1,4,10,4,3,2,4,0,1,3,15,14,3,8,0,0,27,9,19,14,7,11,2,2,0,9,5,2,0,0
0,0,0,1,0,5,0,0,0,0,3,1,1,1,0,0,2,0,1,2,1,1,0,3,11,1,3,3,3,2,0,0,0,0,0,0,0,0
0,0,0,2,4,8,8,0,4,1,4,8,4,2,1,2,5,13,12,2,8,8,1,1,26,6,21,18,15,36,0,2,0,4,3,0,1,0
0,0,0,4,0,0,4,0,1,2,1,0,0,2,0,0,0,2,1,3,1,5,1,0,21,1,14,11,9,21,1,0,0,5,2,1,0,1
0,0,0,0,0,0,1,1,0,0,3,1,0,0,0,0,2,1,0,2,0,0,2,0,9,7,4,8,2,10,3,0,0,1,0,0,0,0
0,0,0,0,1,2,2,2,0,0,1,2,0,1,0,2,1,6,2,8,0,3,0,0,11,2,24,10,14,40,7,0,0,4,0,0,0,1
0,0,0,0,2,0,0,0,0,0,0,0,3,0,0,0,1,2,0,0,1,0,0,1,0,0,4,1,1,1,2,2,0,2,0,0,0,0
0,0,0,0,1,0,2,0,0,0,0,0,0,0,1,1,0,0,0,0,0,1,0,0,0,0,0,0,1,6,0,1,0,0,0,0,0,0
0,0,0,1,0,0,0,0,0,0,2,1,1,0,0,0,0,2,1,0,0,1,0,0,1,0,1,0,0,1,0,0,1,3,2,2,0,1
0,0,0,0,0,0,1,0,0,0,0,2,3,1,0,0,1,1,3,4,0,1,0,0,4,0,1,7,1,3,2,0,0,2,6,1,0,5
0,0,0,0,2,0,1,0,2,0,1,1,0,1,0,0,0,1,0,0,0,4,0,0,6,0,0,1,1,1,2,0,0,3,0,0,0,0
0,0,0,0,0,0,0,0,0,0,2,0,0,2,0,0,3,1,0,1,0,2,2,1,0,0,0,2,0,0,0,0,0,0,1,3,0,0
0,0,0,0,0,0,0,0,0,0,2,0,0,0,0,0,0,0,0,0,0,0,0,0,0,0,0,0,0,0,0,0,0,0,0,0,0,0
0,0,0,2,1,0,0,0,0,1,0,0,0,2,0,3,1,0,0,3,0,1,0,0,1,2,2,3,1,0,1,0,0,0,0,0,0,0
