0,1,0,0,0,0,1,0,0,0,0,0,0,0,0,0,0,0,0,0,0,0,0,0,0,0,0,0,0,0,0,0,0,0,0,0,0,0
0,5,7,8,1,3,1,0,0,0,0,1,0,1,0,0,0,0,0,0,1,0,0,0,0,0,0,0,0,0,0,0,0,0,0,2,0,0
0,1,3,0,0,3,3,0,0,0,1,0,0,0,0,0,0,0,0,0,0,0,0,0,0,0,0,0,0,0,0,0,0,0,0,0,0,0
1,23,5,126,30,29,25,0,0,4,5,5,0,2,0,1,1,1,3,2,4,1,1,0,3,0,4,2,2,1,1,0,0,5,0,0,0,0
3,2,1,45,13,14,6,0,2,2,8,7,1,1,2,2,8,2,6,4,0,1,0,0,4,0,1,1,0,2,0,0,0,1,0,0,0,0
1,6,12,54,8,109,68,8,12,2,3,1,3,6,0,1,8,3,2,4,2,1,2,0,2,0,5,4,1,2,0,0,3,0,0,3,0,0
1,6,5,19,8,84,52,7,6,5,4,4,5,2,1,3,6,9,3,0,1,6,2,2,5,2,7,1,4,7,0,0,0,0,0,0,0,0
0,0,0,4,2,11,11,1,0,1,0,0,2,3,0,1,1,2,3,0,2,3,0,2,0,0,2,1,2,0,0,0,0,0,0,0,0,0
0,0,0,4,1,4,10,0,0,1,0,0,1,1,0,0,0,2,2,0,0,2,0,0,2,0,2,1,0,3,0,0,0,0,0,0,0,0
0,2,0,1,9,0,0,0,0,0,2,4,0,0,0,1,0,0,0,1,1,0,0,0,4,2,1,0,0,0,0,0,0,0,0,0,0,0
0,2,0,7,8,3,0,0,0,6,1,5,3,1,0,2,2,1,0,1,2,8,0,0,2,0,0,0,1,3,1,0,0,1,0,0,0,1
0,1,1,6,3,4,5,2,0,0,9,1,1,3,1,3,1,10,5,3,2,12,2,1,3,0,0,1,0,0,0,0,0,1,0,0,0,0
0,0,0,6,3,11,9,1,0,0,0,0,2,3,0,2,3,5,12,1,0,4,0,4,3,0,11,1,0,0,1,0,0,0,0,0,0,0
0,0,1,2,4,4,5,2,1,3,1,0,6,4,0,3,2,4,0,1,3,7,0,1,5,0,6,2,1,3,0,0,0,0,0,1,0,1
0,0,0,2,0,0,1,0,0,0,0,1,0,2,2,1,0,0,0,1,0,1,0,0,2,2,0,2,0,1,3,0,2,2,0,0,0,0
0,0,0,1,2,5,6,0,0,0,0,2,0,3,0,1,1,0,3,1,0,4,0,1,2,0,0,3,0,1,0,0,1,0,0,0,0,0
0,0,2,1,1,5,9,1,2,0,1,3,1,2,0,0,4,0,5,4,0,7,1,1,0,1,3,2,0,7,1,0,0,0,0,0,0,2
0,0,0,2,5,5,4,2,3,0,2,4,2,0,0,1,0,3,0,2,1,10,2,1,2,1,14,1,5,4,1,0,1,0,0,0,0,0
0,0,0,2,1,3,2,4,1,0,1,1,8,3,0,1,3,4,4,2,0,4,0,2,7,2,9,0,2,9,0,0,0,1,0,0,0,0
0,0,0,6,8,0,0,1,0,2,9,8,3,6,0,2,4,9,0,7,0,4,0,0,8,7,6,1,1,2,0,0,1,1,0,0,0,0
0,0,0,0,2,2,0,2,0,0,2,0,0,0,0,1,0,1,0,1,0,1,0,0,1,1,0,1,0,0,0,0,0,0,0,1,0,0
0,0,0,0,1,3,4,3,0,0,13,2,1,2,2,5,3,2,4,4,0,2,0,1,7,2,4,3,1,2,0,0,0,1,1,2,0,1
0,0,0,0,0,0,0,0,0,0,0,0,1,1,0,0,0,0,0,0,0,0,0,0,0,0,2,0,3,1,0,1,0,0,0,0,0,0
0,0,0,1,0,2,1,1,2,0,0,0,3,1,0,0,2,2,2,0,1,3,0,0,6,0,6,1,0,3,0,0,2,0,0,0,0,0
1,1,0,8,6,2,1,4,0,3,6,6,2,4,0,0,3,8,3,9,5,2,3,3,36,3,17,18,9,14,0,1,3,12,1,0,1,0
0,0,0,0,0,0,1,0,0,0,2,0,0,1,1,0,0,2,0,1,2,0,0,0,5,0,9,4,0,3,0,0,0,0,0,0,0,0
2,0,1,2,8,4,6,4,2,1,10,4,3,4,3,4,1,12,7,5,2,10,0,4,20,2,33,10,7,27,0,0,1,5,0,0,0,0
0,1,0,1,0,0,3,5,0,0,3,4,1,0,0,0,2,3,2,8,0,4,0,0,24,4,8,11,11,15,0,0,0,1,1,0,2,0
0,0,0,0,0,0,0,1,0,0,4,0,0,0,0,1,0,1,0,1,0,1,1,0,3,0,7,10,1,3,1,0,0,2,1,0,0,1
0,1,0,2,1,0,1,1,2,0,2,3,3,4,1,0,3,9,2,0,3,2,0,2,10,1,14,12,9,23,3,2,1,7,1,3,0,2
0,0,0,0,0,3,0,0,0,0,0,0,0,1,0,0,2,0,1,0,0,5,0,0,2,1,0,0,0,2,1,0,3,1,1,0,0,0
0,0,0,0,0,1,0,0,0,0,0,0,1,0,0,0,0,4,0,1,0,2,0,0,1,0,0,0,0,0,2,0,0,0,0,0,0,0
0,0,0,0,0,1,1,0,0,2,0,0,0,0,0,0,2,1,1,2,0,0,0,0,0,0,2,1,0,4,2,0,0,1,0,0,1,0
0,0,0,1,0,3,1,0,0,0,0,1,0,4,0,0,0,2,0,3,0,4,0,0,3,0,3,3,3,5,2,0,3,4,2,1,0,0
1,0,0,0,0,2,0,0,0,0,0,0,0,0,0,0,0,0,0,1,0,0,0,1,3,3,0,0,0,2,0,0,0,4,0,1,0,0
0,0,0,0,0,0,0,0,0,0,0,0,0,0,0,0,1,1,0,0,1,0,0,0,2,3,0,0,0,1,0,2,1,0,0,2,0,0
0,0,0,0,0,0,0,0,0,0,1,0,0,0,0,0,0,0,0,0,0,0,0,0,0,0,1,0,1,0,0,0,0,0,1,0,0,0
0,0,0,0,0,0,0,0,1,1,2,1,0,0,0,0,1,0,0,0,0,1,0,0,1,0,0,2,0,2,0,1,0,1,0,0,0,0
