2,1,0,1,2,0,0,0,0,0,0,0,0,0,0,0,0,0,0,0,0,0,0,0,0,0,0,0,0,0,0,0,0,0,0,0,0,0
4,1,3,11,1,1,1,0,0,1,1,0,2,0,0,0,0,0,0,0,0,0,0,0,0,0,0,0,0,0,0,0,0,0,0,0,0,0
0,0,8,0,2,5,0,0,0,0,0,0,0,0,0,0,0,0,0,0,0,0,0,0,0,0,0,0,0,0,0,0,0,0,0,0,0,0
2,36,4,117,23,59,25,2,0,2,1,7,2,4,0,3,2,2,0,3,1,3,0,0,3,0,1,1,0,2,1,0,0,0,0,0,0,0
1,4,2,26,15,11,7,4,1,1,9,2,2,4,1,4,2,1,2,2,0,4,0,2,7,1,2,1,2,6,1,0,0,1,0,0,0,0
0,2,23,48,8,125,62,5,6,1,2,8,7,4,0,0,2,3,2,2,0,6,3,1,5,1,5,4,0,4,0,0,0,2,0,2,0,0
0,2,6,33,13,65,63,7,1,0,1,6,8,2,1,2,6,2,2,3,3,9,1,1,5,0,1,4,0,6,1,0,0,2,0,1,2,0
0,0,0,3,1,5,7,0,0,0,0,0,3,1,1,1,8,2,0,0,0,1,0,1,3,0,3,0,0,1,0,0,0,1,0,0,0,0
0,0,2,0,3,8,16,0,0,0,2,0,3,0,0,2,2,3,2,0,0,0,0,0,0,0,2,1,2,2,0,0,0,0,0,0,0,0
0,0,0,5,6,2,1,0,0,3,2,2,2,0,0,4,1,0,2,1,3,0,0,0,2,1,0,0,1,1,0,0,0,0,0,0,0,0
0,0,0,5,2,3,0,1,1,1,7,6,2,0,0,4,0,1,0,6,2,4,2,1,1,2,4,1,1,1,0,0,0,2,0,0,0,0
0,0,1,10,1,3,14,4,1,5,3,2,1,3,1,0,1,6,2,0,1,6,1,3,2,5,2,0,1,0,0,0,0,1,1,2,0,0
0,0,1,3,4,8,16,0,4,0,1,3,0,0,0,2,5,2,0,0,0,2,3,1,0,0,5,0,0,8,0,0,0,1,0,0,0,0
0,0,0,3,3,7,3,3,0,0,0,1,2,6,1,0,3,1,2,1,2,9,0,2,6,1,7,0,3,2,1,0,0,2,0,0,0,0
1,0,0,2,2,1,0,0,0,0,0,1,0,0,1,0,1,0,3,0,0,0,0,0,0,0,2,1,0,0,0,0,0,1,0,0,0,0
0,0,0,1,2,9,7,3,0,0,3,3,1,3,0,1,0,0,0,0,0,2,0,0,4,0,0,0,0,0,0,0,1,0,0,0,0,0
0,0,0,4,2,1,5,0,0,0,0,2,2,1,1,0,3,1,3,2,1,7,1,0,3,0,6,0,0,9,0,0,0,1,0,0,0,0
0,0,0,2,0,2,7,2,1,4,4,4,6,1,0,4,1,2,3,1,3,5,1,3,4,3,4,3,5,2,0,0,0,1,0,0,0,0
0,1,0,1,0,3,1,1,3,0,0,2,4,0,1,2,1,2,6,2,2,8,3,0,4,0,10,3,2,4,0,0,0,0,0,0,0,0
1,0,0,6,1,2,1,1,0,3,3,2,1,1,0,0,1,3,1,6,2,1,2,1,5,2,5,2,6,0,0,0,0,2,0,0,0,1
0,0,0,1,0,1,1,0,0,0,2,2,0,2,2,1,1,0,1,3,3,1,0,1,1,0,6,0,0,0,1,0,0,0,0,0,0,0
0,0,0,0,1,2,2,2,0,1,2,2,2,2,0,5,4,4,2,1,3,0,0,0,7,0,9,2,1,5,0,0,0,0,0,0,0,1
0,0,0,1,0,1,0,0,0,0,0,4,0,0,0,0,0,0,1,0,2,0,0,0,1,0,4,0,0,0,0,0,0,0,0,0,0,0
0,1,0,1,0,0,2,3,0,0,1,1,0,1,0,0,4,5,3,1,0,0,1,1,4,0,4,1,0,1,0,0,0,0,0,0,0,1
0,0,0,7,4,2,1,2,0,7,6,6,1,8,0,3,3,13,5,22,1,5,0,1,30,10,14,10,12,19,2,0,0,6,0,1,0,1
0,0,0,1,0,0,0,0,0,1,4,1,0,1,2,2,0,4,4,1,0,3,0,1,3,3,2,5,0,6,2,0,0,0,1,1,0,0
0,1,0,2,3,6,9,5,2,1,3,2,7,2,0,2,4,14,13,7,0,15,1,8,23,4,20,13,4,35,5,0,0,8,0,0,0,0
0,0,0,1,2,0,2,0,0,1,1,4,0,3,0,0,0,2,3,10,1,3,0,1,17,1,6,13,8,8,1,0,0,6,1,3,0,2
0,0,0,1,1,0,0,0,0,0,1,2,0,2,0,0,0,0,0,2,3,1,0,1,7,0,9,9,5,4,1,0,0,4,2,0,0,0
0,0,0,0,1,1,7,0,3,0,0,4,2,0,0,0,7,8,2,1,1,4,1,6,11,1,19,10,3,25,3,0,5,2,0,3,0,0
0,0,0,0,0,0,1,0,0,0,0,0,0,0,0,0,0,1,0,3,0,0,0,0,0,0,2,0,0,1,0,5,0,1,0,1,0,3
0,0,0,0,0,0,1,0,0,0,0,0,0,0,0,0,0,0,0,0,0,0,0,0,2,0,1,0,0,3,0,0,1,2,0,4,0,1
0,0,0,3,0,0,0,0,0,1,0,0,0,0,0,0,2,2,0,0,0,0,0,0,0,0,1,1,0,4,0,4,0,2,0,0,0,1
0,0,0,1,2,0,0,1,0,0,0,1,0,1,0,0,1,3,0,2,1,1,0,0,7,1,7,5,5,4,3,0,2,2,1,1,0,3
0,0,0,0,1,0,0,1,0,0,0,0,1,0,0,0,1,0,0,0,0,3,0,0,0,0,2,0,0,5,1,0,0,2,0,1,0,0
0,0,0,0,0,0,0,0,1,1,4,0,0,0,2,0,0,1,0,0,0,1,0,1,2,0,2,1,0,6,0,0,1,3,2,0,0,0
0,0,0,0,0,0,0,0,0,0,0,0,0,0,0,0,0,0,0,0,0,0,0,0,0,0,0,0,0,0,0,0,0,0,0,1,0,0
0,0,0,0,0,2,0,0,0,0,1,1,0,0,0,0,0,0,0,1,0,0,0,0,0,0,2,0,0,2,0,0,0,2,0,0,0,0
