-73.93086945962355,40.85524387775753
-73.95204312743464,40.81746021146354
-73.94028479946074,40.80507516009438
-73.97325933756167,40.79054897815362
-73.98637360178972,40.77363534675615
-73.94987130295762,40.7820903277378
-73.96034755134281,40.76700473933649
-73.97082170542635,40.76248062015503
-73.96365258215963,40.75948356807512
-73.99549999999999,40.76599999999999
-73.98808522727271,40.7625
-73.97869636963696,40.76292079207921
-73.96879127725857,40.75757320872274
-73.9826465863454,40.75689959839357
-73.9793137254902,40.7584705882353
-73.97708771929824,40.75621052631579
-73.9702962962963,40.75333333333333
-73.97498538011695,40.75016666666667
-73.97671764705882,40.74518235294117
-73.9986606498195,40.75583152827919
-73.99065040650409,40.75647967479675
-73.98844607843137,40.75157352941176
-73.98374358974358,40.75103846153846
-73.9856811594203,40.74804347826087
-74.00197205180642,40.74522085889571
-73.9922962962963,40.74662962962964
-73.98140447154471,40.73649119241192
-74.00594417862838,40.7338245614035
-73.99716786570745,40.72927098321343
-73.98651231884058,40.72093115942029
-74.00163499245853,40.7125339366516
-74.00450000000001,40.70750000000001
-74.01014814814813,40.70433862433863
-74.00840811153358,40.72114955640051
-74.01000000000001,40.71470909090909
-74.01729824561403,40.71094736842105
-74.01275757575758,40.71184848484849
-74.01401587301588,40.70671031746032