0.0,5.9822491548,6.37059148445,10.7590615706,13.7427670035,9.73272978659,12.291299706,13.6752581174,13.405607042,15.3593476523,15.1249652659,14.2885702596,14.0502032598,15.2903402226,14.8353525543,14.899464319,14.6482495041,15.3947347868,16.0946741229,16.7558923575,16.0101570019,16.3703363778,16.0343566267,16.5303483769,18.2142877,17.243901356,17.455293113,19.8156118469,19.583881825,19.6151387393,21.8207267624,22.6214476523,23.4480018851,21.4322891605,22.2823467432,23.31443274,22.8323582584,23.5095452713
5.9822491548,0.0,2.36609309485,4.77681241575,7.76051784872,4.11578150882,6.3090505512,7.69300896261,7.42335788716,9.37709849749,9.14271611113,8.30632110475,8.06795410497,9.30809106778,8.85310339945,8.91721516416,8.66600034935,9.41248563199,10.1124249681,10.7736432027,10.0279078471,10.388087223,10.0521074719,10.5480992221,12.2320385452,11.2616522012,11.4730439582,13.8333626921,13.6016326702,13.6328895844,15.8384776076,16.6391984975,17.4657527303,15.4500400057,16.3000975884,17.3321835852,16.8501091036,17.5272961165
6.37059148445,2.36609309485,0.0,4.3884700861,7.37217551908,3.36213830214,5.92070822156,7.30466663296,7.03501555752,8.98875616785,8.75437378148,7.91797877511,7.67961177532,8.91974873813,8.46476106981,8.52887283451,8.2776580197,9.02414330235,9.72408263844,10.385300873,9.63956551744,9.99974489334,9.66376514221,10.1597568925,11.8436962156,10.8733098716,11.0847016286,13.4450203624,13.2132903405,13.2445472548,15.450135278,16.2508561678,17.0774104006,15.0616976761,15.9117552588,16.9438412556,16.4617667739,17.1389537869
10.7590615706,4.77681241575,4.3884700861,0.0,2.98370543298,2.90753563644,3.70400057747,3.32620627202,4.26240173004,4.60028608175,4.36590369538,3.52950868901,4.0426694322,4.53127865203,4.07629098371,4.14040274841,4.38757147443,4.63567321625,5.33561255233,5.99683078692,5.25109543134,5.61127480724,5.27529505611,5.77128680638,7.45522612946,6.48483978545,6.69623154245,9.05655027632,8.82482025441,8.8560771687,11.0616651919,11.8623860817,12.6889403145,10.67322759,11.5232851727,12.5553711695,12.0732966878,12.7504837008
13.7427670035,7.76051784872,7.37217551908,2.98370543298,0.0,4.01003721694,2.92611438765,2.5483200822,3.48451554022,1.61658064877,1.3821982624,1.83711370412,3.26478324238,2.17445721679,2.28005674431,2.7185827505,3.60968528461,3.56746666863,3.97603870509,3.01312535394,2.26738999836,2.62756937426,2.73395764929,2.90405017994,4.47152069648,3.50113435247,4.54833381668,6.07284484335,5.84111482143,5.87237173573,8.07795975887,8.87868064877,9.70523488157,7.68952215701,8.53957973968,9.57166573649,9.08959125483,9.76677826782
9.73272978659,4.11578150882,3.36213830214,2.90753563644,4.01003721694,0.0,2.55856991942,3.94252833082,3.67287725538,5.62661786571,5.39223547934,4.55584047297,4.31747347318,5.55761043599,5.10262276767,5.16673453237,4.91551971756,5.66200500021,6.3619443363,7.02316257088,6.2774272153,6.6376065912,6.30162684007,6.79761859035,8.48155791342,7.51117156941,7.72256332641,10.0828820603,9.85115203837,9.88240895266,12.0879969758,12.8887178657,13.7152720985,11.6995593739,12.5496169566,13.5817029534,13.0996284718,13.7768154848
12.291299706,6.3090505512,5.92070822156,3.70400057747,2.92611438765,2.55856991942,0.0,1.3839584114,1.11430733596,3.06804794629,2.83366555992,1.99727055355,1.75890355377,2.99904051657,2.54405284825,2.60816461295,2.35694979814,3.10343508079,3.80337441688,4.46459265146,3.71885729588,4.07903667178,3.74305692065,4.23904867093,5.922987994,4.95260164999,5.16399340699,7.52431214087,7.29258211895,7.32383903324,9.52942705639,10.3301479463,11.1567021791,9.14098945453,9.9910470372,11.023133034,10.5410585523,11.2182455653
13.6752581174,7.69300896261,7.30466663296,3.32620627202,2.5483200822,3.94252833082,1.3839584114,0.0,0.936195458017,2.4667996124,1.45401722604,0.711206378081,0.71646316018,1.61508210517,1.16009443684,1.22420620155,1.06136520241,1.71947666939,2.41941600547,3.08063424006,2.33489888448,2.69507826037,2.35909850924,2.85509025952,4.5390295826,3.56864323859,3.78003499559,6.14035372946,5.90862370755,5.93988062184,8.14546864499,8.94618953488,9.77274376769,7.75703104312,8.60708862579,9.6391746226,9.15710014094,9.83428715393
13.405607042,7.42335788716,7.03501555752,4.26240173004,3.48451554022,3.67287725538,1.11430733596,0.936195458017,0.0,3.40299507042,2.39021268406,1.6474018361,0.644596217806,1.88473318061,1.42974551229,1.49385727699,1.24264246218,1.98912774483,2.68906708092,3.3502853155,2.60454995992,2.96472933582,2.62874958469,3.12474133497,4.80868065805,3.83829431403,4.04968607103,6.41000480491,6.17827478299,6.20953169729,8.41511972043,9.21584061033,10.0423948431,8.02668211857,8.87673970124,9.90882569805,9.42675121639,10.1039382294
15.3593476523,9.37709849749,8.98875616785,4.60028608175,1.61658064877,5.62661786571,3.06804794629,2.4667996124,3.40299507042,0.0,1.01278238636,1.75559323432,3.18326277258,2.09293674699,2.19853627451,2.6370622807,3.52816481481,3.48594619883,3.89451823529,1.39654470517,1.46651097561,2.19745833333,2.65243717949,2.82252971014,2.85494004772,2.42341666666,4.46681334688,4.45626419458,4.22453417266,5.76751905797,6.4613791101,7.2621,8.0886542328,6.07294150824,6.92299909091,7.95508508772,7.47301060606,8.15019761905
15.1249652659,9.14271611113,8.75437378148,4.36590369538,1.3821982624,5.39223547934,2.83366555992,1.45401722604,2.39021268406,1.01278238636,0.0,0.836395006373,2.17048038622,1.08015436062,1.18575388814,1.62427989434,2.51538242845,2.47316381247,2.88173584893,1.63092709154,0.885191735961,1.24537111186,1.63965479312,1.80974732378,3.08932243408,2.11893609007,3.45403096052,4.69064658094,4.45891655903,4.75473667161,6.69576149647,7.49648238637,8.32303661917,6.3073238946,7.15738147728,8.18946747408,7.70739299243,8.38458000541
14.2885702596,8.30632110475,7.91797877511,3.52950868901,1.83711370412,4.55584047297,1.99727055355,0.711206378081,1.6474018361,1.75559323432,0.836395006373,0.0,1.42766953826,1.00176996302,0.5467822947,0.881469046379,1.77257158049,1.73035296451,2.13892500097,2.46732209791,1.72158674233,2.08176611823,1.7457863671,2.24177811738,3.92571744046,2.95533109644,3.16672285344,5.52704158732,5.2953115654,5.3265684797,7.53215650284,8.33287739274,9.15943162554,7.14371890098,7.99377648365,9.02586248046,8.5437879988,9.22097501179
14.0502032598,8.06795410497,7.67961177532,4.0426694322,3.26478324238,4.31747347318,1.75890355377,0.71646316018,0.644596217806,3.18326277258,2.17048038622,1.42766953826,0.0,1.24013696281,0.984726498076,0.849261059189,0.598046244375,1.34453152702,2.04447086311,2.7056890977,1.95995374212,2.32013311801,1.98415336688,2.48014511716,4.16408444024,3.19369809623,3.40508985323,5.7654085871,5.53367856519,5.56493547948,7.77052350263,8.57124439252,9.39779862532,7.38208590076,8.23214348343,9.26422948024,8.78215499858,9.45934201157
15.2903402226,9.30809106778,8.91974873813,4.53127865203,2.17445721679,5.55761043599,2.99904051657,1.61508210517,1.88473318061,2.09293674699,1.08015436062,1.00176996302,1.24013696281,0.0,0.454987668322,0.544125533715,1.43522806783,1.39300945184,1.80158148831,1.46555213489,0.719816779312,1.07999615521,0.744016404076,1.24000815436,2.92394747743,1.95356113342,2.3738765999,4.52527162429,4.29354160238,4.32479851667,6.53038653982,7.33110742972,8.15766166252,6.14194893795,6.99200652063,8.02409251744,7.54201803578,8.21920504876
14.8353525543,8.85310339945,8.46476106981,4.07629098371,2.28005674431,5.10262276767,2.54405284825,1.16009443684,1.42974551229,2.19853627451,1.18575388814,0.5467822947,0.984726498076,0.454987668322,0.0,0.438526006193,1.32962854031,1.28740992432,1.69598196079,1.92053980321,1.17480444763,1.53498382353,1.1990040724,1.69499582268,3.37893514576,2.40854880174,2.61994055874,4.98025929262,4.7485292707,4.779786185,6.98537420814,7.78609509804,8.61264933084,6.59693660628,7.44699418895,8.47908018576,7.9970057041,8.67419271709
14.899464319,8.91721516416,8.52887283451,4.14040274841,2.7185827505,5.16673453237,2.60816461295,1.22420620155,1.49385727699,2.6370622807,1.62427989434,0.881469046379,0.849261059189,0.544125533715,0.438526006193,0.0,0.891102534113,0.848883918129,1.25745595459,1.85642803851,1.17055130509,1.47087205882,1.13489230769,1.63088405797,3.31482338105,2.34443703704,2.55582879404,4.91614752791,4.684417506,4.71567442029,6.92126244344,7.72198333333,8.54853756614,6.53282484157,7.38288242424,8.41496842105,7.93289393939,8.61008095238
14.6482495041,8.66600034935,8.2776580197,4.38757147443,3.60968528461,4.91551971756,2.35694979814,1.06136520241,1.24264246218,3.52816481481,2.51538242845,1.77257158049,0.598046244375,1.43522806783,1.32962854031,0.891102534113,0.0,0.746485282649,1.44642461874,2.66324140928,2.06165383921,1.72208687364,1.38610712251,1.88209887279,3.56603819586,2.59565185185,2.80704360885,5.16736234273,4.93563232081,4.9668892351,7.17247725825,7.97319814815,8.79975238095,6.78403965639,7.63409723906,8.66618323587,8.18410875421,8.8612957672
15.3947347868,9.41248563199,9.02414330235,4.63567321625,3.56746666863,5.66200500021,3.10343508079,1.71947666939,1.98912774483,3.48594619883,2.47316381247,1.73035296451,1.34453152702,1.39300945184,1.28740992432,0.848883918129,0.746485282649,0.0,0.699939336087,2.6210227933,2.01943522322,1.2884878655,0.833509019342,1.13561359014,2.81955291322,1.8491665692,2.0605583262,4.42087706008,4.18914703816,4.22040395246,6.4259919756,7.2267128655,8.0532670983,6.03755437374,6.88761195641,7.91969795322,7.43762347156,8.11481048455
16.0946741229,10.1124249681,9.72408263844,5.33561255233,3.97603870509,6.3619443363,3.80337441688,2.41941600547,2.68906708092,3.89451823529,2.88173584893,2.13892500097,2.04447086311,1.80158148831,1.69598196079,1.25745595459,1.44642461874,0.699939336087,0.0,3.02959482976,2.42800725969,1.69705990196,1.24208105581,1.07198852515,2.12817730142,1.47110156863,1.36061899012,3.72093772399,3.48920770207,3.52046461637,5.72605263952,6.52677352941,7.35332776221,5.33761503765,6.18767262032,7.21975861713,6.73768413547,7.41487114846
16.7558923575,10.7736432027,10.385300873,5.99683078692,3.01312535394,7.02316257088,4.46459265146,3.08063424006,3.3502853155,1.39654470517,1.63092709154,2.46732209791,2.7056890977,1.46555213489,1.92053980321,1.85642803851,2.66324140928,2.6210227933,3.02959482976,0.0,0.745735355579,1.3325349278,1.78751377395,1.95760630461,1.45839534254,1.55849326113,3.60188994135,3.0597194894,3.07907575514,4.90259565244,5.06483440493,5.86555529483,6.69210952763,4.67639680306,5.52645438574,6.55854038254,6.07646590089,6.75365291387
16.0101570019,10.0279078471,9.63956551744,5.25109543134,2.26738999836,6.2774272153,3.71885729588,2.33489888448,2.60454995992,1.46651097561,0.885191735961,1.72158674233,1.95995374212,0.719816779312,1.17480444763,1.17055130509,2.06165383921,2.01943522322,2.42800725969,0.745735355579,0.0,0.730947357727,1.18592620388,1.35601873454,2.20413069812,1.23374435411,3.00030237128,3.80545484498,3.57372482307,4.30100808236,5.81056976051,6.6112906504,7.43784488321,5.42213215864,6.27218974131,7.30427573812,6.82220125647,7.49938826945
16.3703363778,10.388087223,9.99974489334,5.61127480724,2.62756937426,6.6376065912,4.07903667178,2.69507826037,2.96472933582,2.19745833333,1.24537111186,2.08176611823,2.32013311801,1.07999615521,1.53498382353,1.47087205882,1.72208687364,1.2884878655,1.69705990196,1.3325349278,0.730947357727,0.0,0.454978846154,0.62507137681,1.84395132223,0.873564978213,2.26935501355,3.44527546909,3.21354544717,3.57006072464,5.45039038461,6.25111127451,7.07766550731,5.06195278275,5.91201036542,6.94409636223,6.46202188057,7.13920889356
16.0343566267,10.0521074719,9.66376514221,5.27529505611,2.73395764929,6.30162684007,3.74305692065,2.35909850924,2.62874958469,2.65243717949,1.63965479312,1.7457863671,1.98415336688,0.744016404076,1.1990040724,1.13489230769,1.38610712251,0.833509019342,1.24208105581,1.78751377395,1.18592620388,0.454978846154,0.0,0.495991750279,2.17993107336,1.20954472934,1.8143761674,3.78125522022,3.5495251983,3.5807821126,5.78637013575,6.58709102564,7.41364525844,5.39793253388,6.24799011655,7.28007611336,6.7980016317,7.47518864469
16.5303483769,10.5480992221,10.1597568925,5.77128680638,2.90405017994,6.79761859035,4.23904867093,2.85509025952,3.12474133497,2.82252971014,1.80974732378,2.24177811738,2.48014511716,1.24000815436,1.69499582268,1.63088405797,1.88209887279,1.13561359014,1.07198852515,1.95760630461,1.35601873454,0.62507137681,0.495991750279,0.0,1.68393932308,0.713552979065,1.64428363674,3.28526346994,3.05353344802,3.08479036232,5.29037838547,6.09109927536,6.91765350816,4.9019407836,5.75199836627,6.78408436308,6.30200988142,6.97919689441
18.2142877,12.2320385452,11.8436962156,7.45522612946,4.47152069648,8.48155791342,5.922987994,4.5390295826,4.80868065805,2.85494004772,3.08932243408,3.92571744046,4.16408444024,2.92394747743,3.37893514576,3.31482338105,3.56603819586,2.81955291322,2.12817730142,1.45839534254,2.20413069812,1.84395132223,2.17993107336,1.68393932308,0.0,0.970386344013,2.70047241301,1.60132414686,2.17765822679,4.00117812409,3.6631324447,4.40715995228,5.23371418509,3.21800146052,4.06805904319,5.10014504,4.61807055834,5.29525757133
17.243901356,11.2616522012,10.8733098716,6.48483978545,3.50113435247,7.51117156941,4.95260164999,3.56864323859,3.83829431403,2.42341666666,2.11893609007,2.95533109644,3.19369809623,1.95356113342,2.40854880174,2.34443703704,2.59565185185,1.8491665692,1.47110156863,1.55849326113,1.23374435411,0.873564978213,1.20954472934,0.713552979065,0.970386344013,0.0,2.04339668022,2.57171049087,2.33998046896,3.34410239131,4.5768254064,5.3775462963,6.2041005291,4.18838780453,5.03844538721,6.07053138402,5.58845690236,6.26564391534
17.455293113,11.4730439582,11.0847016286,6.69623154245,4.54833381668,7.72256332641,5.16399340699,3.78003499559,4.04968607103,4.46681334688,3.45403096052,3.16672285344,3.40508985323,2.3738765999,2.61994055874,2.55582879404,2.80704360885,2.0605583262,1.36061899012,3.60188994135,3.00030237128,2.26935501355,1.8143761674,1.64428363674,2.70047241301,2.04339668022,0.0,2.36031873387,2.12858871196,2.15984562625,4.3654336494,5.16615453929,5.9927087721,3.97699604753,4.82705363021,5.85913962701,5.37706514536,6.05425215834
19.8156118469,13.8333626921,13.4450203624,9.05655027632,6.07284484335,10.0828820603,7.52431214087,6.14035372946,6.41000480491,4.45626419458,4.69064658094,5.52704158732,5.7654085871,4.52527162429,4.98025929262,4.91614752791,5.16736234273,4.42087706008,3.72093772399,3.0597194894,3.80545484498,3.44527546909,3.78125522022,3.28526346994,1.60132414686,2.57171049087,2.36031873387,0.0,1.24444581139,3.06796570869,2.7299200293,3.04874665071,3.63239003822,1.61667731366,2.46673489633,3.49882089314,3.01674641148,3.69393342447
19.583881825,13.6016326702,13.2132903405,8.82482025441,5.84111482143,9.85115203837,7.29258211895,5.90862370755,6.17827478299,4.22453417266,4.45891655903,5.2953115654,5.53367856519,4.29354160238,4.7485292707,4.684417506,4.93563232081,4.18914703816,3.48920770207,3.07907575514,3.57372482307,3.21354544717,3.5495251983,3.05353344802,2.17765822679,2.33998046896,2.12858871196,1.24444581139,0.0,1.8235198973,2.23684493744,3.03756582734,3.86412006014,1.84840733557,2.69846491825,3.73055091506,3.2484764334,3.92566344638
19.6151387393,13.6328895844,13.2445472548,8.8560771687,5.87237173573,9.88240895266,7.32383903324,5.93988062184,6.20953169729,5.76751905797,4.75473667161,5.3265684797,5.56493547948,4.32479851667,4.779786185,4.71567442029,4.9668892351,4.22040395246,3.52046461637,4.90259565244,4.30100808236,3.57006072464,3.5807821126,3.08479036232,4.00117812409,3.34410239131,2.15984562625,3.06796570869,1.8235198973,0.0,2.20558802315,3.00630891304,3.83286314585,1.86572190968,2.66720800395,3.69929400076,3.2172195191,3.89440653209
21.8207267624,15.8384776076,15.450135278,11.0616651919,8.07795975887,12.0879969758,9.52942705639,8.14546864499,8.41511972043,6.4613791101,6.69576149647,7.53215650284,7.77052350263,6.53038653982,6.98537420814,6.92126244344,7.17247725825,6.4259919756,5.72605263952,5.06483440493,5.81056976051,5.45039038461,5.78637013575,5.29037838547,3.6631324447,4.5768254064,4.3654336494,2.7299200293,2.23684493744,2.20558802315,0.0,0.800720889895,1.6272751227,1.52767623029,0.94537428767,1.49370597761,1.01163149596,1.68881850894
22.6214476523,16.6391984975,16.2508561678,11.8623860817,8.87868064877,12.8887178657,10.3301479463,8.94618953488,9.21584061033,7.2621,7.49648238637,8.33287739274,8.57124439252,7.33110742972,7.78609509804,7.72198333333,7.97319814815,7.2267128655,6.52677352941,5.86555529483,6.6112906504,6.25111127451,6.58709102564,6.09109927536,4.40715995228,5.3775462963,5.16615453929,3.04874665071,3.03756582734,3.00630891304,0.800720889895,0.0,0.826554232803,1.84650285171,1.26420090909,1.45967982456,1.17801363636,0.888097619048
23.4480018851,17.4657527303,17.0774104006,12.6889403145,9.70523488157,13.7152720985,11.1567021791,9.77274376769,10.0423948431,8.0886542328,8.32303661917,9.15943162554,9.39779862532,8.15766166252,8.61264933084,8.54853756614,8.79975238095,8.0532670983,7.35332776221,6.69210952763,7.43784488321,7.07766550731,7.41364525844,6.91765350816,5.23371418509,6.2041005291,5.9927087721,3.63239003822,3.86412006014,3.83286314585,1.6272751227,0.826554232803,0.0,2.01571272456,1.16565514189,1.33621553885,1.05454935065,0.589007936509
21.4322891605,15.4500400057,15.0616976761,10.67322759,7.68952215701,11.6995593739,9.14098945453,7.75703104312,8.02668211857,6.07294150824,6.3073238946,7.14371890098,7.38208590076,6.14194893795,6.59693660628,6.53282484157,6.78403965639,6.03755437374,5.33761503765,4.67639680306,5.42213215864,5.06195278275,5.39793253388,4.9019407836,3.21800146052,4.18838780453,3.97699604753,1.61667731366,1.84840733557,1.86572190968,1.52767623029,1.84650285171,2.01571272456,0.0,0.850057582672,1.88214357948,1.40006909782,2.07725611081
22.2823467432,16.3000975884,15.9117552588,11.5232851727,8.53957973968,12.5496169566,9.9910470372,8.60708862579,8.87673970124,6.92299909091,7.15738147728,7.99377648365,8.23214348343,6.99200652063,7.44699418895,7.38288242424,7.63409723906,6.88761195641,6.18767262032,5.52645438574,6.27218974131,5.91201036542,6.24799011655,5.75199836627,4.06805904319,5.03844538721,4.82705363021,2.46673489633,2.69846491825,2.66720800395,0.94537428767,1.26420090909,1.16565514189,0.850057582672,0.0,1.03208599681,0.55001151515,1.22719852814
23.31443274,17.3321835852,16.9438412556,12.5553711695,9.57166573649,13.5817029534,11.023133034,9.6391746226,9.90882569805,7.95508508772,8.18946747408,9.02586248046,9.26422948024,8.02409251744,8.47908018576,8.41496842105,8.66618323587,7.91969795322,7.21975861713,6.55854038254,7.30427573812,6.94409636223,7.28007611336,6.78408436308,5.10014504,6.07053138402,5.85913962701,3.49882089314,3.73055091506,3.69929400076,1.49370597761,1.45967982456,1.33621553885,1.88214357948,1.03208599681,0.0,0.482074481659,0.747207602338
22.8323582584,16.8501091036,16.4617667739,12.0732966878,9.08959125483,13.0996284718,10.5410585523,9.15710014094,9.42675121639,7.47301060606,7.70739299243,8.5437879988,8.78215499858,7.54201803578,7.9970057041,7.93289393939,8.18410875421,7.43762347156,6.73768413547,6.07646590089,6.82220125647,6.46202188057,6.7980016317,6.30200988142,4.61807055834,5.58845690236,5.37706514536,3.01674641148,3.2484764334,3.2172195191,1.01163149596,1.17801363636,1.05454935065,1.40006909782,0.55001151515,0.482074481659,0.0,0.677187012988
23.5095452713,17.5272961165,17.1389537869,12.7504837008,9.76677826782,13.7768154848,11.2182455653,9.83428715393,10.1039382294,8.15019761905,8.38458000541,9.22097501179,9.45934201157,8.21920504876,8.67419271709,8.61008095238,8.8612957672,8.11481048455,7.41487114846,6.75365291387,7.49938826945,7.13920889356,7.47518864469,6.97919689441,5.29525757133,6.26564391534,6.05425215834,3.69393342447,3.92566344638,3.89440653209,1.68881850894,0.888097619048,0.589007936509,2.07725611081,1.22719852814,0.747207602338,0.677187012988,0.0
